brain 22872 fitness=26.7155 numneurons+1=22 maxWeight=8 maxBias=8 redinput=2-4 greeninput=5-10 blueinput=11-13
+0.0000 +0.0000 +0.0000 +0.0000 +0.0000 +0.0000 +0.0000 +0.0000 +0.0000 +0.0000 +0.0000 +0.0000 +0.0000 +0.0000 +0.0000 +0.0000 +0.0000 +0.0000 +0.0000 +0.0000 +0.0000 +0.0000 ;
+0.0000 +0.0000 +0.0000 +0.0000 +0.0000 +0.0000 +0.0000 +0.0000 +0.0000 +0.0000 +0.0000 +0.0000 +0.0000 +0.0000 +0.0000 +0.0000 +0.0000 +0.0000 +0.0000 +0.0000 +0.0000 +0.0000 ;
+0.0000 +0.0000 +0.0000 +0.0000 +0.0000 +0.0000 +0.0000 +0.0000 +0.0000 +0.0000 +0.0000 +0.0000 +0.0000 +0.0000 +0.0000 +0.0000 +0.0000 +0.0000 +0.0000 +0.0000 +0.0000 +0.0000 ;
+0.0000 +0.0000 +0.0000 +0.0000 +0.0000 +0.0000 +0.0000 +0.0000 +0.0000 +0.0000 +0.0000 +0.0000 +0.0000 +0.0000 +0.0000 +0.0000 +0.0000 +0.0000 +0.0000 +0.0000 +0.0000 +0.0000 ;
+0.0000 +0.0000 +0.0000 +0.0000 +0.0000 +0.0000 +0.0000 +0.0000 +0.0000 +0.0000 +0.0000 +0.0000 +0.0000 +0.0000 +0.0000 +0.0000 +0.0000 +0.0000 +0.0000 +0.0000 +0.0000 +0.0000 ;
+0.0000 +0.0000 +0.0000 +0.0000 +0.0000 +0.0000 +0.0000 +0.0000 +0.0000 +0.0000 +0.0000 +0.0000 +0.0000 +0.0000 +0.0000 +0.0000 +0.0000 +0.0000 +0.0000 +0.0000 +0.0000 +0.0000 ;
+0.0000 +0.0000 +0.0000 +0.0000 +0.0000 +0.0000 +0.0000 +0.0000 +0.0000 +0.0000 +0.0000 +0.0000 +0.0000 +0.0000 +0.0000 +0.0000 +0.0000 +0.0000 +0.0000 +0.0000 +0.0000 +0.0000 ;
+0.0000 +0.0000 +0.0000 +0.0000 +0.0000 +0.0000 +0.0000 +0.0000 +0.0000 +0.0000 +0.0000 +0.0000 +0.0000 +0.0000 +0.0000 +0.0000 +0.0000 +0.0000 +0.0000 +0.0000 +0.0000 +0.0000 ;
+0.0000 +0.0000 +0.0000 +0.0000 +0.0000 +0.0000 +0.0000 +0.0000 +0.0000 +0.0000 +0.0000 +0.0000 +0.0000 +0.0000 +0.0000 +0.0000 +0.0000 +0.0000 +0.0000 +0.0000 +0.0000 +0.0000 ;
+0.0000 +0.0000 +0.0000 +0.0000 +0.0000 +0.0000 +0.0000 +0.0000 +0.0000 +0.0000 +0.0000 +0.0000 +0.0000 +0.0000 +0.0000 +0.0000 +0.0000 +0.0000 +0.0000 +0.0000 +0.0000 +0.0000 ;
+0.0000 +0.0000 +0.0000 +0.0000 +0.0000 +0.0000 +0.0000 +0.0000 +0.0000 +0.0000 +0.0000 +0.0000 +0.0000 +0.0000 +0.0000 +0.0000 +0.0000 +0.0000 +0.0000 +0.0000 +0.0000 +0.0000 ;
+0.0000 +0.0000 +0.0000 +0.0000 +0.0000 +0.0000 +0.0000 +0.0000 +0.0000 +0.0000 +0.0000 +0.0000 +0.0000 +0.0000 +0.0000 +0.0000 +0.0000 +0.0000 +0.0000 +0.0000 +0.0000 +0.0000 ;
+0.0000 +0.0000 +0.0000 +0.0000 +0.0000 +0.0000 +0.0000 +0.0000 +0.0000 +0.0000 +0.0000 +0.0000 +0.0000 +0.0000 +0.0000 +0.0000 +0.0000 +0.0000 +0.0000 +0.0000 +0.0000 +0.0000 ;
+0.0000 +0.0000 +0.0000 +0.0000 +0.0000 +0.0000 +0.0000 +0.0000 +0.0000 +0.0000 +0.0000 +0.0000 +0.0000 +0.0000 +0.0000 +0.0000 +0.0000 +0.0000 +0.0000 +0.0000 +0.0000 +0.0000 ;
+0.0000 +0.0279 +0.0892 -0.1124 +0.0167 -0.1061 +0.2001 +0.1216 +0.1750 -0.1580 +0.0000 -0.0664 +0.0000 +0.0000 +0.0000 +0.0000 -0.0664 +0.0416 +0.0000 +0.0000 -0.2552 +0.4667 ;
-0.0125 -0.0248 -0.0000 -0.0000 +0.0000 -0.0148 -0.0560 -0.0000 -0.1296 +0.0000 -0.0120 +0.0435 -0.2334 +0.2226 +0.0000 +0.0000 +0.0000 +0.2268 +0.0476 +0.0000 +0.0000 +0.2706 ;
-0.2105 +0.0251 +0.2691 +0.3095 +0.2913 -0.0308 -0.0409 +0.0143 +0.1520 -0.0014 -0.1010 -0.1588 -0.2017 -0.2835 -0.0000 -0.0000 +0.0000 +0.0000 +0.2973 +0.0782 -0.1140 -0.3490 ;
-0.1348 +0.0000 -0.0000 -0.0000 +0.0000 -0.0127 +0.0116 +0.0000 +0.0000 +0.0000 +0.0000 +0.0343 -0.0001 -0.1037 -0.1623 +0.0000 +0.0000 +0.0000 +0.0451 -0.0794 +0.0000 +0.5050 ;
-0.1416 -0.1339 +0.0687 -0.1218 +0.0000 -0.0701 +0.2945 +0.2393 +0.2774 +0.0000 +0.0000 +0.0135 -0.2650 +0.0000 +0.0243 +0.0000 +0.1564 -0.0094 +0.0000 -0.0670 +0.0000 +0.0588 ;
+0.0000 +0.1461 +0.0623 +0.0917 +0.0000 +0.0548 -0.1201 -0.2012 -0.0702 -0.0657 -0.0786 +0.1100 +0.1559 +0.0000 -0.0000 +0.2052 +0.0000 -0.0377 +0.1757 +0.0000 +0.0000 -0.5053 ;
-0.0105 +0.1299 +0.0000 +0.0000 +0.0000 -0.0000 -0.0000 -0.0000 -0.0000 -0.0027 +0.0000 +0.0000 +0.0000 +0.0000 +0.0000 +0.0712 -0.0000 -0.4380 +0.0004 +0.0000 +0.0000 +0.5065 ;
+0.0000 +0.0000 +0.0000 +0.0000 +0.0000 +0.0000 +0.0000 +0.0000 +0.0000 +0.0000 +0.0000 +0.0000 +0.0000 +0.0000 +0.0000 +0.0000 +0.0000 +0.0000 +0.0000 +0.0000 +0.0000 +0.0000 ;
