brain 22883 fitness=40.5822 numneurons+1=75 maxWeight=8 maxBias=8 redinput=2-14 greeninput=15-30 blueinput=31-34
+0.0000 +0.0000 +0.0000 +0.0000 +0.0000 +0.0000 +0.0000 +0.0000 +0.0000 +0.0000 +0.0000 +0.0000 +0.0000 +0.0000 +0.0000 +0.0000 +0.0000 +0.0000 +0.0000 +0.0000 +0.0000 +0.0000 +0.0000 +0.0000 +0.0000 +0.0000 +0.0000 +0.0000 +0.0000 +0.0000 +0.0000 +0.0000 +0.0000 +0.0000 +0.0000 +0.0000 +0.0000 +0.0000 +0.0000 +0.0000 +0.0000 +0.0000 +0.0000 +0.0000 +0.0000 +0.0000 +0.0000 +0.0000 +0.0000 +0.0000 +0.0000 +0.0000 +0.0000 +0.0000 +0.0000 +0.0000 +0.0000 +0.0000 +0.0000 +0.0000 +0.0000 +0.0000 +0.0000 +0.0000 +0.0000 +0.0000 +0.0000 +0.0000 +0.0000 +0.0000 +0.0000 +0.0000 +0.0000 +0.0000 +0.0000 ;
+0.0000 +0.0000 +0.0000 +0.0000 +0.0000 +0.0000 +0.0000 +0.0000 +0.0000 +0.0000 +0.0000 +0.0000 +0.0000 +0.0000 +0.0000 +0.0000 +0.0000 +0.0000 +0.0000 +0.0000 +0.0000 +0.0000 +0.0000 +0.0000 +0.0000 +0.0000 +0.0000 +0.0000 +0.0000 +0.0000 +0.0000 +0.0000 +0.0000 +0.0000 +0.0000 +0.0000 +0.0000 +0.0000 +0.0000 +0.0000 +0.0000 +0.0000 +0.0000 +0.0000 +0.0000 +0.0000 +0.0000 +0.0000 +0.0000 +0.0000 +0.0000 +0.0000 +0.0000 +0.0000 +0.0000 +0.0000 +0.0000 +0.0000 +0.0000 +0.0000 +0.0000 +0.0000 +0.0000 +0.0000 +0.0000 +0.0000 +0.0000 +0.0000 +0.0000 +0.0000 +0.0000 +0.0000 +0.0000 +0.0000 +0.0000 ;
+0.0000 +0.0000 +0.0000 +0.0000 +0.0000 +0.0000 +0.0000 +0.0000 +0.0000 +0.0000 +0.0000 +0.0000 +0.0000 +0.0000 +0.0000 +0.0000 +0.0000 +0.0000 +0.0000 +0.0000 +0.0000 +0.0000 +0.0000 +0.0000 +0.0000 +0.0000 +0.0000 +0.0000 +0.0000 +0.0000 +0.0000 +0.0000 +0.0000 +0.0000 +0.0000 +0.0000 +0.0000 +0.0000 +0.0000 +0.0000 +0.0000 +0.0000 +0.0000 +0.0000 +0.0000 +0.0000 +0.0000 +0.0000 +0.0000 +0.0000 +0.0000 +0.0000 +0.0000 +0.0000 +0.0000 +0.0000 +0.0000 +0.0000 +0.0000 +0.0000 +0.0000 +0.0000 +0.0000 +0.0000 +0.0000 +0.0000 +0.0000 +0.0000 +0.0000 +0.0000 +0.0000 +0.0000 +0.0000 +0.0000 +0.0000 ;
+0.0000 +0.0000 +0.0000 +0.0000 +0.0000 +0.0000 +0.0000 +0.0000 +0.0000 +0.0000 +0.0000 +0.0000 +0.0000 +0.0000 +0.0000 +0.0000 +0.0000 +0.0000 +0.0000 +0.0000 +0.0000 +0.0000 +0.0000 +0.0000 +0.0000 +0.0000 +0.0000 +0.0000 +0.0000 +0.0000 +0.0000 +0.0000 +0.0000 +0.0000 +0.0000 +0.0000 +0.0000 +0.0000 +0.0000 +0.0000 +0.0000 +0.0000 +0.0000 +0.0000 +0.0000 +0.0000 +0.0000 +0.0000 +0.0000 +0.0000 +0.0000 +0.0000 +0.0000 +0.0000 +0.0000 +0.0000 +0.0000 +0.0000 +0.0000 +0.0000 +0.0000 +0.0000 +0.0000 +0.0000 +0.0000 +0.0000 +0.0000 +0.0000 +0.0000 +0.0000 +0.0000 +0.0000 +0.0000 +0.0000 +0.0000 ;
+0.0000 +0.0000 +0.0000 +0.0000 +0.0000 +0.0000 +0.0000 +0.0000 +0.0000 +0.0000 +0.0000 +0.0000 +0.0000 +0.0000 +0.0000 +0.0000 +0.0000 +0.0000 +0.0000 +0.0000 +0.0000 +0.0000 +0.0000 +0.0000 +0.0000 +0.0000 +0.0000 +0.0000 +0.0000 +0.0000 +0.0000 +0.0000 +0.0000 +0.0000 +0.0000 +0.0000 +0.0000 +0.0000 +0.0000 +0.0000 +0.0000 +0.0000 +0.0000 +0.0000 +0.0000 +0.0000 +0.0000 +0.0000 +0.0000 +0.0000 +0.0000 +0.0000 +0.0000 +0.0000 +0.0000 +0.0000 +0.0000 +0.0000 +0.0000 +0.0000 +0.0000 +0.0000 +0.0000 +0.0000 +0.0000 +0.0000 +0.0000 +0.0000 +0.0000 +0.0000 +0.0000 +0.0000 +0.0000 +0.0000 +0.0000 ;
+0.0000 +0.0000 +0.0000 +0.0000 +0.0000 +0.0000 +0.0000 +0.0000 +0.0000 +0.0000 +0.0000 +0.0000 +0.0000 +0.0000 +0.0000 +0.0000 +0.0000 +0.0000 +0.0000 +0.0000 +0.0000 +0.0000 +0.0000 +0.0000 +0.0000 +0.0000 +0.0000 +0.0000 +0.0000 +0.0000 +0.0000 +0.0000 +0.0000 +0.0000 +0.0000 +0.0000 +0.0000 +0.0000 +0.0000 +0.0000 +0.0000 +0.0000 +0.0000 +0.0000 +0.0000 +0.0000 +0.0000 +0.0000 +0.0000 +0.0000 +0.0000 +0.0000 +0.0000 +0.0000 +0.0000 +0.0000 +0.0000 +0.0000 +0.0000 +0.0000 +0.0000 +0.0000 +0.0000 +0.0000 +0.0000 +0.0000 +0.0000 +0.0000 +0.0000 +0.0000 +0.0000 +0.0000 +0.0000 +0.0000 +0.0000 ;
+0.0000 +0.0000 +0.0000 +0.0000 +0.0000 +0.0000 +0.0000 +0.0000 +0.0000 +0.0000 +0.0000 +0.0000 +0.0000 +0.0000 +0.0000 +0.0000 +0.0000 +0.0000 +0.0000 +0.0000 +0.0000 +0.0000 +0.0000 +0.0000 +0.0000 +0.0000 +0.0000 +0.0000 +0.0000 +0.0000 +0.0000 +0.0000 +0.0000 +0.0000 +0.0000 +0.0000 +0.0000 +0.0000 +0.0000 +0.0000 +0.0000 +0.0000 +0.0000 +0.0000 +0.0000 +0.0000 +0.0000 +0.0000 +0.0000 +0.0000 +0.0000 +0.0000 +0.0000 +0.0000 +0.0000 +0.0000 +0.0000 +0.0000 +0.0000 +0.0000 +0.0000 +0.0000 +0.0000 +0.0000 +0.0000 +0.0000 +0.0000 +0.0000 +0.0000 +0.0000 +0.0000 +0.0000 +0.0000 +0.0000 +0.0000 ;
+0.0000 +0.0000 +0.0000 +0.0000 +0.0000 +0.0000 +0.0000 +0.0000 +0.0000 +0.0000 +0.0000 +0.0000 +0.0000 +0.0000 +0.0000 +0.0000 +0.0000 +0.0000 +0.0000 +0.0000 +0.0000 +0.0000 +0.0000 +0.0000 +0.0000 +0.0000 +0.0000 +0.0000 +0.0000 +0.0000 +0.0000 +0.0000 +0.0000 +0.0000 +0.0000 +0.0000 +0.0000 +0.0000 +0.0000 +0.0000 +0.0000 +0.0000 +0.0000 +0.0000 +0.0000 +0.0000 +0.0000 +0.0000 +0.0000 +0.0000 +0.0000 +0.0000 +0.0000 +0.0000 +0.0000 +0.0000 +0.0000 +0.0000 +0.0000 +0.0000 +0.0000 +0.0000 +0.0000 +0.0000 +0.0000 +0.0000 +0.0000 +0.0000 +0.0000 +0.0000 +0.0000 +0.0000 +0.0000 +0.0000 +0.0000 ;
+0.0000 +0.0000 +0.0000 +0.0000 +0.0000 +0.0000 +0.0000 +0.0000 +0.0000 +0.0000 +0.0000 +0.0000 +0.0000 +0.0000 +0.0000 +0.0000 +0.0000 +0.0000 +0.0000 +0.0000 +0.0000 +0.0000 +0.0000 +0.0000 +0.0000 +0.0000 +0.0000 +0.0000 +0.0000 +0.0000 +0.0000 +0.0000 +0.0000 +0.0000 +0.0000 +0.0000 +0.0000 +0.0000 +0.0000 +0.0000 +0.0000 +0.0000 +0.0000 +0.0000 +0.0000 +0.0000 +0.0000 +0.0000 +0.0000 +0.0000 +0.0000 +0.0000 +0.0000 +0.0000 +0.0000 +0.0000 +0.0000 +0.0000 +0.0000 +0.0000 +0.0000 +0.0000 +0.0000 +0.0000 +0.0000 +0.0000 +0.0000 +0.0000 +0.0000 +0.0000 +0.0000 +0.0000 +0.0000 +0.0000 +0.0000 ;
+0.0000 +0.0000 +0.0000 +0.0000 +0.0000 +0.0000 +0.0000 +0.0000 +0.0000 +0.0000 +0.0000 +0.0000 +0.0000 +0.0000 +0.0000 +0.0000 +0.0000 +0.0000 +0.0000 +0.0000 +0.0000 +0.0000 +0.0000 +0.0000 +0.0000 +0.0000 +0.0000 +0.0000 +0.0000 +0.0000 +0.0000 +0.0000 +0.0000 +0.0000 +0.0000 +0.0000 +0.0000 +0.0000 +0.0000 +0.0000 +0.0000 +0.0000 +0.0000 +0.0000 +0.0000 +0.0000 +0.0000 +0.0000 +0.0000 +0.0000 +0.0000 +0.0000 +0.0000 +0.0000 +0.0000 +0.0000 +0.0000 +0.0000 +0.0000 +0.0000 +0.0000 +0.0000 +0.0000 +0.0000 +0.0000 +0.0000 +0.0000 +0.0000 +0.0000 +0.0000 +0.0000 +0.0000 +0.0000 +0.0000 +0.0000 ;
+0.0000 +0.0000 +0.0000 +0.0000 +0.0000 +0.0000 +0.0000 +0.0000 +0.0000 +0.0000 +0.0000 +0.0000 +0.0000 +0.0000 +0.0000 +0.0000 +0.0000 +0.0000 +0.0000 +0.0000 +0.0000 +0.0000 +0.0000 +0.0000 +0.0000 +0.0000 +0.0000 +0.0000 +0.0000 +0.0000 +0.0000 +0.0000 +0.0000 +0.0000 +0.0000 +0.0000 +0.0000 +0.0000 +0.0000 +0.0000 +0.0000 +0.0000 +0.0000 +0.0000 +0.0000 +0.0000 +0.0000 +0.0000 +0.0000 +0.0000 +0.0000 +0.0000 +0.0000 +0.0000 +0.0000 +0.0000 +0.0000 +0.0000 +0.0000 +0.0000 +0.0000 +0.0000 +0.0000 +0.0000 +0.0000 +0.0000 +0.0000 +0.0000 +0.0000 +0.0000 +0.0000 +0.0000 +0.0000 +0.0000 +0.0000 ;
+0.0000 +0.0000 +0.0000 +0.0000 +0.0000 +0.0000 +0.0000 +0.0000 +0.0000 +0.0000 +0.0000 +0.0000 +0.0000 +0.0000 +0.0000 +0.0000 +0.0000 +0.0000 +0.0000 +0.0000 +0.0000 +0.0000 +0.0000 +0.0000 +0.0000 +0.0000 +0.0000 +0.0000 +0.0000 +0.0000 +0.0000 +0.0000 +0.0000 +0.0000 +0.0000 +0.0000 +0.0000 +0.0000 +0.0000 +0.0000 +0.0000 +0.0000 +0.0000 +0.0000 +0.0000 +0.0000 +0.0000 +0.0000 +0.0000 +0.0000 +0.0000 +0.0000 +0.0000 +0.0000 +0.0000 +0.0000 +0.0000 +0.0000 +0.0000 +0.0000 +0.0000 +0.0000 +0.0000 +0.0000 +0.0000 +0.0000 +0.0000 +0.0000 +0.0000 +0.0000 +0.0000 +0.0000 +0.0000 +0.0000 +0.0000 ;
+0.0000 +0.0000 +0.0000 +0.0000 +0.0000 +0.0000 +0.0000 +0.0000 +0.0000 +0.0000 +0.0000 +0.0000 +0.0000 +0.0000 +0.0000 +0.0000 +0.0000 +0.0000 +0.0000 +0.0000 +0.0000 +0.0000 +0.0000 +0.0000 +0.0000 +0.0000 +0.0000 +0.0000 +0.0000 +0.0000 +0.0000 +0.0000 +0.0000 +0.0000 +0.0000 +0.0000 +0.0000 +0.0000 +0.0000 +0.0000 +0.0000 +0.0000 +0.0000 +0.0000 +0.0000 +0.0000 +0.0000 +0.0000 +0.0000 +0.0000 +0.0000 +0.0000 +0.0000 +0.0000 +0.0000 +0.0000 +0.0000 +0.0000 +0.0000 +0.0000 +0.0000 +0.0000 +0.0000 +0.0000 +0.0000 +0.0000 +0.0000 +0.0000 +0.0000 +0.0000 +0.0000 +0.0000 +0.0000 +0.0000 +0.0000 ;
+0.0000 +0.0000 +0.0000 +0.0000 +0.0000 +0.0000 +0.0000 +0.0000 +0.0000 +0.0000 +0.0000 +0.0000 +0.0000 +0.0000 +0.0000 +0.0000 +0.0000 +0.0000 +0.0000 +0.0000 +0.0000 +0.0000 +0.0000 +0.0000 +0.0000 +0.0000 +0.0000 +0.0000 +0.0000 +0.0000 +0.0000 +0.0000 +0.0000 +0.0000 +0.0000 +0.0000 +0.0000 +0.0000 +0.0000 +0.0000 +0.0000 +0.0000 +0.0000 +0.0000 +0.0000 +0.0000 +0.0000 +0.0000 +0.0000 +0.0000 +0.0000 +0.0000 +0.0000 +0.0000 +0.0000 +0.0000 +0.0000 +0.0000 +0.0000 +0.0000 +0.0000 +0.0000 +0.0000 +0.0000 +0.0000 +0.0000 +0.0000 +0.0000 +0.0000 +0.0000 +0.0000 +0.0000 +0.0000 +0.0000 +0.0000 ;
+0.0000 +0.0000 +0.0000 +0.0000 +0.0000 +0.0000 +0.0000 +0.0000 +0.0000 +0.0000 +0.0000 +0.0000 +0.0000 +0.0000 +0.0000 +0.0000 +0.0000 +0.0000 +0.0000 +0.0000 +0.0000 +0.0000 +0.0000 +0.0000 +0.0000 +0.0000 +0.0000 +0.0000 +0.0000 +0.0000 +0.0000 +0.0000 +0.0000 +0.0000 +0.0000 +0.0000 +0.0000 +0.0000 +0.0000 +0.0000 +0.0000 +0.0000 +0.0000 +0.0000 +0.0000 +0.0000 +0.0000 +0.0000 +0.0000 +0.0000 +0.0000 +0.0000 +0.0000 +0.0000 +0.0000 +0.0000 +0.0000 +0.0000 +0.0000 +0.0000 +0.0000 +0.0000 +0.0000 +0.0000 +0.0000 +0.0000 +0.0000 +0.0000 +0.0000 +0.0000 +0.0000 +0.0000 +0.0000 +0.0000 +0.0000 ;
+0.0000 +0.0000 +0.0000 +0.0000 +0.0000 +0.0000 +0.0000 +0.0000 +0.0000 +0.0000 +0.0000 +0.0000 +0.0000 +0.0000 +0.0000 +0.0000 +0.0000 +0.0000 +0.0000 +0.0000 +0.0000 +0.0000 +0.0000 +0.0000 +0.0000 +0.0000 +0.0000 +0.0000 +0.0000 +0.0000 +0.0000 +0.0000 +0.0000 +0.0000 +0.0000 +0.0000 +0.0000 +0.0000 +0.0000 +0.0000 +0.0000 +0.0000 +0.0000 +0.0000 +0.0000 +0.0000 +0.0000 +0.0000 +0.0000 +0.0000 +0.0000 +0.0000 +0.0000 +0.0000 +0.0000 +0.0000 +0.0000 +0.0000 +0.0000 +0.0000 +0.0000 +0.0000 +0.0000 +0.0000 +0.0000 +0.0000 +0.0000 +0.0000 +0.0000 +0.0000 +0.0000 +0.0000 +0.0000 +0.0000 +0.0000 ;
+0.0000 +0.0000 +0.0000 +0.0000 +0.0000 +0.0000 +0.0000 +0.0000 +0.0000 +0.0000 +0.0000 +0.0000 +0.0000 +0.0000 +0.0000 +0.0000 +0.0000 +0.0000 +0.0000 +0.0000 +0.0000 +0.0000 +0.0000 +0.0000 +0.0000 +0.0000 +0.0000 +0.0000 +0.0000 +0.0000 +0.0000 +0.0000 +0.0000 +0.0000 +0.0000 +0.0000 +0.0000 +0.0000 +0.0000 +0.0000 +0.0000 +0.0000 +0.0000 +0.0000 +0.0000 +0.0000 +0.0000 +0.0000 +0.0000 +0.0000 +0.0000 +0.0000 +0.0000 +0.0000 +0.0000 +0.0000 +0.0000 +0.0000 +0.0000 +0.0000 +0.0000 +0.0000 +0.0000 +0.0000 +0.0000 +0.0000 +0.0000 +0.0000 +0.0000 +0.0000 +0.0000 +0.0000 +0.0000 +0.0000 +0.0000 ;
+0.0000 +0.0000 +0.0000 +0.0000 +0.0000 +0.0000 +0.0000 +0.0000 +0.0000 +0.0000 +0.0000 +0.0000 +0.0000 +0.0000 +0.0000 +0.0000 +0.0000 +0.0000 +0.0000 +0.0000 +0.0000 +0.0000 +0.0000 +0.0000 +0.0000 +0.0000 +0.0000 +0.0000 +0.0000 +0.0000 +0.0000 +0.0000 +0.0000 +0.0000 +0.0000 +0.0000 +0.0000 +0.0000 +0.0000 +0.0000 +0.0000 +0.0000 +0.0000 +0.0000 +0.0000 +0.0000 +0.0000 +0.0000 +0.0000 +0.0000 +0.0000 +0.0000 +0.0000 +0.0000 +0.0000 +0.0000 +0.0000 +0.0000 +0.0000 +0.0000 +0.0000 +0.0000 +0.0000 +0.0000 +0.0000 +0.0000 +0.0000 +0.0000 +0.0000 +0.0000 +0.0000 +0.0000 +0.0000 +0.0000 +0.0000 ;
+0.0000 +0.0000 +0.0000 +0.0000 +0.0000 +0.0000 +0.0000 +0.0000 +0.0000 +0.0000 +0.0000 +0.0000 +0.0000 +0.0000 +0.0000 +0.0000 +0.0000 +0.0000 +0.0000 +0.0000 +0.0000 +0.0000 +0.0000 +0.0000 +0.0000 +0.0000 +0.0000 +0.0000 +0.0000 +0.0000 +0.0000 +0.0000 +0.0000 +0.0000 +0.0000 +0.0000 +0.0000 +0.0000 +0.0000 +0.0000 +0.0000 +0.0000 +0.0000 +0.0000 +0.0000 +0.0000 +0.0000 +0.0000 +0.0000 +0.0000 +0.0000 +0.0000 +0.0000 +0.0000 +0.0000 +0.0000 +0.0000 +0.0000 +0.0000 +0.0000 +0.0000 +0.0000 +0.0000 +0.0000 +0.0000 +0.0000 +0.0000 +0.0000 +0.0000 +0.0000 +0.0000 +0.0000 +0.0000 +0.0000 +0.0000 ;
+0.0000 +0.0000 +0.0000 +0.0000 +0.0000 +0.0000 +0.0000 +0.0000 +0.0000 +0.0000 +0.0000 +0.0000 +0.0000 +0.0000 +0.0000 +0.0000 +0.0000 +0.0000 +0.0000 +0.0000 +0.0000 +0.0000 +0.0000 +0.0000 +0.0000 +0.0000 +0.0000 +0.0000 +0.0000 +0.0000 +0.0000 +0.0000 +0.0000 +0.0000 +0.0000 +0.0000 +0.0000 +0.0000 +0.0000 +0.0000 +0.0000 +0.0000 +0.0000 +0.0000 +0.0000 +0.0000 +0.0000 +0.0000 +0.0000 +0.0000 +0.0000 +0.0000 +0.0000 +0.0000 +0.0000 +0.0000 +0.0000 +0.0000 +0.0000 +0.0000 +0.0000 +0.0000 +0.0000 +0.0000 +0.0000 +0.0000 +0.0000 +0.0000 +0.0000 +0.0000 +0.0000 +0.0000 +0.0000 +0.0000 +0.0000 ;
+0.0000 +0.0000 +0.0000 +0.0000 +0.0000 +0.0000 +0.0000 +0.0000 +0.0000 +0.0000 +0.0000 +0.0000 +0.0000 +0.0000 +0.0000 +0.0000 +0.0000 +0.0000 +0.0000 +0.0000 +0.0000 +0.0000 +0.0000 +0.0000 +0.0000 +0.0000 +0.0000 +0.0000 +0.0000 +0.0000 +0.0000 +0.0000 +0.0000 +0.0000 +0.0000 +0.0000 +0.0000 +0.0000 +0.0000 +0.0000 +0.0000 +0.0000 +0.0000 +0.0000 +0.0000 +0.0000 +0.0000 +0.0000 +0.0000 +0.0000 +0.0000 +0.0000 +0.0000 +0.0000 +0.0000 +0.0000 +0.0000 +0.0000 +0.0000 +0.0000 +0.0000 +0.0000 +0.0000 +0.0000 +0.0000 +0.0000 +0.0000 +0.0000 +0.0000 +0.0000 +0.0000 +0.0000 +0.0000 +0.0000 +0.0000 ;
+0.0000 +0.0000 +0.0000 +0.0000 +0.0000 +0.0000 +0.0000 +0.0000 +0.0000 +0.0000 +0.0000 +0.0000 +0.0000 +0.0000 +0.0000 +0.0000 +0.0000 +0.0000 +0.0000 +0.0000 +0.0000 +0.0000 +0.0000 +0.0000 +0.0000 +0.0000 +0.0000 +0.0000 +0.0000 +0.0000 +0.0000 +0.0000 +0.0000 +0.0000 +0.0000 +0.0000 +0.0000 +0.0000 +0.0000 +0.0000 +0.0000 +0.0000 +0.0000 +0.0000 +0.0000 +0.0000 +0.0000 +0.0000 +0.0000 +0.0000 +0.0000 +0.0000 +0.0000 +0.0000 +0.0000 +0.0000 +0.0000 +0.0000 +0.0000 +0.0000 +0.0000 +0.0000 +0.0000 +0.0000 +0.0000 +0.0000 +0.0000 +0.0000 +0.0000 +0.0000 +0.0000 +0.0000 +0.0000 +0.0000 +0.0000 ;
+0.0000 +0.0000 +0.0000 +0.0000 +0.0000 +0.0000 +0.0000 +0.0000 +0.0000 +0.0000 +0.0000 +0.0000 +0.0000 +0.0000 +0.0000 +0.0000 +0.0000 +0.0000 +0.0000 +0.0000 +0.0000 +0.0000 +0.0000 +0.0000 +0.0000 +0.0000 +0.0000 +0.0000 +0.0000 +0.0000 +0.0000 +0.0000 +0.0000 +0.0000 +0.0000 +0.0000 +0.0000 +0.0000 +0.0000 +0.0000 +0.0000 +0.0000 +0.0000 +0.0000 +0.0000 +0.0000 +0.0000 +0.0000 +0.0000 +0.0000 +0.0000 +0.0000 +0.0000 +0.0000 +0.0000 +0.0000 +0.0000 +0.0000 +0.0000 +0.0000 +0.0000 +0.0000 +0.0000 +0.0000 +0.0000 +0.0000 +0.0000 +0.0000 +0.0000 +0.0000 +0.0000 +0.0000 +0.0000 +0.0000 +0.0000 ;
+0.0000 +0.0000 +0.0000 +0.0000 +0.0000 +0.0000 +0.0000 +0.0000 +0.0000 +0.0000 +0.0000 +0.0000 +0.0000 +0.0000 +0.0000 +0.0000 +0.0000 +0.0000 +0.0000 +0.0000 +0.0000 +0.0000 +0.0000 +0.0000 +0.0000 +0.0000 +0.0000 +0.0000 +0.0000 +0.0000 +0.0000 +0.0000 +0.0000 +0.0000 +0.0000 +0.0000 +0.0000 +0.0000 +0.0000 +0.0000 +0.0000 +0.0000 +0.0000 +0.0000 +0.0000 +0.0000 +0.0000 +0.0000 +0.0000 +0.0000 +0.0000 +0.0000 +0.0000 +0.0000 +0.0000 +0.0000 +0.0000 +0.0000 +0.0000 +0.0000 +0.0000 +0.0000 +0.0000 +0.0000 +0.0000 +0.0000 +0.0000 +0.0000 +0.0000 +0.0000 +0.0000 +0.0000 +0.0000 +0.0000 +0.0000 ;
+0.0000 +0.0000 +0.0000 +0.0000 +0.0000 +0.0000 +0.0000 +0.0000 +0.0000 +0.0000 +0.0000 +0.0000 +0.0000 +0.0000 +0.0000 +0.0000 +0.0000 +0.0000 +0.0000 +0.0000 +0.0000 +0.0000 +0.0000 +0.0000 +0.0000 +0.0000 +0.0000 +0.0000 +0.0000 +0.0000 +0.0000 +0.0000 +0.0000 +0.0000 +0.0000 +0.0000 +0.0000 +0.0000 +0.0000 +0.0000 +0.0000 +0.0000 +0.0000 +0.0000 +0.0000 +0.0000 +0.0000 +0.0000 +0.0000 +0.0000 +0.0000 +0.0000 +0.0000 +0.0000 +0.0000 +0.0000 +0.0000 +0.0000 +0.0000 +0.0000 +0.0000 +0.0000 +0.0000 +0.0000 +0.0000 +0.0000 +0.0000 +0.0000 +0.0000 +0.0000 +0.0000 +0.0000 +0.0000 +0.0000 +0.0000 ;
+0.0000 +0.0000 +0.0000 +0.0000 +0.0000 +0.0000 +0.0000 +0.0000 +0.0000 +0.0000 +0.0000 +0.0000 +0.0000 +0.0000 +0.0000 +0.0000 +0.0000 +0.0000 +0.0000 +0.0000 +0.0000 +0.0000 +0.0000 +0.0000 +0.0000 +0.0000 +0.0000 +0.0000 +0.0000 +0.0000 +0.0000 +0.0000 +0.0000 +0.0000 +0.0000 +0.0000 +0.0000 +0.0000 +0.0000 +0.0000 +0.0000 +0.0000 +0.0000 +0.0000 +0.0000 +0.0000 +0.0000 +0.0000 +0.0000 +0.0000 +0.0000 +0.0000 +0.0000 +0.0000 +0.0000 +0.0000 +0.0000 +0.0000 +0.0000 +0.0000 +0.0000 +0.0000 +0.0000 +0.0000 +0.0000 +0.0000 +0.0000 +0.0000 +0.0000 +0.0000 +0.0000 +0.0000 +0.0000 +0.0000 +0.0000 ;
+0.0000 +0.0000 +0.0000 +0.0000 +0.0000 +0.0000 +0.0000 +0.0000 +0.0000 +0.0000 +0.0000 +0.0000 +0.0000 +0.0000 +0.0000 +0.0000 +0.0000 +0.0000 +0.0000 +0.0000 +0.0000 +0.0000 +0.0000 +0.0000 +0.0000 +0.0000 +0.0000 +0.0000 +0.0000 +0.0000 +0.0000 +0.0000 +0.0000 +0.0000 +0.0000 +0.0000 +0.0000 +0.0000 +0.0000 +0.0000 +0.0000 +0.0000 +0.0000 +0.0000 +0.0000 +0.0000 +0.0000 +0.0000 +0.0000 +0.0000 +0.0000 +0.0000 +0.0000 +0.0000 +0.0000 +0.0000 +0.0000 +0.0000 +0.0000 +0.0000 +0.0000 +0.0000 +0.0000 +0.0000 +0.0000 +0.0000 +0.0000 +0.0000 +0.0000 +0.0000 +0.0000 +0.0000 +0.0000 +0.0000 +0.0000 ;
+0.0000 +0.0000 +0.0000 +0.0000 +0.0000 +0.0000 +0.0000 +0.0000 +0.0000 +0.0000 +0.0000 +0.0000 +0.0000 +0.0000 +0.0000 +0.0000 +0.0000 +0.0000 +0.0000 +0.0000 +0.0000 +0.0000 +0.0000 +0.0000 +0.0000 +0.0000 +0.0000 +0.0000 +0.0000 +0.0000 +0.0000 +0.0000 +0.0000 +0.0000 +0.0000 +0.0000 +0.0000 +0.0000 +0.0000 +0.0000 +0.0000 +0.0000 +0.0000 +0.0000 +0.0000 +0.0000 +0.0000 +0.0000 +0.0000 +0.0000 +0.0000 +0.0000 +0.0000 +0.0000 +0.0000 +0.0000 +0.0000 +0.0000 +0.0000 +0.0000 +0.0000 +0.0000 +0.0000 +0.0000 +0.0000 +0.0000 +0.0000 +0.0000 +0.0000 +0.0000 +0.0000 +0.0000 +0.0000 +0.0000 +0.0000 ;
+0.0000 +0.0000 +0.0000 +0.0000 +0.0000 +0.0000 +0.0000 +0.0000 +0.0000 +0.0000 +0.0000 +0.0000 +0.0000 +0.0000 +0.0000 +0.0000 +0.0000 +0.0000 +0.0000 +0.0000 +0.0000 +0.0000 +0.0000 +0.0000 +0.0000 +0.0000 +0.0000 +0.0000 +0.0000 +0.0000 +0.0000 +0.0000 +0.0000 +0.0000 +0.0000 +0.0000 +0.0000 +0.0000 +0.0000 +0.0000 +0.0000 +0.0000 +0.0000 +0.0000 +0.0000 +0.0000 +0.0000 +0.0000 +0.0000 +0.0000 +0.0000 +0.0000 +0.0000 +0.0000 +0.0000 +0.0000 +0.0000 +0.0000 +0.0000 +0.0000 +0.0000 +0.0000 +0.0000 +0.0000 +0.0000 +0.0000 +0.0000 +0.0000 +0.0000 +0.0000 +0.0000 +0.0000 +0.0000 +0.0000 +0.0000 ;
+0.0000 +0.0000 +0.0000 +0.0000 +0.0000 +0.0000 +0.0000 +0.0000 +0.0000 +0.0000 +0.0000 +0.0000 +0.0000 +0.0000 +0.0000 +0.0000 +0.0000 +0.0000 +0.0000 +0.0000 +0.0000 +0.0000 +0.0000 +0.0000 +0.0000 +0.0000 +0.0000 +0.0000 +0.0000 +0.0000 +0.0000 +0.0000 +0.0000 +0.0000 +0.0000 +0.0000 +0.0000 +0.0000 +0.0000 +0.0000 +0.0000 +0.0000 +0.0000 +0.0000 +0.0000 +0.0000 +0.0000 +0.0000 +0.0000 +0.0000 +0.0000 +0.0000 +0.0000 +0.0000 +0.0000 +0.0000 +0.0000 +0.0000 +0.0000 +0.0000 +0.0000 +0.0000 +0.0000 +0.0000 +0.0000 +0.0000 +0.0000 +0.0000 +0.0000 +0.0000 +0.0000 +0.0000 +0.0000 +0.0000 +0.0000 ;
+0.0000 +0.0000 +0.0000 +0.0000 +0.0000 +0.0000 +0.0000 +0.0000 +0.0000 +0.0000 +0.0000 +0.0000 +0.0000 +0.0000 +0.0000 +0.0000 +0.0000 +0.0000 +0.0000 +0.0000 +0.0000 +0.0000 +0.0000 +0.0000 +0.0000 +0.0000 +0.0000 +0.0000 +0.0000 +0.0000 +0.0000 +0.0000 +0.0000 +0.0000 +0.0000 +0.0000 +0.0000 +0.0000 +0.0000 +0.0000 +0.0000 +0.0000 +0.0000 +0.0000 +0.0000 +0.0000 +0.0000 +0.0000 +0.0000 +0.0000 +0.0000 +0.0000 +0.0000 +0.0000 +0.0000 +0.0000 +0.0000 +0.0000 +0.0000 +0.0000 +0.0000 +0.0000 +0.0000 +0.0000 +0.0000 +0.0000 +0.0000 +0.0000 +0.0000 +0.0000 +0.0000 +0.0000 +0.0000 +0.0000 +0.0000 ;
+0.0000 +0.0000 +0.0000 +0.0000 +0.0000 +0.0000 +0.0000 +0.0000 +0.0000 +0.0000 +0.0000 +0.0000 +0.0000 +0.0000 +0.0000 +0.0000 +0.0000 +0.0000 +0.0000 +0.0000 +0.0000 +0.0000 +0.0000 +0.0000 +0.0000 +0.0000 +0.0000 +0.0000 +0.0000 +0.0000 +0.0000 +0.0000 +0.0000 +0.0000 +0.0000 +0.0000 +0.0000 +0.0000 +0.0000 +0.0000 +0.0000 +0.0000 +0.0000 +0.0000 +0.0000 +0.0000 +0.0000 +0.0000 +0.0000 +0.0000 +0.0000 +0.0000 +0.0000 +0.0000 +0.0000 +0.0000 +0.0000 +0.0000 +0.0000 +0.0000 +0.0000 +0.0000 +0.0000 +0.0000 +0.0000 +0.0000 +0.0000 +0.0000 +0.0000 +0.0000 +0.0000 +0.0000 +0.0000 +0.0000 +0.0000 ;
+0.0000 +0.0000 +0.0000 +0.0000 +0.0000 +0.0000 +0.0000 +0.0000 +0.0000 +0.0000 +0.0000 +0.0000 +0.0000 +0.0000 +0.0000 +0.0000 +0.0000 +0.0000 +0.0000 +0.0000 +0.0000 +0.0000 +0.0000 +0.0000 +0.0000 +0.0000 +0.0000 +0.0000 +0.0000 +0.0000 +0.0000 +0.0000 +0.0000 +0.0000 +0.0000 +0.0000 +0.0000 +0.0000 +0.0000 +0.0000 +0.0000 +0.0000 +0.0000 +0.0000 +0.0000 +0.0000 +0.0000 +0.0000 +0.0000 +0.0000 +0.0000 +0.0000 +0.0000 +0.0000 +0.0000 +0.0000 +0.0000 +0.0000 +0.0000 +0.0000 +0.0000 +0.0000 +0.0000 +0.0000 +0.0000 +0.0000 +0.0000 +0.0000 +0.0000 +0.0000 +0.0000 +0.0000 +0.0000 +0.0000 +0.0000 ;
+0.0000 +0.0000 +0.0000 +0.0000 +0.0000 +0.0000 +0.0000 +0.0000 +0.0000 +0.0000 +0.0000 +0.0000 +0.0000 +0.0000 +0.0000 +0.0000 +0.0000 +0.0000 +0.0000 +0.0000 +0.0000 +0.0000 +0.0000 +0.0000 +0.0000 +0.0000 +0.0000 +0.0000 +0.0000 +0.0000 +0.0000 +0.0000 +0.0000 +0.0000 +0.0000 +0.0000 +0.0000 +0.0000 +0.0000 +0.0000 +0.0000 +0.0000 +0.0000 +0.0000 +0.0000 +0.0000 +0.0000 +0.0000 +0.0000 +0.0000 +0.0000 +0.0000 +0.0000 +0.0000 +0.0000 +0.0000 +0.0000 +0.0000 +0.0000 +0.0000 +0.0000 +0.0000 +0.0000 +0.0000 +0.0000 +0.0000 +0.0000 +0.0000 +0.0000 +0.0000 +0.0000 +0.0000 +0.0000 +0.0000 +0.0000 ;
+0.0000 +0.0000 +0.0000 +0.0000 +0.0000 +0.0000 +0.0000 +0.0000 +0.0000 +0.0000 +0.0000 +0.0000 +0.0000 +0.0000 +0.0000 +0.0000 +0.0000 +0.0000 +0.0000 +0.0000 +0.0000 +0.0000 +0.0000 +0.0000 +0.0000 +0.0000 +0.0000 +0.0000 +0.0000 +0.0000 +0.0000 +0.0000 +0.0000 +0.0000 +0.0000 +0.0000 +0.0000 +0.0000 +0.0000 +0.0000 +0.0000 +0.0000 +0.0000 +0.0000 +0.0000 +0.0000 +0.0000 +0.0000 +0.0000 +0.0000 +0.0000 +0.0000 +0.0000 +0.0000 +0.0000 +0.0000 +0.0000 +0.0000 +0.0000 +0.0000 +0.0000 +0.0000 +0.0000 +0.0000 +0.0000 +0.0000 +0.0000 +0.0000 +0.0000 +0.0000 +0.0000 +0.0000 +0.0000 +0.0000 +0.0000 ;
+0.0000 +0.2513 +0.0000 +0.0004 +0.0004 +0.0004 +0.0000 +0.0000 +0.0000 +0.0000 +0.0000 +0.0000 +0.0000 -0.0004 +0.0004 +0.1867 +0.1425 +0.0053 +0.0181 +0.1832 +0.2073 +0.1784 +0.0276 +0.1170 +0.0023 +0.0330 +0.0282 +0.0522 +0.1822 +0.0001 +0.0000 +0.0448 +0.0803 +0.0006 +0.0000 +0.0000 +0.0559 +0.0006 +0.2894 -0.1681 +0.1942 -0.0005 +0.0000 +0.0714 +0.0506 +0.0000 +0.0000 +0.0000 +0.1248 +0.0000 +0.0000 +0.2449 -0.1696 -0.0337 -0.0582 -0.0182 -0.1487 -0.2209 -0.0079 -0.0576 -0.1811 +0.0000 +0.0000 +0.0000 +0.0000 +0.0000 +0.1274 +0.0566 +0.0000 +0.0004 +0.0000 +0.0000 +0.0000 +0.0000 -0.4510 ;
+0.0000 +0.3250 -0.2290 -0.1966 +0.0520 +0.0000 +0.0000 +0.0347 +0.0000 +0.0333 +0.0000 +0.0000 +0.0000 +0.1002 +0.0000 +0.0000 +0.0000 +0.0000 +0.0000 +0.0000 +0.0000 +0.0000 +0.0000 +0.0000 +0.0000 +0.0000 +0.0000 +0.0000 +0.0000 +0.0000 +0.0000 +0.0000 +0.0993 +0.0000 +0.0000 +0.5004 +0.0000 -0.0000 +0.1499 +0.1243 +0.1875 +0.0000 +0.0706 +0.1150 +0.1356 +0.0000 +0.0000 +0.0000 +0.0000 +0.0000 +0.0000 +0.0000 +0.0000 -0.1418 +0.0000 +0.0000 +0.0000 -0.2095 +0.0000 +0.0000 +0.0000 +0.0000 +0.0000 -0.2954 +0.0000 +0.0000 +0.2385 +0.0000 +0.0000 +0.0000 +0.0000 -0.0534 -0.2465 +0.0000 +0.2784 ;
-0.1845 +0.0000 -0.2302 +0.3563 -0.1944 -0.0670 -0.2184 +0.4241 +0.4108 +0.5103 +0.5183 +0.4134 +0.4929 +0.4925 +0.4421 -0.0695 +0.0364 -0.1319 -0.0132 -0.1668 +0.2009 -0.2134 -0.2178 -0.1986 -0.3038 -0.2246 -0.1384 -0.2733 -0.2627 -0.2543 -0.1175 -0.1393 -0.2184 +0.0000 +0.0000 -0.0001 -0.0000 +0.0000 +0.0000 +0.1380 -0.0151 +0.0000 +0.0000 +0.0000 +0.0000 +0.0000 +0.0000 +0.0000 +0.0000 +0.0000 +0.0000 +0.2337 +0.0000 -0.0954 -0.0000 -0.1571 -0.0000 -0.0306 -0.2141 -0.0000 -0.1418 -0.0365 -0.4353 -0.0000 +0.0000 +0.0000 +0.2433 +0.5180 +0.0000 +0.0000 +0.0000 -0.3866 +0.0000 +0.0000 +0.1843 ;
+0.0000 -0.4397 +0.1240 -0.0000 -0.0000 -0.0000 +0.0127 -0.0000 +0.0566 -0.0000 -0.0000 +0.0000 -0.0000 -0.0000 +0.0390 +0.0624 +0.1221 +0.0000 +0.1759 +0.0000 +0.1119 +0.1520 +0.0445 +0.0680 +0.1240 +0.0000 +0.1377 +0.0000 +0.0000 +0.0000 +0.0000 +0.0793 +0.0580 +0.1546 +0.0000 +0.0254 -0.6209 -0.0889 +0.0000 +0.1326 +0.4129 +0.0000 +0.1563 +0.1537 +0.0181 +0.0837 +0.1217 +0.2039 +0.2147 +0.0250 +0.1286 +0.0000 -0.1704 -0.0914 -0.2365 -0.0831 -0.1950 +0.0000 +0.0000 +0.0000 +0.0000 +0.0000 +0.0000 +0.0000 +0.0000 +0.0000 +0.0573 +0.0000 +0.0000 +0.0000 +0.0000 -0.0236 +0.0000 +0.0000 +0.4039 ;
-0.0189 +0.0000 -0.1159 +0.0955 -0.2601 +0.0000 +0.0000 +0.0000 +0.0000 +0.0000 +0.0000 +0.0000 +0.0000 +0.0000 +0.0000 -0.3505 +0.0000 +0.4177 +0.3469 +0.3539 +0.4357 +0.4930 +0.3968 +0.3806 +0.2869 +0.2962 +0.0580 +0.1992 +0.0000 +0.2197 +0.0000 -0.1315 -0.1029 +0.0039 +0.2386 +0.1323 +0.0000 +0.0000 -0.0000 +0.0000 -0.0640 +0.0000 +0.0187 +0.0000 +0.0000 +0.0000 +0.0000 +0.0000 +0.0000 +0.0000 +0.0000 +0.0000 -0.0204 -0.1270 -0.1912 -0.0595 -0.1004 +0.0000 +0.0000 +0.0000 +0.0000 +0.0000 +0.0000 +0.0000 +0.0000 +0.0000 +0.2228 +0.0000 +0.0000 +0.0000 +0.0000 -0.0597 -0.0000 -0.2537 -0.5010 ;
-0.1326 +0.1957 +0.0483 +0.0000 +0.0000 +0.0000 +0.0000 +0.0000 +0.0000 +0.0000 +0.0000 +0.0000 +0.0000 +0.0000 +0.0000 -0.0269 -0.1312 +0.1432 +0.0717 +0.1157 +0.2295 +0.1440 -0.0312 +0.1605 +0.2336 +0.1507 +0.0000 +0.0000 +0.0000 +0.0000 +0.0000 -0.0558 +0.1535 -0.0722 -0.2557 -0.0403 +0.2339 -0.0317 -0.1560 +0.1490 +0.0000 +0.0356 +0.0000 +0.0000 +0.0000 +0.0000 +0.0000 +0.0000 +0.0000 +0.0000 +0.0000 +0.1867 -0.2080 -0.1591 -0.1574 -0.0373 -0.0511 -0.2297 -0.0169 -0.0326 -0.1150 -0.2075 -0.2355 -0.1611 +0.0000 +0.0000 +0.1760 +0.1630 +0.1419 +0.0523 +0.3366 -0.0000 +0.0000 -0.0654 +0.2627 ;
+0.0000 -0.0601 +0.2358 +0.1462 +0.2225 +0.2141 -0.1626 -0.0885 -0.1745 +0.0000 -0.1577 -0.2089 -0.1515 -0.2479 -0.0172 +0.1513 -0.1594 -0.0630 -0.1714 -0.3187 -0.2415 -0.2638 -0.2683 -0.1977 -0.3208 -0.1017 -0.1268 +0.0000 -0.1965 +0.0000 -0.1822 +0.4719 +0.0000 +0.0000 +0.0000 -0.0011 +0.0000 -0.5538 +0.0000 -0.0010 -0.1234 +0.0000 +0.1776 +0.1043 +0.0000 +0.0000 +0.0000 +0.0000 +0.0000 +0.0000 +0.0000 +0.0000 -0.0000 -0.0450 -0.0402 +0.0000 +0.0000 +0.0000 +0.0000 +0.0000 +0.0000 +0.0000 +0.0000 +0.0000 +0.0000 +0.0000 +0.2222 +0.6389 +0.6272 +0.0000 +0.0000 +0.0000 +0.0000 +0.0000 -0.0980 ;
+0.0000 +0.0000 +0.0225 +0.0000 +0.1054 +0.0360 +0.0324 -0.0058 +0.2924 +0.0000 +0.1656 +0.3394 +0.2942 +0.0000 +0.3255 +0.1802 +0.0861 +0.3976 +0.4224 +0.3467 +0.4559 +0.4297 +0.3567 +0.0000 +0.3102 +0.2237 +0.2912 +0.0000 +0.0000 +0.0000 +0.0000 -0.0713 -0.0670 -0.0730 +0.0000 +0.0000 +0.0000 +0.0000 +0.0000 +0.0000 +0.0235 +0.0000 +0.0000 +0.2898 +0.0000 +0.0000 +0.0000 +0.0000 +0.0000 +0.0000 +0.0000 +0.0000 -0.1859 -0.1399 -0.1031 +0.0000 -0.1740 -0.0270 +0.0000 -0.1963 -0.1985 -0.1921 -0.0534 -0.2368 -0.1293 -0.1239 +0.0151 +0.1939 +0.0000 +0.0000 +0.0000 +0.0000 +0.0000 +0.0000 -0.3569 ;
-0.1635 -0.0493 -0.1865 +0.2980 +0.1507 -0.2111 +0.0125 +0.3647 +0.1337 +0.3242 +0.2452 +0.3109 +0.0584 -0.1521 +0.0000 +0.0000 +0.2644 +0.1022 +0.2151 +0.1771 +0.3504 +0.3938 +0.2133 +0.3265 +0.2158 +0.3265 +0.1740 +0.0000 +0.0000 +0.0000 +0.0000 -0.0999 -0.1613 -0.1571 +0.0000 -0.0971 -0.0535 +0.0000 +0.2267 -0.0825 +0.0627 -0.0000 +0.1431 +0.0000 +0.1350 +0.0000 +0.0000 +0.0000 +0.0000 +0.0000 +0.0000 +0.0000 +0.0000 -0.1494 -0.0782 -0.1811 -0.1771 -0.0935 -0.1129 -0.0401 -0.0387 -0.0926 -0.0417 -0.1370 -0.1319 -0.0686 +0.1553 +0.2002 +0.0164 +0.0000 +0.0000 +0.0000 +0.0000 +0.0000 -0.3569 ;
-0.1215 +0.0000 -0.3535 +0.4470 +0.0083 -0.0572 +0.1202 +0.1489 +0.4367 +0.4757 +0.2701 +0.3264 +0.3817 +0.0000 +0.0000 +0.4587 +0.4495 +0.3980 +0.4690 +0.4605 +0.0000 +0.2661 +0.3086 +0.4687 +0.4717 +0.2963 +0.3039 +0.0000 -0.1791 +0.0000 +0.0000 -0.0399 -0.1679 -0.0000 -0.1573 -0.0770 +0.1186 +0.0000 -0.1692 -0.1348 +0.1836 -0.2143 +0.0000 +0.2901 +0.0000 +0.1068 +0.0000 +0.0000 +0.0000 +0.0000 +0.0000 +0.0000 -0.0438 +0.0000 +0.0000 -0.2180 -0.1528 -0.0676 -0.2608 -0.1928 -0.2668 -0.0884 -0.2895 -0.2150 -0.1171 -0.2200 +0.0000 +0.0276 +0.0272 +0.0000 +0.0000 +0.0000 +0.0000 +0.0000 -0.3569 ;
-0.1679 +0.1970 +0.2043 -0.0415 -0.0374 -0.0064 +0.0416 +0.1535 +0.3346 +0.4262 +0.3504 +0.2493 +0.3874 +0.0000 +0.0000 +0.3529 +0.3204 -0.2049 +0.0000 +0.0000 +0.4593 +0.3985 +0.2421 +0.2881 +0.4206 +0.3951 +0.3135 +0.3117 +0.0000 +0.0000 +0.0000 -0.1335 -0.0384 -0.0833 +0.0000 +0.0524 -0.1049 +0.0100 +0.0973 -0.0507 -0.0281 -0.2330 +0.0000 +0.0000 +0.1279 +0.0000 +0.0000 +0.0000 +0.0000 +0.0000 +0.0000 +0.0000 -0.0762 -0.1051 -0.0463 -0.1903 -0.1137 -0.2062 -0.2222 -0.2077 -0.0993 -0.2027 -0.1072 +0.0000 -0.0218 -0.1717 +0.1320 +0.2007 +0.0000 +0.0000 +0.0000 +0.0000 +0.0000 +0.0000 -0.3569 ;
-0.1264 -0.0592 +0.2345 +0.0000 -0.0641 +0.2055 -0.1021 +0.2310 +0.3610 +0.0586 +0.2201 +0.3107 +0.3578 +0.0000 +0.0000 +0.2041 +0.2529 -0.0017 +0.3980 +0.3262 +0.0000 +0.3180 +0.2633 +0.1858 +0.0000 +0.3281 +0.3788 +0.0000 +0.0000 +0.0000 +0.3010 +0.0152 +0.1009 -0.0467 -0.0741 -0.0726 +0.1274 +0.0000 -0.1953 -0.2252 +0.1591 +0.0508 +0.0000 +0.0000 +0.0000 +0.1582 +0.0582 +0.0000 +0.0000 +0.0000 +0.0000 +0.0000 -0.0913 -0.2043 +0.0000 -0.0317 -0.1823 -0.0711 -0.1055 -0.0666 -0.2264 -0.1424 -0.1006 -0.0361 -0.1495 +0.0000 +0.1766 +0.0141 +0.2277 +0.0000 +0.0000 -0.0459 +0.0000 +0.0000 -0.3569 ;
-0.1274 +0.0000 +0.0000 +0.0054 +0.1424 +0.0000 -0.0000 +0.1530 +0.0786 +0.0808 +0.0000 +0.1601 +0.0680 +0.0000 +0.0000 +0.0000 +0.0159 +0.0000 +0.0000 +0.0000 +0.0622 +0.0000 +0.0652 +0.0598 +0.0000 +0.0000 +0.2366 +0.0195 +0.2617 +0.0130 +0.2096 -0.1250 -0.1631 +0.1116 +0.0000 -0.4909 +0.5310 +0.0000 +0.2114 +0.0000 +0.2217 +0.0000 +0.0000 +0.0000 +0.0000 +0.0000 +0.2809 +0.0000 +0.1202 +0.0000 +0.0000 +0.0000 -0.1567 -0.0141 -0.1618 -0.0872 -0.0386 -0.1162 +0.0000 -0.0547 -0.0130 -0.0427 -0.1367 -0.1382 -0.0161 -0.0882 +0.0000 +0.0536 +0.0319 +0.0454 +0.0000 +0.0000 +0.0000 +0.0000 -0.3569 ;
-0.1607 +0.0024 +0.0000 +0.0000 +0.1092 +0.0378 +0.0193 -0.1390 +0.0884 -0.1452 -0.1140 -0.0085 +0.1039 +0.2294 +0.0000 +0.2025 +0.0000 +0.0000 +0.0000 +0.2459 +0.1974 +0.1221 +0.1133 +0.3256 +0.1330 +0.3336 +0.0000 +0.1194 +0.1070 +0.0000 +0.1480 -0.0535 +0.0459 +0.2095 +0.0000 +0.2762 +0.0848 +0.1486 +0.0000 -0.2282 -0.0081 -0.0710 +0.0000 +0.0000 +0.0000 +0.0000 +0.0000 +0.0478 +0.0000 +0.0000 +0.0000 +0.0000 +0.0000 +0.0000 -0.0053 -0.0616 -0.0100 -0.2032 -0.0259 -0.0041 -0.0045 -0.1297 -0.0347 -0.0068 -0.0491 -0.0379 +0.0000 +0.0000 +0.1258 +0.1723 +0.0000 +0.0000 +0.0000 +0.0000 -0.3569 ;
-0.1316 +0.0000 +0.0000 +0.0000 +0.1072 +0.2256 +0.3403 +0.1545 +0.0307 +0.2444 -0.0854 +0.0066 +0.0682 +0.1359 +0.2963 +0.0000 +0.0000 +0.0000 +0.0000 +0.0000 +0.1622 +0.2744 +0.2866 +0.2438 +0.4596 +0.3497 +0.4201 +0.2657 +0.2236 +0.3306 -0.0172 -0.2094 +0.1294 -0.0042 -0.0363 -0.0926 +0.1893 +0.0000 +0.0190 -0.2383 +0.0098 -0.0620 +0.0000 +0.0000 +0.0000 +0.0000 +0.0000 +0.0000 +0.2001 +0.0000 +0.0305 +0.0000 +0.0000 -0.0594 -0.0180 -0.2084 -0.1642 -0.0756 -0.0888 -0.1524 -0.1231 -0.1752 -0.1038 -0.1122 -0.0179 -0.2284 +0.0000 +0.0000 +0.1943 +0.0588 +0.1211 +0.0000 +0.0000 +0.0000 -0.3569 ;
-0.2015 -0.1822 +0.0000 +0.0000 +0.0000 +0.4755 +0.3329 +0.4944 +0.4963 +0.4386 +0.0788 -0.0495 +0.1148 +0.1518 -0.0515 +0.0000 +0.0000 +0.0000 +0.3326 +0.0000 +0.4849 +0.0000 +0.4464 +0.4862 +0.3764 +0.4243 +0.4718 +0.0387 +0.2801 +0.2836 +0.4181 +0.0000 -0.1238 -0.0602 -0.1120 -0.0019 +0.0173 +0.0000 +0.0000 -0.2476 +0.0027 -0.0555 +0.0000 +0.0000 +0.0000 +0.0000 +0.0000 +0.0000 +0.0000 +0.1242 +0.0000 +0.0744 -0.0265 -0.2252 -0.1827 +0.0000 -0.2226 -0.0819 -0.1324 -0.1794 -0.2304 +0.0000 -0.1693 -0.0223 -0.2127 -0.3449 +0.0000 +0.0000 +0.0759 +0.1270 +0.1588 +0.0000 +0.0000 +0.0000 -0.3569 ;
-0.0813 +0.2173 -0.3076 +0.0000 +0.1562 +0.3601 +0.3196 +0.3426 +0.4116 -0.1922 +0.0774 +0.0475 -0.1412 +0.0080 +0.2418 +0.0000 +0.2098 +0.0000 +0.0000 +0.0000 +0.4189 -0.0195 +0.4793 +0.3847 +0.0000 +0.1149 +0.3412 +0.4237 +0.4809 +0.3511 +0.2414 -0.1596 -0.1558 -0.0002 -0.0126 +0.0564 +0.0150 +0.1009 -0.1247 -0.1522 +0.0424 -0.1075 +0.0000 +0.0000 +0.0000 +0.0000 +0.0000 +0.0000 +0.0000 +0.1316 +0.1339 +0.0000 -0.1323 +0.0000 -0.1451 -0.1977 -0.0779 -0.0663 -0.0899 -0.1034 -0.1911 -0.1226 -0.1760 -0.1764 -0.0105 -0.0421 +0.0000 +0.0000 +0.0012 +0.0134 +0.1828 +0.0000 +0.0000 -0.0987 -0.3569 ;
+0.0000 +0.0000 +0.1074 +0.0000 +0.2294 +0.0859 +0.2359 +0.0814 +0.2389 +0.1347 +0.0974 +0.0000 +0.1779 +0.0000 -0.0161 -0.1512 +0.1536 -0.0542 -0.0660 +0.0000 -0.0261 +0.0000 -0.1385 +0.0000 +0.0000 +0.0000 -0.0617 +0.0000 -0.1795 -0.1442 +0.0000 -0.0000 -0.0000 -0.0000 +0.0000 +0.0000 +0.0000 +0.0000 -0.2563 +0.1133 +0.0000 +0.0000 +0.0000 +0.1501 +0.0000 +0.0000 +0.0000 +0.0000 +0.0000 +0.0000 +0.3330 +0.3124 +0.0000 +0.0000 +0.0000 +0.0000 +0.0000 +0.0000 +0.0000 +0.0000 +0.0000 +0.0000 +0.0000 +0.0000 +0.0000 +0.0000 +0.0261 +0.0000 +0.0000 +0.0518 +0.0424 -0.1760 +0.0000 +0.0000 -0.3569 ;
-0.0062 +0.0293 +0.1485 +0.2719 +0.3130 +0.2840 +0.0063 +0.1323 +0.1420 +0.2282 +0.0000 +0.2119 +0.2636 -0.2487 +0.0000 -0.0651 +0.2101 -0.1088 -0.1380 +0.0000 +0.0000 +0.0000 -0.0313 -0.1972 +0.0000 +0.0000 +0.0000 +0.0000 +0.0000 -0.1497 -0.2325 -0.0000 -0.0000 -0.0476 +0.0000 +0.0000 -0.1779 +0.2024 +0.0693 -0.1006 -0.0345 +0.0000 +0.1091 +0.0985 +0.1678 +0.0000 +0.0000 +0.0000 +0.0000 +0.0000 +0.0000 +0.0000 +0.0000 +0.0000 +0.0000 +0.0000 +0.0000 +0.0000 +0.0000 +0.0000 +0.0000 +0.0000 +0.0000 +0.0000 +0.0000 +0.0000 +0.0000 +0.2161 +0.0990 +0.0449 +0.1684 -0.3382 +0.0000 +0.0000 -0.3569 ;
-0.1550 +0.0686 -0.3057 +0.0879 +0.2137 +0.2596 +0.0761 +0.2722 +0.2575 +0.0000 +0.2253 +0.1064 -0.1827 +0.0000 +0.0504 +0.1163 +0.1498 +0.2210 +0.2428 -0.1023 -0.1671 -0.0385 -0.0164 -0.1490 +0.0000 +0.0000 +0.0000 +0.0000 -0.0000 -0.1328 +0.0000 -0.0137 -0.0000 -0.0000 +0.0000 +0.0000 -0.1664 +0.0695 -0.0965 +0.0131 -0.1499 +0.0000 +0.0000 +0.1427 +0.1659 +0.2394 +0.2426 +0.0000 +0.0000 +0.0000 +0.0000 +0.0000 +0.0000 +0.0000 +0.0000 +0.0000 +0.0000 +0.0000 +0.0000 +0.0000 +0.0000 +0.0000 +0.0000 +0.0000 +0.0000 +0.0000 +0.0376 +0.0737 +0.1284 +0.1708 +0.0000 -0.1692 +0.0000 +0.0000 -0.3569 ;
-0.0052 -0.1328 +0.1536 +0.1038 +0.1141 -0.1296 +0.0000 +0.1516 +0.1494 +0.3151 +0.1531 +0.1821 +0.1215 +0.0000 +0.0000 -0.1525 +0.0572 +0.0271 +0.0942 -0.1414 -0.2359 -0.1533 -0.0822 -0.0242 +0.0000 +0.0000 +0.0000 +0.0000 +0.0000 +0.0000 +0.0000 -0.0000 -0.0000 -0.0147 +0.0000 +0.0490 +0.1021 +0.0000 -0.0699 -0.0295 -0.0276 -0.0346 +0.0000 +0.1269 +0.2931 +0.0000 +0.0000 +0.0000 +0.0000 +0.0000 +0.1753 +0.0000 +0.0000 +0.0000 +0.0000 +0.0000 +0.0000 +0.0000 +0.0000 +0.0000 +0.0000 +0.0000 +0.0000 +0.0000 +0.0000 +0.0000 +0.0891 +0.1857 +0.1110 +0.2594 +0.0000 -0.2769 +0.0000 +0.0000 -0.3569 ;
-0.0250 -0.0027 +0.1705 +0.0948 +0.1172 +0.2305 +0.1459 +0.0526 +0.2576 +0.1040 +0.1058 +0.0000 +0.0000 -0.1293 +0.0000 -0.0000 -0.1601 +0.0000 -0.1903 -0.0000 -0.0538 +0.0000 -0.1094 +0.0000 -0.2192 -0.0184 +0.0000 +0.0000 +0.0000 +0.0000 +0.0000 +0.0597 -0.0000 -0.0000 +0.0000 +0.0000 -0.2401 +0.0435 -0.0121 +0.2978 -0.1808 +0.0000 +0.0000 +0.0000 +0.2362 +0.1655 +0.2755 +0.0000 +0.0000 +0.0000 +0.0000 +0.0000 +0.0000 +0.0000 +0.0000 +0.0000 +0.0000 +0.0000 +0.0000 +0.0000 +0.0000 +0.0000 +0.0000 +0.0000 +0.0000 +0.0000 +0.0993 +0.0000 +0.0000 +0.1462 +0.1184 -0.1090 +0.0000 +0.0000 -0.3569 ;
+0.0000 +0.2193 +0.1398 +0.1390 +0.0919 +0.1170 +0.2187 +0.0821 +0.2401 +0.1317 +0.1627 +0.0046 +0.0000 +0.0000 +0.0000 -0.2154 -0.1105 -0.1115 +0.0382 -0.1051 +0.1583 +0.1187 -0.2075 +0.0000 +0.0000 +0.0000 +0.0000 -0.1425 +0.0000 +0.0000 +0.0000 -0.0003 -0.0003 -0.0789 +0.0000 +0.0000 -0.0876 +0.1909 -0.1974 -0.0800 -0.0560 +0.0000 +0.0000 +0.0456 +0.0000 +0.0000 +0.1770 +0.2184 +0.1761 +0.0000 +0.0000 +0.0000 +0.0000 +0.0000 +0.0000 +0.0000 +0.0000 +0.0000 +0.0000 +0.0000 +0.0000 +0.0000 +0.0000 +0.0000 +0.0000 +0.0000 +0.1375 +0.0533 +0.2495 +0.0924 +0.0000 -0.3008 +0.0000 +0.0000 -0.3569 ;
-0.0638 -0.0993 +0.0000 +0.0000 +0.4001 -0.2652 +0.3129 +0.4539 +0.4554 +0.3603 -0.0833 +0.3253 +0.4085 +0.0000 +0.0000 +0.0000 +0.0000 +0.0000 -0.2719 -0.1409 +0.2037 +0.2320 +0.1220 -0.0706 -0.2763 -0.2759 -0.1982 +0.0000 +0.0000 +0.0000 +0.0000 -0.1786 -0.0329 -0.0531 +0.0000 +0.0395 -0.0861 -0.1504 +0.0778 +0.0234 -0.0888 -0.2060 +0.0000 +0.2532 +0.0000 +0.0000 +0.1078 +0.0000 +0.0809 +0.0000 +0.0000 +0.0000 +0.0000 +0.0000 +0.0000 -0.2314 +0.0000 +0.0000 +0.0000 +0.0000 +0.0000 +0.0000 +0.0000 +0.0000 +0.0000 +0.0000 +0.0356 +0.0000 +0.0801 +0.2169 +0.0286 -0.2038 +0.0000 +0.0000 -0.3569 ;
-0.0056 +0.1435 +0.0000 +0.0878 +0.1531 +0.0536 +0.2713 +0.1714 +0.0466 +0.0793 +0.1147 +0.1735 +0.0000 +0.0321 +0.0000 +0.0000 -0.0583 -0.1638 +0.0000 -0.0638 -0.2412 +0.0943 +0.2354 +0.1984 -0.0000 -0.1558 -0.1045 +0.0000 -0.0343 +0.0000 +0.0000 -0.0617 -0.0000 -0.0793 +0.0000 +0.0000 +0.0000 +0.0000 -0.1264 -0.0775 -0.1366 +0.0000 +0.0000 +0.0000 +0.0000 +0.0000 +0.2377 +0.0876 +0.1810 +0.0000 +0.0000 +0.0000 +0.0000 +0.0000 +0.0000 +0.0000 +0.0000 +0.0000 +0.0000 +0.0000 +0.0000 +0.0000 +0.0000 +0.0000 +0.0000 +0.0000 +0.2369 +0.1406 +0.2057 +0.1077 +0.0000 +0.0000 -0.2154 +0.0000 -0.3569 ;
+0.0000 +0.0949 +0.0000 +0.0000 +0.1562 +0.2826 +0.1172 -0.0226 +0.1240 -0.3076 +0.2325 +0.1269 +0.1959 +0.2518 +0.0000 -0.1867 +0.0000 +0.0000 +0.0000 -0.0342 +0.0000 -0.0404 +0.2137 -0.0456 +0.1100 +0.1539 -0.2304 -0.1213 +0.0000 +0.0000 +0.0000 -0.1007 -0.0369 -0.0000 +0.0000 +0.0000 -0.1069 +0.1112 -0.0907 -0.2097 -0.0337 +0.0000 +0.0000 +0.0000 +0.0000 +0.1547 +0.0844 +0.2605 +0.1951 +0.0000 +0.0000 +0.0000 +0.0000 +0.0000 +0.0000 +0.0000 +0.0000 +0.0000 +0.0000 +0.0000 +0.0000 +0.0000 +0.0000 +0.0000 +0.0000 +0.0000 +0.0000 +0.0130 +0.1642 +0.1849 +0.0816 +0.0000 -0.2340 +0.0000 -0.3569 ;
-0.1773 -0.1282 +0.0000 +0.0000 +0.0000 +0.2405 +0.1981 +0.0883 +0.0214 +0.3094 +0.0715 +0.0911 +0.2838 +0.1939 +0.1113 +0.0000 +0.0000 +0.0000 -0.1462 +0.0000 +0.0000 -0.1910 -0.0046 +0.0317 +0.1631 +0.0338 -0.1160 +0.0000 -0.0314 +0.0000 +0.0000 +0.0000 -0.0000 -0.0000 -0.0845 +0.0000 -0.0814 -0.0006 -0.0837 +0.2994 -0.0341 +0.0000 +0.0000 +0.0000 +0.2601 +0.0000 +0.0713 +0.0000 +0.0000 +0.2570 +0.0000 +0.0000 +0.0000 +0.0000 +0.0000 +0.0000 +0.0000 +0.0000 +0.0000 +0.0000 +0.0000 +0.0000 +0.0000 +0.0000 +0.0000 +0.0000 +0.0000 +0.1553 +0.1029 +0.0000 +0.1423 +0.0000 -0.3407 +0.0000 -0.3569 ;
-0.0043 -0.0136 +0.0000 +0.0000 +0.0000 +0.2795 +0.0000 +0.4562 +0.2096 +0.2626 -0.1159 -0.0073 +0.1882 +0.4109 +0.2130 +0.0000 +0.0000 +0.0000 -0.1083 +0.0000 +0.0000 -0.0594 +0.0000 +0.0000 +0.2432 +0.0546 +0.0753 -0.1779 -0.2759 -0.1733 -0.1562 +0.0000 -0.0921 -0.0340 -0.0000 +0.0154 -0.0596 +0.0000 +0.0595 -0.0278 -0.0000 -0.2693 +0.0000 +0.0000 +0.0000 +0.0000 +0.1837 +0.0000 +0.1610 +0.0448 +0.0000 +0.0000 +0.0000 +0.0000 +0.0000 +0.0000 +0.0000 +0.0000 +0.0000 +0.0000 +0.0000 +0.0000 +0.0000 +0.0000 +0.0000 +0.0000 +0.0018 +0.1595 +0.0790 +0.0905 +0.0000 +0.0000 -0.2800 +0.0000 -0.3569 ;
-0.0876 +0.1496 +0.0000 +0.0000 +0.0000 +0.0000 +0.2106 +0.0347 +0.1790 +0.1620 +0.2235 +0.1686 +0.0694 -0.0097 +0.1880 -0.0000 -0.0267 -0.1917 +0.0000 +0.0000 +0.0000 +0.0000 -0.0668 +0.0000 -0.2104 -0.1902 +0.1799 +0.0578 +0.2497 -0.0407 +0.0000 +0.0000 -0.0000 -0.0000 -0.0680 +0.0000 -0.1150 -0.0000 -0.1931 -0.0736 -0.0463 +0.0000 +0.0000 +0.0000 +0.2472 +0.0000 +0.0000 +0.2720 +0.0000 +0.0000 +0.1350 +0.1712 +0.0000 +0.0000 +0.0000 +0.0000 +0.0000 +0.0000 +0.0000 +0.0000 +0.0000 +0.0000 +0.0000 +0.0000 +0.0000 +0.0000 +0.0000 +0.0000 +0.0000 +0.0000 +0.1990 +0.0000 -0.1939 +0.0000 -0.3569 ;
-0.0045 -0.0729 +0.0000 -0.0000 +0.2101 +0.0000 +0.0000 +0.1248 +0.2329 +0.1991 +0.1059 -0.1533 +0.0563 +0.0768 +0.2174 +0.0000 -0.1357 -0.0490 +0.0000 +0.0000 +0.0000 +0.0000 -0.1684 -0.1719 +0.0000 -0.0282 +0.0000 +0.1733 -0.1430 -0.1356 -0.0451 +0.0000 -0.0000 -0.0000 -0.0500 +0.0000 -0.0910 +0.0179 -0.2139 +0.0357 -0.0196 +0.0000 +0.0000 +0.0000 +0.0000 +0.0000 +0.0000 +0.0000 +0.0000 +0.2412 +0.2568 +0.1653 +0.0000 +0.0000 +0.0000 +0.0000 +0.0000 +0.0000 +0.0000 +0.0000 +0.0000 +0.0000 +0.0000 +0.0000 +0.0000 +0.0000 +0.2333 +0.1139 +0.1611 +0.0000 +0.2394 +0.0000 +0.0000 -0.0000 -0.3569 ;
-0.0540 -0.0561 +0.0000 +0.0000 +0.0000 +0.3542 +0.3696 +0.3513 +0.2222 +0.1964 -0.1798 +0.3044 +0.3595 -0.1741 +0.2703 -0.1053 +0.0000 +0.0000 -0.0854 +0.0000 +0.0000 +0.0000 -0.0560 -0.2763 -0.1318 -0.1751 -0.1528 +0.3272 +0.0190 +0.1059 +0.2115 -0.0506 -0.0382 -0.0291 -0.0000 -0.0051 +0.0732 -0.1306 -0.0785 -0.0481 -0.1548 -0.2375 +0.0000 +0.0748 +0.0000 +0.0000 +0.1582 +0.0000 +0.1745 +0.0000 +0.2275 +0.0000 +0.0000 +0.0000 +0.0000 +0.0000 +0.0000 +0.0000 +0.0000 +0.0000 +0.0000 +0.0000 +0.0000 +0.0000 -0.2259 +0.0000 +0.0000 +0.0726 +0.0960 +0.0884 +0.1418 -0.2377 +0.0000 -0.2325 -0.3569 ;
-0.0010 +0.0000 -0.0127 -0.0897 +0.0000 -0.1472 +0.0000 +0.0000 -0.1283 +0.0000 +0.0000 +0.0000 +0.0000 +0.0000 -0.1461 +0.2012 +0.0606 -0.1973 +0.1667 +0.0000 +0.2442 +0.2708 +0.0727 +0.2330 +0.2409 +0.1240 +0.0815 +0.0000 -0.1619 +0.0000 +0.0000 +0.1205 -0.2069 +0.0000 +0.0000 +0.0000 +0.0000 +0.0000 +0.0000 +0.0000 +0.2645 +0.0562 +0.0000 +0.0000 +0.0000 +0.0000 +0.0000 +0.0000 +0.0000 +0.0000 +0.0000 +0.0000 -0.1172 -0.0432 -0.0000 -0.1784 +0.0000 +0.0000 +0.0000 +0.0000 +0.0000 +0.0000 +0.0000 +0.0000 +0.0000 +0.0000 +0.0000 +0.1102 +0.1233 +0.1968 +0.0000 -0.0000 -0.0679 +0.0000 -0.1059 ;
-0.0025 +0.0000 +0.0000 +0.0000 +0.3928 -0.1601 +0.0000 -0.2922 -0.2091 -0.1321 -0.1650 +0.0000 +0.0000 +0.0000 +0.0000 +0.2544 +0.1746 +0.2837 +0.2580 +0.3073 +0.2593 +0.1826 -0.5993 +0.2585 +0.3511 +0.3719 -0.2742 -0.5286 +0.0000 +0.0000 +0.0000 +0.1847 -0.1164 +0.0000 +0.0000 +0.0000 -0.0000 -0.5216 +0.0000 -0.2861 -0.0676 -0.2686 +0.0000 +0.0000 +0.0000 +0.0000 +0.0000 +0.0000 +0.0000 +0.0000 +0.0000 +0.0000 -0.0360 -0.1530 -0.0734 -0.0736 -0.0000 +0.0000 +0.0000 +0.0000 +0.0000 +0.0000 +0.0000 +0.0000 +0.0000 +0.0000 +0.1516 +0.0000 +0.1933 +0.2957 +0.0000 -0.0843 -0.0000 -0.2577 -0.1059 ;
-0.1107 +0.0000 -0.1746 -0.1532 +0.0000 -0.1684 -0.1386 +0.0000 +0.0000 +0.0000 -0.0929 +0.0000 +0.0000 +0.0000 +0.0000 -0.5837 -0.4032 +0.2520 +0.2120 +0.1542 +0.1720 +0.2368 +0.1803 +0.1684 +0.3072 +0.1945 +0.1951 -0.5699 +0.0000 +0.0000 +0.0000 -0.0189 +0.1840 +0.0000 +0.0000 -0.0005 -0.0000 +0.0965 -0.0000 +0.3804 +0.0299 -0.4255 +0.0000 +0.0000 +0.0000 +0.0000 +0.0000 +0.0000 +0.0000 +0.0000 +0.0000 +0.0000 +0.0000 +0.0000 +0.0000 -0.0217 -0.1008 -0.0157 -0.0754 -0.1325 +0.0000 +0.0000 +0.0000 +0.0000 +0.0000 +0.0000 +0.1040 +0.2106 +0.0000 +0.2574 +0.0000 -0.1213 -0.1186 -0.2346 -0.1059 ;
-0.0027 +0.0000 +0.0000 +0.0000 +0.0000 +0.0000 -0.1986 -0.2529 +0.0000 +0.3388 -0.1558 -0.0911 +0.0000 -0.0993 +0.0000 -0.5960 +0.0000 +0.0000 +0.0000 +0.2169 +0.3204 -0.3907 +0.1609 +0.3282 +0.3481 +0.1645 -0.4122 +0.2465 +0.2097 +0.1506 +0.0000 +0.0000 -0.1009 +0.0624 +0.0000 +0.0000 -0.0000 -0.3938 +0.0000 -0.2394 +0.0404 -0.3312 +0.0000 +0.0000 +0.0000 +0.0000 +0.0000 +0.0000 +0.0000 +0.0000 +0.0000 +0.0000 +0.0000 +0.0000 +0.0000 +0.0000 +0.0000 -0.0351 -0.1185 -0.0000 -0.0570 -0.0754 +0.0000 +0.0000 +0.0000 +0.0000 +0.0000 +0.2417 +0.3593 +0.0000 +0.0418 -0.0608 -0.1572 -0.2819 -0.1059 ;
-0.0115 +0.3769 -0.0661 +0.0000 +0.0000 +0.0000 +0.0000 +0.0000 -0.0010 -0.0010 -0.1081 +0.0331 +0.0000 -0.0010 -0.1171 +0.0000 -0.0128 -0.0128 +0.0000 +0.1213 +0.0000 +0.0099 +0.0494 -0.0082 +0.0769 +0.1335 +0.2121 +0.0699 +0.2193 +0.0211 +0.1754 +0.0000 -0.1020 -0.1437 -0.0290 +0.1819 -0.4143 +0.1043 +0.2932 +0.0914 +0.2500 +0.1753 +0.0000 +0.0000 +0.0000 +0.0000 +0.0000 +0.0000 +0.0000 +0.1201 +0.0000 +0.0000 +0.0000 +0.0000 +0.0000 +0.0000 +0.0000 +0.0000 +0.0000 +0.0000 -0.1820 -0.1622 -0.0308 -0.1014 -0.0791 +0.0000 +0.0000 +0.1606 +0.1686 +0.0744 +0.0000 -0.0419 -0.0587 -0.0031 -0.1059 ;
+0.0000 +0.0000 +0.0000 +0.1310 +0.2417 +0.1035 +0.3998 +0.0000 +0.0000 +0.1344 +0.0000 +0.1864 +0.2455 +0.0000 +0.3196 -0.2051 +0.2177 +0.0210 -0.0718 -0.1337 +0.0307 +0.0958 +0.0485 -0.0104 +0.1916 +0.1669 +0.0000 +0.0000 -0.1751 +0.0000 +0.0000 -0.2439 +0.1293 -0.1853 +0.0000 -0.0576 -0.0424 +0.1130 +0.1214 +0.0000 +0.0000 +0.0000 +0.2204 +0.2767 +0.0000 +0.0000 +0.0000 +0.0000 +0.0000 +0.0000 +0.3429 +0.0000 +0.0000 -0.2289 -0.0742 -0.2987 -0.1036 -0.2008 -0.1464 -0.0336 -0.1087 -0.2373 -0.1687 +0.0000 +0.0000 +0.0000 +0.0000 +0.0000 +0.0000 +0.0000 +0.0000 +0.0000 +0.0000 +0.0000 -0.1059 ;
+0.0000 +0.0000 -0.1225 +0.1442 -0.2203 -0.0385 -0.0867 +0.0000 -0.0976 +0.1032 +0.2465 +0.3081 +0.3025 +0.2967 +0.3570 +0.1547 +0.0382 -0.0374 +0.0649 +0.1800 -0.0305 -0.0640 +0.0430 +0.1655 -0.1685 +0.1162 +0.0000 -0.1078 +0.0000 +0.0000 +0.0000 +0.0000 -0.2024 -0.1754 -0.0640 +0.1099 -0.1070 +0.0996 -0.0984 +0.1878 +0.0681 +0.0000 +0.0000 +0.1434 +0.1769 +0.2934 +0.0000 +0.0000 +0.0000 +0.0000 +0.0000 +0.0000 +0.0000 -0.2371 +0.0000 +0.0000 +0.0000 -0.1289 -0.1700 -0.0326 -0.0701 -0.0787 -0.1207 -0.0789 -0.0358 -0.1026 +0.0000 +0.0795 +0.0000 +0.0000 +0.0000 +0.0000 +0.0000 +0.0000 -0.1059 ;
+0.0000 -0.0050 +0.5311 +0.0000 -0.4232 +0.0000 +0.4499 +0.5270 +0.3842 +0.5225 +0.1312 +0.0969 -0.0276 -0.3905 +0.0000 +0.0000 +0.0000 +0.0000 +0.0000 +0.0000 +0.0915 -0.0164 -0.2034 -0.1074 -0.0431 +0.1305 -0.1321 -0.1412 -0.1565 -0.0607 +0.2286 -0.0767 +0.1354 +0.2903 +0.0000 -0.1298 -0.0000 -0.2942 +0.0480 +0.2240 -0.0648 +0.0000 +0.0000 +0.0000 +0.0000 +0.0000 +0.0000 +0.0000 +0.1832 +0.0000 +0.1568 +0.0000 -0.0000 +0.0000 -0.0000 -0.2278 -0.0000 -0.0001 -0.3534 +0.0000 -0.0000 -0.0000 -0.4121 +0.0000 -0.0000 -0.2924 +0.0000 +0.0000 +0.5836 +0.0000 +0.0000 +0.0000 -0.0648 +0.0000 -0.1059 ;
+0.0000 +0.0000 +0.0000 +0.0000 +0.0000 +0.0000 +0.0000 +0.0000 +0.0000 +0.0000 +0.0000 +0.0000 +0.0000 +0.0000 +0.0000 +0.0000 +0.0000 +0.0000 +0.0000 +0.0000 +0.0000 +0.0000 +0.0000 +0.0000 +0.0000 +0.0000 +0.0000 +0.0000 +0.0000 +0.0000 +0.0000 +0.0000 +0.0000 +0.0000 +0.0000 +0.0000 +0.0000 +0.0000 +0.0000 +0.0000 +0.0000 +0.0000 +0.0000 +0.0000 +0.0000 +0.0000 +0.0000 +0.0000 +0.0000 +0.0000 +0.0000 +0.0000 +0.0000 +0.0000 +0.0000 +0.0000 +0.0000 +0.0000 +0.0000 +0.0000 +0.0000 +0.0000 +0.0000 +0.0000 +0.0000 +0.0000 +0.0000 +0.0000 +0.0000 +0.0000 +0.0000 +0.0000 +0.0000 +0.0000 +0.0000 ;
