brain 22862 fitness=5.97816 numneurons+1=54 maxWeight=8 maxBias=8 redinput=2-12 greeninput=13-18 blueinput=19-20
+0.0000 +0.0000 +0.0000 +0.0000 +0.0000 +0.0000 +0.0000 +0.0000 +0.0000 +0.0000 +0.0000 +0.0000 +0.0000 +0.0000 +0.0000 +0.0000 +0.0000 +0.0000 +0.0000 +0.0000 +0.0000 +0.0000 +0.0000 +0.0000 +0.0000 +0.0000 +0.0000 +0.0000 +0.0000 +0.0000 +0.0000 +0.0000 +0.0000 +0.0000 +0.0000 +0.0000 +0.0000 +0.0000 +0.0000 +0.0000 +0.0000 +0.0000 +0.0000 +0.0000 +0.0000 +0.0000 +0.0000 +0.0000 +0.0000 +0.0000 +0.0000 +0.0000 +0.0000 +0.0000 ;
+0.0000 +0.0000 +0.0000 +0.0000 +0.0000 +0.0000 +0.0000 +0.0000 +0.0000 +0.0000 +0.0000 +0.0000 +0.0000 +0.0000 +0.0000 +0.0000 +0.0000 +0.0000 +0.0000 +0.0000 +0.0000 +0.0000 +0.0000 +0.0000 +0.0000 +0.0000 +0.0000 +0.0000 +0.0000 +0.0000 +0.0000 +0.0000 +0.0000 +0.0000 +0.0000 +0.0000 +0.0000 +0.0000 +0.0000 +0.0000 +0.0000 +0.0000 +0.0000 +0.0000 +0.0000 +0.0000 +0.0000 +0.0000 +0.0000 +0.0000 +0.0000 +0.0000 +0.0000 +0.0000 ;
+0.0000 +0.0000 +0.0000 +0.0000 +0.0000 +0.0000 +0.0000 +0.0000 +0.0000 +0.0000 +0.0000 +0.0000 +0.0000 +0.0000 +0.0000 +0.0000 +0.0000 +0.0000 +0.0000 +0.0000 +0.0000 +0.0000 +0.0000 +0.0000 +0.0000 +0.0000 +0.0000 +0.0000 +0.0000 +0.0000 +0.0000 +0.0000 +0.0000 +0.0000 +0.0000 +0.0000 +0.0000 +0.0000 +0.0000 +0.0000 +0.0000 +0.0000 +0.0000 +0.0000 +0.0000 +0.0000 +0.0000 +0.0000 +0.0000 +0.0000 +0.0000 +0.0000 +0.0000 +0.0000 ;
+0.0000 +0.0000 +0.0000 +0.0000 +0.0000 +0.0000 +0.0000 +0.0000 +0.0000 +0.0000 +0.0000 +0.0000 +0.0000 +0.0000 +0.0000 +0.0000 +0.0000 +0.0000 +0.0000 +0.0000 +0.0000 +0.0000 +0.0000 +0.0000 +0.0000 +0.0000 +0.0000 +0.0000 +0.0000 +0.0000 +0.0000 +0.0000 +0.0000 +0.0000 +0.0000 +0.0000 +0.0000 +0.0000 +0.0000 +0.0000 +0.0000 +0.0000 +0.0000 +0.0000 +0.0000 +0.0000 +0.0000 +0.0000 +0.0000 +0.0000 +0.0000 +0.0000 +0.0000 +0.0000 ;
+0.0000 +0.0000 +0.0000 +0.0000 +0.0000 +0.0000 +0.0000 +0.0000 +0.0000 +0.0000 +0.0000 +0.0000 +0.0000 +0.0000 +0.0000 +0.0000 +0.0000 +0.0000 +0.0000 +0.0000 +0.0000 +0.0000 +0.0000 +0.0000 +0.0000 +0.0000 +0.0000 +0.0000 +0.0000 +0.0000 +0.0000 +0.0000 +0.0000 +0.0000 +0.0000 +0.0000 +0.0000 +0.0000 +0.0000 +0.0000 +0.0000 +0.0000 +0.0000 +0.0000 +0.0000 +0.0000 +0.0000 +0.0000 +0.0000 +0.0000 +0.0000 +0.0000 +0.0000 +0.0000 ;
+0.0000 +0.0000 +0.0000 +0.0000 +0.0000 +0.0000 +0.0000 +0.0000 +0.0000 +0.0000 +0.0000 +0.0000 +0.0000 +0.0000 +0.0000 +0.0000 +0.0000 +0.0000 +0.0000 +0.0000 +0.0000 +0.0000 +0.0000 +0.0000 +0.0000 +0.0000 +0.0000 +0.0000 +0.0000 +0.0000 +0.0000 +0.0000 +0.0000 +0.0000 +0.0000 +0.0000 +0.0000 +0.0000 +0.0000 +0.0000 +0.0000 +0.0000 +0.0000 +0.0000 +0.0000 +0.0000 +0.0000 +0.0000 +0.0000 +0.0000 +0.0000 +0.0000 +0.0000 +0.0000 ;
+0.0000 +0.0000 +0.0000 +0.0000 +0.0000 +0.0000 +0.0000 +0.0000 +0.0000 +0.0000 +0.0000 +0.0000 +0.0000 +0.0000 +0.0000 +0.0000 +0.0000 +0.0000 +0.0000 +0.0000 +0.0000 +0.0000 +0.0000 +0.0000 +0.0000 +0.0000 +0.0000 +0.0000 +0.0000 +0.0000 +0.0000 +0.0000 +0.0000 +0.0000 +0.0000 +0.0000 +0.0000 +0.0000 +0.0000 +0.0000 +0.0000 +0.0000 +0.0000 +0.0000 +0.0000 +0.0000 +0.0000 +0.0000 +0.0000 +0.0000 +0.0000 +0.0000 +0.0000 +0.0000 ;
+0.0000 +0.0000 +0.0000 +0.0000 +0.0000 +0.0000 +0.0000 +0.0000 +0.0000 +0.0000 +0.0000 +0.0000 +0.0000 +0.0000 +0.0000 +0.0000 +0.0000 +0.0000 +0.0000 +0.0000 +0.0000 +0.0000 +0.0000 +0.0000 +0.0000 +0.0000 +0.0000 +0.0000 +0.0000 +0.0000 +0.0000 +0.0000 +0.0000 +0.0000 +0.0000 +0.0000 +0.0000 +0.0000 +0.0000 +0.0000 +0.0000 +0.0000 +0.0000 +0.0000 +0.0000 +0.0000 +0.0000 +0.0000 +0.0000 +0.0000 +0.0000 +0.0000 +0.0000 +0.0000 ;
+0.0000 +0.0000 +0.0000 +0.0000 +0.0000 +0.0000 +0.0000 +0.0000 +0.0000 +0.0000 +0.0000 +0.0000 +0.0000 +0.0000 +0.0000 +0.0000 +0.0000 +0.0000 +0.0000 +0.0000 +0.0000 +0.0000 +0.0000 +0.0000 +0.0000 +0.0000 +0.0000 +0.0000 +0.0000 +0.0000 +0.0000 +0.0000 +0.0000 +0.0000 +0.0000 +0.0000 +0.0000 +0.0000 +0.0000 +0.0000 +0.0000 +0.0000 +0.0000 +0.0000 +0.0000 +0.0000 +0.0000 +0.0000 +0.0000 +0.0000 +0.0000 +0.0000 +0.0000 +0.0000 ;
+0.0000 +0.0000 +0.0000 +0.0000 +0.0000 +0.0000 +0.0000 +0.0000 +0.0000 +0.0000 +0.0000 +0.0000 +0.0000 +0.0000 +0.0000 +0.0000 +0.0000 +0.0000 +0.0000 +0.0000 +0.0000 +0.0000 +0.0000 +0.0000 +0.0000 +0.0000 +0.0000 +0.0000 +0.0000 +0.0000 +0.0000 +0.0000 +0.0000 +0.0000 +0.0000 +0.0000 +0.0000 +0.0000 +0.0000 +0.0000 +0.0000 +0.0000 +0.0000 +0.0000 +0.0000 +0.0000 +0.0000 +0.0000 +0.0000 +0.0000 +0.0000 +0.0000 +0.0000 +0.0000 ;
+0.0000 +0.0000 +0.0000 +0.0000 +0.0000 +0.0000 +0.0000 +0.0000 +0.0000 +0.0000 +0.0000 +0.0000 +0.0000 +0.0000 +0.0000 +0.0000 +0.0000 +0.0000 +0.0000 +0.0000 +0.0000 +0.0000 +0.0000 +0.0000 +0.0000 +0.0000 +0.0000 +0.0000 +0.0000 +0.0000 +0.0000 +0.0000 +0.0000 +0.0000 +0.0000 +0.0000 +0.0000 +0.0000 +0.0000 +0.0000 +0.0000 +0.0000 +0.0000 +0.0000 +0.0000 +0.0000 +0.0000 +0.0000 +0.0000 +0.0000 +0.0000 +0.0000 +0.0000 +0.0000 ;
+0.0000 +0.0000 +0.0000 +0.0000 +0.0000 +0.0000 +0.0000 +0.0000 +0.0000 +0.0000 +0.0000 +0.0000 +0.0000 +0.0000 +0.0000 +0.0000 +0.0000 +0.0000 +0.0000 +0.0000 +0.0000 +0.0000 +0.0000 +0.0000 +0.0000 +0.0000 +0.0000 +0.0000 +0.0000 +0.0000 +0.0000 +0.0000 +0.0000 +0.0000 +0.0000 +0.0000 +0.0000 +0.0000 +0.0000 +0.0000 +0.0000 +0.0000 +0.0000 +0.0000 +0.0000 +0.0000 +0.0000 +0.0000 +0.0000 +0.0000 +0.0000 +0.0000 +0.0000 +0.0000 ;
+0.0000 +0.0000 +0.0000 +0.0000 +0.0000 +0.0000 +0.0000 +0.0000 +0.0000 +0.0000 +0.0000 +0.0000 +0.0000 +0.0000 +0.0000 +0.0000 +0.0000 +0.0000 +0.0000 +0.0000 +0.0000 +0.0000 +0.0000 +0.0000 +0.0000 +0.0000 +0.0000 +0.0000 +0.0000 +0.0000 +0.0000 +0.0000 +0.0000 +0.0000 +0.0000 +0.0000 +0.0000 +0.0000 +0.0000 +0.0000 +0.0000 +0.0000 +0.0000 +0.0000 +0.0000 +0.0000 +0.0000 +0.0000 +0.0000 +0.0000 +0.0000 +0.0000 +0.0000 +0.0000 ;
+0.0000 +0.0000 +0.0000 +0.0000 +0.0000 +0.0000 +0.0000 +0.0000 +0.0000 +0.0000 +0.0000 +0.0000 +0.0000 +0.0000 +0.0000 +0.0000 +0.0000 +0.0000 +0.0000 +0.0000 +0.0000 +0.0000 +0.0000 +0.0000 +0.0000 +0.0000 +0.0000 +0.0000 +0.0000 +0.0000 +0.0000 +0.0000 +0.0000 +0.0000 +0.0000 +0.0000 +0.0000 +0.0000 +0.0000 +0.0000 +0.0000 +0.0000 +0.0000 +0.0000 +0.0000 +0.0000 +0.0000 +0.0000 +0.0000 +0.0000 +0.0000 +0.0000 +0.0000 +0.0000 ;
+0.0000 +0.0000 +0.0000 +0.0000 +0.0000 +0.0000 +0.0000 +0.0000 +0.0000 +0.0000 +0.0000 +0.0000 +0.0000 +0.0000 +0.0000 +0.0000 +0.0000 +0.0000 +0.0000 +0.0000 +0.0000 +0.0000 +0.0000 +0.0000 +0.0000 +0.0000 +0.0000 +0.0000 +0.0000 +0.0000 +0.0000 +0.0000 +0.0000 +0.0000 +0.0000 +0.0000 +0.0000 +0.0000 +0.0000 +0.0000 +0.0000 +0.0000 +0.0000 +0.0000 +0.0000 +0.0000 +0.0000 +0.0000 +0.0000 +0.0000 +0.0000 +0.0000 +0.0000 +0.0000 ;
+0.0000 +0.0000 +0.0000 +0.0000 +0.0000 +0.0000 +0.0000 +0.0000 +0.0000 +0.0000 +0.0000 +0.0000 +0.0000 +0.0000 +0.0000 +0.0000 +0.0000 +0.0000 +0.0000 +0.0000 +0.0000 +0.0000 +0.0000 +0.0000 +0.0000 +0.0000 +0.0000 +0.0000 +0.0000 +0.0000 +0.0000 +0.0000 +0.0000 +0.0000 +0.0000 +0.0000 +0.0000 +0.0000 +0.0000 +0.0000 +0.0000 +0.0000 +0.0000 +0.0000 +0.0000 +0.0000 +0.0000 +0.0000 +0.0000 +0.0000 +0.0000 +0.0000 +0.0000 +0.0000 ;
+0.0000 +0.0000 +0.0000 +0.0000 +0.0000 +0.0000 +0.0000 +0.0000 +0.0000 +0.0000 +0.0000 +0.0000 +0.0000 +0.0000 +0.0000 +0.0000 +0.0000 +0.0000 +0.0000 +0.0000 +0.0000 +0.0000 +0.0000 +0.0000 +0.0000 +0.0000 +0.0000 +0.0000 +0.0000 +0.0000 +0.0000 +0.0000 +0.0000 +0.0000 +0.0000 +0.0000 +0.0000 +0.0000 +0.0000 +0.0000 +0.0000 +0.0000 +0.0000 +0.0000 +0.0000 +0.0000 +0.0000 +0.0000 +0.0000 +0.0000 +0.0000 +0.0000 +0.0000 +0.0000 ;
+0.0000 +0.0000 +0.0000 +0.0000 +0.0000 +0.0000 +0.0000 +0.0000 +0.0000 +0.0000 +0.0000 +0.0000 +0.0000 +0.0000 +0.0000 +0.0000 +0.0000 +0.0000 +0.0000 +0.0000 +0.0000 +0.0000 +0.0000 +0.0000 +0.0000 +0.0000 +0.0000 +0.0000 +0.0000 +0.0000 +0.0000 +0.0000 +0.0000 +0.0000 +0.0000 +0.0000 +0.0000 +0.0000 +0.0000 +0.0000 +0.0000 +0.0000 +0.0000 +0.0000 +0.0000 +0.0000 +0.0000 +0.0000 +0.0000 +0.0000 +0.0000 +0.0000 +0.0000 +0.0000 ;
+0.0000 +0.0000 +0.0000 +0.0000 +0.0000 +0.0000 +0.0000 +0.0000 +0.0000 +0.0000 +0.0000 +0.0000 +0.0000 +0.0000 +0.0000 +0.0000 +0.0000 +0.0000 +0.0000 +0.0000 +0.0000 +0.0000 +0.0000 +0.0000 +0.0000 +0.0000 +0.0000 +0.0000 +0.0000 +0.0000 +0.0000 +0.0000 +0.0000 +0.0000 +0.0000 +0.0000 +0.0000 +0.0000 +0.0000 +0.0000 +0.0000 +0.0000 +0.0000 +0.0000 +0.0000 +0.0000 +0.0000 +0.0000 +0.0000 +0.0000 +0.0000 +0.0000 +0.0000 +0.0000 ;
+0.0000 +0.0000 +0.0000 +0.0000 +0.0000 +0.0000 +0.0000 +0.0000 +0.0000 +0.0000 +0.0000 +0.0000 +0.0000 +0.0000 +0.0000 +0.0000 +0.0000 +0.0000 +0.0000 +0.0000 +0.0000 +0.0000 +0.0000 +0.0000 +0.0000 +0.0000 +0.0000 +0.0000 +0.0000 +0.0000 +0.0000 +0.0000 +0.0000 +0.0000 +0.0000 +0.0000 +0.0000 +0.0000 +0.0000 +0.0000 +0.0000 +0.0000 +0.0000 +0.0000 +0.0000 +0.0000 +0.0000 +0.0000 +0.0000 +0.0000 +0.0000 +0.0000 +0.0000 +0.0000 ;
+0.0000 +0.0000 +0.0000 +0.0000 +0.0000 +0.0000 +0.0000 +0.0000 +0.0000 +0.0000 +0.0000 +0.0000 +0.0000 +0.0000 +0.0000 +0.0000 +0.0000 +0.0000 +0.0000 +0.0000 +0.0000 +0.0000 +0.0000 +0.0000 +0.0000 +0.0000 +0.0000 +0.0000 +0.0000 +0.0000 +0.0000 +0.0000 +0.0000 +0.0000 +0.0000 +0.0000 +0.0000 +0.0000 +0.0000 +0.0000 +0.0000 +0.0000 +0.0000 +0.0000 +0.0000 +0.0000 +0.0000 +0.0000 +0.0000 +0.0000 +0.0000 +0.0000 +0.0000 +0.0000 ;
+0.0000 +0.0069 -0.0380 -0.1101 -0.0984 +0.0000 +0.0000 +0.0000 +0.0000 +0.0000 +0.0000 +0.0000 +0.0000 +0.0000 +0.0012 +0.1503 +0.1056 +0.0693 -0.0626 +0.0000 +0.0000 +0.0000 +0.0000 -0.1244 +0.0000 +0.0000 -0.0000 -0.1479 +0.0000 +0.1288 +0.1689 +0.2149 +0.0457 +0.1268 +0.0019 +0.0000 +0.0549 +0.1321 +0.0000 +0.0000 -0.0525 -0.1833 -0.0286 -0.0986 -0.1142 -0.1147 -0.0000 -0.1553 +0.0000 -0.0891 +0.0000 +0.0000 +0.0000 +0.5162 ;
+0.0000 +0.0000 +0.1821 -0.0648 -0.0801 -0.0067 -0.0160 +0.0028 -0.0538 -0.0198 +0.0000 +0.1165 +0.0000 -0.0430 +0.0841 +0.1441 +0.1699 +0.1393 +0.0000 +0.1126 +0.2111 +0.1672 +0.0000 -0.0201 +0.2081 -0.0292 -0.0000 +0.3230 +0.0000 +0.0000 +0.0000 +0.0000 +0.0000 +0.0000 +0.0000 +0.0000 +0.0000 +0.0000 +0.0000 +0.0000 -0.0000 -0.0000 +0.0000 +0.0000 +0.0000 +0.0000 +0.0000 +0.0000 +0.0000 +0.0000 +0.0000 +0.0000 -0.0000 +0.3412 ;
-0.0005 -0.1491 -0.1302 +0.1687 -0.1473 +0.1271 -0.0271 +0.0287 +0.0424 +0.1618 +0.0552 +0.0408 +0.1991 -0.1932 +0.1077 -0.0668 -0.3095 -0.1191 +0.0000 +0.0782 -0.0024 -0.0000 +0.1162 +0.0000 +0.0616 -0.2062 -0.2559 -0.0000 +0.0000 +0.0000 +0.0000 +0.0000 +0.0781 +0.0000 +0.0000 +0.0000 +0.0000 +0.0000 +0.0000 +0.0000 -0.2149 -0.2372 -0.2101 -0.3058 -0.2565 -0.2220 -0.1524 -0.2766 -0.1046 -0.1150 +0.0000 -0.1191 -0.1945 -0.5468 ;
-0.2237 +0.0616 +0.0784 -0.1496 +0.0351 +0.0914 +0.2054 +0.1832 +0.1281 -0.1402 +0.0000 +0.0000 +0.0000 +0.0457 +0.0983 +0.0000 +0.0000 +0.0549 +0.0323 -0.0423 -0.1521 +0.1176 +0.0000 -0.0000 +0.0000 +0.0000 +0.0000 +0.3000 +0.0000 +0.0000 +0.0000 +0.0000 +0.0000 +0.0000 +0.0000 +0.0000 +0.0000 +0.0000 +0.0000 +0.0000 -0.1177 -0.0000 -0.0669 +0.0000 -0.2013 -0.0450 +0.0000 +0.0000 +0.0000 +0.0000 +0.0000 +0.0000 +0.0000 +0.2627 ;
-0.1341 +0.0587 -0.1355 -0.0330 -0.1890 -0.1764 -0.0511 -0.1434 -0.2861 -0.2410 +0.0000 +0.0000 +0.0000 +0.1763 +0.2001 +0.1171 +0.1335 +0.1582 -0.1722 +0.1184 +0.0000 -0.0602 -0.0000 +0.3779 +0.0000 +0.0000 +0.0349 +0.0000 +0.2248 +0.2501 +0.3523 +0.2451 +0.0000 +0.1580 +0.0000 +0.0000 +0.0000 +0.2084 +0.0000 +0.0000 -0.2525 +0.0000 +0.0000 +0.0000 +0.0000 +0.0000 +0.0000 -0.2359 +0.0000 -0.2323 -0.2027 -0.3333 +0.0000 -0.5200 ;
-0.0008 +0.0615 +0.0694 -0.2225 +0.1471 +0.0289 -0.3483 -0.1310 -0.1718 -0.2781 -0.2847 -0.3397 -0.0026 -0.0595 +0.2430 +0.2619 +0.0000 +0.2349 +0.1083 -0.1674 -0.0385 -0.0000 +0.0216 +0.2257 +0.0000 +0.1144 +0.0000 +0.0000 +0.0000 +0.0000 +0.0000 +0.0000 +0.0000 +0.0000 +0.0000 +0.0000 +0.0000 +0.0000 +0.0000 +0.0000 -0.1595 -0.2271 +0.0000 +0.0000 -0.0647 -0.0501 -0.1704 -0.1545 -0.2380 -0.0489 +0.0000 +0.0000 +0.0000 -0.5533 ;
+0.0000 +0.2231 +0.1286 -0.1321 +0.2030 +0.1215 -0.1072 +0.0000 +0.0000 +0.0000 +0.0000 +0.0000 -0.0000 -0.0000 -0.0546 +0.2053 +0.0798 +0.0000 +0.0000 +0.1780 +0.1782 -0.2783 +0.3521 +0.0000 +0.0000 +0.0993 +0.0000 +0.0000 +0.1385 +0.1293 +0.1252 +0.0645 +0.0328 +0.0929 +0.0000 +0.0000 +0.0000 +0.0000 +0.0000 +0.0000 -0.0153 -0.0228 -0.0008 -0.1526 -0.1517 -0.1700 -0.1348 +0.0000 +0.0000 +0.0000 +0.0000 +0.0000 +0.0000 -0.0039 ;
+0.0000 +0.0000 -0.1444 +0.0000 +0.0000 +0.0000 +0.0000 +0.0000 +0.0000 +0.0000 +0.0000 +0.0000 +0.0000 -0.0434 -0.1834 +0.0196 +0.1836 +0.0000 +0.0000 +0.1815 +0.0000 +0.0000 +0.0000 +0.2112 +0.0000 -0.2142 +0.0000 +0.0000 +0.0000 +0.1827 +0.2456 +0.1254 +0.1603 +0.3414 +0.3793 +0.0000 +0.0000 +0.0000 +0.0000 +0.0000 -0.1150 +0.0000 -0.2905 -0.1027 -0.3280 -0.2198 -0.2517 +0.0000 +0.0000 +0.0000 +0.0000 -0.3051 +0.0000 -0.5829 ;
+0.0000 +0.0168 -0.2785 +0.0000 +0.0000 +0.0000 +0.0000 +0.0000 +0.0000 +0.0000 +0.0000 +0.0000 +0.0000 -0.2761 -0.2398 -0.2088 +0.2790 +0.1438 +0.0970 +0.0252 -0.0371 -0.1125 -0.0000 +0.1544 -0.0045 -0.3633 +0.1248 +0.1025 +0.1725 +0.0000 +0.2097 +0.0000 +0.3476 +0.2362 +0.2176 +0.0000 +0.0000 +0.0000 +0.0000 +0.3855 -0.3441 +0.0000 -0.3061 -0.1672 -0.3216 -0.1618 -0.2865 -0.2358 +0.0000 +0.0000 +0.0000 +0.0000 +0.0000 -0.5829 ;
-0.2141 +0.0000 -0.2703 +0.0707 +0.0000 +0.0000 +0.0000 +0.0000 +0.0000 +0.0000 +0.0000 +0.0000 +0.0000 +0.0004 -0.1809 -0.2682 +0.0000 +0.1764 +0.0000 -0.1272 +0.1680 +0.0000 +0.0645 +0.1409 -0.0000 -0.2835 -0.1732 -0.0404 +0.3319 +0.2219 +0.0000 +0.1843 +0.3307 +0.2166 +0.3169 +0.0000 +0.0000 +0.0000 +0.0000 +0.0000 -0.3236 -0.2036 -0.1973 -0.1597 -0.2670 -0.1788 -0.1819 +0.0000 +0.0000 +0.0000 +0.0000 +0.0000 +0.0000 -0.5829 ;
+0.0000 +0.2124 +0.0000 +0.0000 -0.1310 +0.0000 +0.0000 +0.0000 +0.0000 +0.0000 +0.0000 +0.0000 +0.0000 -0.1204 -0.2336 -0.2674 +0.2619 +0.0000 +0.0920 -0.0290 -0.0118 -0.0119 +0.1955 +0.0818 -0.0432 -0.1823 +0.0521 +0.2367 +0.0000 +0.2593 +0.2787 +0.0997 +0.3059 +0.2156 +0.2225 +0.0000 +0.0000 +0.0000 +0.3291 +0.0000 -0.2887 +0.0000 -0.2249 -0.1726 -0.2109 +0.0000 -0.0914 -0.1281 -0.1224 +0.0000 +0.0000 -0.2484 +0.0000 -0.5829 ;
+0.0000 +0.0000 +0.0000 +0.0000 +0.0000 -0.0946 +0.0000 +0.0000 +0.0000 +0.0000 +0.0000 +0.0000 +0.0000 -0.0849 +0.1296 +0.0374 -0.1428 +0.0000 +0.0000 +0.0279 +0.0000 +0.0078 +0.1914 +0.1428 -0.0928 -0.3091 +0.0487 +0.0986 +0.0000 +0.1784 +0.2973 +0.2426 +0.1285 +0.2752 +0.3205 +0.0000 +0.0000 +0.0000 +0.0000 +0.0000 -0.1755 -0.1919 +0.0000 -0.3079 -0.0992 -0.2966 -0.2303 -0.3393 +0.0000 +0.0000 +0.0000 +0.0000 +0.0000 -0.5829 ;
-0.1727 +0.2593 +0.0000 +0.0000 +0.0000 -0.3311 -0.2457 +0.0000 +0.0000 +0.0000 +0.0000 +0.0000 +0.0000 -0.1719 +0.2764 -0.2621 -0.1369 -0.1970 +0.0000 -0.0592 +0.0398 -0.0108 +0.0425 +0.1549 -0.0000 -0.2677 -0.3119 +0.0516 +0.0000 +0.0000 +0.1963 +0.1868 +0.3816 +0.0000 +0.1985 +0.2399 +0.0000 +0.3937 +0.0000 +0.0000 -0.2398 -0.2390 -0.3583 +0.0000 -0.2621 -0.2017 -0.1672 -0.3468 +0.0000 +0.0000 +0.0000 +0.0000 +0.0000 -0.5829 ;
+0.0000 +0.1793 +0.0000 +0.0000 +0.0000 +0.0000 +0.0000 -0.1356 +0.0000 +0.0000 +0.0000 +0.0000 +0.0000 -0.1269 +0.1899 -0.2064 -0.2548 +0.0000 +0.0000 -0.0171 +0.0000 -0.1349 +0.0000 +0.0898 -0.0000 -0.3157 +0.1856 +0.0000 +0.0000 +0.0000 +0.0000 +0.2236 +0.2779 +0.4250 +0.1806 +0.3734 +0.4138 +0.0000 +0.0000 +0.0000 +0.0000 +0.0000 +0.0000 +0.0000 -0.1884 -0.3271 -0.1342 -0.2334 -0.1532 -0.1656 -0.1431 +0.0000 +0.0000 -0.5829 ;
+0.0000 -0.2543 +0.0000 +0.0000 +0.0000 +0.0000 +0.0000 -0.0860 +0.0000 +0.0000 +0.0000 +0.0000 +0.0000 +0.2251 +0.0000 -0.1954 +0.1983 +0.0612 -0.0764 +0.2251 -0.1654 +0.1073 +0.1370 +0.1086 -0.0434 -0.2154 +0.2445 -0.0662 +0.0000 +0.0000 +0.3505 +0.0000 +0.0000 +0.3756 +0.2196 +0.1362 +0.2146 +0.2442 +0.0000 +0.3050 +0.0000 -0.2172 +0.0000 -0.2189 -0.2615 -0.2089 +0.0000 +0.0000 -0.2832 -0.2148 -0.3214 -0.3317 +0.0000 -0.5829 ;
-0.1702 +0.2349 +0.0000 +0.0000 +0.0000 +0.0000 +0.0000 +0.0000 -0.3258 -0.1110 +0.0000 +0.0000 +0.0000 +0.0000 +0.0000 -0.0086 -0.0501 -0.1485 +0.0000 -0.1034 +0.0376 -0.0088 +0.1314 +0.1703 -0.0000 -0.2139 -0.2408 +0.0466 +0.0000 +0.0000 +0.0000 +0.0000 +0.0000 +0.2200 +0.2177 +0.2461 +0.0000 +0.1743 +0.2824 +0.1761 +0.0000 +0.0000 +0.0000 +0.0000 +0.0000 -0.3172 -0.3121 -0.1912 -0.3271 -0.2108 -0.2510 -0.2226 +0.0000 -0.5829 ;
+0.0000 -0.0453 +0.0000 +0.0000 +0.0000 +0.0000 +0.0000 +0.0000 +0.0000 -0.1324 +0.0000 +0.0000 +0.0000 +0.0000 +0.1576 +0.0000 -0.1776 +0.0943 -0.0063 -0.0328 -0.0740 +0.0000 -0.0000 +0.0466 -0.0000 -0.1970 +0.0227 +0.0498 +0.0000 +0.0000 +0.0000 +0.0000 +0.0000 +0.0000 +0.2883 +0.3401 +0.3990 +0.1605 +0.2480 +0.3570 +0.0000 +0.0000 +0.0000 +0.0000 +0.0000 -0.1490 -0.2475 -0.1160 -0.2179 -0.3407 +0.0000 -0.3036 -0.3271 -0.5829 ;
+0.0000 +0.1482 +0.0000 +0.0000 +0.0000 +0.0000 +0.0000 +0.0000 +0.0000 +0.0000 -0.3276 +0.0000 +0.0000 +0.0000 +0.0000 +0.1305 -0.0296 -0.1760 -0.2608 +0.0000 -0.0435 -0.0021 +0.0334 +0.1829 -0.0903 -0.3982 +0.1511 +0.1298 +0.0000 +0.0000 +0.0000 +0.0000 +0.0000 +0.3827 +0.0000 +0.3131 +0.2658 +0.2056 +0.1753 +0.1882 +0.0000 +0.0000 +0.0000 +0.0000 +0.0000 +0.0000 -0.1764 -0.1408 -0.1422 -0.2639 -0.2560 -0.2955 -0.2577 -0.5829 ;
-0.1392 -0.0179 +0.0000 +0.0000 +0.0000 +0.0000 +0.0000 +0.0000 +0.0000 +0.0000 +0.0000 -0.0019 -0.1919 +0.0000 -0.1384 +0.1908 +0.1214 -0.1039 -0.0879 +0.1114 +0.0286 +0.0233 +0.1151 -0.0717 +0.1332 -0.3102 -0.1315 +0.1137 +0.0000 +0.0000 +0.0000 +0.0000 +0.0000 +0.1661 +0.3118 +0.3110 +0.1749 +0.1585 +0.2818 +0.1077 +0.0000 +0.0000 +0.0000 +0.0000 +0.0000 -0.1890 -0.2257 -0.2708 -0.1233 -0.1573 -0.2527 -0.1914 -0.2513 -0.5829 ;
-0.0703 +0.0000 -0.2025 +0.2120 +0.2635 +0.1601 +0.0000 +0.0000 +0.1876 +0.0838 +0.2849 +0.0783 +0.0000 -0.3348 -0.3416 -0.2636 +0.0000 +0.0000 +0.0000 -0.0345 +0.0000 +0.0000 +0.0000 +0.0000 +0.0000 +0.0000 -0.2346 +0.0000 +0.2414 +0.1616 +0.1183 +0.0000 +0.1192 +0.2669 +0.0000 +0.0000 +0.0000 +0.0000 +0.0000 +0.0000 +0.0000 +0.0000 +0.0000 +0.0000 +0.0000 +0.0000 +0.0000 +0.0000 +0.0000 +0.0000 -0.2259 +0.0000 +0.0000 -0.5829 ;
-0.0234 +0.0000 -0.2344 +0.0000 +0.1878 +0.0000 +0.2183 +0.2221 +0.2490 +0.2666 +0.1794 +0.0542 +0.0492 -0.1254 -0.1583 -0.1400 +0.0000 +0.0000 +0.0000 -0.0038 -0.0000 -0.0000 -0.0169 +0.1974 -0.0552 -0.1477 +0.2308 +0.0000 +0.1302 +0.2838 +0.1290 +0.1736 +0.0885 +0.0000 +0.0000 +0.0000 +0.0000 +0.0000 +0.0000 +0.0000 -0.2454 +0.0000 -0.1464 +0.0000 +0.0000 +0.0000 +0.0000 +0.0000 +0.0000 +0.0000 +0.0000 +0.0000 +0.0000 -0.5829 ;
-0.1476 +0.1541 +0.2501 -0.0980 +0.2648 +0.1357 +0.1179 +0.0000 +0.2400 +0.2696 +0.2744 +0.0000 +0.0487 -0.0961 -0.1115 -0.1413 +0.0000 +0.0000 +0.0000 -0.2066 +0.0000 +0.0000 -0.0255 +0.0915 -0.0000 -0.4049 -0.0968 +0.0000 +0.0518 +0.1607 +0.1625 +0.1205 +0.0000 +0.0951 +0.0000 +0.0000 +0.0000 +0.0000 +0.0000 +0.0000 +0.0000 -0.2664 +0.0000 -0.1759 +0.0000 +0.0000 +0.0000 +0.0000 +0.0000 +0.0000 +0.0000 +0.0000 +0.0000 -0.5829 ;
-0.0719 +0.0000 +0.0000 +0.0000 +0.0896 +0.0000 +0.2012 +0.0477 +0.2397 +0.2191 +0.1829 +0.1959 +0.2537 -0.2041 -0.1970 -0.2165 +0.0000 +0.0000 +0.0000 -0.0332 -0.0457 -0.0000 -0.0000 +0.2164 -0.0000 -0.1392 -0.0196 -0.0890 +0.0786 +0.0000 +0.2760 +0.0000 +0.2383 +0.0000 +0.1140 +0.0000 +0.0000 +0.0000 +0.0000 +0.1631 +0.0000 -0.1507 -0.3077 +0.0000 +0.0000 +0.0000 +0.0000 +0.0000 +0.0000 +0.0000 +0.0000 +0.0000 +0.0000 -0.5829 ;
-0.1129 +0.1534 -0.0039 +0.1921 +0.0565 +0.0519 -0.0500 +0.0000 +0.2691 +0.0000 +0.2470 +0.1388 +0.1341 -0.1695 +0.0849 -0.2269 +0.0000 +0.0000 +0.0000 -0.0791 +0.0000 +0.0000 -0.0880 +0.0702 -0.0000 +0.0000 -0.0062 +0.0000 +0.0000 +0.1512 +0.2280 +0.0000 +0.0000 +0.1917 +0.0823 +0.0000 +0.0000 +0.0000 +0.2218 +0.0000 +0.0000 +0.0000 +0.0000 -0.3334 +0.0000 -0.2903 +0.0000 +0.0000 +0.0000 +0.0000 +0.0000 +0.0000 +0.0000 -0.5829 ;
-0.1547 -0.2701 +0.0000 +0.0000 +0.1735 -0.0501 +0.0754 +0.2429 +0.1880 +0.0936 +0.2844 +0.0438 +0.0000 -0.2120 -0.1062 -0.1908 +0.0000 +0.0000 +0.0000 -0.1743 -0.0000 -0.0000 -0.0141 +0.3485 -0.0000 -0.1302 -0.0389 +0.0000 +0.0000 +0.0000 +0.0972 +0.1898 +0.0659 +0.2517 +0.2544 +0.0000 +0.0000 +0.0000 +0.0000 +0.0000 +0.0000 +0.0000 -0.1659 +0.0000 +0.0000 +0.0000 -0.3317 +0.0000 +0.0000 +0.0000 +0.0000 +0.0000 +0.0000 -0.5829 ;
-0.0474 +0.1703 +0.2120 +0.0000 +0.0000 +0.1741 +0.2077 +0.0859 -0.0192 +0.1974 +0.2327 +0.1063 +0.0415 +0.0000 -0.2004 -0.1693 -0.2994 +0.0000 +0.0000 -0.1352 +0.0000 +0.0000 +0.0000 -0.0267 -0.0565 -0.2761 -0.1800 -0.0721 +0.0000 +0.0000 +0.1375 +0.1729 +0.1849 +0.0000 +0.2725 +0.2175 +0.0563 +0.0000 +0.0000 +0.0000 +0.0000 +0.0000 +0.0000 +0.0000 +0.0000 +0.0000 +0.0000 -0.2678 +0.0000 +0.0000 +0.0000 +0.0000 +0.0000 -0.5829 ;
-0.1985 -0.1544 +0.2678 +0.0000 +0.1363 +0.0000 -0.0912 +0.0742 +0.0000 +0.0541 +0.1444 +0.1884 +0.1347 +0.0000 -0.1262 -0.1286 -0.2517 +0.0000 +0.0000 -0.0309 -0.0944 -0.0000 -0.0000 +0.2162 -0.0000 -0.2030 +0.0764 +0.0000 +0.0000 +0.0000 +0.0000 +0.0603 +0.2847 +0.0000 +0.1846 +0.0528 +0.1317 +0.0000 +0.0000 +0.0000 +0.0000 +0.0000 +0.0000 +0.0000 +0.0000 +0.0000 -0.3028 +0.0000 -0.1413 +0.0000 +0.0000 +0.0000 +0.0000 -0.5829 ;
-0.0058 +0.2948 +0.0767 +0.0000 +0.0730 +0.0819 +0.2429 +0.1117 +0.0807 +0.1350 +0.1406 -0.1360 +0.2463 +0.0000 +0.0000 -0.1481 +0.0578 -0.3194 +0.0000 -0.0385 +0.0000 +0.0000 -0.0348 +0.0660 -0.0322 +0.0000 +0.1800 +0.0000 +0.0000 +0.0000 +0.0000 +0.0000 +0.1368 +0.1587 +0.0551 +0.1841 +0.1048 +0.0000 +0.0000 +0.0000 +0.0000 +0.0000 +0.0000 +0.0000 +0.0000 +0.0000 +0.0000 -0.3443 -0.1147 +0.0000 +0.0000 +0.0000 +0.0000 -0.5829 ;
-0.0199 +0.0000 +0.0000 +0.0000 +0.0000 +0.1751 +0.2552 +0.0883 +0.1182 +0.2835 +0.1437 +0.2446 +0.0547 +0.0000 +0.0000 -0.2595 -0.2891 -0.2383 +0.0000 -0.0548 -0.0041 -0.0000 -0.0426 +0.3628 -0.0660 -0.2106 +0.0478 -0.0000 +0.0000 +0.0000 +0.0000 +0.0000 +0.0000 +0.0000 +0.1641 +0.2253 +0.1070 +0.0946 +0.1650 +0.0000 +0.0000 +0.0000 +0.0000 +0.0000 +0.0000 +0.0000 +0.0000 +0.0000 -0.1818 +0.0000 -0.2199 +0.0000 +0.0000 -0.5829 ;
-0.1999 -0.2010 +0.0726 +0.0606 +0.1679 +0.0000 +0.1416 +0.2060 +0.1776 +0.1193 +0.0000 -0.1664 -0.0607 +0.0000 +0.0000 +0.0000 -0.3394 +0.0666 -0.2632 +0.0000 -0.0000 +0.0000 -0.0000 -0.0005 -0.0000 -0.3322 -0.0823 +0.0000 +0.0000 +0.0000 +0.0000 +0.0000 +0.0000 +0.0000 +0.1053 +0.2381 +0.1774 +0.1864 +0.2293 +0.0000 +0.0000 +0.0000 +0.0000 +0.0000 +0.0000 +0.0000 +0.0000 +0.0000 +0.0000 -0.3443 +0.0000 +0.0000 -0.3526 -0.5829 ;
-0.1068 +0.0000 +0.0000 +0.2038 +0.0000 +0.2715 +0.0000 +0.2316 +0.0855 +0.0672 +0.2068 +0.1553 +0.1826 +0.0000 +0.0000 +0.0000 -0.2824 +0.1215 -0.1567 -0.0217 -0.0910 -0.0140 -0.0657 +0.2045 -0.0114 -0.1880 -0.0973 +0.0000 +0.0000 +0.1395 +0.0000 +0.0000 +0.0000 +0.0000 +0.0000 +0.1950 +0.2045 +0.0000 +0.2098 +0.1010 +0.0000 +0.0000 +0.0000 +0.0000 +0.0000 +0.0000 +0.0000 +0.0000 +0.0000 -0.1741 -0.3103 +0.0000 +0.0000 -0.5829 ;
-0.1433 -0.1211 +0.0813 +0.0784 +0.1800 +0.0000 +0.1039 +0.1769 +0.2524 +0.2194 +0.2369 +0.0371 -0.2682 +0.0000 +0.0000 -0.1290 -0.1540 -0.2117 +0.0829 -0.1959 -0.0706 -0.0000 -0.0118 -0.1115 -0.0000 -0.0747 +0.0174 -0.0000 +0.0707 +0.0000 +0.0000 +0.0000 +0.0000 +0.0000 +0.3034 +0.1553 +0.2768 +0.2742 +0.0000 +0.0596 -0.1498 +0.0000 +0.0000 +0.0000 +0.0000 +0.0000 +0.0000 +0.0000 +0.0000 -0.2544 +0.0000 +0.0000 +0.0000 -0.5829 ;
+0.0000 +0.0000 +0.0000 +0.0000 +0.0000 +0.0000 +0.0000 +0.0000 +0.0000 +0.0000 +0.0000 +0.0000 +0.0000 +0.0000 +0.0000 +0.0000 +0.0000 +0.0000 +0.0000 +0.0000 +0.0000 +0.0000 +0.0000 +0.0000 +0.0000 +0.0000 +0.0000 +0.0000 +0.0000 +0.0000 +0.0000 +0.0000 +0.0000 +0.0000 +0.0000 +0.0000 +0.0000 +0.0000 +0.0000 +0.0000 +0.0000 +0.0000 +0.0000 +0.0000 +0.0000 +0.0000 +0.0000 +0.0000 +0.0000 +0.0000 +0.0000 +0.0000 +0.0000 +0.0000 ;
