brainFunction 22886 23 16 142 24793 2-5 6-13 14-15
0 0.176837
1 0.0248591
2 0.47451
3 0.580036
4 0.362567
5 0.469519
6 0.386096
7 0.454545
8 0.481283
9 0.819964
10 0.62852
11 0.499465
12 0.619251
13 0.277718
14 0.68164
15 0.431729
16 0.77328
17 0.128679
18 0.0488039
19 0.952832
20 0.0384507
21 0.101996
22 0.989838
0 0.235895
1 0.296975
2 0.243137
3 0.243137
4 0.243137
5 0.243137
6 0.52549
7 0.52549
8 0.52549
9 0.52549
10 0.52549
11 0.52549
12 0.52549
13 0.52549
14 0.588235
15 0.588235
16 0.786828
17 0.245847
18 0.039939
19 0.945525
20 0.0366767
21 0.0809961
22 0.98531
0 0.705501
1 0.290242
2 0.0901961
3 0.107308
4 0.0973262
5 0.174332
6 0.156863
7 0.156863
8 0.156863
9 0.424955
10 0.402496
11 0.0745098
12 0.0745098
13 0.202852
14 0.904813
15 0.190018
16 0.803539
17 0.150598
18 0.0448472
19 0.951087
20 0.0451902
21 0.10632
22 0.989066
0 0.173323
1 0.283759
2 0.121569
3 0.121569
4 0.121569
5 0.121569
6 0.52549
7 0.52549
8 0.52549
9 0.52549
10 0.52549
11 0.52549
12 0.52549
13 0.52549
14 0.615686
15 0.615686
16 0.796069
17 0.146609
18 0.0348987
19 0.973702
20 0.0373757
21 0.0907963
22 0.966068
0 0.982904
1 0.27727
2 0.34902
3 0.34902
4 0.34902
5 0.34902
6 0.25098
7 0.25098
8 0.25098
9 0.25098
10 0.25098
11 0.25098
12 0.25098
13 0.25098
14 0.14902
15 0.14902
16 0.796843
17 0.163245
18 0.0356702
19 0.972961
20 0.0387859
21 0.0901819
22 0.967204
0 0.599482
1 0.270117
2 0.34902
3 0.34902
4 0.34902
5 0.34902
6 0.25098
7 0.25098
8 0.25098
9 0.25098
10 0.25098
11 0.25098
12 0.25098
13 0.25098
14 0.14902
15 0.14902
16 0.797478
17 0.17523
18 0.0364548
19 0.97342
20 0.0403297
21 0.0908377
22 0.967688
0 0.298346
1 0.263825
2 0.34902
3 0.34902
4 0.34902
5 0.34902
6 0.25098
7 0.25098
8 0.25098
9 0.25098
10 0.25098
11 0.25098
12 0.25098
13 0.25098
14 0.14902
15 0.14902
16 0.591964
17 0.0343093
18 0.0873806
19 0.978379
20 0.0299481
21 0.0976148
22 0.9949
0 0.413729
1 0.257397
2 0.827451
3 0.827451
4 0.827451
5 0.827451
6 0.827451
7 0.827451
8 0.827451
9 0.827451
10 0.827451
11 0.827451
12 0.827451
13 0.827451
14 0.827451
15 0.827451
16 0.53731
17 0.0284524
18 0.119486
19 0.97199
20 0.0273712
21 0.101863
22 0.996502
0 0.435975
1 0.251019
2 0.933333
3 0.933333
4 0.933333
5 0.933333
6 0.933333
7 0.933333
8 0.933333
9 0.933333
10 0.933333
11 0.933333
12 0.933333
13 0.933333
14 0.933333
15 0.933333
16 0.859541
17 0.215892
18 0.0521675
19 0.907978
20 0.0527647
21 0.140292
22 0.976178
0 0.226685
1 0.244335
2 0.877005
3 0
4 0
5 0
6 0.964706
7 0.877718
8 0.486275
9 0.486275
10 0.486275
11 0.486275
12 0.486275
13 0.486275
14 0.44492
15 0.0117647
16 0.811514
17 0.173677
18 0.041665
19 0.959338
20 0.050495
21 0.118023
22 0.98998
0 0.262985
1 0.237546
2 0.00784314
3 0.00784314
4 0.203922
5 0.321569
6 0.52549
7 0.52549
8 0.52549
9 0.52549
10 0.423173
11 0.359715
12 0.52549
13 0.52549
14 0.388235
15 0.690196
16 0.79945
17 0.167282
18 0.0537948
19 0.956716
20 0.0859774
21 0.105114
22 0.98699
0 0.254721
1 0.230799
2 0.0256684
3 0.0406417
4 0.124777
5 0.0919786
6 0.176471
7 0.522282
8 0.556863
9 0.233155
10 0.168271
11 0.491979
12 0.52549
13 0.17754
14 0.780036
15 0.521569
16 0.752931
17 0.151806
18 0.0405319
19 0.959708
20 0.0656469
21 0.0942978
22 0.983551
0 0.476039
1 0.224679
2 0.0242424
3 0.106952
4 0.109804
5 0.141176
6 0.312299
7 0.172549
8 0.165419
9 0.119786
10 0.454189
11 0.52549
12 0.52549
13 0.52549
14 0.923708
15 0.471301
16 0.734171
17 0.121599
18 0.0439723
19 0.964444
20 0.0574182
21 0.0912276
22 0.987843
0 0.579682
1 0.218643
2 0.0313726
3 0.120499
4 0.349376
5 0.180392
6 0.176471
7 0.176471
8 0.330481
9 0.427451
10 0.427451
11 0.701961
12 0.52549
13 0.52549
14 0.77041
15 0.603922
16 0.836829
17 0.212715
18 0.0427683
19 0.942448
20 0.052457
21 0.123222
22 0.981159
0 0.501885
1 0.212543
2 0.0392157
3 0.0392157
4 0.0392157
5 0.0392157
6 0.427451
7 0.427451
8 0.427451
9 0.427451
10 0.427451
11 0.427451
12 0.427451
13 0.427451
14 0.411765
15 0.411765
16 0.832463
17 0.175952
18 0.0422825
19 0.954524
20 0.0561463
21 0.118278
22 0.979847
0 0.641192
1 0.206453
2 0.0392157
3 0.0392157
4 0.133333
5 0.133333
6 0.427451
7 0.427451
8 0.427451
9 0.427451
10 0.52549
11 0.52549
12 0.52549
13 0.52549
14 0.388235
15 0.345098
16 0.839878
17 0.198597
18 0.0401121
19 0.950196
20 0.0546821
21 0.125241
22 0.978978
0 0.634991
1 0.200423
2 0.0392157
3 0.0392157
4 0.0392157
5 0.0392157
6 0.427451
7 0.427451
8 0.427451
9 0.427451
10 0.427451
11 0.427451
12 0.427451
13 0.427451
14 0.388235
15 0.388235
16 0.72519
17 0.213894
18 0.0305708
19 0.978374
20 0.055928
21 0.105026
22 0.987271
0 0.39631
1 0.193973
2 0.305882
3 0.0541889
4 0.37148
5 0.588235
6 0.551159
7 0.290196
8 0.250267
9 0.100535
10 0.168271
11 0.0228164
12 0
13 0
14 0.472727
15 0.812834
16 0.76856
17 0.219546
18 0.0417495
19 0.969653
20 0.0510594
21 0.0893018
22 0.979233
0 0.438716
1 0.187439
2 0.0645276
3 0.189305
4 0.34902
5 0.541533
6 0.231729
7 0.169697
8 0.126916
9 0.223173
10 0.25098
11 0.25098
12 0.228164
13 0
14 0.399287
15 0.381105
16 0.799335
17 0.177093
18 0.04358
19 0.973046
20 0.0472274
21 0.098338
22 0.960176
0 0.812282
1 0.181151
2 0.299109
3 0.34902
4 0.34902
5 0.34902
6 0.213904
7 0.25098
8 0.25098
9 0.25098
10 0.25098
11 0.25098
12 0.25098
13 0.25098
14 0.1918
15 0.14902
16 0.799917
17 0.165884
18 0.0406566
19 0.974057
20 0.0468798
21 0.102054
22 0.958028
0 0.97651
1 0.175315
2 0.34902
3 0.34902
4 0.34902
5 0.34902
6 0.25098
7 0.25098
8 0.25098
9 0.25098
10 0.25098
11 0.25098
12 0.25098
13 0.25098
14 0.14902
15 0.14902
16 0.784725
17 0.163946
18 0.0385135
19 0.976349
20 0.0495521
21 0.102128
22 0.969534
0 0.764008
1 0.169414
2 0.34902
3 0.34902
4 0.34902
5 0.518717
6 0.25098
7 0.25098
8 0.25098
9 0.25098
10 0.25098
11 0.25098
12 0.275936
13 0.143316
14 0.14902
15 0.346524
16 0.712382
17 0.165949
18 0.0377335
19 0.984507
20 0.0451263
21 0.0926589
22 0.983227
0 0.467975
1 0.163379
2 0.34902
3 0.34902
4 0.588235
5 0.792157
6 0.25098
7 0.25098
8 0.25098
9 0.25098
10 0.25098
11 0.386453
12 0
13 0
14 0.14902
15 0.767914
16 0.64317
17 0.106999
18 0.049944
19 0.984165
20 0.0301233
21 0.0819137
22 0.987295
0 0.925176
1 0.156932
2 0.34902
3 0.524421
4 0.831373
5 0.748663
6 0.25098
7 0.25098
8 0.25098
9 0.673084
10 0.831373
11 0.831373
12 0.151159
13 0.0114082
14 0.273084
15 0.894831
16 0.701663
17 0.266257
18 0.0330275
19 0.964022
20 0.0756776
21 0.0905446
22 0.984907
0 0.408344
1 0.14986
2 0.0392157
3 0.0392157
4 0.0392157
5 0.0392157
6 0.00392157
7 0.00392157
8 0.00392157
9 0.00392157
10 0.00392157
11 0.00392157
12 0.00392157
13 0.00392157
14 0.996078
15 0.996078
16 0.688339
17 0.141641
18 0.0334492
19 0.977399
20 0.0714517
21 0.0838894
22 0.980467
0 0.715855
1 0.143006
2 0.596078
3 0.30303
4 0.187522
5 0.382175
6 0
7 0
8 0.0388592
9 0.139394
10 0.335829
11 0.52549
12 0.153654
13 0.20713
14 0.910873
15 0.678075
16 0.767179
17 0.314803
18 0.0415409
19 0.961147
20 0.0529469
21 0.108496
22 0.989129
0 0.12881
1 0.136541
2 0.18467
3 0.0734403
4 0.154011
5 0.618895
6 0.427451
7 0.359002
8 0.18467
9 0.300891
10 0.52549
11 0.328699
12 0.00320856
13 0.219251
14 0.578966
15 0.714082
16 0.762992
17 0.216448
18 0.0547374
19 0.966635
20 0.0518108
21 0.118478
22 0.982421
0 0.788293
1 0.129908
2 0.0502674
3 0.351159
4 0.165062
5 0.0103387
6 0.172549
7 0.230303
8 0.626025
9 0.52549
10 0.3918
11 0.027451
12 0.0313726
13 0.22246
14 0.664528
15 0.736542
16 0.78593
17 0.271292
18 0.0462194
19 0.957765
20 0.0611524
21 0.131081
22 0.985252
0 0.685603
1 0.123763
2 0.34902
3 0.0980392
4 0.058467
5 0.0128342
6 0.426025
7 0.480927
8 0.52549
9 0.52549
10 0.405704
11 0.0363636
12 0.0313726
13 0.0199643
14 0.729768
15 0.690196
16 0.821316
17 0.223987
18 0.0557145
19 0.950131
20 0.0732762
21 0.131876
22 0.985085
0 0.782584
1 0.118054
2 0.0823529
3 0.0823529
4 0.0673797
5 0.307665
6 0.52549
7 0.52549
8 0.52549
9 0.52549
10 0.52549
11 0.253832
12 0.51016
13 0.227807
14 0.568627
15 0.457754
16 0.799775
17 0.224429
18 0.0525942
19 0.959541
20 0.0560414
21 0.116765
22 0.975209
0 0.476395
1 0.112274
2 0.2
3 0.160784
4 0.219608
5 0.108378
6 0.52549
7 0.435651
8 0.255971
9 0.52549
10 0.52549
11 0.52549
12 0.316934
13 0.0666667
14 0.511586
15 0.296257
16 0.818606
17 0.172913
18 0.0566209
19 0.957586
20 0.0700549
21 0.134152
22 0.977711
0 0.990272
1 0.10641
2 0.168627
3 0.168627
4 0.168627
5 0.168627
6 0.52549
7 0.52549
8 0.52549
9 0.52549
10 0.52549
11 0.52549
12 0.52549
13 0.52549
14 0.407843
15 0.407843
16 0.71391
17 0.0936565
18 0.0706494
19 0.972323
20 0.062931
21 0.144986
22 0.981259
0 0.543719
1 0.100762
2 0.941176
3 0.561141
4 0.1918
5 0.0705882
6 0.941176
7 0.941176
8 0.581105
9 0.365775
10 0.25918
11 0.277005
12 0.556863
13 0.556863
14 0.857041
15 0.798574
16 0.740434
17 0.161461
18 0.0576819
19 0.961811
20 0.0656855
21 0.116175
22 0.986008
0 0.0522874
1 0.0948726
2 0.145098
3 0.39893
4 0.0588235
5 0.0588235
6 0.14902
7 0.416399
8 0.37041
9 0.522995
10 0.556863
11 0.556863
12 0.556863
13 0.556863
14 0.737255
15 0.937255
16 0.758923
17 0.130203
18 0.0506984
19 0.9627
20 0.0785601
21 0.150479
22 0.987271
0 0.497126
1 0.089156
2 0.658824
3 0.239572
4 0.0823529
5 0.0823529
6 0.658824
7 0.658824
8 0.612478
9 0.556863
10 0.556863
11 0.556863
12 0.556863
13 0.556863
14 0.734403
15 0.866667
16 0.781081
17 0.253635
18 0.0422326
19 0.976198
20 0.0505452
21 0.116684
22 0.970022
0 0.502533
1 0.0834402
2 0.34902
3 0.34902
4 0.258467
5 0.482353
6 0.25098
7 0.25098
8 0.25098
9 0.25098
10 0.25098
11 0.0755793
12 0.0235294
13 0.0235294
14 0.14902
15 0.499822
16 0.670291
17 0.191752
18 0.0415759
19 0.981584
20 0.0624872
21 0.0826556
22 0.97644
0 0.59079
1 0.0771814
2 0.247415
3 0.352941
4 0.352941
5 0.458467
6 0.0520499
7 0.0235294
8 0.0235294
9 0.0235294
10 0.0235294
11 0.0235294
12 0.0442068
13 0.501961
14 0.720499
15 0.742959
16 0.769492
17 0.264051
18 0.0418586
19 0.976227
20 0.0537463
21 0.117105
22 0.961238
0 0.0100717
1 0.070922
2 0.34902
3 0.34902
4 0.254902
5 0.00392157
6 0.25098
7 0.25098
8 0.25098
9 0.25098
10 0.25098
11 0.144029
12 0.054902
13 0.054902
14 0.14902
15 0.690553
16 0.776639
17 0.135676
18 0.0394951
19 0.978494
20 0.0770295
21 0.113812
22 0.956775
0 0.758582
1 0.0646007
2 0.34902
3 0.34902
4 0.245633
5 0.113012
6 0.25098
7 0.25098
8 0.25098
9 0.25098
10 0.25098
11 0.500535
12 0.52549
13 0.146168
14 0.14902
15 0.610339
16 0.777425
17 0.17591
18 0.0366073
19 0.977509
20 0.070023
21 0.125782
22 0.966336
0 0.0725422
1 0.0580836
2 0.34902
3 0.34902
4 0.151872
5 0.119073
6 0.25098
7 0.25098
8 0.25098
9 0.25098
10 0.257398
11 0.52549
12 0.365419
13 0.176471
14 0.14902
15 0.728699
16 0.774328
17 0.275703
18 0.0362144
19 0.971721
20 0.0715285
21 0.111542
22 0.981959
0 0.209916
1 0.0521698
2 0.34902
3 0.0980392
4 0.14902
5 0.503387
6 0.25098
7 0.25098
8 0.173975
9 0.298039
10 0.52549
11 0.285205
12 0.187166
13 0.636364
14 0.454189
15 0.608556
16 0.684509
17 0.119109
18 0.0457476
19 0.982009
20 0.0799609
21 0.0965897
22 0.983309
0 0.820019
1 0.0456799
2 0.753298
3 0.261319
4 0.462389
5 0.41533
6 0.156863
7 0.211765
8 0.352941
9 0.429234
10 0.39287
11 0.613191
12 0.229947
13 0.660606
14 0.780036
15 0.646702
16 0.674988
17 0.116156
18 0.0645909
19 0.97819
20 0.0896867
21 0.108414
22 0.989149
0 0.969504
1 0.0394618
2 0.635651
3 0.276292
4 0.544385
5 0.492335
6 0.172549
7 0.324421
8 0.611765
9 0.52549
10 0.463815
11 0.486631
12 0.43672
13 0.329768
14 0.812834
15 0.747594
16 0.748148
17 0.149946
18 0.0688502
19 0.968323
20 0.0928018
21 0.128963
22 0.984153
0 0.906849
1 0.0330724
2 0.192157
3 0.163636
4 0.364349
5 0.329412
6 0.52549
7 0.52549
8 0.52549
9 0.347237
10 0.0588235
11 0.740463
12 0.426025
13 0.344742
14 0.520143
15 0.731551
16 0.747339
17 0.278792
18 0.0651363
19 0.97398
20 0.0948303
21 0.129156
22 0.983777
0 0.106204
1 0.0268885
2 0.219608
3 0.151159
4 0.342959
5 0.357932
6 0.52549
7 0.52549
8 0.52549
9 0.166132
10 0.602852
11 0.108734
12 0.359358
13 0.240998
14 0.528699
15 0.709447
16 0.789747
17 0.235482
18 0.0671275
19 0.967445
20 0.0656897
21 0.126723
22 0.982824
0 0.525534
1 0.0206672
2 0.223529
3 0.223529
4 0.27344
5 0.465241
6 0.52549
7 0.52549
8 0.52549
9 0.52549
10 0.0588235
11 0.447415
12 0.115508
13 0.0912656
14 0.396078
15 0.524421
16 0.81911
17 0.36468
18 0.0742489
19 0.948109
20 0.0649549
21 0.140276
22 0.975381
0 0.76432
1 0.0145408
2 0.14902
3 0.14902
4 0.0991087
5 0.0392157
6 0.52549
7 0.52549
8 0.52549
9 0.52549
10 0.52549
11 0.0834225
12 0.0392157
13 0.0392157
14 0.666667
15 0.210339
16 0.793263
17 0.195265
18 0.0679193
19 0.969077
20 0.086565
21 0.12533
22 0.978195
0 0.182645
1 0.00881415
2 0.25098
3 0.25098
4 0.25098
5 0.25098
6 0.52549
7 0.52549
8 0.52549
9 0.52549
10 0.52549
11 0.52549
12 0.52549
13 0.52549
14 0.45098
15 0.45098
16 0.614072
17 0.0519561
18 0.134889
19 0.984371
20 0.0615263
21 0.0937552
22 0.991728
end fitness = 1.22274
