brain 22891 fitness=1.6945 numneurons+1=39 maxWeight=8 maxBias=8 redinput=2-5 greeninput=6-11 blueinput=12-14
+0.0000 +0.0000 +0.0000 +0.0000 +0.0000 +0.0000 +0.0000 +0.0000 +0.0000 +0.0000 +0.0000 +0.0000 +0.0000 +0.0000 +0.0000 +0.0000 +0.0000 +0.0000 +0.0000 +0.0000 +0.0000 +0.0000 +0.0000 +0.0000 +0.0000 +0.0000 +0.0000 +0.0000 +0.0000 +0.0000 +0.0000 +0.0000 +0.0000 +0.0000 +0.0000 +0.0000 +0.0000 +0.0000 +0.0000 ;
+0.0000 +0.0000 +0.0000 +0.0000 +0.0000 +0.0000 +0.0000 +0.0000 +0.0000 +0.0000 +0.0000 +0.0000 +0.0000 +0.0000 +0.0000 +0.0000 +0.0000 +0.0000 +0.0000 +0.0000 +0.0000 +0.0000 +0.0000 +0.0000 +0.0000 +0.0000 +0.0000 +0.0000 +0.0000 +0.0000 +0.0000 +0.0000 +0.0000 +0.0000 +0.0000 +0.0000 +0.0000 +0.0000 +0.0000 ;
+0.0000 +0.0000 +0.0000 +0.0000 +0.0000 +0.0000 +0.0000 +0.0000 +0.0000 +0.0000 +0.0000 +0.0000 +0.0000 +0.0000 +0.0000 +0.0000 +0.0000 +0.0000 +0.0000 +0.0000 +0.0000 +0.0000 +0.0000 +0.0000 +0.0000 +0.0000 +0.0000 +0.0000 +0.0000 +0.0000 +0.0000 +0.0000 +0.0000 +0.0000 +0.0000 +0.0000 +0.0000 +0.0000 +0.0000 ;
+0.0000 +0.0000 +0.0000 +0.0000 +0.0000 +0.0000 +0.0000 +0.0000 +0.0000 +0.0000 +0.0000 +0.0000 +0.0000 +0.0000 +0.0000 +0.0000 +0.0000 +0.0000 +0.0000 +0.0000 +0.0000 +0.0000 +0.0000 +0.0000 +0.0000 +0.0000 +0.0000 +0.0000 +0.0000 +0.0000 +0.0000 +0.0000 +0.0000 +0.0000 +0.0000 +0.0000 +0.0000 +0.0000 +0.0000 ;
+0.0000 +0.0000 +0.0000 +0.0000 +0.0000 +0.0000 +0.0000 +0.0000 +0.0000 +0.0000 +0.0000 +0.0000 +0.0000 +0.0000 +0.0000 +0.0000 +0.0000 +0.0000 +0.0000 +0.0000 +0.0000 +0.0000 +0.0000 +0.0000 +0.0000 +0.0000 +0.0000 +0.0000 +0.0000 +0.0000 +0.0000 +0.0000 +0.0000 +0.0000 +0.0000 +0.0000 +0.0000 +0.0000 +0.0000 ;
+0.0000 +0.0000 +0.0000 +0.0000 +0.0000 +0.0000 +0.0000 +0.0000 +0.0000 +0.0000 +0.0000 +0.0000 +0.0000 +0.0000 +0.0000 +0.0000 +0.0000 +0.0000 +0.0000 +0.0000 +0.0000 +0.0000 +0.0000 +0.0000 +0.0000 +0.0000 +0.0000 +0.0000 +0.0000 +0.0000 +0.0000 +0.0000 +0.0000 +0.0000 +0.0000 +0.0000 +0.0000 +0.0000 +0.0000 ;
+0.0000 +0.0000 +0.0000 +0.0000 +0.0000 +0.0000 +0.0000 +0.0000 +0.0000 +0.0000 +0.0000 +0.0000 +0.0000 +0.0000 +0.0000 +0.0000 +0.0000 +0.0000 +0.0000 +0.0000 +0.0000 +0.0000 +0.0000 +0.0000 +0.0000 +0.0000 +0.0000 +0.0000 +0.0000 +0.0000 +0.0000 +0.0000 +0.0000 +0.0000 +0.0000 +0.0000 +0.0000 +0.0000 +0.0000 ;
+0.0000 +0.0000 +0.0000 +0.0000 +0.0000 +0.0000 +0.0000 +0.0000 +0.0000 +0.0000 +0.0000 +0.0000 +0.0000 +0.0000 +0.0000 +0.0000 +0.0000 +0.0000 +0.0000 +0.0000 +0.0000 +0.0000 +0.0000 +0.0000 +0.0000 +0.0000 +0.0000 +0.0000 +0.0000 +0.0000 +0.0000 +0.0000 +0.0000 +0.0000 +0.0000 +0.0000 +0.0000 +0.0000 +0.0000 ;
+0.0000 +0.0000 +0.0000 +0.0000 +0.0000 +0.0000 +0.0000 +0.0000 +0.0000 +0.0000 +0.0000 +0.0000 +0.0000 +0.0000 +0.0000 +0.0000 +0.0000 +0.0000 +0.0000 +0.0000 +0.0000 +0.0000 +0.0000 +0.0000 +0.0000 +0.0000 +0.0000 +0.0000 +0.0000 +0.0000 +0.0000 +0.0000 +0.0000 +0.0000 +0.0000 +0.0000 +0.0000 +0.0000 +0.0000 ;
+0.0000 +0.0000 +0.0000 +0.0000 +0.0000 +0.0000 +0.0000 +0.0000 +0.0000 +0.0000 +0.0000 +0.0000 +0.0000 +0.0000 +0.0000 +0.0000 +0.0000 +0.0000 +0.0000 +0.0000 +0.0000 +0.0000 +0.0000 +0.0000 +0.0000 +0.0000 +0.0000 +0.0000 +0.0000 +0.0000 +0.0000 +0.0000 +0.0000 +0.0000 +0.0000 +0.0000 +0.0000 +0.0000 +0.0000 ;
+0.0000 +0.0000 +0.0000 +0.0000 +0.0000 +0.0000 +0.0000 +0.0000 +0.0000 +0.0000 +0.0000 +0.0000 +0.0000 +0.0000 +0.0000 +0.0000 +0.0000 +0.0000 +0.0000 +0.0000 +0.0000 +0.0000 +0.0000 +0.0000 +0.0000 +0.0000 +0.0000 +0.0000 +0.0000 +0.0000 +0.0000 +0.0000 +0.0000 +0.0000 +0.0000 +0.0000 +0.0000 +0.0000 +0.0000 ;
+0.0000 +0.0000 +0.0000 +0.0000 +0.0000 +0.0000 +0.0000 +0.0000 +0.0000 +0.0000 +0.0000 +0.0000 +0.0000 +0.0000 +0.0000 +0.0000 +0.0000 +0.0000 +0.0000 +0.0000 +0.0000 +0.0000 +0.0000 +0.0000 +0.0000 +0.0000 +0.0000 +0.0000 +0.0000 +0.0000 +0.0000 +0.0000 +0.0000 +0.0000 +0.0000 +0.0000 +0.0000 +0.0000 +0.0000 ;
+0.0000 +0.0000 +0.0000 +0.0000 +0.0000 +0.0000 +0.0000 +0.0000 +0.0000 +0.0000 +0.0000 +0.0000 +0.0000 +0.0000 +0.0000 +0.0000 +0.0000 +0.0000 +0.0000 +0.0000 +0.0000 +0.0000 +0.0000 +0.0000 +0.0000 +0.0000 +0.0000 +0.0000 +0.0000 +0.0000 +0.0000 +0.0000 +0.0000 +0.0000 +0.0000 +0.0000 +0.0000 +0.0000 +0.0000 ;
+0.0000 +0.0000 +0.0000 +0.0000 +0.0000 +0.0000 +0.0000 +0.0000 +0.0000 +0.0000 +0.0000 +0.0000 +0.0000 +0.0000 +0.0000 +0.0000 +0.0000 +0.0000 +0.0000 +0.0000 +0.0000 +0.0000 +0.0000 +0.0000 +0.0000 +0.0000 +0.0000 +0.0000 +0.0000 +0.0000 +0.0000 +0.0000 +0.0000 +0.0000 +0.0000 +0.0000 +0.0000 +0.0000 +0.0000 ;
+0.0000 +0.0000 +0.0000 +0.0000 +0.0000 +0.0000 +0.0000 +0.0000 +0.0000 +0.0000 +0.0000 +0.0000 +0.0000 +0.0000 +0.0000 +0.0000 +0.0000 +0.0000 +0.0000 +0.0000 +0.0000 +0.0000 +0.0000 +0.0000 +0.0000 +0.0000 +0.0000 +0.0000 +0.0000 +0.0000 +0.0000 +0.0000 +0.0000 +0.0000 +0.0000 +0.0000 +0.0000 +0.0000 +0.0000 ;
+0.0000 +0.1113 -0.0000 +0.0753 +0.1320 +0.0364 +0.1487 +0.1647 +0.1624 +0.1050 +0.1686 +0.0007 -0.0658 +0.1690 +0.0000 +0.0000 -0.1897 +0.0000 +0.0189 +0.0000 +0.1751 -0.1649 +0.1652 +0.1401 +0.0000 +0.0000 -0.0177 -0.1385 +0.0000 +0.0000 +0.0000 +0.0000 +0.0000 -0.2045 +0.0000 +0.0000 +0.0000 +0.0000 +0.4667 ;
-0.0659 +0.0156 +0.0693 -0.0699 -0.0676 +0.0000 +0.0000 +0.0000 +0.0162 +0.0000 +0.0000 +0.0000 +0.2271 -0.1068 +0.2290 -0.0023 +0.0000 -0.2122 -0.1137 +0.0499 +0.1380 +0.0621 +0.0768 +0.1236 +0.1239 -0.1495 +0.0000 +0.0000 -0.2050 -0.2061 +0.0000 +0.0000 +0.0000 -0.2255 +0.0000 -0.0402 -0.2152 -0.1997 +0.2549 ;
+0.0000 +0.0000 -0.0010 +0.2182 +0.1462 +0.0000 +0.2676 +0.0563 -0.0332 +0.0000 +0.0000 +0.0000 -0.1047 +0.0292 +0.0000 -0.0103 +0.0000 +0.0000 -0.1152 +0.0571 +0.0000 +0.0000 +0.1485 +0.0000 +0.0000 -0.0489 -0.2330 -0.0823 -0.2342 -0.1367 -0.0710 -0.0156 -0.1920 -0.0778 +0.0000 -0.1137 -0.0787 -0.1457 -0.6060 ;
-0.0001 +0.1198 -0.1977 +0.1942 +0.0000 +0.0000 -0.1113 -0.0321 -0.0536 +0.0000 +0.0000 +0.0000 +0.0037 +0.1772 +0.2164 +0.0940 +0.2323 -0.0767 +0.0000 +0.0000 +0.0000 -0.0492 +0.2167 +0.1592 +0.2398 +0.0000 -0.0123 -0.1178 -0.1570 +0.0000 -0.1673 +0.0000 +0.0000 +0.0000 +0.0000 +0.0000 -0.0746 -0.0200 -0.3569 ;
+0.0000 -0.0941 +0.0000 -0.1334 -0.1738 -0.2427 +0.0144 +0.2390 +0.1756 +0.1848 +0.0000 +0.0000 +0.0421 +0.0000 +0.0000 -0.0407 +0.0000 +0.1281 -0.2005 +0.0000 -0.1584 +0.0000 +0.0955 +0.2323 +0.0000 +0.0000 -0.2500 -0.2005 +0.0000 +0.0000 +0.0000 +0.0000 +0.0000 +0.0000 +0.0000 +0.0000 +0.0000 +0.0000 +0.0588 ;
+0.0000 -0.2920 +0.0998 -0.0241 -0.2633 -0.1114 +0.0897 +0.0595 +0.2426 +0.0000 +0.0000 +0.0000 +0.1099 -0.0910 -0.0000 -0.0000 +0.0000 -0.2160 -0.0431 -0.2534 +0.0000 +0.1025 +0.1452 +0.0251 +0.0000 +0.0000 -0.0379 +0.0000 +0.0000 +0.0000 +0.0000 +0.0000 +0.0000 +0.0000 +0.0000 +0.0000 -0.1812 -0.2410 -0.5760 ;
-0.0168 +0.1886 -0.1302 +0.2023 +0.0000 +0.0000 +0.1468 -0.0485 -0.1406 -0.1406 +0.0948 +0.0001 -0.0970 +0.1702 +0.0000 +0.3087 +0.1479 -0.0685 -0.0040 -0.2057 +0.0065 +0.0000 +0.0446 +0.0889 +0.0000 +0.0000 -0.0000 +0.0000 -0.2170 -0.2218 -0.0933 -0.0307 -0.2473 -0.1458 +0.0000 +0.0000 -0.2068 +0.0000 +0.6172 ;
-0.0484 +0.0000 +0.0877 +0.1822 +0.0000 -0.0062 +0.1197 +0.0328 +0.0172 +0.1687 +0.0000 +0.0000 +0.0193 -0.1797 +0.0000 +0.0000 +0.0000 +0.0000 -0.1271 +0.0000 +0.0000 -0.1069 +0.0000 +0.1998 +0.1027 +0.0000 -0.1179 -0.1451 -0.0248 -0.1538 -0.1645 -0.0977 -0.0405 -0.1567 -0.2189 -0.1802 -0.1401 -0.1066 +0.5652 ;
-0.0999 +0.0000 -0.0703 +0.2191 -0.1456 -0.0499 +0.0491 +0.1932 +0.0364 +0.2444 +0.0000 +0.0000 +0.1431 -0.1402 +0.0929 -0.0000 +0.0000 +0.0000 -0.1749 +0.0397 -0.1769 -0.1740 +0.0682 +0.0000 +0.1571 -0.2194 -0.1941 -0.1850 -0.2025 -0.2335 -0.0076 -0.0547 -0.0188 -0.1301 -0.0467 -0.0599 -0.1068 -0.2462 +0.5652 ;
-0.1176 +0.0000 -0.2489 +0.0930 +0.1938 +0.0144 +0.0000 +0.0000 +0.0349 -0.0295 +0.2262 +0.0394 +0.1477 -0.1900 -0.0453 -0.0200 +0.0842 +0.0758 +0.1678 +0.0637 -0.0071 -0.0380 +0.0000 +0.2261 +0.0000 -0.2422 -0.2059 -0.0449 -0.2446 -0.0733 -0.0620 -0.0534 -0.1767 -0.1236 -0.0835 -0.0753 -0.1204 -0.0808 +0.5652 ;
+0.0000 +0.0210 +0.0369 +0.0000 +0.0000 +0.1209 -0.0774 +0.1686 +0.1334 +0.1805 +0.0000 +0.0000 -0.0160 +0.0000 +0.0000 +0.0000 +0.0000 +0.0000 -0.0052 +0.0000 +0.0000 +0.0000 +0.0000 +0.0000 +0.0664 +0.0000 -0.1094 -0.1904 -0.0454 -0.0446 -0.1460 -0.0533 -0.1468 -0.1673 -0.1419 +0.0000 +0.0000 +0.0000 +0.5652 ;
-0.2330 -0.1361 +0.0985 +0.1338 +0.0000 -0.1955 +0.2270 -0.1700 -0.0569 -0.0627 +0.0000 -0.1961 +0.0669 -0.1930 +0.0000 -0.0748 +0.0000 -0.0325 -0.1822 +0.0000 +0.2341 -0.1881 +0.0000 +0.1176 +0.0000 -0.0280 -0.0091 -0.1699 -0.0808 -0.1152 -0.2147 -0.1509 +0.0000 -0.1324 +0.0000 -0.2331 +0.0000 +0.0000 +0.5652 ;
-0.1544 +0.0421 -0.0990 +0.0622 +0.0000 +0.0000 +0.2228 +0.0048 -0.0998 -0.2431 +0.0159 +0.0000 +0.0851 +0.0000 +0.0000 -0.1147 +0.1639 +0.1082 -0.1558 +0.0000 +0.0902 -0.1807 +0.2425 +0.1542 +0.0000 +0.0000 -0.1464 +0.0000 -0.1753 -0.1358 -0.1433 -0.2140 -0.2275 -0.2398 -0.0189 +0.0000 -0.0306 +0.0000 +0.5652 ;
-0.0132 +0.0444 +0.0000 +0.0259 +0.1576 -0.1341 +0.0000 +0.0360 -0.0127 +0.0531 +0.2227 -0.0713 -0.0655 +0.0000 +0.0000 -0.1252 +0.0000 +0.2441 -0.1641 -0.0021 +0.2178 -0.1283 +0.0000 +0.0000 +0.2363 -0.0456 -0.1252 -0.1353 -0.0000 -0.0701 -0.1758 +0.0000 -0.2138 -0.0881 -0.1847 +0.0000 -0.2081 +0.0000 +0.5652 ;
-0.2194 -0.1056 +0.0000 +0.0194 +0.0341 +0.1010 +0.0300 -0.1031 +0.1414 -0.0286 -0.1209 +0.0000 -0.0835 +0.0000 +0.0000 +0.0000 +0.1144 -0.0978 -0.0369 +0.0000 +0.0881 -0.2360 +0.0000 +0.2376 +0.2371 -0.2353 -0.1971 +0.0000 +0.0000 -0.0000 -0.1305 -0.0583 -0.0253 -0.0033 -0.0876 +0.0000 -0.2120 +0.0000 +0.5652 ;
-0.1364 -0.0007 +0.0000 -0.1502 +0.0000 +0.1496 -0.0405 +0.0196 +0.0165 -0.0975 +0.0000 +0.0000 -0.0403 +0.0000 +0.0000 -0.1317 +0.0000 -0.0457 -0.1277 +0.0000 +0.1026 -0.0284 +0.0654 +0.0000 +0.0000 +0.0000 -0.0763 -0.0032 -0.0385 -0.2486 -0.0011 +0.0000 -0.1516 -0.0877 -0.1950 -0.1896 +0.0000 +0.0000 +0.5652 ;
-0.1671 -0.0855 +0.0000 +0.0912 +0.2038 +0.0000 +0.1592 -0.0949 -0.1286 +0.1415 +0.0000 +0.0000 -0.0004 -0.1308 +0.0000 -0.1940 -0.0152 +0.0248 -0.0712 +0.0432 +0.1485 +0.0000 +0.0000 +0.1772 +0.0889 -0.0424 -0.0853 -0.0536 +0.0000 -0.0301 -0.0587 +0.0000 -0.2254 -0.1714 -0.1207 -0.2235 +0.0000 -0.0357 +0.5652 ;
-0.0480 +0.1108 +0.0000 +0.0693 +0.0000 +0.1338 +0.0000 -0.0052 -0.0638 -0.0781 +0.1114 +0.0000 +0.0000 +0.1051 +0.0000 -0.1740 +0.0000 +0.1419 -0.1940 +0.0000 +0.1692 -0.0290 +0.0000 +0.2008 +0.0000 +0.0000 +0.0000 -0.1527 -0.1333 -0.0675 -0.2409 -0.0317 +0.0000 +0.0000 -0.2328 -0.0271 -0.1735 -0.2050 +0.5652 ;
-0.0246 -0.1352 +0.0000 +0.0641 -0.0680 +0.1037 +0.0000 -0.0243 +0.0674 +0.1450 +0.1057 -0.0336 +0.0000 -0.0441 +0.0000 +0.0000 +0.0297 -0.1821 -0.2393 +0.0000 +0.1204 -0.1954 +0.0322 +0.1585 +0.0000 -0.1107 +0.0000 +0.0000 +0.0000 +0.0000 -0.1959 -0.0278 -0.1298 -0.0001 -0.1011 -0.1187 -0.1572 -0.2128 +0.5652 ;
-0.1965 -0.0349 +0.0000 -0.1622 +0.1118 +0.0000 +0.0000 +0.0000 +0.0218 -0.1256 -0.0218 +0.0526 +0.0000 -0.1451 +0.0000 -0.0192 +0.0000 +0.0685 -0.2443 -0.1308 +0.1445 -0.1219 +0.0000 +0.0000 +0.2020 +0.0000 -0.1340 -0.0697 -0.1712 +0.0000 +0.0000 -0.2078 -0.0440 -0.0950 -0.0019 -0.0345 -0.0465 -0.0438 +0.5652 ;
-0.1054 +0.0853 +0.1039 +0.0000 -0.0778 +0.0000 +0.0000 +0.0000 +0.2205 -0.1040 -0.0014 -0.0879 +0.0000 -0.0374 +0.0000 -0.1125 +0.1376 +0.0823 -0.0403 +0.0000 +0.1992 -0.1508 +0.0000 +0.1857 +0.0002 -0.0274 -0.0715 -0.0230 +0.0000 -0.1586 -0.1889 -0.0506 -0.1227 -0.1240 +0.0000 +0.0000 -0.0121 +0.0000 +0.5652 ;
-0.0540 +0.1245 +0.0835 +0.0000 -0.2255 +0.1882 +0.0000 +0.0000 -0.0612 +0.2040 -0.1536 +0.1113 +0.0000 +0.0000 -0.0741 -0.1251 +0.0000 +0.0848 -0.0801 +0.0000 +0.0676 -0.1519 +0.0000 +0.0000 +0.2169 +0.0000 +0.0000 -0.0990 -0.2103 -0.1933 -0.1784 -0.0136 -0.1077 -0.0417 -0.0608 -0.1952 +0.0000 +0.0000 +0.5652 ;
-0.0624 -0.0762 +0.0000 +0.0491 +0.1268 +0.0928 +0.0000 +0.0000 +0.1098 +0.1223 +0.0056 +0.1373 +0.0000 -0.2107 -0.0494 -0.2338 +0.2076 -0.1396 -0.0869 +0.0289 +0.1369 -0.0558 +0.0000 +0.0895 +0.1467 +0.0000 +0.0000 -0.0597 -0.1041 +0.0000 -0.0740 -0.2191 -0.2185 -0.0065 -0.2265 -0.2111 -0.1434 -0.0003 +0.5652 ;
+0.0000 +0.0000 +0.0000 +0.0000 +0.0000 +0.0000 +0.0000 +0.0000 +0.0000 +0.0000 +0.0000 +0.0000 +0.0000 +0.0000 +0.0000 +0.0000 +0.0000 +0.0000 +0.0000 +0.0000 +0.0000 +0.0000 +0.0000 +0.0000 +0.0000 +0.0000 +0.0000 +0.0000 +0.0000 +0.0000 +0.0000 +0.0000 +0.0000 +0.0000 +0.0000 +0.0000 +0.0000 +0.0000 +0.0000 ;
