brainFunction 22866 19 12 126 24777 2-7 8-9 10-11
0 0.662982
1 0.717817
2 0.549376
3 0.280214
4 0.360784
5 0.647415
6 0.557576
7 0.5918
8 0.555437
9 0.426381
10 0.522995
11 0.454902
12 0.952633
13 0.837238
14 0.0344071
15 0.902524
16 0.025887
17 0.193166
18 0.0250771
0 0.93363
1 0.828405
2 0.0901961
3 0.0901961
4 0.0901961
5 0.0901961
6 0.0901961
7 0.0901961
8 0.00392157
9 0.00392157
10 0.643137
11 0.643137
12 0.977506
13 0.8976
14 0.0333025
15 0.957425
16 0.0503401
17 0.212446
18 0.0665268
0 0.161443
1 0.821123
2 0.129412
3 0.129412
4 0.129412
5 0.129412
6 0.129412
7 0.129412
8 0.129412
9 0.129412
10 0.129412
11 0.129412
12 0.975474
13 0.890013
14 0.0367901
15 0.940709
16 0.0518296
17 0.152476
18 0.0582
0 0.673908
1 0.81405
2 0
3 0
4 0
5 0
6 0
7 0
8 0
9 0
10 0
11 0
12 0.960936
13 0.876871
14 0.038003
15 0.942547
16 0.0332786
17 0.23536
18 0.031173
0 0.616826
1 0.806499
2 0.0677362
3 0.120499
4 0.0513369
5 0.326203
6 0.221034
7 0.292335
8 0.055615
9 0.0827094
10 0.382175
11 0.604991
12 0.966339
13 0.901432
14 0.0231723
15 0.935609
16 0.0223235
17 0.34351
18 0.0317454
0 0.292016
1 0.899865
2 0.411765
3 0.411765
4 0.411765
5 0.411765
6 0.411765
7 0.411765
8 0.411765
9 0.411765
10 0.411765
11 0.411765
12 0.979864
13 0.895891
14 0.0176504
15 0.952653
16 0.0547319
17 0.212606
18 0.0851959
0 0.0689819
1 0.993945
2 0.2
3 0.2
4 0.2
5 0.2
6 0.2
7 0.2
8 0.6
9 0.6
10 0.2
11 0.2
12 0.96283
13 0.883083
14 0.0260064
15 0.884316
16 0.025902
17 0.195382
18 0.033501
0 0.97643
1 1
2 0.199643
3 0.295544
4 0.321925
5 0.0909091
6 0.0727273
7 0.109091
8 0.257398
9 0.272727
10 0.253476
11 0.0909091
12 0.972011
13 0.893316
14 0.0199851
15 0.943879
16 0.0509883
17 0.204199
18 0.0709863
0 0.297654
1 1
2 0.2
3 0.2
4 0.2
5 0.2
6 0.2
7 0.2
8 0.6
9 0.6
10 0.2
11 0.2
12 0.970867
13 0.900771
14 0.0256235
15 0.937213
16 0.0291718
17 0.300076
18 0.0348868
0 0.460592
1 1
2 0.308378
3 0.34902
4 0.34902
5 0.34902
6 0.34902
7 0.34902
8 0.282709
9 0.25098
10 0.153654
11 0.14902
12 0.976847
13 0.898887
14 0.0244192
15 0.952498
16 0.0335166
17 0.315359
18 0.042113
0 0.197103
1 1
2 0.34902
3 0.34902
4 0.34902
5 0.34902
6 0.34902
7 0.34902
8 0.25098
9 0.25098
10 0.14902
11 0.14902
12 0.969086
13 0.897379
14 0.0240681
15 0.931911
16 0.0270923
17 0.297128
18 0.0301082
0 0.599164
1 1
2 0.34902
3 0.34902
4 0.34902
5 0.34902
6 0.34902
7 0.34902
8 0.25098
9 0.25098
10 0.14902
11 0.14902
12 0.977282
13 0.896872
14 0.0251388
15 0.955279
16 0.0349049
17 0.316302
18 0.0441089
0 0.161809
1 1
2 0.34902
3 0.34902
4 0.34902
5 0.34902
6 0.34902
7 0.34902
8 0.25098
9 0.25098
10 0.14902
11 0.14902
12 0.975008
13 0.865848
14 0.0339372
15 0.941663
16 0.0634973
17 0.147428
18 0.0571921
0 0.765141
1 0.993208
2 0
3 0
4 0
5 0
6 0
7 0
8 0
9 0
10 0
11 0
12 0.975787
13 0.865046
14 0.039693
15 0.953206
16 0.0736145
17 0.155913
18 0.0689284
0 0.525729
1 0.986538
2 0
3 0
4 0
5 0
6 0
7 0
8 0
9 0
10 0
11 0
12 0.966168
13 0.863547
14 0.0398508
15 0.929008
16 0.0579449
17 0.144201
18 0.0478217
0 0.973245
1 0.979784
2 0
3 0
4 0
5 0
6 0
7 0
8 0
9 0
10 0
11 0
12 0.967623
13 0.863431
14 0.041766
15 0.936889
16 0.062706
17 0.146295
18 0.0535898
0 0.865203
1 0.973055
2 0
3 0
4 0
5 0
6 0
7 0
8 0
9 0
10 0
11 0
12 0.972395
13 0.866087
14 0.0416964
15 0.948322
16 0.0696982
17 0.151368
18 0.0638519
0 0.667786
1 0.966385
2 0
3 0
4 0
5 0
6 0
7 0.0545455
8 0
9 0.0545455
10 0
11 0.0181818
12 0.972403
13 0.82714
14 0.0434683
15 0.961568
16 0.0541506
17 0.223273
18 0.0523537
0 0.214009
1 0.959835
2 0.0766488
3 0.134403
4 0.0745098
5 0.0916221
6 0.115508
7 0.186453
8 0.0631016
9 0.0392157
10 0.474866
11 0.704813
12 0.962322
13 0.873055
14 0.0294458
15 0.930553
16 0.0305373
17 0.267461
18 0.0312898
0 0.502198
1 0.953221
2 0.25918
3 0.331194
4 0.313369
5 0.2
6 0.281283
7 0.2
8 0.229234
9 0.536542
10 0.508734
11 0.190731
12 0.966226
13 0.87058
14 0.0240349
15 0.945968
16 0.0443506
17 0.250366
18 0.0527077
0 0.506892
1 1
2 0.2
3 0.2
4 0.2
5 0.34902
6 0.335472
7 0.209626
8 0.6
9 0.299109
10 0.2
11 0.223173
12 0.966543
13 0.838863
14 0.0364087
15 0.933383
16 0.0402379
17 0.192167
18 0.0451319
0 0.707186
1 1
2 0.129768
3 0.219608
4 0.195009
5 0
6 0.0545455
7 0.157219
8 0.165062
9 0.112656
10 0.368627
11 0.198217
12 0.972777
13 0.844376
14 0.0413468
15 0.965505
16 0.0547295
17 0.290031
18 0.0446218
0 0.0512369
1 1
2 0.0117647
3 0.0652407
4 0.182888
5 0.270588
6 0.373975
7 0.34902
8 0.104456
9 0.327273
10 0.701248
11 0.269162
12 0.955095
13 0.796123
14 0.0348743
15 0.944169
16 0.0418686
17 0.218238
18 0.0327316
0 0.694261
1 1
2 0.34902
3 0.166845
4 0.0627451
5 0.0627451
6 0.0998218
7 0.214973
8 0.124777
9 0.0934046
10 0.405704
11 0.411408
12 0.977167
13 0.89177
14 0.0345944
15 0.961615
16 0.0441694
17 0.303699
18 0.0554463
0 0.132796
1 1
2 0.160784
3 0.28057
4 0.34902
5 0.34902
6 0.34902
7 0.34902
8 0.209982
9 0.25098
10 0.154367
11 0.14902
12 0.971215
13 0.880387
14 0.0290044
15 0.947896
16 0.0297327
17 0.310766
18 0.035867
0 0.484412
1 1
2 0.34902
3 0.34902
4 0.34902
5 0.34902
6 0.34902
7 0.34902
8 0.25098
9 0.25098
10 0.14902
11 0.14902
12 0.966265
13 0.89489
14 0.039421
15 0.929842
16 0.0287057
17 0.209101
18 0.0388461
0 0.931171
1 0.642927
2 0.176471
3 0.176471
4 0.176471
5 0.176471
6 0.176471
7 0.176471
8 0.176471
9 0.176471
10 0.176471
11 0.176471
12 0.984275
13 0.891944
14 0.0540287
15 0.969992
16 0.071297
17 0.165258
18 0.110492
0 0.20554
1 0.636615
2 0
3 0
4 0
5 0
6 0
7 0
8 0
9 0
10 0
11 0
12 0.985473
13 0.891634
14 0.054656
15 0.970346
16 0.0689918
17 0.1712
18 0.11382
0 0.146507
1 0.630114
2 0
3 0
4 0
5 0
6 0
7 0
8 0
9 0
10 0
11 0
12 0.978796
13 0.891335
14 0.0545412
15 0.953235
16 0.0533134
17 0.156297
18 0.0768827
0 0.648521
1 0.623943
2 0
3 0
4 0
5 0
6 0
7 0
8 0
9 0
10 0
11 0
12 0.978618
13 0.891875
14 0.0572025
15 0.95623
16 0.0564181
17 0.156043
18 0.0796521
0 0.622023
1 0.617725
2 0
3 0
4 0
5 0
6 0
7 0
8 0
9 0
10 0
11 0
12 0.975692
13 0.905804
14 0.0515959
15 0.953773
16 0.0560635
17 0.155399
18 0.0652358
0 0.777225
1 0.611503
2 0
3 0
4 0
5 0
6 0.0727273
7 0.2
8 0
9 0.272727
10 0
11 0.0909091
12 0.972908
13 0.867192
14 0.0444446
15 0.960925
16 0.038891
17 0.223052
18 0.0626973
0 0.438472
1 0.605351
2 0.2
3 0.193939
4 0.101248
5 0.0745098
6 0.167201
7 0.176471
8 0.406774
9 0.0538324
10 0.317647
11 0.881283
12 0.956322
13 0.850517
14 0.057742
15 0.917769
16 0.0186639
17 0.249765
18 0.0209239
0 0.947751
1 0.599278
2 0.127273
3 0.308378
4 0.203922
5 0.219608
6 0.173975
7 0.0117647
8 0.0948307
9 0.088057
10 0.713369
11 0.541176
12 0.980937
13 0.869564
14 0.0463502
15 0.965884
16 0.0301796
17 0.276859
18 0.0702715
0 0.0139833
1 0.593239
2 0.370766
3 0.296257
4 0.34902
5 0.0901961
6 0.0901961
7 0.0901961
8 0.231729
9 0.0156863
10 0.38574
11 0.501961
12 0.976687
13 0.845182
14 0.05986
15 0.960732
16 0.039335
17 0.225546
18 0.0485475
0 0.374079
1 0.607721
2 0.0901961
3 0.0901961
4 0.0901961
5 0.0901961
6 0.0901961
7 0.0666667
8 0.0156863
9 0.0163993
10 0.588235
11 0.609626
12 0.961663
13 0.852134
14 0.0545231
15 0.950976
16 0.0323156
17 0.209604
18 0.0327339
0 0.820862
1 0.601774
2 0.192513
3 0.207487
4 0.0470588
5 0.0470588
6 0.105526
7 0.306239
8 0.105169
9 0.0716578
10 0.452406
11 0.54795
12 0.962111
13 0.832207
14 0.0603463
15 0.950581
16 0.0350682
17 0.216401
18 0.0329248
0 0.772318
1 0.5946
2 0.217112
3 0.0588235
4 0.0588235
5 0.0588235
6 0.0930481
7 0.225668
8 0.0488414
9 0.0588235
10 0.578966
11 0.71836
12 0.958769
13 0.816699
14 0.0678677
15 0.942262
16 0.0281206
17 0.238492
18 0.026406
0 0.750387
1 0.587279
2 0.121569
3 0.121569
4 0.121569
5 0.121569
6 0.121569
7 0.121569
8 0.0509804
9 0.0509804
10 0.85098
11 0.85098
12 0.981892
13 0.904991
14 0.0437563
15 0.972785
16 0.033706
17 0.331359
18 0.0592461
0 0.00729633
1 0.580053
2 0.254902
3 0.263458
4 0.34902
5 0.34902
6 0.34902
7 0.34902
8 0.253476
9 0.25098
10 0.216399
11 0.14902
12 0.978124
13 0.89982
14 0.0406635
15 0.957221
16 0.0205613
17 0.319065
18 0.0371567
0 0.5107
1 0.573184
2 0.34902
3 0.34902
4 0.34902
5 0.343316
6 0.317647
7 0.317647
8 0.25098
9 0.0827094
10 0.14902
11 0.673797
12 0.978686
13 0.870436
14 0.0587107
15 0.96739
16 0.0111805
17 0.51317
18 0.0163297
0 0.0256056
1 0.566916
2 0.390731
3 0.537255
4 0.537255
5 0.537255
6 0.537255
7 0.537255
8 0.0178253
9 0.0196078
10 0.827094
11 0.909804
12 0.976015
13 0.852559
14 0.0485897
15 0.96524
16 0.00962733
17 0.534808
18 0.0129952
0 0.0726734
1 0.560409
2 0.537255
3 0.537255
4 0.537255
5 0.537255
6 0.537255
7 0.537255
8 0.0196078
9 0.0196078
10 0.909804
11 0.909804
12 0.984196
13 0.894711
14 0.05102
15 0.963894
16 0.062403
17 0.156082
18 0.0822192
0 0.58771
1 0.55373
2 0
3 0
4 0
5 0
6 0
7 0
8 0
9 0
10 0
11 0
12 0.982559
13 0.894599
14 0.0680932
15 0.964246
16 0.0613028
17 0.161254
18 0.0803287
0 0.57146
1 0.547188
2 0
3 0
4 0
5 0
6 0
7 0
8 0
9 0
10 0
11 0
12 0.978898
13 0.915299
14 0.0519668
15 0.964273
16 0.0576927
17 0.194151
18 0.0538674
0 0.719493
1 0.541351
2 0
3 0
4 0.0545455
5 0.2
6 0.2
7 0.321925
8 0.0545455
9 0.504813
10 0.0181818
11 0.186096
12 0.965449
13 0.839573
14 0.0595147
15 0.949759
16 0.0253374
17 0.242936
18 0.0256985
0 0.827045
1 0.535458
2 0.34902
3 0.224955
4 0.101961
5 0.1041
6 0.113725
7 0.113725
8 0.136185
9 0.0153298
10 0.506952
11 0.721925
12 0.970012
13 0.849856
14 0.0651585
15 0.95733
16 0.0271077
17 0.27474
18 0.0286468
0 0.600398
1 0.52966
2 0.266667
3 0.184314
4 0.184314
5 0.184314
6 0.184314
7 0.184314
8 0.0680927
9 0.0196078
10 0.572192
11 0.647059
12 0.969608
13 0.850071
14 0.0718333
15 0.950679
16 0.0315112
17 0.225583
18 0.0304085
0 0.795979
1 0.52392
2 0.113725
3 0.113725
4 0.113725
5 0.113725
6 0.113725
7 0.113725
8 0.0156863
9 0.0156863
10 0.584314
11 0.584314
12 0.980682
13 0.863219
14 0.0728041
15 0.971818
16 0.0377376
17 0.271428
18 0.0455376
0 0.203159
1 0.518111
2 0.164706
3 0.164706
4 0.164706
5 0.164706
6 0.164706
7 0.164706
8 0.0156863
9 0.0156863
10 0.505882
11 0.505882
12 0.973738
13 0.869055
14 0.0582
15 0.961138
16 0.0206898
17 0.350745
18 0.0197432
0 0.475404
1 0.512416
2 0.305882
3 0.305882
4 0.305882
5 0.328699
6 0.337255
7 0.337255
8 0.0196078
9 0.308378
10 0.658824
11 0.366488
12 0.981333
13 0.907999
14 0.0456498
15 0.968832
16 0.0255724
17 0.29903
18 0.0430471
0 0.372719
1 0.327808
2 0.286275
3 0.286275
4 0.286274
5 0.286275
6 0.286275
7 0.286274
8 0.286275
9 0.286275
10 0.286275
11 0.286275
12 0.973734
13 0.874103
14 0.0704877
15 0.953881
16 0.0128503
17 0.361058
18 0.0159459
0 0.671199
1 0.320735
2 0.329412
3 0.329412
4 0.329412
5 0.329412
6 0.329412
7 0.329412
8 0.0196078
9 0.0196078
10 0.72549
11 0.72549
12 0.979548
13 0.919618
14 0.0441903
15 0.963464
16 0.0193447
17 0.320067
18 0.032619
0 0.572685
1 0.314111
2 0.34902
3 0.34902
4 0.34902
5 0.34902
6 0.34902
7 0.34902
8 0.25098
9 0.25098
10 0.14902
11 0.14902
12 0.983033
13 0.895946
14 0.0592862
15 0.967586
16 0.0462119
17 0.179896
18 0.0638035
0 0.642002
1 0.307892
2 0.285562
3 0
4 0
5 0
6 0
7 0
8 0.0684492
9 0
10 0.0406417
11 0
12 0.987437
13 0.913488
14 0.0792365
15 0.973512
16 0.0613142
17 0.167296
18 0.0929812
0 0.407194
1 0.302001
2 0
3 0
4 0
5 0
6 0
7 0
8 0
9 0
10 0
11 0
12 0.989237
13 0.913956
14 0.0787438
15 0.976951
16 0.0635869
17 0.173512
18 0.102947
0 0.260272
1 0.295951
2 0
3 0
4 0
5 0
6 0
7 0
8 0
9 0
10 0
11 0
12 0.990481
13 0.91432
14 0.0757687
15 0.982622
16 0.0690381
17 0.211273
18 0.0973002
0 0.0523758
1 0.342203
2 0
3 0
4 0
5 0.0998218
6 0.137255
7 0.137255
8 0
9 0.0178253
10 0
11 0.588235
12 0.98459
13 0.868524
14 0.0819084
15 0.971804
16 0.0353387
17 0.249153
18 0.0425073
0 0.338905
1 0.336211
2 0.0770053
3 0.105882
4 0.105882
5 0.105882
6 0.105882
7 0.105882
8 0.0178253
9 0.0196078
10 0.616756
11 0.678431
12 0.984744
13 0.869919
14 0.0748359
15 0.977255
16 0.0341577
17 0.294088
18 0.0391419
0 0.130429
1 0.330313
2 0.164706
3 0.164706
4 0.164706
5 0.205704
6 0.170053
7 0.183601
8 0.0196078
9 0.133333
10 0.658824
11 0.584314
12 0.973636
13 0.837518
14 0.0688966
15 0.96802
16 0.0273948
17 0.235285
18 0.0241229
0 0.677024
1 0.324549
2 0.274153
3 0.248128
4 0.027451
5 0.027451
6 0.027451
7 0.290553
8 0.0655971
9 0.0713012
10 0.768271
11 0.702317
12 0.976769
13 0.879897
14 0.0591538
15 0.974405
16 0.0335736
17 0.272753
18 0.0298635
0 0.502483
1 0.318867
2 0.34902
3 0.227451
4 0.0352941
5 0.168627
6 0.239929
7 0.247059
8 0.149376
9 0.0737968
10 0.338324
11 0.537968
12 0.981284
13 0.869675
14 0.0785935
15 0.967531
16 0.0305765
17 0.257509
18 0.0311237
0 0.561439
1 0.313046
2 0.141176
3 0.141176
4 0.141176
5 0.141176
6 0.141176
7 0.141176
8 0.0156863
9 0.0156863
10 0.611765
11 0.611765
12 0.983372
13 0.878028
14 0.0605756
15 0.977315
16 0.0315788
17 0.273394
18 0.0424719
0 0.250049
1 0.307222
2 0.301961
3 0.287344
4 0.141176
5 0.141176
6 0.141176
7 0.141176
8 0.197861
9 0.0156863
10 0.414617
11 0.611765
12 0.977259
13 0.902921
14 0.0475887
15 0.959707
16 0.0234115
17 0.271725
18 0.0269256
0 0.889082
1 0.301106
2 0.258824
3 0.258824
4 0.258824
5 0.258824
6 0.258824
7 0.258823
8 0.258824
9 0.258824
10 0.258824
11 0.258824
12 0.986257
13 0.866143
14 0.0629796
15 0.980765
16 0.0352969
17 0.369191
18 0.0304628
0 0.0716274
1 0.396736
2 0.209269
3 0.156863
4 0.261676
5 0.34902
6 0.34902
7 0.34902
8 0.0798574
9 0.25098
10 0.688057
11 0.14902
12 0.982717
13 0.905797
14 0.0399055
15 0.970061
16 0.0231347
17 0.33308
18 0.0279481
0 0.572816
1 0.390017
2 0.34902
3 0.34902
4 0.34902
5 0.34902
6 0.34902
7 0.34902
8 0.25098
9 0.25098
10 0.14902
11 0.14902
12 0.980984
13 0.905732
14 0.0414989
15 0.963384
16 0.0210471
17 0.320201
18 0.0236381
0 0.778185
1 0.383544
2 0.34902
3 0.34902
4 0.34902
5 0.34902
6 0.34902
7 0.253832
8 0.25098
9 0.228164
10 0.14902
11 0.135472
12 0.986608
13 0.906236
14 0.0692041
15 0.969916
16 0.0678243
17 0.157621
18 0.0657939
0 0.774674
1 0.37731
2 0
3 0
4 0
5 0
6 0
7 0
8 0
9 0
10 0
11 0
12 0.984657
13 0.905727
14 0.0781236
15 0.966501
16 0.0636016
17 0.159839
18 0.0590085
0 0.854211
1 0.371331
2 0
3 0
4 0
5 0
6 0
7 0
8 0
9 0
10 0
11 0
12 0.984833
13 0.905945
14 0.0789003
15 0.967558
16 0.065511
17 0.160574
18 0.0602966
0 0.832658
1 0.365352
2 0
3 0
4 0
5 0
6 0
7 0
8 0
9 0
10 0
11 0
12 0.982078
13 0.895705
14 0.0551601
15 0.969727
16 0.0353616
17 0.266921
18 0.0337193
0 0.683245
1 0.359371
2 0.215686
3 0.215686
4 0.215686
5 0.215686
6 0.215686
7 0.215686
8 0.215686
9 0.215686
10 0.215686
11 0.215686
12 0.986374
13 0.850107
14 0.0790557
15 0.978804
16 0.0502409
17 0.256614
18 0.0386584
0 0.298928
1 0.353354
2 0.137611
3 0.0862745
4 0.0862745
5 0.0862745
6 0.0862745
7 0.0862745
8 0.0427807
9 0.0196078
10 0.684492
11 0.72549
12 0.97644
13 0.901296
14 0.045881
15 0.967002
16 0.0203356
17 0.330175
18 0.021972
0 0.862512
1 0.347177
2 0.2
3 0.425312
4 0.34902
5 0.34902
6 0.404635
7 0.501961
8 0.425668
9 0.145811
10 0.233868
11 0.384314
12 0.979759
13 0.84384
14 0.0594719
15 0.968149
16 0.0195328
17 0.295343
18 0.0147128
0 0.63425
1 0.340842
2 0.509804
3 0.509804
4 0.231729
5 0
6 0.0812835
7 0.223529
8 0.0167558
9 0.103743
10 0.748663
11 0.595722
12 0.986818
13 0.852124
14 0.0677074
15 0.980433
16 0.0466613
17 0.273111
18 0.0423233
0 0.211769
1 0.436686
2 0.0980392
3 0.213191
4 0.212834
5 0.205704
6 0.057754
7 0.2082
8 0.116578
9 0.115152
10 0.631373
11 0.465597
12 0.981557
13 0.866818
14 0.0440034
15 0.971343
16 0.0478945
17 0.242525
18 0.0428677
0 0.706658
1 0.53297
2 0.34902
3 0.0862745
4 0.181818
5 0.141176
6 0.0941177
7 0.0941176
8 0.279144
9 0.0385027
10 0.132977
11 0.559002
12 0.981859
13 0.846162
14 0.0736228
15 0.97001
16 0.0468656
17 0.255156
18 0.0259181
0 0.690603
1 0.526618
2 0.133333
3 0.133333
4 0.133333
5 0.133333
6 0.133333
7 0.133333
8 0.0156863
9 0.0156863
10 0.537255
11 0.537255
12 0.977068
13 0.823063
14 0.0838834
15 0.964634
16 0.0545365
17 0.216924
18 0.0245511
0 0.884725
1 0.520186
2 0.0470588
3 0.0470588
4 0.0470588
5 0.0470588
6 0.0470588
7 0.0470588
8 0.00392157
9 0.00392157
10 0.717647
11 0.717647
12 0.984829
13 0.901158
14 0.0415795
15 0.975378
16 0.0345057
17 0.304538
18 0.0360272
0 0.405448
1 0.332225
2 0.34902
3 0.34902
4 0.34902
5 0.281283
6 0.2
7 0.161497
8 0.25098
9 0.414617
10 0.14902
11 0.177897
12 0.978477
13 0.841841
14 0.0600991
15 0.962254
16 0.0128483
17 0.424012
18 0.00754986
0 0.759119
1 0.325811
2 0.435294
3 0.435294
4 0.435294
5 0.34902
6 0.34902
7 0.34902
8 0.0196078
9 0.25098
10 0.921569
11 0.14902
12 0.987458
13 0.893419
14 0.0423332
15 0.975152
16 0.0259599
17 0.28106
18 0.0432138
0 0.407293
1 0.31885
2 0.34902
3 0.34902
4 0.34902
5 0.34902
6 0.031729
7 0
8 0.25098
9 0.0912656
10 0.14902
11 0.0541889
12 0.992043
13 0.909627
14 0.0731433
15 0.983838
16 0.0958081
17 0.176125
18 0.0930658
0 0.294025
1 0.312243
2 0
3 0
4 0
5 0
6 0
7 0
8 0
9 0
10 0
11 0
12 0.987785
13 0.907837
14 0.0782955
15 0.972235
16 0.069695
17 0.167495
18 0.0579099
0 0.803859
1 0.305634
2 0
3 0
4 0
5 0
6 0
7 0
8 0
9 0
10 0
11 0
12 0.992569
13 0.910213
14 0.0814915
15 0.985602
16 0.0994527
17 0.184622
18 0.0973269
0 0.176396
1 0.299181
2 0
3 0
4 0
5 0
6 0
7 0
8 0
9 0
10 0
11 0
12 0.991571
13 0.909477
14 0.0779302
15 0.981853
16 0.0841765
17 0.181072
18 0.0795641
0 0.393543
1 0.292898
2 0
3 0
4 0
5 0
6 0
7 0
8 0
9 0
10 0
11 0
12 0.990563
13 0.909908
14 0.0792163
15 0.979808
16 0.0801202
17 0.175449
18 0.0717669
0 0.538102
1 0.286629
2 0
3 0
4 0
5 0
6 0
7 0
8 0
9 0
10 0
11 0
12 0.990204
13 0.911178
14 0.072823
15 0.97698
16 0.0578696
17 0.205901
18 0.0690697
0 0.603507
1 0.280256
2 0
3 0.0181818
4 0.186096
5 0.0666667
6 0.0666667
7 0.0666667
8 0.131907
9 0.00392157
10 0.0499109
11 0.886275
12 0.988949
13 0.86714
14 0.063056
15 0.983252
16 0.0173488
17 0.448174
18 0.0151758
0 0.194338
1 0.273769
2 0.443137
3 0.372549
4 0.372549
5 0.372549
6 0.372549
7 0.372549
8 0.107308
9 0.0196078
10 0.607843
11 0.631373
12 0.989839
13 0.902032
14 0.0473125
15 0.978172
16 0.0291321
17 0.269339
18 0.0408791
0 0.52132
1 0.267417
2 0.208913
3 0.327629
4 0.34902
5 0.141176
6 0.131194
7 0.177897
8 0.224242
9 0.083779
10 0.226381
11 0.477362
12 0.990554
13 0.896819
14 0.0465757
15 0.987337
16 0.0516893
17 0.244198
18 0.046064
0 0.215826
1 0.260426
2 0.34902
3 0.335472
4 0.0363636
5 0.0909091
6 0.0877005
7 0.102674
8 0.21426
9 0.132264
10 0.113012
11 0.291622
12 0.99258
13 0.890686
14 0.0523158
15 0.98697
16 0.0369456
17 0.29619
18 0.0565085
0 0.0225557
1 0.253992
2 0.298039
3 0.298039
4 0.298039
5 0.144029
6 0.0862745
7 0.0862745
8 0.298039
9 0.0413547
10 0.298039
11 0.533333
12 0.990495
13 0.881947
14 0.0597503
15 0.982623
16 0.0402797
17 0.336128
18 0.0281436
0 0.400764
1 0.247497
2 0.0627451
3 0.134046
4 0.295187
5 0.301961
6 0.301961
7 0.301961
8 0.148663
9 0.301961
10 0.554367
11 0.301961
12 0.991257
13 0.847901
14 0.0849007
15 0.986308
16 0.0450231
17 0.31024
18 0.0279634
0 0.149778
1 0.241
2 0.133333
3 0.133333
4 0.133333
5 0.133333
6 0.133333
7 0.133333
8 0.0196078
9 0.0196078
10 0.847059
11 0.847059
12 0.991025
13 0.902178
14 0.0598196
15 0.984089
16 0.0329182
17 0.346704
18 0.0292451
0 0.301057
1 0.234419
2 0.0352941
3 0.320499
4 0.34902
5 0.34902
6 0.34902
7 0.34902
8 0.161141
9 0.25098
10 0.355793
11 0.14902
12 0.986396
13 0.90164
14 0.0423092
15 0.967917
16 0.0171238
17 0.283369
18 0.0208899
0 0.97274
1 0.227924
2 0.34902
3 0.34902
4 0.34902
5 0.34902
6 0.126916
7 0
8 0.25098
9 0.114082
10 0.14902
11 0.0677362
12 0.984927
13 0.847989
14 0.0888825
15 0.973813
16 0.027184
17 0.293005
18 0.013275
0 0.879112
1 0.221792
2 0.160784
3 0.160784
4 0.160784
5 0.160784
6 0.160784
7 0.160784
8 0.00392157
9 0.00392157
10 0.866667
11 0.866667
12 0.98542
13 0.848438
14 0.0930649
15 0.977196
16 0.037102
17 0.266671
18 0.0190159
0 0.727629
1 0.215695
2 0.101961
3 0.101961
4 0.101961
5 0.101961
6 0.101961
7 0.101961
8 0.00392157
9 0.00392157
10 0.847059
11 0.847059
12 0.994255
13 0.915878
14 0.0794282
15 0.989874
16 0.105779
17 0.189618
18 0.108746
0 0.023289
1 0.209654
2 0
3 0
4 0
5 0
6 0
7 0
8 0
9 0
10 0
11 0
12 0.990752
13 0.914417
14 0.0778716
15 0.978215
16 0.0640322
17 0.172208
18 0.0545424
0 0.798915
1 0.203498
2 0
3 0
4 0
5 0
6 0
7 0
8 0
9 0
10 0
11 0
12 0.993916
13 0.916315
14 0.0840065
15 0.988043
16 0.0915085
17 0.186222
18 0.0890965
0 0.24827
1 0.197178
2 0
3 0
4 0
5 0
6 0
7 0.0171123
8 0
9 0.000713012
10 0
11 0.165419
12 0.993942
13 0.869223
14 0.0735512
15 0.984115
16 0.0248739
17 0.412598
18 0.0390712
0 0.130716
1 0.19063
2 0.00784314
3 0.025312
4 0.60107
5 0.462032
6 0.188235
7 0.188235
8 0.245276
9 0.19287
10 0.782888
11 0.847415
12 0.991395
13 0.865636
14 0.0707755
15 0.98471
16 0.0214252
17 0.382022
18 0.0155495
0 0.345106
1 0.184068
2 0.229947
3 0.282353
4 0.282353
5 0.282353
6 0.282353
7 0.282353
8 0.0196078
9 0.0196078
10 0.756863
11 0.745098
12 0.988509
13 0.879188
14 0.0498299
15 0.984001
16 0.031028
17 0.321751
18 0.0167247
0 0.666397
1 0.177442
2 0.34902
3 0.209269
4 0.129412
5 0.23066
6 0.249198
7 0.34902
8 0.124777
9 0.173619
10 0.469875
11 0.416043
12 0.987039
13 0.87914
14 0.0712375
15 0.976899
16 0.0370456
17 0.207827
18 0.0229685
0 0.93745
1 0.170822
2 0.027451
3 0.289127
4 0.0545455
5 0.0909091
6 0.0181818
7 0
8 0.149376
9 0.109091
10 0.553654
11 0.0363636
12 0.985547
13 0.864762
14 0.0670513
15 0.978985
16 0.0252392
17 0.286993
18 0.0156802
0 0.842075
1 0.164325
2 0.368627
3 0.219964
4 0.121569
5 0.121569
6 0.121569
7 0.121569
8 0.154724
9 0.00392157
10 0.621747
11 0.894118
12 0.986147
13 0.865919
14 0.0877091
15 0.97544
16 0.0321321
17 0.256339
18 0.0173932
0 0.961881
1 0.157837
2 0.113725
3 0.113725
4 0.113725
5 0.113725
6 0.113725
7 0.113725
8 0.0196078
9 0.0196078
10 0.701961
11 0.701961
12 0.986923
13 0.856842
14 0.0828343
15 0.978104
16 0.015776
17 0.382722
18 0.00942724
0 0.747473
1 0.151267
2 0.290196
3 0.290196
4 0.290196
5 0.290196
6 0.290196
7 0.290196
8 0.0196078
9 0.0196078
10 0.827451
11 0.827451
12 0.992133
13 0.901658
14 0.038881
15 0.986165
16 0.0251522
17 0.356966
18 0.0268675
0 0.338817
1 0.14475
2 0.34902
3 0.327629
4 0.32549
5 0.32549
6 0.305882
7 0.109804
8 0.298396
9 0.21426
10 0.261319
11 0.411052
12 0.990437
13 0.906436
14 0.0504087
15 0.982683
16 0.0399328
17 0.19943
18 0.035048
0 0.795496
1 0.138403
2 0.34902
3 0.222103
4 0
5 0
6 0
7 0
8 0.136898
9 0
10 0.0812834
11 0
12 0.992243
13 0.918657
14 0.0855195
15 0.983444
16 0.071933
17 0.170705
18 0.0631663
0 0.725866
1 0.132043
2 0
3 0
4 0
5 0
6 0
7 0
8 0
9 0
10 0
11 0
12 0.994339
13 0.919496
14 0.0863721
15 0.988422
16 0.0819244
17 0.185669
18 0.0821902
0 0.352097
1 0.125643
2 0
3 0
4 0
5 0
6 0
7 0
8 0
9 0
10 0
11 0
12 0.995353
13 0.920079
14 0.0836973
15 0.990492
16 0.0870329
17 0.193352
18 0.0945629
0 0.156506
1 0.119233
2 0
3 0
4 0
5 0
6 0
7 0
8 0
9 0
10 0
11 0
12 0.992383
13 0.919133
14 0.0817405
15 0.982502
16 0.0618989
17 0.174191
18 0.0571764
0 0.786065
1 0.11282
2 0
3 0
4 0
5 0
6 0
7 0
8 0
9 0
10 0
11 0
12 0.993181
13 0.920078
14 0.0868547
15 0.98553
16 0.0710203
17 0.176767
18 0.0667716
0 0.632318
1 0.106429
2 0
3 0
4 0
5 0
6 0
7 0
8 0
9 0
10 0
11 0
12 0.989483
13 0.878725
14 0.0850262
15 0.97963
16 0.0380311
17 0.239949
18 0.0223713
0 0.942032
1 0.203811
2 0.0912656
3 0.105526
4 0.0791444
5 0.0862745
6 0.0862745
7 0.0862745
8 0.0588235
9 0.00392157
10 0.475936
11 0.898039
12 0.991053
13 0.840471
14 0.0967809
15 0.985078
16 0.0395614
17 0.319764
18 0.0175576
0 0.582556
1 0.26729
2 0.0823529
3 0.0823529
4 0.152941
5 0.168627
6 0.168627
7 0.168627
8 0.00819964
9 0.0196078
10 0.856328
11 0.745098
12 0.993208
13 0.868159
14 0.049425
15 0.990584
16 0.0430465
17 0.40635
18 0.0192493
0 0.225844
1 0.26124
2 0.306239
3 0.113725
4 0.186453
5 0.34902
6 0.34902
7 0.34902
8 0.124064
9 0.25098
10 0.513369
11 0.14902
12 0.994688
13 0.90042
14 0.0428449
15 0.991431
16 0.0834146
17 0.229571
18 0.0671224
0 0.243703
1 0.255142
2 0.240642
3 0.0181818
4 0
5 0.109091
6 0
7 0.0641711
8 0.186453
9 0.11016
10 0.0680927
11 0.236364
12 0.994688
13 0.855981
14 0.07575
15 0.991518
16 0.0560757
17 0.398323
18 0.0191734
0 0.152678
1 0.249153
2 0.054902
3 0.054902
4 0.135116
5 0.34902
6 0.34902
7 0.34902
8 0.0263815
9 0.25098
10 0.712299
11 0.14902
12 0.994392
13 0.857185
14 0.0793231
15 0.990552
16 0.0575716
17 0.289962
18 0.0323752
0 0.189761
1 0.243166
2 0.0862745
3 0.0862745
4 0.0862745
5 0.0862745
6 0.0862745
7 0.0862745
8 0.0196078
9 0.0196078
10 0.701961
11 0.701961
12 0.994187
13 0.889076
14 0.0474463
15 0.989087
16 0.0267088
17 0.395953
18 0.019863
0 0.300654
1 0.237043
2 0.227094
3 0.34902
4 0.34902
5 0.34902
6 0.34902
7 0.34902
8 0.187879
9 0.25098
10 0.356506
11 0.14902
12 0.991838
13 0.901089
14 0.0328065
15 0.981811
16 0.018846
17 0.356413
18 0.0140093
0 0.926229
1 0.230872
2 0.34902
3 0.34902
4 0.34902
5 0.34902
6 0.34902
7 0.34902
8 0.25098
9 0.25098
10 0.14902
11 0.14902
12 0.995494
13 0.885796
14 0.0470285
15 0.993612
16 0.0537969
17 0.266319
18 0.0405256
0 0.0419315
1 0.224567
2 0.34902
3 0.319786
4 0.027451
5 0.027451
6 0.027451
7 0.216756
8 0.166845
9 0.0848485
10 0.342959
11 0.566845
12 0.994563
13 0.893511
14 0.0489874
15 0.989272
16 0.0352759
17 0.254189
18 0.046203
0 0.325442
1 0.218261
2 0.301961
3 0.301961
4 0.219608
5 0
6 0
7 0
8 0.27451
9 0
10 0.27451
11 0
12 0.99602
13 0.91376
14 0.0726169
15 0.992419
16 0.107056
17 0.194423
18 0.0947997
0 0.15778
1 0.211968
2 0
3 0
4 0
5 0
6 0
7 0.0545455
8 0
9 0.0545455
10 0
11 0.0181818
12 0.995571
13 0.900121
14 0.0266069
15 0.992759
16 0.0658385
17 0.314494
18 0.0585224
0 0.0781996
1 0.205614
2 0.2
3 0.2
4 0.2
5 0.2
6 0.2
7 0.0363636
8 0.6
9 0.436364
10 0.2
11 0.145455
12 0.992969
13 0.906334
14 0.0658475
15 0.98315
16 0.0714972
17 0.172303
18 0.0451041
0 0.980103
1 0.302691
2 0
3 0
4 0
5 0
6 0
7 0
8 0
9 0
10 0
11 0
12 0.994374
13 0.90012
14 0.0748018
15 0.988618
16 0.0984676
17 0.187835
18 0.0607794
0 0.57846
1 0.399864
2 0
3 0
4 0
5 0
6 0
7 0
8 0
9 0
10 0
11 0
12 0.991991
13 0.857841
14 0.06191
15 0.984035
16 0.0350675
17 0.307407
18 0.0149576
0 0.869206
1 0.47364
2 0.180392
3 0.17861
4 0.173619
5 0.184314
6 0.184314
7 0.184314
8 0.11836
9 0.00392157
10 0.427807
11 0.866667
12 0.990316
13 0.812923
14 0.0821379
15 0.981423
16 0.0303458
17 0.33815
18 0.00854965
0 0.989464
1 0.467047
2 0.105882
3 0.157576
4 0.203922
5 0.203922
6 0.203922
7 0.203922
8 0.00392157
9 0.00392157
10 0.889483
11 0.866667
12 0.993004
13 0.818066
14 0.0626913
15 0.990487
16 0.0475349
17 0.386179
18 0.00936199
0 0.40296
1 0.460385
2 0.179679
3 0.298752
4 0.109804
5 0.17041
6 0.34902
7 0.34902
8 0.0196078
9 0.201783
10 0.849198
11 0.268806
12 0.991843
13 0.880983
14 0.0318964
15 0.984558
16 0.0390967
17 0.239609
18 0.0283911
0 0.81081
1 0.45388
2 0.34902
3 0.308378
4 0.172549
5 0
6 0.0545455
7 0
8 0.323351
9 0.0545455
10 0.149376
11 0.0181818
12 0.996193
13 0.893054
14 0.0455986
15 0.991855
16 0.0525322
17 0.360705
18 0.0350382
0 0.202894
1 0.447531
2 0.0545455
3 0.222103
4 0.34902
5 0.34902
6 0.34902
7 0.34902
8 0.191444
9 0.25098
10 0.0994652
11 0.14902
12 0.994574
13 0.843294
14 0.0663058
15 0.989188
16 0.0465005
17 0.307613
18 0.0186769
0 0.525587
1 0.441027
2 0.141176
3 0.141176
4 0.141176
5 0.141176
6 0.141176
7 0.141176
8 0.0196078
9 0.0196078
10 0.619608
11 0.619608
12 0.993427
13 0.815094
14 0.0854713
15 0.9888
16 0.0523891
17 0.297077
18 0.018378
0 0.507939
1 0.434453
2 0.0784314
3 0.0784314
4 0.107308
5 0.155793
6 0.027451
7 0.027451
8 0.00534759
9 0.0196078
10 0.892335
11 0.716934
12 0.99544
13 0.867453
14 0.0555714
15 0.991422
16 0.0533858
17 0.391974
18 0.0267516
0 0.216559
1 0.427867
2 0.0235294
3 0.108734
4 0.34902
5 0.34902
6 0.34902
7 0.34902
8 0.122638
9 0.25098
10 0.42139
11 0.14902
12 0.99434
13 0.885539
14 0.029854
15 0.985053
16 0.0223562
17 0.356204
18 0.014972
0 0.69641
1 0.421197
2 0.34902
3 0.34902
4 0.34902
5 0.34902
6 0.304456
7 0
8 0.25098
9 0.182175
10 0.14902
11 0.145098
12 0.996323
13 0.861417
14 0.0742133
15 0.993284
16 0.0812343
17 0.26407
18 0.0416274
0 0.128903
1 0.41437
2 0
3 0.111586
4 0.0862745
5 0.0862745
6 0.0862745
7 0.0862745
8 0.027451
9 0.0156863
10 0.493761
11 0.870588
12 0.995544
13 0.89818
14 0.0692699
15 0.991434
16 0.109014
17 0.191341
18 0.0698305
0 0.374938
1 0.4075
2 0
3 0
4 0
5 0
6 0
7 0
8 0
9 0
10 0
11 0
12 0.995852
13 0.898417
14 0.0726116
15 0.991663
16 0.105798
17 0.193839
18 0.0681935
0 0.359759
1 0.400748
2 0
3 0
4 0
5 0
6 0
7 0
8 0
9 0
10 0
11 0
12 0.996282
13 0.899109
14 0.0728671
15 0.992688
16 0.111618
17 0.196581
18 0.0753766
0 0.240877
1 0.394129
2 0
3 0
4 0
5 0
6 0
7 0
8 0
9 0
10 0
11 0
12 0.993641
13 0.89838
14 0.0707246
15 0.985913
16 0.0779536
17 0.17411
18 0.042652
0 0.930352
1 0.387639
2 0
3 0
4 0
5 0
6 0
7 0
8 0
9 0
10 0
11 0
12 0.993873
13 0.899149
14 0.0754482
15 0.987236
16 0.0856554
17 0.17227
18 0.0475554
0 0.860064
1 0.38131
2 0
3 0
4 0
5 0
6 0
7 0
8 0
9 0
10 0
11 0
12 0.995639
13 0.880406
14 0.0322311
15 0.990815
16 0.0193663
17 0.348629
18 0.0219389
0 0.384547
1 0.375039
2 0.52656
3 0.34902
4 0.34902
5 0.286988
6 0.0602496
7 0.196078
8 0.319073
9 0.0877005
10 0.226381
11 0.54795
12 0.993829
13 0.833511
14 0.0707007
15 0.986375
16 0.0228965
17 0.350555
18 0.00804654
0 0.849867
1 0.368764
2 0.189661
3 0.243137
4 0.243137
5 0.243137
6 0.243137
7 0.204635
8 0.0181818
9 0.0181818
10 0.77754
11 0.775045
12 0.995587
13 0.879753
14 0.0426693
15 0.991016
16 0.0329323
17 0.271514
18 0.0321769
0 0.360589
1 0.362405
2 0.293405
3 0.34902
4 0.270945
5 0.0627451
6 0.0627451
7 0.104456
8 0.207487
9 0.0374332
10 0.284848
11 0.846702
12 0.994619
13 0.869499
14 0.0417855
15 0.99207
16 0.0689185
17 0.29155
18 0.0165847
0 0.609663
1 0.355983
2 0.257041
3 0.20713
4 0
5 0.0363637
6 0.294831
7 0.34902
8 0.17041
9 0.245989
10 0.397148
11 0.117647
12 0.996269
13 0.889487
14 0.0320955
15 0.992024
16 0.0280195
17 0.391977
18 0.0176981
0 0.330227
1 0.349672
2 0.34902
3 0.34902
4 0.34902
5 0.34902
6 0.34902
7 0.34902
8 0.25098
9 0.25098
10 0.14902
11 0.14902
12 0.997268
13 0.891223
14 0.0281879
15 0.994053
16 0.0311421
17 0.397179
18 0.022936
0 0.0847122
1 0.343324
2 0.34902
3 0.34902
4 0.34902
5 0.34902
6 0.34902
7 0.34902
8 0.25098
9 0.25098
10 0.14902
11 0.14902
12 0.995573
13 0.851898
14 0.0621556
15 0.991804
16 0.0709385
17 0.320534
18 0.0143594
0 0.565389
1 0.337041
2 0.0235294
3 0.0235294
4 0.0235294
5 0.34902
6 0.247772
7 0.141176
8 0.0196078
9 0.250267
10 0.635294
11 0.336898
12 0.996559
13 0.891481
14 0.0313324
15 0.992874
16 0.0284921
17 0.395442
18 0.0190163
0 0.233627
1 0.330245
2 0.34902
3 0.34902
4 0.34902
5 0.34902
6 0.34902
7 0.34902
8 0.25098
9 0.25098
10 0.14902
11 0.14902
12 0.997527
13 0.904263
14 0.063084
15 0.996144
16 0.127821
17 0.262264
18 0.0612338
0 0.0150574
1 0.323829
2 0
3 0
4 0
5 0
6 0.344385
7 0.541176
8 0
9 0.0106952
10 0
11 0.496257
12 0.99695
13 0.86095
14 0.0896612
15 0.990198
16 0.00541167
17 0.586258
18 0.00378324
0 0.369407
1 0.317398
2 0
3 0.638146
4 0.701961
5 0.701961
6 0.701961
7 0.701961
8 0.0124777
9 0.0196078
10 0.586453
11 0.921569
12 0.993996
13 0.825597
14 0.0678162
15 0.987696
16 0.0388809
17 0.271779
18 0.0112524
0 0.947997
1 0.309363
2 0.0901961
3 0.0901961
4 0.0901961
5 0.0901961
6 0.0901961
7 0.0901961
8 0.0196078
9 0.0196078
10 0.929412
11 0.929412
12 0.996906
13 0.905466
14 0.0744251
15 0.994741
16 0.125364
17 0.188045
18 0.0972891
0 0.0422
1 0.303062
2 0
3 0
4 0
5 0
6 0
7 0
8 0
9 0
10 0
11 0
12 0.994713
13 0.904112
14 0.0717523
15 0.987899
16 0.0696925
17 0.168608
18 0.042299
0 0.922995
1 0.294541
2 0
3 0
4 0
5 0
6 0
7 0
8 0
9 0
10 0
11 0
12 0.9943
13 0.904857
14 0.0780863
15 0.987706
16 0.074758
17 0.160695
18 0.0435452
0 0.991255
1 0.288148
2 0
3 0
4 0
5 0
6 0
7 0
8 0
9 0
10 0
11 0
12 0.995632
13 0.847745
14 0.0887065
15 0.991544
16 0.0340485
17 0.354135
18 0.0134768
0 0.568969
1 0.281748
2 0.0516934
3 0.123351
4 0.219608
5 0.262745
6 0.262745
7 0.262745
8 0.140463
9 0.0196078
10 0.735829
11 0.611765
12 0.99676
13 0.860315
14 0.0658602
15 0.993583
16 0.0267736
17 0.374685
18 0.0142886
0 0.196993
1 0.275435
2 0.254902
3 0.254902
4 0.254902
5 0.254902
6 0.254902
7 0.254902
8 0.0196078
9 0.0196078
10 0.611765
11 0.611765
12 0.995252
13 0.857308
14 0.0595267
15 0.99017
16 0.0338229
17 0.306061
18 0.0125637
0 0.726076
1 0.269204
2 0.192157
3 0.192157
4 0.192157
5 0.190731
6 0.150089
7 0.262389
8 0.0196078
9 0.164706
10 0.639216
11 0.362923
12 0.995934
13 0.902111
14 0.0484489
15 0.992817
16 0.0808099
17 0.263182
18 0.037402
0 0.555104
1 0.263107
2 0.0545455
3 0.0545455
4 0.109091
5 0.0363637
6 0.380036
7 0.309804
8 0.218182
9 0.120143
10 0.0727273
11 0.562923
12 0.996795
13 0.882076
14 0.0436332
15 0.992355
16 0.02457
17 0.384603
18 0.0131972
0 0.41317
1 0.256916
2 0.217469
3 0.34902
4 0.34902
5 0.34902
6 0.34902
7 0.323351
8 0.187879
9 0.251337
10 0.358645
11 0.158645
12 0.997204
13 0.898223
14 0.0280107
15 0.993553
16 0.0248384
17 0.377217
18 0.0185043
0 0.295905
1 0.250831
2 0.34902
3 0.34902
4 0.34902
5 0.34902
6 0.34902
7 0.34902
8 0.25098
9 0.25098
10 0.14902
11 0.14902
12 0.995821
13 0.897611
14 0.0274941
15 0.989093
16 0.0182157
17 0.349292
18 0.0113606
0 0.864111
1 0.244685
2 0.34902
3 0.34902
4 0.34902
5 0.34902
6 0.34902
7 0.34902
8 0.25098
9 0.25098
10 0.14902
11 0.14902
12 0.99763
13 0.899407
14 0.0325327
15 0.993993
16 0.0233907
17 0.352811
18 0.02393
0 0.151672
1 0.238614
2 0.34902
3 0.34902
4 0.34902
5 0.34902
6 0.263458
7 0.113725
8 0.25098
9 0.145811
10 0.14902
11 0.368271
12 0.995835
13 0.890463
14 0.0401463
15 0.989353
16 0.0273398
17 0.214304
18 0.0278872
0 0.818364
1 0.232534
2 0.290196
3 0.290196
4 0.211052
5 0
6 0
7 0
8 0.263815
9 0
10 0.263815
11 0
12 0.99511
13 0.908252
14 0.0772315
15 0.989528
16 0.0762599
17 0.154079
18 0.0496204
0 0.927523
1 0.226518
2 0
3 0
4 0
5 0
6 0
7 0
8 0
9 0
10 0
11 0
12 0.995655
13 0.908156
14 0.0825856
15 0.990807
16 0.077905
17 0.162013
18 0.0527536
0 0.779862
1 0.22045
2 0
3 0
4 0
5 0
6 0
7 0
8 0
9 0
10 0
11 0
12 0.997126
13 0.90939
14 0.0825412
15 0.994337
16 0.0975937
17 0.175465
18 0.0777568
0 0.294482
1 0.214023
2 0
3 0
4 0
5 0
6 0
7 0
8 0
9 0
10 0
11 0
12 0.996528
13 0.90893
14 0.0786356
15 0.992642
16 0.0811211
17 0.168936
18 0.0615495
0 0.554776
1 0.208069
2 0
3 0
4 0
5 0
6 0
7 0
8 0
9 0
10 0
11 0
12 0.995421
13 0.908647
14 0.0804781
15 0.989946
16 0.0705605
17 0.156989
18 0.0481351
0 0.893656
1 0.202262
2 0
3 0
4 0
5 0
6 0
7 0
8 0
9 0
10 0
11 0
12 0.997226
13 0.861345
14 0.0989998
15 0.994476
16 0.0496495
17 0.288743
18 0.0215252
0 0.256726
1 0.196328
2 0.109804
3 0.109804
4 0.109804
5 0.109804
6 0.109804
7 0.109804
8 0.0196078
9 0.0196078
10 0.678431
11 0.678431
12 0.99517
13 0.897025
14 0.0235248
15 0.987831
16 0.0264055
17 0.28941
18 0.0149898
0 0.921184
1 0.190398
2 0.34902
3 0.34902
4 0.311586
5 0.2
6 0.223173
7 0.101961
8 0.337968
9 0.425668
10 0.191087
11 0.409269
12 0.996285
13 0.844281
14 0.0936104
15 0.991418
16 0.0269027
17 0.332185
18 0.00895948
0 0.698451
1 0.184725
2 0.14902
3 0.168984
4 0.203922
5 0.203922
6 0.203922
7 0.203922
8 0.0196078
9 0.0196078
10 0.863102
11 0.764706
12 0.994791
13 0.871772
14 0.0602303
15 0.989166
16 0.0403793
17 0.242122
18 0.0191493
0 0.932797
1 0.179014
2 0.120499
3 0.118004
4 0.145455
5 0.109091
6 0.082353
7 0.129412
8 0.172549
9 0.119786
10 0.539037
11 0.536898
12 0.997609
13 0.902745
14 0.0327029
15 0.994829
16 0.0243364
17 0.377707
18 0.0197146
0 0.146152
1 0.173313
2 0.34902
3 0.34902
4 0.34902
5 0.34902
6 0.34902
7 0.34902
8 0.25098
9 0.25098
10 0.14902
11 0.14902
12 0.99807
13 0.89492
14 0.044205
15 0.995346
16 0.0317858
17 0.353338
18 0.0233831
0 0.0850995
1 0.167631
2 0.0827095
3 0.34902
4 0.34902
5 0.34902
6 0.34902
7 0.34902
8 0.187879
9 0.25098
10 0.274153
11 0.14902
12 0.997667
13 0.902888
14 0.0283982
15 0.994356
16 0.0217334
17 0.368379
18 0.0176326
0 0.287805
1 0.161805
2 0.34902
3 0.34902
4 0.34902
5 0.34902
6 0.34902
7 0.34902
8 0.25098
9 0.25098
10 0.14902
11 0.14902
12 0.996801
13 0.891663
14 0.0432882
15 0.992544
16 0.0252595
17 0.243065
18 0.0169254
0 0.659179
1 0.155661
2 0.34902
3 0.326916
4 0.105882
5 0.105882
6 0.105882
7 0.105882
8 0.165419
9 0.0156863
10 0.31016
11 0.592157
12 0.996068
13 0.911347
14 0.0800548
15 0.991564
16 0.0770701
17 0.149276
18 0.05657
0 0.815994
1 0.149442
2 0
3 0
4 0
5 0
6 0
7 0
8 0
9 0
10 0
11 0
12 0.997489
13 0.912558
14 0.085987
15 0.995005
16 0.092646
17 0.168212
18 0.0808792
0 0.275942
1 0.14317
2 0
3 0
4 0
5 0
6 0
7 0
8 0
9 0
10 0
11 0
12 0.996354
13 0.911485
14 0.0810738
15 0.991983
16 0.0688006
17 0.155718
18 0.0546587
0 0.747947
1 0.13675
2 0
3 0
4 0
5 0
6 0
7 0
8 0
9 0
10 0
11 0
12 0.995804
13 0.911425
14 0.0853313
15 0.990813
16 0.06702
17 0.14858
18 0.0501908
0 0.906783
1 0.130416
2 0
3 0
4 0
5 0
6 0
7 0
8 0
9 0
10 0
11 0
12 0.996653
13 0.912236
14 0.0874242
15 0.993034
16 0.0771035
17 0.154784
18 0.062856
0 0.634794
1 0.123949
2 0
3 0
4 0
5 0
6 0
7 0
8 0
9 0
10 0
11 0
12 0.995651
13 0.911283
14 0.0857554
15 0.990361
16 0.0633902
17 0.146565
18 0.048248
0 0.956164
1 0.117406
2 0
3 0
4 0
5 0
6 0
7 0
8 0
9 0
10 0
11 0
12 0.997012
13 0.888288
14 0.0624033
15 0.992899
16 0.038255
17 0.349648
18 0.0205441
0 0.560855
1 0.110941
2 0.00784314
3 0.0709447
4 0.34902
5 0.34902
6 0.34902
7 0.308378
8 0.202496
9 0.282709
10 0.385027
11 0.153654
12 0.996768
13 0.888872
14 0.0403491
15 0.99105
16 0.0143761
17 0.288177
18 0.0160067
0 0.70035
1 0.104503
2 0.34902
3 0.30303
4 0.321212
5 0.229234
6 0.119073
7 0.0666667
8 0.264171
9 0.0406417
10 0.372549
11 0.800357
12 0.997461
13 0.848737
14 0.114365
15 0.994822
16 0.0528372
17 0.287393
18 0.0155203
0 0.382956
1 0.0981599
2 0.0627451
3 0.0627451
4 0.0627451
5 0.114082
6 0.133333
7 0.133333
8 0.00392157
9 0.0181818
10 0.898039
11 0.755437
12 0.996183
13 0.840831
14 0.091823
15 0.991251
16 0.0242725
17 0.299252
18 0.00894401
0 0.722867
1 0.0916859
2 0.196078
3 0.196078
4 0.196078
5 0.196078
6 0.0178253
7 0.109091
8 0.0196078
9 0.116221
10 0.956863
11 0.384314
12 0.997865
13 0.906604
14 0.0308309
15 0.995558
16 0.0219572
17 0.367025
18 0.0207899
0 0.0765323
1 0.0852448
2 0.34902
3 0.34902
4 0.34902
5 0.34902
6 0.34902
7 0.34902
8 0.25098
9 0.25098
10 0.14902
11 0.14902
12 0.997234
13 0.904637
14 0.0315227
15 0.99233
16 0.0157078
17 0.258691
18 0.0238431
0 0.641931
1 0.0787648
2 0.34902
3 0.34902
4 0.34902
5 0.218895
6 0.0773619
7 0.223529
8 0.25098
9 0.135829
10 0.14902
11 0.53262
12 0.99683
13 0.897856
14 0.045392
15 0.992023
16 0.0177329
17 0.235061
18 0.0187058
0 0.725756
1 0.0723578
2 0.34902
3 0.34902
4 0.216399
5 0.105882
6 0.105882
7 0.105882
8 0.2082
9 0.0156863
10 0.258111
11 0.74902
12 0.99816
13 0.868307
14 0.0919733
15 0.996596
16 0.0793083
17 0.302798
18 0.022351
0 0.05751
1 0.066076
2 0.0627451
3 0.0627451
4 0.0627451
5 0.135829
6 0.223529
7 0.223529
8 0.0156863
9 0.18574
10 0.705882
11 0.31123
12 0.997786
13 0.876088
14 0.0964486
15 0.995473
16 0.049973
17 0.25836
18 0.0259817
0 0.211034
1 0.059795
2 0.0941176
3 0.0941176
4 0.0941176
5 0.0941177
6 0.0941177
7 0.0941176
8 0.0156863
9 0.0156863
10 0.592157
11 0.592157
12 0.995677
13 0.913023
14 0.0830325
15 0.990732
16 0.0619304
17 0.137572
18 0.0508943
0 0.984016
1 0.0533974
2 0
3 0
4 0
5 0
6 0
7 0
8 0
9 0
10 0
11 0
12 0.997755
13 0.910091
14 0.085785
15 0.995487
16 0.0943216
17 0.158392
18 0.080616
0 0.300333
1 0.150845
2 0
3 0
4 0
5 0
6 0
7 0
8 0
9 0
10 0
11 0
12 0.997074
13 0.903279
14 0.0753693
15 0.993455
16 0.0816725
17 0.154544
18 0.0554016
0 0.651612
1 0.24855
2 0
3 0
4 0
5 0
6 0
7 0
8 0
9 0
10 0
11 0
12 0.99756
13 0.89854
14 0.0738934
15 0.994703
16 0.105035
17 0.161047
18 0.0623972
0 0.456365
1 0.346267
2 0
3 0
4 0
5 0
6 0
7 0
8 0
9 0
10 0
11 0
12 0.997167
13 0.891754
14 0.0651558
15 0.993811
16 0.111018
17 0.164991
18 0.048677
0 0.656839
1 0.44402
2 0
3 0
4 0
5 0
6 0
7 0.141176
8 0
9 0.0470588
10 0
11 0.0470588
12 0.998036
13 0.82469
14 0.0781693
15 0.995242
16 0.0399159
17 0.36644
18 0.00804646
0 0.26198
1 0.501826
2 0.2
3 0.2
4 0.2
5 0.2
6 0.2
7 0.2
8 0.0156863
9 0.0156863
10 0.768627
11 0.768627
12 0.996854
13 0.85022
14 0.0158839
15 0.99298
16 0.024999
17 0.461358
18 0.00333529
0 0.709338
1 0.495292
2 0.382531
3 0.459537
4 0.299109
5 0.463102
6 0.468449
7 0.601069
8 0.34082
9 0.482709
10 0.479144
11 0.617469
12 0.998172
13 0.847508
14 0.00841164
15 0.994922
16 0.0153926
17 0.579303
18 0.00367884
0 0.249052
1 0.488956
2 0.541176
3 0.541176
4 0.541176
5 0.541176
6 0.541176
7 0.541176
8 0.541176
9 0.541176
10 0.541176
11 0.541176
12 0.99824
13 0.832592
14 0.0381261
15 0.994394
16 0.0437592
17 0.325442
18 0.019174
0 0.250854
1 0.482762
2 0.0862745
3 0.196078
4 0.388235
5 0.21426
6 0.0948306
7 0
8 0.187166
9 0.158289
10 0.700535
11 0.459537
12 0.998196
13 0.842341
14 0.0309875
15 0.995696
16 0.0289764
17 0.453855
18 0.00772011
0 0.112543
1 0.475955
2 0.34902
3 0.290909
4 0.356863
5 0.356863
6 0.349733
7 0.34902
8 0.193939
9 0.221034
10 0.6082
11 0.457041
12 0.996929
13 0.877849
14 0.0181597
15 0.991408
16 0.021156
17 0.347238
18 0.00812116
0 0.836368
1 0.469394
2 0.34902
3 0.34902
4 0.34902
5 0.34902
6 0.34902
7 0.34902
8 0.25098
9 0.25098
10 0.14902
11 0.14902
12 0.998094
13 0.849586
14 0.0418724
15 0.995577
16 0.0547139
17 0.28777
18 0.0161949
0 0.312462
1 0.462848
2 0.34902
3 0.120856
4 0.0980392
5 0.0980392
6 0.0980392
7 0.0980392
8 0.101248
9 0.0156863
10 0.525847
11 0.741176
12 0.997199
13 0.850587
14 0.0517744
15 0.993225
16 0.061394
17 0.289742
18 0.0135178
0 0.665378
1 0.456318
2 0.0862745
3 0.124777
4 0.192157
5 0.192157
6 0.192157
7 0.192157
8 0.0959002
9 0.192157
10 0.491622
11 0.192157
12 0.99721
13 0.8759
14 0.0339277
15 0.993328
16 0.0528498
17 0.264012
18 0.018216
0 0.656649
1 0.45014
2 0.188235
3 0.188235
4 0.188235
5 0.188235
6 0.188235
7 0.188235
8 0.188235
9 0.188235
10 0.188235
11 0.188235
12 0.998467
13 0.844764
14 0.0733944
15 0.996611
16 0.0690735
17 0.294193
18 0.0197589
0 0.0355246
1 0.443909
2 0.129412
3 0.129412
4 0.129412
5 0.129412
6 0.129412
7 0.129412
8 0.0156863
9 0.0156863
10 0.596078
11 0.596078
12 0.998098
13 0.891314
14 0.0630483
15 0.996098
16 0.136192
17 0.165598
18 0.0739065
0 0.196041
1 0.437779
2 0
3 0
4 0
5 0
6 0
7 0
8 0
9 0
10 0
11 0
12 0.996531
13 0.88865
14 0.0675473
15 0.991479
16 0.0847839
17 0.149619
18 0.0346869
0 0.997781
1 0.431544
2 0
3 0
4 0
5 0
6 0
7 0
8 0
9 0
10 0
11 0
12 0.998424
13 0.892386
14 0.0735734
15 0.996824
16 0.14505
17 0.16958
18 0.0813281
0 0.0434321
1 0.425209
2 0
3 0
4 0
5 0
6 0
7 0
8 0
9 0
10 0
11 0
12 0.996834
13 0.88913
14 0.0673828
15 0.992335
16 0.0858924
17 0.151231
18 0.0373131
0 0.901875
1 0.418562
2 0
3 0
4 0
5 0
6 0
7 0
8 0
9 0
10 0
11 0
12 0.996625
13 0.88924
14 0.0530896
15 0.992888
16 0.14209
17 0.169347
18 0.0331996
0 0.947681
1 0.411759
2 0
3 0
4 0
5 0
6 0.11016
7 0.240642
8 0
9 0.268806
10 0
11 0.17041
12 0.997159
13 0.872708
14 0.0334034
15 0.992029
16 0.0205846
17 0.29831
18 0.0134261
0 0.764689
1 0.404994
2 0.286988
3 0.267736
4 0.34902
5 0.242068
6 0.152941
7 0.156863
8 0.351159
9 0.0688057
10 0.232799
11 0.631729
12 0.997003
13 0.83302
14 0.0290328
15 0.992936
16 0.0284883
17 0.30984
18 0.00476269
0 0.835826
1 0.398385
2 0.534403
3 0.284492
4 0.054902
5 0.054902
6 0.216399
7 0.0666667
8 0.268093
9 0.0545455
10 0.694118
11 0.804278
12 0.998046
13 0.835543
14 0.0370654
15 0.995789
16 0.122142
17 0.338088
18 0.0115661
0 0.243155
1 0.391708
2 0.133333
3 0.176114
4 0.180392
5 0.2
6 0.2
7 0.2
8 0.0467023
9 0.6
10 0.703387
11 0.2
12 0.997767
13 0.876949
14 0.0115153
15 0.994953
16 0.110784
17 0.304017
18 0.0261057
0 0.423252
1 0.384898
2 0.2
3 0.2
4 0.2
5 0.2
6 0.2
7 0.2
8 0.6
9 0.6
10 0.2
11 0.2
12 0.997424
13 0.872308
14 0.021454
15 0.992836
16 0.0228488
17 0.355339
18 0.00748757
0 0.737855
1 0.482369
2 0.308378
3 0.34902
4 0.34902
5 0.34902
6 0.34902
7 0.34902
8 0.282709
9 0.25098
10 0.153654
11 0.14902
12 0.997615
13 0.862
14 0.00896858
15 0.99402
16 0.119962
17 0.288547
18 0.0226224
0 0.675625
1 0.579856
2 0.2
3 0.2
4 0.2
5 0.2
6 0.2
7 0.2
8 0.6
9 0.6
10 0.2
11 0.2
12 0.99683
13 0.856507
14 0.021037
15 0.989699
16 0.0201881
17 0.341185
18 0.00520023
0 0.980814
1 0.677375
2 0.34902
3 0.34902
4 0.34902
5 0.34902
6 0.32549
7 0.0901961
8 0.25098
9 0.165419
10 0.14902
11 0.361497
12 0.997535
13 0.792017
14 0.0619757
15 0.993785
16 0.0891392
17 0.268566
18 0.00967375
0 0.70454
1 0.774872
2 0.0862745
3 0.0862745
4 0.0862745
5 0.0862745
6 0.0862745
7 0.0862745
8 0.0156863
9 0.0156863
10 0.733333
11 0.733333
12 0.996315
13 0.77742
14 0.0631454
15 0.991202
16 0.085612
17 0.281273
18 0.00644005
0 0.953806
1 0.871298
2 0.0941176
3 0.0941176
4 0.0941176
5 0.0941177
6 0.0941177
7 0.145455
8 0.0156863
9 0.0470588
10 0.737255
11 0.637433
12 0.997984
13 0.842759
14 0.0320516
15 0.995427
16 0.0911914
17 0.252494
18 0.0266061
0 0.237103
1 0.865103
2 0.168627
3 0.168627
4 0.168627
5 0.124064
6 0.0705882
7 0.0705882
8 0.168627
9 0.0434938
10 0.168627
11 0.611408
12 0.997614
13 0.820682
14 0.0828816
15 0.994731
16 0.110048
17 0.229928
18 0.0179181
0 0.540353
1 0.55564
2 0.0235294
3 0.0235294
4 0.0235294
5 0.0235294
6 0.0235294
7 0.0235294
8 0.0196078
9 0.0196078
10 0.639216
11 0.639216
12 0.996589
13 0.874882
14 0.0652486
15 0.992633
16 0.113291
17 0.151405
18 0.0401308
0 0.843772
1 0.549215
2 0
3 0
4 0
5 0
6 0
7 0
8 0
9 0
10 0
11 0
12 0.998073
13 0.877897
14 0.0687296
15 0.995944
16 0.140239
17 0.164967
18 0.0588078
0 0.335659
1 0.542796
2 0
3 0
4 0
5 0
6 0
7 0
8 0
9 0
10 0
11 0
12 0.99691
13 0.874444
14 0.0665616
15 0.992815
16 0.103134
17 0.153082
18 0.0371208
0 0.878775
1 0.536557
2 0
3 0
4 0
5 0
6 0
7 0
8 0
9 0
10 0
11 0
12 0.998439
13 0.879283
14 0.0690529
15 0.996856
16 0.154537
17 0.169632
18 0.0714094
0 0.110899
1 0.530477
2 0
3 0
4 0
5 0
6 0
7 0
8 0
9 0
10 0
11 0
12 0.998496
13 0.865461
14 0.0396529
15 0.996816
16 0.095236
17 0.34861
18 0.0211206
0 0.102078
1 0.524427
2 0
3 0.0898396
4 0.203209
5 0.308378
6 0.34902
7 0.34902
8 0.190018
9 0.282709
10 0.17861
11 0.153654
12 0.998224
13 0.856394
14 0.0231136
15 0.995946
16 0.0369609
17 0.341003
18 0.00914968
0 0.332852
1 0.518364
2 0.34902
3 0.34902
4 0.205704
5 0.160784
6 0.331907
7 0.34902
8 0.23779
9 0.161141
10 0.27344
11 0.388592
12 0.997862
13 0.82124
14 0.0472192
15 0.994546
16 0.035467
17 0.29531
18 0.0113963
0 0.52261
1 0.512348
2 0.224955
3 0.224599
4 0.253119
5 0.101961
6 0.101961
7 0.108378
8 0.170053
9 0.00534759
10 0.645276
11 0.878431
12 0.997208
13 0.861036
14 0.0146361
15 0.994341
16 0.119037
17 0.257336
18 0.0140436
0 0.693119
1 0.506323
2 0.259893
3 0.240642
4 0.0363636
5 0.145455
6 0.2
7 0.2
8 0.288414
9 0.545455
10 0.194296
11 0.181818
12 0.997073
13 0.859325
14 0.0106605
15 0.992817
16 0.102781
17 0.298777
18 0.0165203
0 0.856362
1 0.50046
2 0.2
3 0.2
4 0.2
5 0.2
6 0.2
7 0.2
8 0.6
9 0.6
10 0.2
11 0.2
12 0.99776
13 0.829334
14 0.0322349
15 0.995466
16 0.101548
17 0.327882
18 0.00837642
0 0.590577
1 0.5986
2 0.34902
3 0.0459893
4 0.0156863
5 0.0156863
6 0.293048
7 0.34902
8 0.103743
9 0.167201
10 0.463458
11 0.338324
12 0.997758
13 0.84799
14 0.00955222
15 0.99448
16 0.0852131
17 0.31779
18 0.0109589
0 0.540875
1 0.696734
2 0.34902
3 0.34902
4 0.227094
5 0.2
6 0.2
7 0.2
8 0.346168
9 0.6
10 0.162923
11 0.2
12 0.996989
13 0.837648
14 0.0192638
15 0.990744
16 0.0194183
17 0.296906
18 0.00751217
0 0.943179
1 0.795157
2 0.34902
3 0.34902
4 0.34902
5 0.34902
6 0.113725
7 0.0901961
8 0.25098
9 0.101248
10 0.14902
11 0.493405
12 0.997947
13 0.792393
14 0.0634657
15 0.99543
16 0.112848
17 0.260239
18 0.0141389
0 0.467078
1 0.789558
2 0.0705882
3 0.0705882
4 0.0705882
5 0.0705882
6 0.0705882
7 0.0705882
8 0.0156863
9 0.0156863
10 0.635294
11 0.635294
12 0.998347
13 0.783392
14 0.0749064
15 0.996685
16 0.12001
17 0.309549
18 0.0130804
0 0.0853237
1 0.78381
2 0.0823529
3 0.0823529
4 0.0823529
5 0.082353
6 0.082353
7 0.0823529
8 0.0156863
9 0.0156863
10 0.737255
11 0.737255
12 0.996805
13 0.789917
14 0.060522
15 0.992772
16 0.0597033
17 0.296563
18 0.00664699
0 0.793108
1 0.777983
2 0.137255
3 0.137255
4 0.137255
5 0.137255
6 0.137255
7 0.137255
8 0.0156863
9 0.0156863
10 0.615686
11 0.615686
12 0.997965
13 0.788502
14 0.073424
15 0.995998
16 0.16103
17 0.245506
18 0.0199621
0 0.301823
1 0.772005
2 0.0156863
3 0.0156863
4 0.0156863
5 0.0156863
6 0.0156863
7 0.0156863
8 0.0196078
9 0.0196078
10 0.670588
11 0.670588
12 0.998075
13 0.854451
14 0.0582989
15 0.996255
16 0.182492
17 0.179745
18 0.0530887
0 0.228653
1 0.766021
2 0
3 0
4 0
5 0
6 0
7 0
8 0
9 0
10 0
11 0
12 0.998315
13 0.854094
14 0.0598705
15 0.99648
16 0.172006
17 0.18111
18 0.0502045
0 0.247953
1 0.75996
2 0
3 0
4 0
5 0
6 0
7 0
8 0
9 0
10 0
11 0
12 0.997236
13 0.85023
14 0.0594458
15 0.993812
16 0.133714
17 0.163867
18 0.0336793
0 0.795944
1 0.754039
2 0
3 0
4 0
5 0
6 0
7 0
8 0
9 0
10 0
11 0
12 0.997252
13 0.850265
14 0.061487
15 0.994085
16 0.140512
17 0.160551
18 0.0374866
0 0.760101
1 0.748211
2 0
3 0
4 0
5 0
6 0
7 0
8 0
9 0
10 0
11 0
12 0.996686
13 0.800036
14 0.0645711
15 0.993617
16 0.0767955
17 0.365447
18 0.00412394
0 0.957409
1 0.742245
2 0.0206774
3 0.113725
4 0.113725
5 0.267736
6 0.386809
7 0.62246
8 0.0142602
9 0.189661
10 0.499109
11 0.367914
12 0.996847
13 0.793114
14 0.0158718
15 0.990171
16 0.00202212
17 0.541223
18 0.000701981
0 0.821142
1 0.736518
2 0.698039
3 0.698039
4 0.698039
5 0.760784
6 0.21426
7 0.34902
8 0.00784314
9 0.297683
10 0.568627
11 0.517291
12 0.998562
13 0.762906
14 0.0317457
15 0.997152
16 0.153415
17 0.385937
18 0.00992455
0 0.0220461
1 0.730734
2 0.0941176
3 0.0916221
4 0.0762923
5 0.115508
6 0.282353
7 0.104813
8 0.247415
9 0.206061
10 0.906952
11 0.56328
12 0.996125
13 0.754083
14 0.0579074
15 0.990536
16 0.0366222
17 0.303941
18 0.00391006
0 0.96513
1 0.72491
2 0.239216
3 0.239216
4 0.214617
5 0.0812834
6 0
7 0.0545455
8 0.0181818
9 0.0552585
10 0.879501
11 0.187166
12 0.998028
13 0.842794
14 0.0125492
15 0.996002
16 0.159707
17 0.323052
18 0.0343098
0 0.157489
1 0.719151
2 0.145455
3 0.131551
4 0.321925
5 0.2
6 0.2
7 0.2
8 0.309447
9 0.6
10 0.126916
11 0.2
12 0.997558
13 0.826728
14 0.0153094
15 0.993785
16 0.0265279
17 0.39384
18 0.00494039
0 0.68292
1 0.811008
2 0.34902
3 0.34902
4 0.34902
5 0.34902
6 0.34902
7 0.34902
8 0.25098
9 0.25098
10 0.14902
11 0.14902
12 0.998606
13 0.792555
14 0.0241945
15 0.996916
16 0.0919533
17 0.386853
18 0.0110934
0 0.047919
1 0.805272
2 0.0941176
3 0.31836
4 0.34902
5 0.2
6 0.294831
7 0.34902
8 0.175401
9 0.409626
10 0.537255
11 0.172193
12 0.998469
13 0.831327
14 0.0141401
15 0.996693
16 0.037143
17 0.410005
18 0.00930107
0 0.0585491
1 0.79949
2 0.34902
3 0.34902
4 0.34902
5 0.34902
6 0.34902
7 0.34902
8 0.25098
9 0.25098
10 0.14902
11 0.14902
12 0.998674
13 0.802622
14 0.0310743
15 0.997335
16 0.086062
17 0.268201
18 0.0183199
0 0.0166189
1 0.793545
2 0.247059
3 0.217112
4 0.0705882
5 0.0705882
6 0.0705882
7 0.0705882
8 0.142246
9 0.0156863
10 0.43672
11 0.713726
12 0.998358
13 0.774338
14 0.0716494
15 0.996902
16 0.120223
17 0.292597
18 0.0147483
0 0.11974
1 0.78763
2 0.0784314
3 0.0784314
4 0.0784314
5 0.0784314
6 0.0784314
7 0.0784314
8 0.0156863
9 0.0156863
10 0.678431
11 0.678431
12 0.997803
13 0.800995
14 0.0997447
15 0.996138
16 0.121015
17 0.242947
18 0.0194731
0 0.314378
1 0.505701
2 0.0117647
3 0.0117647
4 0.0117647
5 0.0117647
6 0.0117647
7 0.0117647
8 0.00392157
9 0.00392157
10 0.698039
11 0.698039
12 0.997344
13 0.863923
14 0.0676535
15 0.995157
16 0.119067
17 0.15568
18 0.0513444
0 0.579394
1 0.49946
2 0
3 0
4 0
5 0
6 0
7 0
8 0
9 0
10 0
11 0
12 0.998071
13 0.865113
14 0.0704468
15 0.996386
16 0.126364
17 0.160728
18 0.0594903
0 0.378446
1 0.493169
2 0
3 0
4 0
5 0
6 0
7 0
8 0
9 0
10 0
11 0
12 0.998249
13 0.86563
14 0.0696293
15 0.996757
16 0.128997
17 0.164024
18 0.0635594
0 0.279649
1 0.486804
2 0
3 0
4 0
5 0
6 0
7 0
8 0
9 0
10 0
11 0
12 0.998553
13 0.866754
14 0.0696183
15 0.9974
16 0.140198
17 0.169995
18 0.0743145
0 0.0710951
1 0.480638
2 0
3 0
4 0
5 0
6 0
7 0
8 0
9 0
10 0
11 0
12 0.997628
13 0.863844
14 0.062201
15 0.995501
16 0.11334
17 0.169858
18 0.040767
0 0.651871
1 0.474464
2 0
3 0
4 0
5 0
6 0.0688057
7 0.121569
8 0
9 0.0506239
10 0
11 0.399287
12 0.99786
13 0.834945
14 0.0392643
15 0.995284
16 0.026722
17 0.452329
18 0.00386185
0 0.523381
1 0.468446
2 0.139394
3 0.289127
4 0.34902
5 0.34902
6 0.655258
7 0.277005
8 0.198217
9 0.22246
10 0.351159
11 0.346168
12 0.997853
13 0.788143
14 0.057573
15 0.995695
16 0.0568297
17 0.284747
18 0.00880642
0 0.547871
1 0.462361
2 0.223529
3 0.0955437
4 0.0627451
5 0.0627451
6 0.0627451
7 0.0627451
8 0.0409982
9 0.00392157
10 0.81533
11 0.937255
12 0.997771
13 0.773439
14 0.0982595
15 0.996567
16 0.129118
17 0.298304
18 0.0121912
0 0.390325
1 0.456318
2 0.027451
3 0.027451
4 0.027451
5 0.027451
6 0.027451
7 0.410339
8 0.00392157
9 0.129055
10 0.952941
11 0.809982
12 0.998347
13 0.854463
14 0.0387721
15 0.997264
16 0.130062
17 0.241732
18 0.0415367
0 0.00111625
1 0.450274
2 0.166845
3 0.0181818
4 0.0363636
5 0.0909091
6 0.0727273
7 0
8 0.108378
9 0.163636
10 0.157932
11 0.0545455
12 0.99731
13 0.853025
14 0.0285118
15 0.993866
16 0.0219905
17 0.326709
18 0.00741041
0 0.816073
1 0.44439
2 0.118004
3 0.34902
4 0.34902
5 0.34902
6 0.34902
7 0.34902
8 0.237077
9 0.25098
10 0.12656
11 0.14902
12 0.998361
13 0.809005
14 0.0470811
15 0.996223
16 0.016695
17 0.488862
18 0.00552292
0 0.258436
1 0.438582
2 0.197504
3 0.20107
4 0.52549
5 0.493405
6 0.34902
7 0.34902
8 0.0616756
9 0.187879
10 0.640642
11 0.361854
12 0.997709
13 0.852079
14 0.0138498
15 0.995054
16 0.0189047
17 0.353087
18 0.00852885
0 0.575359
1 0.432901
2 0.308378
3 0.34902
4 0.34902
5 0.34902
6 0.34902
7 0.34902
8 0.282709
9 0.25098
10 0.153654
11 0.14902
12 0.997465
13 0.804799
14 0.0860775
15 0.994937
16 0.0966453
17 0.20489
18 0.0173466
0 0.78638
1 0.427302
2 0.00784314
3 0.00784314
4 0.00784314
5 0.00784314
6 0.00784314
7 0.00784314
8 0.00392157
9 0.00392157
10 0.647059
11 0.647059
12 0.996644
13 0.786854
14 0.119142
15 0.993828
16 0.0832653
17 0.23402
18 0.010538
0 0.889801
1 0.421685
2 0.0156863
3 0.0156863
4 0.0156863
5 0.0156863
6 0.0156863
7 0.0156863
8 0.00392157
9 0.00392157
10 0.803922
11 0.803922
12 0.996178
13 0.799037
14 0.100179
15 0.993076
16 0.0758368
17 0.221418
18 0.0120933
0 0.967737
1 0.415993
2 0.027451
3 0.027451
4 0.027451
5 0.027451
6 0.027451
7 0.027451
8 0.0196078
9 0.0196078
10 0.682353
11 0.682353
12 0.99801
13 0.865672
14 0.072175
15 0.996745
16 0.130286
17 0.1573
18 0.0740379
0 0.265655
1 0.41025
2 0
3 0
4 0
5 0
6 0
7 0
8 0
9 0
10 0
11 0
12 0.997915
13 0.864016
14 0.0706767
15 0.996146
16 0.103832
17 0.156298
18 0.0547656
0 0.512084
1 0.404481
2 0
3 0
4 0
5 0
6 0
7 0
8 0
9 0
10 0
11 0
12 0.997583
13 0.863172
14 0.0719894
15 0.995492
16 0.0997041
17 0.149222
18 0.0508065
0 0.676004
1 0.398731
2 0
3 0
4 0
5 0
6 0
7 0
8 0
9 0
10 0
11 0
12 0.997102
13 0.861953
14 0.0728984
15 0.994482
16 0.0909577
17 0.143837
18 0.0441351
0 0.873707
1 0.392982
2 0
3 0
4 0
5 0
6 0
7 0
8 0
9 0
10 0
11 0
12 0.996843
13 0.852733
14 0.0647998
15 0.994154
16 0.106909
17 0.164164
18 0.0322189
0 0.971859
1 0.491166
2 0
3 0
4 0
5 0
6 0.107308
7 0.142959
8 0
9 0.0502674
10 0
11 0.268449
12 0.998395
13 0.785904
14 0.0654576
15 0.997113
16 0.065448
17 0.376902
18 0.0090634
0 0.216017
1 0.58925
2 0.140107
3 0.132977
4 0.211408
5 0.14902
6 0.221747
7 0.34902
8 0.0641711
9 0.116221
10 0.649554
11 0.405704
12 0.997825
13 0.778609
14 0.0342485
15 0.995919
16 0.0464663
17 0.302692
18 0.00848724
0 0.452134
1 0.68759
2 0.278431
3 0.231373
4 0.134046
5 0.0941177
6 0.0941177
7 0.154011
8 0.153654
9 0.028164
10 0.586453
11 0.890909
12 0.997221
13 0.802673
14 0.019849
15 0.994226
16 0.0338792
17 0.366638
18 0.00599703
0 0.696328
1 0.719456
2 0.1918
3 0.34902
4 0.34902
5 0.271301
6 0.356863
7 0.321569
8 0.259537
9 0.277362
10 0.305882
11 0.299109
12 0.997581
13 0.827853
14 0.0234137
15 0.995291
16 0.182855
17 0.217764
18 0.0347825
0 0.62393
1 0.713848
2 0
3 0.0545455
4 0.109091
5 0.0909091
6 0.145455
7 0.0909091
8 0.163636
9 0.327273
10 0.0545455
11 0.109091
12 0.997167
13 0.817118
14 0.0213645
15 0.993817
16 0.026337
17 0.373537
18 0.00517758
0 0.823058
1 0.708008
2 0.186096
3 0.335472
4 0.34902
5 0.34902
6 0.34902
7 0.34902
8 0.291622
9 0.25098
10 0.144742
11 0.14902
12 0.997723
13 0.772535
14 0.0818198
15 0.995744
16 0.0496517
17 0.310158
18 0.00700898
0 0.552511
1 0.454367
2 0.12549
3 0.12549
4 0.12549
5 0.12549
6 0.12549
7 0.12549
8 0.00392157
9 0.00392157
10 0.839216
11 0.839216
12 0.996161
13 0.76821
14 0.0882966
15 0.99293
16 0.0366387
17 0.300731
18 0.00484232
0 0.959994
1 0.448382
2 0.133333
3 0.133333
4 0.133333
5 0.133333
6 0.133333
7 0.133333
8 0.00392157
9 0.00392157
10 0.835294
11 0.835294
12 0.996966
13 0.772004
14 0.0876534
15 0.994732
16 0.0400841
17 0.31385
18 0.00615139
0 0.665283
1 0.442471
2 0.141176
3 0.141176
4 0.141176
5 0.141176
6 0.141176
7 0.141176
8 0.00392157
9 0.00392157
10 0.827451
11 0.827451
12 0.997285
13 0.773504
14 0.0865246
15 0.995345
16 0.0429108
17 0.314888
18 0.00696981
0 0.555955
1 0.436557
2 0.137255
3 0.137255
4 0.137255
5 0.137255
6 0.137255
7 0.137255
8 0.00392157
9 0.00392157
10 0.819608
11 0.819608
12 0.996859
13 0.78828
14 0.0604762
15 0.993837
16 0.0299301
17 0.288558
18 0.00988918
0 0.717291
1 0.430841
2 0.14902
3 0.14902
4 0.248485
5 0.247059
6 0
7 0
8 0.0766488
9 0.0823529
10 0.669875
11 0.0823529
12 0.99649
13 0.851056
14 0.0633273
15 0.993887
16 0.0995951
17 0.138137
18 0.0501431
0 0.890083
1 0.425282
2 0
3 0
4 0
5 0
6 0
7 0
8 0
9 0
10 0
11 0
12 0.997967
13 0.83029
14 0.0340296
15 0.995991
16 0.0237133
17 0.260045
18 0.019543
0 0.424628
1 0.419607
2 0.278431
3 0.278431
4 0.278431
5 0.0705882
6 0.0705882
7 0.0705882
8 0.278431
9 0.0156863
10 0.278431
11 0.772549
12 0.997994
13 0.854369
14 0.0641248
15 0.996613
16 0.124078
17 0.148783
18 0.0716217
0 0.411708
1 0.413995
2 0
3 0
4 0
5 0
6 0
7 0
8 0
9 0
10 0
11 0
12 0.996631
13 0.849441
14 0.072458
15 0.993773
16 0.0837935
17 0.144719
18 0.0392826
0 0.990815
1 0.408435
2 0
3 0
4 0
5 0
6 0
7 0
8 0
9 0
10 0
11 0
12 0.998007
13 0.825029
14 0.0679661
15 0.996393
16 0.0543011
17 0.308699
18 0.0208658
0 0.406968
1 0.402899
2 0
3 0.0206774
4 0.227451
5 0.334046
6 0.144742
7 0.17041
8 0.11123
9 0.120143
10 0.335116
11 0.444207
12 0.99848
13 0.844166
14 0.016755
15 0.997264
16 0.0198936
17 0.396711
18 0.00945362
0 0.110515
1 0.397383
2 0.34902
3 0.34902
4 0.34902
5 0.305882
6 0.396435
7 0.34902
8 0.25098
9 0.226025
10 0.14902
11 0.300178
12 0.996792
13 0.774924
14 0.0366351
15 0.99266
16 0.0253839
17 0.308053
18 0.0108748
0 0.997466
1 0.39178
2 0.25811
3 0.0784314
4 0.318004
5 0.0392157
6 0.0392157
7 0.0392157
8 0.28984
9 0.00392157
10 0.757576
11 0.92549
12 0.998016
13 0.844405
14 0.0153152
15 0.996808
16 0.0500187
17 0.227553
18 0.0254956
0 0.261036
1 0.386238
2 0.34902
3 0.294831
4 0.0909091
5 0.109091
6 0.0181819
7 0.0909091
8 0.300535
9 0.218182
10 0.135829
11 0.0727273
12 0.99692
13 0.837968
14 0.0319984
15 0.9931
16 0.0169149
17 0.252291
18 0.0142355
0 0.907878
1 0.380618
2 0.0909091
3 0.294831
4 0.34902
5 0.34902
6 0.131907
7 0.00784314
8 0.300535
9 0.124777
10 0.135829
11 0.352228
12 0.998496
13 0.773601
14 0.101545
15 0.997525
16 0.0630216
17 0.321005
18 0.0106077
0 0.127697
1 0.375147
2 0.109804
3 0.109804
4 0.109804
5 0.109804
6 0.109804
7 0.109804
8 0.00392157
9 0.00392157
10 0.862745
11 0.862745
12 0.996433
13 0.765938
14 0.091354
15 0.993779
16 0.0321043
17 0.313766
18 0.00485054
0 0.868701
1 0.369408
2 0.141176
3 0.141176
4 0.141176
5 0.141176
6 0.141176
7 0.141176
8 0.00392157
9 0.00392157
10 0.843137
11 0.843137
12 0.997743
13 0.773946
14 0.0796332
15 0.996479
16 0.0947545
17 0.259454
18 0.0163657
0 0.367503
1 0.467621
2 0.128699
3 0.0196078
4 0.0196078
5 0.0196078
6 0.0196078
7 0.0196078
8 0.00392157
9 0.00392157
10 0.722638
11 0.686275
12 0.998096
13 0.752472
14 0.0782891
15 0.996784
16 0.0527962
17 0.368367
18 0.00583002
0 0.220152
1 0.565934
2 0.160784
3 0.160784
4 0.160784
5 0.160784
6 0.197148
7 0.0431372
8 0.00392157
9 0.0481283
10 0.811765
11 0.709091
12 0.998331
13 0.765029
14 0.0480195
15 0.997419
16 0.0960628
17 0.377328
18 0.00830756
0 0.0499787
1 0.560283
2 0.173619
3 0.0431373
4 0.0431373
5 0.248485
6 0.20713
7 0
8 0.0545455
9 0.148307
10 0.721925
11 0.22246
12 0.996629
13 0.809637
14 0.0238246
15 0.993945
16 0.0336638
17 0.19241
18 0.012643
0 0.858035
1 0.55442
2 0.313726
3 0.313726
4 0.057041
5 0
6 0
7 0
8 0.228164
9 0
10 0.228164
11 0
12 0.997961
13 0.835756
14 0.0653036
15 0.996715
16 0.14714
17 0.154427
18 0.0661692
0 0.397619
1 0.548544
2 0
3 0
4 0
5 0
6 0
7 0
8 0
9 0
10 0
11 0
12 0.99703
13 0.790802
14 0.0108222
15 0.994086
16 0.0126375
17 0.498918
18 0.0020238
0 0.844389
1 0.54257
2 0.407843
3 0.407843
4 0.407843
5 0.407843
6 0.407843
7 0.407843
8 0.407843
9 0.407843
10 0.407843
11 0.407843
12 0.99713
13 0.83184
14 0.0439029
15 0.994906
16 0.116589
17 0.142515
18 0.0520617
0 0.780993
1 0.53678
2 0
3 0
4 0
5 0
6 0
7 0
8 0
9 0
10 0
11 0
12 0.996809
13 0.830079
14 0.0473149
15 0.994974
16 0.16958
17 0.209006
18 0.0248935
0 0.901813
1 0.530971
2 0
3 0
4 0
5 0.0278075
6 0.204635
7 0.33975
8 0
9 0.259537
10 0
11 0.130838
12 0.996763
13 0.776444
14 0.0477699
15 0.994415
16 0.0695228
17 0.366747
18 0.00378713
0 0.917611
1 0.525061
2 0.192513
3 0.106595
4 0.101961
5 0.146524
6 0.335472
7 0.257041
8 0.0442068
9 0.248485
10 0.520499
11 0.309091
12 0.997501
13 0.806913
14 0.0331083
15 0.995197
16 0.018971
17 0.311138
18 0.0109271
0 0.540725
1 0.519216
2 0.136542
3 0.313369
4 0.396078
5 0.34902
6 0.120856
7 0.222103
8 0.136898
9 0.152228
10 0.27451
11 0.427094
12 0.997794
13 0.791396
14 0.0278107
15 0.995965
16 0.0317802
17 0.388229
18 0.00676886
0 0.483808
1 0.513342
2 0.0745098
3 0.324064
4 0.34902
5 0.34902
6 0.34902
7 0.308378
8 0.258111
9 0.282709
10 0.429947
11 0.153654
12 0.997691
13 0.72816
14 0.0889953
15 0.99645
16 0.134361
17 0.297231
18 0.0105899
0 0.511431
1 0.507463
2 0.0196078
3 0.0196078
4 0.0196078
5 0.0196078
6 0.0196078
7 0.248485
8 0.00392157
9 0.10303
10 0.964706
11 0.746881
12 0.996382
13 0.810885
14 0.0156402
15 0.994153
16 0.0367974
17 0.327326
18 0.00482621
0 0.770098
1 0.50169
2 0.34902
3 0.34902
4 0.160784
5 0.160784
6 0.335472
7 0.2
8 0.208913
9 0.335829
10 0.200357
11 0.218895
12 0.997727
13 0.808204
14 0.016642
15 0.995553
16 0.013406
17 0.319339
18 0.00882485
0 0.540195
1 0.599999
2 0.34902
3 0.34902
4 0.34902
5 0.34902
6 0.163636
7 0.145098
8 0.25098
9 0.0937611
10 0.14902
11 0.573262
12 0.99693
13 0.755336
14 0.0809472
15 0.994683
16 0.0345115
17 0.307792
18 0.00539289
0 0.810689
1 0.401983
2 0.151515
3 0.145098
4 0.145098
5 0.145098
6 0.145098
7 0.145098
8 0.00392157
9 0.00392157
10 0.793583
11 0.831373
12 0.996866
13 0.754408
14 0.0749405
15 0.995114
16 0.039907
17 0.339179
18 0.00535935
0 0.666096
1 0.39641
2 0.156863
3 0.156863
4 0.156863
5 0.156863
6 0.164349
7 0.239216
8 0.00392157
9 0.0894831
10 0.815686
11 0.606061
12 0.996691
13 0.772995
14 0.0621813
15 0.994908
16 0.0467457
17 0.254726
18 0.00972812
0 0.721568
1 0.390837
2 0.152941
3 0.188592
4 0.0905526
5 0.054902
6 0.054902
7 0.187522
8 0.0488414
9 0.0573975
10 0.644563
11 0.721569
12 0.997277
13 0.787523
14 0.0667125
15 0.995131
16 0.0341605
17 0.243375
18 0.0211527
0 0.554372
1 0.38381
2 0.0509804
3 0.2082
4 0.298039
5 0.0812834
6 0
7 0
8 0.164349
9 0.0270945
10 0.533333
11 0.0270945
12 0.997078
13 0.835902
14 0.0553815
15 0.995519
16 0.0918366
17 0.15458
18 0.0534661
0 0.664825
1 0.376649
2 0.0823529
3 0
4 0
5 0
6 0
7 0
8 0.027451
9 0
10 0.027451
11 0
12 0.998633
13 0.820402
14 0.020538
15 0.997841
16 0.0324272
17 0.390674
18 0.0115073
0 0.0135669
1 0.37065
2 0.278431
3 0.278431
4 0.278431
5 0.278431
6 0.278431
7 0.278431
8 0.278431
9 0.278431
10 0.278431
11 0.278431
12 0.997024
13 0.791462
14 0.0780571
15 0.995034
16 0.0936103
17 0.188656
18 0.0239925
0 0.821205
1 0.364572
2 0.00392157
3 0.00392157
4 0.00392157
5 0.00392157
6 0.00392157
7 0.00392157
8 0.00392157
9 0.00392157
10 0.462745
11 0.462745
12 0.998264
13 0.843922
14 0.0771023
15 0.997559
16 0.131415
17 0.162278
18 0.0804794
0 0.144799
1 0.358428
2 0
3 0
4 0
5 0
6 0
7 0
8 0
9 0
10 0
11 0
12 0.998145
13 0.834769
14 0.0477781
15 0.996757
16 0.0343716
17 0.302927
18 0.0291013
0 0.345727
1 0.35219
2 0
3 0.0727273
4 0.321925
5 0.312656
6 0.202496
7 0.167201
8 0.17754
9 0.102317
10 0.0770053
11 0.44492
12 0.997224
13 0.818998
14 0.00581615
15 0.995212
16 0.084224
17 0.326932
18 0.0188185
0 0.765999
1 0.345963
2 0.2
3 0.2
4 0.2
5 0.2
6 0.2
7 0.2
8 0.6
9 0.6
10 0.2
11 0.2
12 0.998176
13 0.828996
14 0.0148463
15 0.996694
16 0.0222275
17 0.291268
18 0.0162975
0 0.314082
1 0.339862
2 0.34902
3 0.34902
4 0.34902
5 0.156863
6 0.109804
7 0.109804
8 0.25098
9 0.257041
10 0.14902
11 0.786453
12 0.998481
13 0.823319
14 0.013491
15 0.997628
16 0.0692181
17 0.249125
18 0.0319717
0 0.169165
1 0.437832
2 0.34902
3 0.181462
4 0.109091
5 0.0545455
6 0.0545455
7 0.109091
8 0.277718
9 0.218182
10 0.122282
11 0.0727273
12 0.997976
13 0.80153
14 0.0276382
15 0.996499
16 0.0433743
17 0.248908
18 0.0253788
0 0.459196
1 0.535538
2 0.118004
3 0.267736
4 0.273084
5 0.0705882
6 0.0705882
7 0.257754
8 0.279501
9 0.114439
10 0.204991
11 0.706952
12 0.998026
13 0.797639
14 0.0177993
15 0.996749
16 0.0377314
17 0.353846
18 0.0100849
0 0.371797
1 0.529252
2 0.254902
3 0.254902
4 0.254902
5 0.254902
6 0.254902
7 0.254902
8 0.254902
9 0.254902
10 0.254902
11 0.254902
12 0.997427
13 0.794824
14 0.0197013
15 0.995367
16 0.0265121
17 0.303109
18 0.0098077
0 0.655969
1 0.523108
2 0.247059
3 0.247059
4 0.247059
5 0.247059
6 0.191444
7 0.0941176
8 0.247059
9 0.136542
10 0.247059
11 0.510873
12 0.998018
13 0.731263
14 0.086438
15 0.996899
16 0.0621647
17 0.326152
18 0.00738513
0 0.366926
1 0.516837
2 0.113725
3 0.113725
4 0.113725
5 0.113725
6 0.113725
7 0.113725
8 0.00392157
9 0.00392157
10 0.839216
11 0.839216
12 0.997839
13 0.750957
14 0.060657
15 0.99691
16 0.0497893
17 0.267592
18 0.00867061
0 0.280883
1 0.510577
2 0.160784
3 0.286274
4 0.0588235
5 0.0588235
6 0.0588235
7 0.0588235
8 0.0916221
9 0.00392157
10 0.683422
11 0.819608
12 0.997935
13 0.74577
14 0.0738801
15 0.996764
16 0.0606249
17 0.335663
18 0.0114195
0 0.275937
1 0.504405
2 0.0627451
3 0.0627451
4 0.18467
5 0.286275
6 0.0260249
7 0
8 0.0552585
9 0.1041
10 0.725847
11 0.1041
12 0.997412
13 0.810807
14 0.0282636
15 0.996217
16 0.0753147
17 0.196547
18 0.0346067
0 0.511501
1 0.498152
2 0.282353
3 0.0256684
4 0
5 0
6 0
7 0
8 0.102674
9 0
10 0.102674
11 0
12 0.996762
13 0.79406
14 0.0310802
15 0.994301
16 0.0289594
17 0.19965
18 0.0176497
0 0.889986
1 0.491778
2 0.247059
3 0.247059
4 0.179679
5 0
6 0
7 0
8 0.224599
9 0
10 0.224599
11 0
12 0.997729
13 0.749521
14 0.104623
15 0.99665
16 0.114785
17 0.241069
18 0.0176092
0 0.473043
1 0.485435
2 0.0196078
3 0.0196078
4 0.0196078
5 0.0196078
6 0.0196078
7 0.0196078
8 0.00392157
9 0.00392157
10 0.67451
11 0.67451
12 0.996901
13 0.818412
14 0.068069
15 0.995517
16 0.112848
17 0.155102
18 0.0509217
0 0.673832
1 0.478998
2 0
3 0
4 0
5 0
6 0
7 0
8 0
9 0
10 0
11 0
12 0.998187
13 0.822728
14 0.0543188
15 0.997409
16 0.138864
17 0.215619
18 0.0367107
0 0.289631
1 0.472646
2 0
3 0
4 0
5 0.172549
6 0.131907
7 0.00784314
8 0
9 0.165419
10 0
11 0.416399
12 0.997516
13 0.759279
14 0.0479939
15 0.996042
16 0.0863373
17 0.361792
18 0.00535502
0 0.642563
1 0.466283
2 0.0402852
3 0.175401
4 0.172549
5 0.252763
6 0.213547
7 0.2
8 0.0263815
9 0.428164
10 0.566845
11 0.260606
12 0.996637
13 0.799009
14 0.0118003
15 0.994327
16 0.0224744
17 0.4056
18 0.00828465
0 0.811941
1 0.459894
2 0.2
3 0.213547
4 0.34902
5 0.34902
6 0.34902
7 0.34902
8 0.473084
9 0.25098
10 0.181462
11 0.14902
12 0.9971
13 0.715642
14 0.0595619
15 0.995049
16 0.0977142
17 0.333015
18 0.00916335
0 0.785135
1 0.55744
2 0.0196078
3 0.0196078
4 0.199287
5 0.0666667
6 0.131551
7 0.168627
8 0.0488414
9 0.177897
10 0.803565
11 0.539394
12 0.99616
13 0.791396
14 0.0226935
15 0.994578
16 0.146516
17 0.250231
18 0.0190983
0 0.847558
1 0.654966
2 0.109091
3 0
4 0
5 0.145455
6 0.172192
7 0.24492
8 0.109091
9 0.269162
10 0.0363636
11 0.343672
12 0.997054
13 0.803998
14 0.0193482
15 0.994817
16 0.0127264
17 0.3704
18 0.00485756
0 0.715975
1 0.419522
2 0.267736
3 0.34902
4 0.34902
5 0.34902
6 0.34902
7 0.0923351
8 0.314438
9 0.182531
10 0.158289
11 0.372549
12 0.99665
13 0.797537
14 0.00678688
15 0.994721
16 0.0436832
17 0.394184
18 0.00870655
0 0.892554
1 0.412927
2 0.2
3 0.2
4 0.2
5 0.328342
6 0.376471
7 0.376471
8 0.6
9 0.396791
10 0.2
11 0.360428
12 0.997023
13 0.785659
14 0.0108914
15 0.994982
16 0.0174536
17 0.410649
18 0.00426621
0 0.759714
1 0.406186
2 0.329412
3 0.329412
4 0.329412
5 0.329412
6 0.329412
7 0.329412
8 0.329412
9 0.329412
10 0.329412
11 0.329412
12 0.998104
13 0.737788
14 0.0735955
15 0.997185
16 0.0403621
17 0.348948
18 0.00625764
0 0.288883
1 0.399459
2 0.156863
3 0.156863
4 0.156863
5 0.156863
6 0.156863
7 0.156863
8 0.00392157
9 0.00392157
10 0.815686
11 0.815686
12 0.99771
13 0.754732
14 0.0495779
15 0.996813
16 0.04528
17 0.310424
18 0.00836654
0 0.335531
1 0.392486
2 0.203209
3 0.134046
4 0.0627451
5 0.266667
6 0.0242424
7 0
8 0.0734403
9 0.0969697
10 0.663815
11 0.0969697
12 0.996898
13 0.819544
14 0.0622998
15 0.995606
16 0.107553
17 0.145109
18 0.0594224
0 0.677607
1 0.385389
2 0
3 0
4 0
5 0
6 0
7 0
8 0
9 0
10 0
11 0
12 0.997545
13 0.821079
14 0.0748094
15 0.996518
16 0.103652
17 0.154395
18 0.0575681
0 0.56961
1 0.37831
2 0
3 0
4 0
5 0
6 0
7 0
8 0
9 0
10 0
11 0
12 0.996786
13 0.817589
14 0.0741697
15 0.995297
16 0.0898895
17 0.14739
18 0.048747
0 0.837432
1 0.371159
2 0
3 0
4 0
5 0
6 0
7 0
8 0
9 0
10 0
11 0
12 0.997963
13 0.823731
14 0.075729
15 0.997221
16 0.113908
17 0.156963
18 0.0691316
0 0.376522
1 0.364085
2 0
3 0
4 0
5 0
6 0
7 0
8 0
9 0
10 0
11 0
12 0.997205
13 0.819336
14 0.0733465
15 0.995991
16 0.0918836
17 0.151398
18 0.0528317
0 0.70644
1 0.356994
2 0
3 0
4 0
5 0
6 0
7 0
8 0
9 0
10 0
11 0
12 0.99803
13 0.818489
14 0.0470442
15 0.997365
16 0.158932
17 0.274068
18 0.0270831
0 0.350917
1 0.349852
2 0
3 0
4 0.0641711
5 0.108378
6 0.325847
7 0.2
8 0.00106952
9 0.309804
10 0.0631016
11 0.198574
12 0.998423
13 0.808213
14 0.00618651
15 0.997743
16 0.109717
17 0.395187
18 0.0212111
0 0.162173
1 0.342681
2 0.2
3 0.2
4 0.2
5 0.2
6 0.2
7 0.2
8 0.6
9 0.6
10 0.2
11 0.2
12 0.997327
13 0.726497
14 0.00176877
15 0.994173
16 0.000304037
17 0.735653
18 0.000251988
0 0.683205
1 0.335362
2 0.87451
3 0.87451
4 0.87451
5 0.635651
6 0.34902
7 0.34902
8 0.87451
9 0.364349
10 0.87451
11 0.280927
12 0.997572
13 0.761056
14 0.037132
15 0.996409
16 0.0588125
17 0.262154
18 0.0143426
0 0.44791
1 0.432136
2 0.0980392
3 0.0980392
4 0.0980392
5 0.0980392
6 0.0980392
7 0.0980392
8 0.0196078
9 0.0196078
10 0.517647
11 0.517647
12 0.998464
13 0.70167
14 0.0980585
15 0.998122
16 0.219179
17 0.401736
18 0.0081146
0 0.0256981
1 0.527825
2 0.0117647
3 0.0117647
4 0.0117647
5 0.0117647
6 0.226382
7 0.308378
8 0.00392157
9 0.17041
10 0.956863
11 0.520856
12 0.995341
13 0.781179
14 0.0128623
15 0.99251
16 0.0109698
17 0.414851
18 0.00273857
0 0.993264
1 0.520392
2 0.34902
3 0.34902
4 0.34902
5 0.34902
6 0.34902
7 0.34902
8 0.25098
9 0.25098
10 0.14902
11 0.14902
12 0.99648
13 0.770852
14 0.00789255
15 0.994026
16 0.0558037
17 0.319827
18 0.00816709
0 0.9025
1 0.513071
2 0.186453
3 0.34902
4 0.308378
5 0.2
6 0.2
7 0.2
8 0.281996
9 0.6
10 0.264171
11 0.2
12 0.99744
13 0.762112
14 0.0217751
15 0.995907
16 0.0397502
17 0.360315
18 0.00944083
0 0.550687
1 0.505723
2 0.106952
3 0.213547
4 0.267736
5 0.267736
6 0.246346
7 0.0666667
8 0.372906
9 0.202139
10 0.3918
11 0.488057
12 0.99759
13 0.783954
14 0.0194864
15 0.996448
16 0.0447216
17 0.304182
18 0.0134874
0 0.47849
1 0.498111
2 0.2
3 0.2
4 0.2
5 0.2
6 0.2
7 0.2
8 0.2
9 0.2
10 0.2
11 0.2
12 0.997929
13 0.705593
14 0.0882831
15 0.99699
16 0.0671629
17 0.338314
18 0.00617425
0 0.377107
1 0.490563
2 0.109804
3 0.109804
4 0.109804
5 0.122282
6 0.087344
7 0
8 0.00392157
9 0.0506239
10 0.886275
11 0.211052
12 0.995693
13 0.798491
14 0.0574722
15 0.994049
16 0.103796
17 0.145817
18 0.0481759
0 0.892422
1 0.482966
2 0
3 0
4 0
5 0
6 0
7 0
8 0
9 0
10 0
11 0
12 0.996522
13 0.799038
14 0.0715997
15 0.995065
16 0.101993
17 0.150339
18 0.0450069
0 0.868223
1 0.475361
2 0
3 0
4 0
5 0
6 0
7 0
8 0
9 0
10 0
11 0
12 0.996219
13 0.797697
14 0.0719051
15 0.994624
16 0.0973744
17 0.148304
18 0.0437174
0 0.941782
1 0.467749
2 0
3 0
4 0
5 0
6 0
7 0
8 0
9 0
10 0
11 0
12 0.996382
13 0.798477
14 0.0722859
15 0.994929
16 0.0996536
17 0.149043
18 0.0462662
0 0.885486
1 0.460006
2 0
3 0
4 0
5 0
6 0
7 0
8 0
9 0
10 0
11 0
12 0.996738
13 0.80001
14 0.0723149
15 0.995505
16 0.103244
17 0.151616
18 0.0497814
0 0.782779
1 0.452262
2 0
3 0
4 0
5 0
6 0
7 0
8 0
9 0
10 0
11 0
12 0.997194
13 0.802277
14 0.0437646
15 0.996471
16 0.197316
17 0.215954
18 0.0368799
0 0.642686
1 0.444582
2 0
3 0
4 0
5 0
6 0.181818
7 0.321925
8 0
9 0.286631
10 0
11 0.113369
12 0.997503
13 0.786132
14 0.0126299
15 0.99649
16 0.0248515
17 0.408607
18 0.00485888
0 0.552283
1 0.437122
2 0.267736
3 0.335472
4 0.2
5 0.308378
6 0.34902
7 0.293405
8 0.441355
9 0.281996
10 0.176827
11 0.17148
12 0.996161
13 0.759407
14 0.0226213
15 0.994675
16 0.044415
17 0.19634
18 0.0124292
0 0.941611
1 0.429656
2 0.2
3 0.303743
4 0
5 0
6 0
7 0.148663
8 0.293761
9 0.0673797
10 0.362923
11 0.67344
12 0.99723
13 0.748389
14 0.0508927
15 0.996162
16 0.0368178
17 0.35397
18 0.0054203
0 0.539059
1 0.421648
2 0.207843
3 0.207843
4 0.207843
5 0.207843
6 0.207843
7 0.201426
8 0.0196078
9 0.177897
10 0.533333
11 0.442424
12 0.997363
13 0.802185
14 0.0361192
15 0.996622
16 0.0942013
17 0.198416
18 0.0349157
0 0.486163
1 0.413543
2 0.0363636
3 0.0727273
4 0
5 0.149376
6 0.100891
7 0.0588235
8 0.109091
9 0.104456
10 0.0363636
11 0.672014
12 0.997166
13 0.694707
14 0.108082
15 0.99643
16 0.111242
17 0.460867
18 0.00249626
0 0.65719
1 0.406021
2 0.027451
3 0.027451
4 0.027451
5 0.173619
6 0.34902
7 0.34902
8 0.00392157
9 0.206061
10 0.956863
11 0.2959
12 0.998136
13 0.799297
14 0.00641005
15 0.997444
16 0.0334446
17 0.396627
18 0.0111645
0 0.0488602
1 0.398319
2 0.34902
3 0.34902
4 0.34902
5 0.281283
6 0.2
7 0.2
8 0.25098
9 0.536542
10 0.14902
11 0.190731
12 0.997308
13 0.787153
14 0.00691623
15 0.996065
16 0.0252396
17 0.41609
18 0.00820173
0 0.635274
1 0.390849
2 0.34902
3 0.213547
4 0.281283
5 0.267736
6 0.34902
7 0.34902
8 0.409626
9 0.314438
10 0.172193
11 0.158289
12 0.998334
13 0.797739
14 0.00905923
15 0.997626
16 0.0189697
17 0.422555
18 0.00745338
0 0.163903
1 0.383453
2 0.321925
3 0.335472
4 0.34902
5 0.34902
6 0.37041
7 0.320143
8 0.282709
9 0.320499
10 0.153654
11 0.219251
12 0.997727
13 0.746124
14 0.00913344
15 0.996032
16 0.00385744
17 0.63179
18 0.000654816
0 0.480132
1 0.375401
2 0.263815
3 0.633868
4 0.639216
5 0.639216
6 0.639216
7 0.27451
8 0.406774
9 0.464884
10 0.586453
11 0.554724
12 0.995939
13 0.800982
14 0.0369455
15 0.994346
16 0.0907179
17 0.135975
18 0.0545092
0 0.921307
1 0.368284
2 0
3 0
4 0
5 0
6 0
7 0
8 0
9 0
10 0
11 0
12 0.998211
13 0.812664
14 0.0755742
15 0.997799
16 0.124987
17 0.161866
18 0.0752519
0 0.216474
1 0.361098
2 0
3 0
4 0
5 0
6 0
7 0
8 0
9 0
10 0
11 0
12 0.996361
13 0.801354
14 0.0721154
15 0.995104
16 0.0821699
17 0.149088
18 0.0461454
0 0.905832
1 0.353139
2 0
3 0
4 0
5 0
6 0
7 0
8 0
9 0
10 0
11 0
12 0.996441
13 0.8027
14 0.0754939
15 0.99533
16 0.0906615
17 0.145809
18 0.0524737
0 0.844485
1 0.346005
2 0
3 0
4 0
5 0
6 0
7 0
8 0
9 0
10 0
11 0
12 0.998534
13 0.816657
14 0.0761501
15 0.998263
16 0.129448
17 0.165796
18 0.0878962
0 0.0345854
1 0.335943
2 0
3 0
4 0
5 0
6 0
7 0
8 0
9 0
10 0
11 0
12 0.997482
13 0.792481
14 0.0346552
15 0.996876
16 0.162726
17 0.328382
18 0.0131052
0 0.571541
1 0.328908
2 0
3 0
4 0.0192513
5 0.227095
6 0.335472
7 0.2
8 0.00998217
9 0.473084
10 0.160428
11 0.181462
12 0.997837
13 0.794429
14 0.0138105
15 0.996834
16 0.0202098
17 0.385087
18 0.0120341
0 0.39683
1 0.321809
2 0.2
3 0.254189
4 0.34902
5 0.34902
6 0.18467
7 0.113369
8 0.441355
9 0.256328
10 0.176827
11 0.315508
12 0.997482
13 0.728341
14 0.0189546
15 0.996077
16 0.0251852
17 0.747216
18 0.00156777
0 0.549873
1 0.314678
2 0.0766488
3 0.103743
4 0.631373
5 0.631373
6 0.631373
7 0.631372
8 0.232086
9 0.631373
10 0.766132
11 0.631373
12 0.997105
13 0.748146
14 0.0207598
15 0.994886
16 0.00585869
17 0.445633
18 0.00874247
0 0.562048
1 0.306931
2 0.207843
3 0.25205
4 0.694118
5 0.207843
6 0.207843
7 0.207843
8 0.264884
9 0.0196078
10 0.599287
11 0.545098
12 0.997697
13 0.738287
14 0.00106754
15 0.99647
16 0.00149618
17 0.830353
18 0.000201743
0 0.358682
1 0.298195
2 0.729412
3 0.729412
4 0.729412
5 0.729412
6 0.729412
7 0.729412
8 0.729412
9 0.729412
10 0.729412
11 0.729412
12 0.996928
13 0.729544
14 0.0019378
15 0.994054
16 0.000556855
17 0.491629
18 0.0018556
0 0.649967
1 0.291016
2 0.752941
3 0.752941
4 0.752941
5 0.248128
6 0.0588235
7 0.0588235
8 0.752941
9 0.0720143
10 0.752941
11 0.874153
12 0.995711
13 0.703932
14 0.103501
15 0.994437
16 0.075137
17 0.282056
18 0.00727972
0 0.877431
1 0.283975
2 0.0313726
3 0.0313726
4 0.0313725
5 0.0313726
6 0.0313726
7 0.0313725
8 0.00392157
9 0.00392157
10 0.929412
11 0.929412
12 0.997511
13 0.800606
14 0.0118724
15 0.99693
16 0.0151366
17 0.408621
18 0.00631259
0 0.295348
1 0.276768
2 0.34902
3 0.34902
4 0.267736
5 0.34902
6 0.34902
7 0.308378
8 0.314438
9 0.282709
10 0.158289
11 0.153654
12 0.998174
13 0.736778
14 0.0922596
15 0.997729
16 0.0664992
17 0.308625
18 0.0107181
0 0.24961
1 0.269707
2 0.0823529
3 0.0823529
4 0.0823529
5 0.082353
6 0.082353
7 0.0823529
8 0.00392157
9 0.00392157
10 0.768627
11 0.768627
12 0.998368
13 0.815144
14 0.065177
15 0.998143
16 0.13399
17 0.163004
18 0.0945005
0 0.0122202
1 0.318839
2 0
3 0
4 0
5 0
6 0
7 0
8 0
9 0
10 0
11 0
12 0.996334
13 0.74375
14 0.100892
15 0.995022
16 0.030499
17 0.285235
18 0.00659649
0 0.92093
1 0.31154
2 0.0606061
3 0.133333
4 0.133333
5 0.133333
6 0.133333
7 0.133333
8 0.00320856
9 0.00392157
10 0.545455
11 0.666667
12 0.9978
13 0.801653
14 0.0605681
15 0.997361
16 0.128255
17 0.154571
18 0.0798295
0 0.315399
1 0.408272
2 0
3 0
4 0
5 0
6 0
7 0
8 0
9 0
10 0
11 0
12 0.998078
13 0.79107
14 0.0647235
15 0.997572
16 0.125896
17 0.168976
18 0.0600741
0 0.343209
1 0.505112
2 0
3 0
4 0
5 0
6 0
7 0
8 0
9 0
10 0
11 0
12 0.997325
13 0.786612
14 0.0664316
15 0.996539
16 0.113772
17 0.161243
18 0.0503713
0 0.626135
1 0.497954
2 0
3 0
4 0
5 0
6 0
7 0
8 0
9 0
10 0
11 0
12 0.997173
13 0.78641
14 0.0587458
15 0.996476
16 0.13559
17 0.170931
18 0.0507199
0 0.660412
1 0.490736
2 0
3 0
4 0
5 0
6 0
7 0.165775
8 0
9 0.0812834
10 0
11 0.139037
12 0.998515
13 0.748231
14 0.0255302
15 0.99825
16 0.0444483
17 0.362902
18 0.00987201
0 0.0656502
1 0.483509
2 0.294118
3 0.223886
4 0.0670232
5 0.109804
6 0.109804
7 0.240285
8 0.350446
9 0.0488414
10 0.46738
11 0.495544
12 0.998397
13 0.719164
14 0.0369676
15 0.998067
16 0.142551
17 0.464932
18 0.0048319
0 0.0751235
1 0.476692
2 0.0941176
3 0.0941176
4 0.0941176
5 0.279501
6 0.254189
7 0.2
8 0.0196078
9 0.420321
10 0.717647
11 0.22852
12 0.998201
13 0.731971
14 0.0121202
15 0.997786
16 0.0142652
17 0.445864
18 0.00246573
0 0.119933
1 0.467744
2 0.482353
3 0.482353
4 0.2
5 0.137255
6 0.21426
7 0.34902
8 0.351872
9 0.116221
10 0.607487
11 0.581105
12 0.997834
13 0.714714
14 0.0665686
15 0.99727
16 0.0686953
17 0.327402
18 0.00852444
0 0.321219
1 0.45891
2 0.101961
3 0.101961
4 0.101961
5 0.101961
6 0.101961
7 0.101961
8 0.0196078
9 0.0196078
10 0.72549
11 0.72549
12 0.996577
13 0.754838
14 0.0566826
15 0.995764
16 0.0857306
17 0.252472
18 0.0158912
0 0.696957
1 0.449581
2 0.0513369
3 0.0705882
4 0.0705882
5 0.0705882
6 0.123351
7 0.215686
8 0.00356506
9 0.100178
10 0.324421
11 0.292692
12 0.997875
13 0.765117
14 0.0182265
15 0.997389
16 0.029412
17 0.437397
18 0.00475188
0 0.325506
1 0.442008
2 0.254902
3 0.254902
4 0.189661
5 0.34902
6 0.34902
7 0.34902
8 0.242781
9 0.25098
10 0.2959
11 0.14902
12 0.996724
13 0.769025
14 0.00581935
15 0.995268
16 0.0293386
17 0.415168
18 0.0100324
0 0.78717
1 0.435069
2 0.2
3 0.2
4 0.321925
5 0.34902
6 0.267736
7 0.267736
8 0.504813
9 0.377897
10 0.186096
11 0.167558
12 0.996737
13 0.76676
14 0.0129746
15 0.995213
16 0.0177609
17 0.256563
18 0.0182285
0 0.780376
1 0.428206
2 0.281283
3 0.247772
4 0.278431
5 0.101604
6 0.0352941
7 0.0352941
8 0.387879
9 0.028877
10 0.214617
11 0.759715
12 0.998184
13 0.76117
14 0.00815267
15 0.997605
16 0.0168728
17 0.517198
18 0.00395561
0 0.203707
1 0.420738
2 0.334046
3 0.384314
4 0.384314
5 0.384314
6 0.384314
7 0.384314
8 0.403922
9 0.384314
10 0.367558
11 0.384314
12 0.997885
13 0.68431
14 0.00387316
15 0.996531
16 6.99785e-05
17 0.905527
18 1.09125e-05
0 0.364237
1 0.409671
2 0.968627
3 0.968627
4 0.968627
5 0.968628
6 0.968628
7 0.977183
8 0.247059
9 0.315508
10 0.996078
11 0.996435
12 0.997599
13 0.689479
14 0.00250126
15 0.996087
16 6.71762e-05
17 0.894816
18 1.46461e-05
0 0.332428
1 0.398268
2 0.945098
3 0.945098
4 0.945098
5 0.945098
6 0.945098
7 0.945098
8 0.247059
9 0.247059
10 0.984314
11 0.984314
12 0.997984
13 0.742528
14 0.00708971
15 0.997138
16 0.0249161
17 0.660466
18 0.00284823
0 0.175389
1 0.387654
2 0.0745098
3 0.247059
4 0.54902
5 0.54902
6 0.54902
7 0.54902
8 0.251693
9 0.54902
10 0.583244
11 0.54902
12 0.997356
13 0.796177
14 0.0344004
15 0.996691
16 0.108909
17 0.146931
18 0.065157
0 0.544321
1 0.377203
2 0
3 0
4 0
5 0
6 0
7 0
8 0
9 0
10 0
11 0
12 0.996445
13 0.79096
14 0.0643943
15 0.995524
16 0.100152
17 0.151444
18 0.0446687
0 0.897471
1 0.370339
2 0
3 0
4 0
5 0
6 0
7 0.00641711
8 0
9 0.0502674
10 0
11 0.26631
12 0.99671
13 0.741542
14 0.055076
15 0.995381
16 0.015784
17 0.327058
18 0.00778407
0 0.7982
1 0.363732
2 0.0951872
3 0.201783
4 0.276292
5 0.32549
6 0.0509804
7 0.0235294
8 0.262032
9 0.0139037
10 0.485918
11 0.56934
12 0.996387
13 0.755121
14 0.0355243
15 0.995098
16 0.032
17 0.42395
18 0.00724899
0 0.78366
1 0.357119
2 0.0431373
3 0.107308
4 0.34902
5 0.34902
6 0.34902
7 0.34902
8 0.118004
9 0.25098
10 0.369697
11 0.14902
12 0.996082
13 0.77749
14 0.0329901
15 0.994632
16 0.0127119
17 0.264741
18 0.0075198
0 0.895056
1 0.350505
2 0.239216
3 0.239216
4 0.239216
5 0.239216
6 0.23066
7 0.145098
8 0.00392157
9 0.00392157
10 0.141176
11 0.387879
12 0.998429
13 0.774839
14 0.0132354
15 0.998035
16 0.0205929
17 0.436345
18 0.00740699
0 0.0742903
1 0.343838
2 0.313726
3 0.313726
4 0.313725
5 0.313726
6 0.313726
7 0.221747
8 0.313726
9 0.26025
10 0.313726
11 0.383601
12 0.997893
13 0.710598
14 0.0819883
15 0.997419
16 0.0459058
17 0.364524
18 0.00555551
0 0.367569
1 0.336637
2 0.129412
3 0.129412
4 0.129412
5 0.129412
6 0.129412
7 0.129412
8 0.00392157
9 0.00392157
10 0.835294
11 0.835294
12 0.99516
13 0.751502
14 0.0121926
15 0.99324
16 0.0325035
17 0.364185
18 0.00524128
0 0.985106
1 0.32979
2 0.182175
3 0.34902
4 0.34902
5 0.240642
6 0.2
7 0.2
8 0.182531
9 0.568271
10 0.381105
11 0.195365
12 0.997585
13 0.784809
14 0.0152233
15 0.996858
16 0.0172365
17 0.268048
18 0.0222112
0 0.416378
1 0.321965
2 0.267736
3 0.294831
4 0.281283
5 0.101961
6 0.101961
7 0.0923351
8 0.409626
9 0.00962567
10 0.172193
11 0.644207
12 0.99789
13 0.744753
14 0.0212144
15 0.99755
16 0.123482
17 0.461683
18 0.0125032
0 0.365931
1 0.314424
2 0.00392157
3 0.0313726
4 0.130481
5 0.242781
6 0.294118
7 0.294118
8 0.449198
9 0.349733
10 0.559358
11 0.277005
12 0.996865
13 0.706289
14 0.109908
15 0.996263
16 0.0764184
17 0.329653
18 0.00650428
0 0.661589
1 0.307558
2 0.0431373
3 0.0431373
4 0.0431373
5 0.0431373
6 0.0716578
7 0.121569
8 0.00392157
9 0.00392157
10 0.839216
11 0.737611
12 0.99518
13 0.754222
14 0.0116655
15 0.993103
16 0.00558503
17 0.413049
18 0.00298667
0 0.948505
1 0.300478
2 0.380392
3 0.380392
4 0.380392
5 0.380392
6 0.242068
7 0
8 0.380392
9 0.207487
10 0.380392
11 0.207487
12 0.998093
13 0.806794
14 0.0521549
15 0.997878
16 0.126434
17 0.151149
18 0.089088
0 0.19984
1 0.293562
2 0
3 0
4 0
5 0
6 0
7 0
8 0
9 0
10 0
11 0
12 0.996836
13 0.796971
14 0.0733647
15 0.996231
16 0.0816406
17 0.151685
18 0.0503597
0 0.774298
1 0.286609
2 0
3 0
4 0
5 0
6 0
7 0
8 0
9 0
10 0
11 0
12 0.996617
13 0.796912
14 0.076388
15 0.996001
16 0.0861538
17 0.145912
18 0.0549585
0 0.803869
1 0.279541
2 0
3 0
4 0
5 0
6 0
7 0
8 0
9 0
10 0
11 0
12 0.997074
13 0.799568
14 0.0773667
15 0.996616
16 0.0905204
17 0.149481
18 0.060251
0 0.663457
1 0.272403
2 0
3 0
4 0
5 0
6 0
7 0
8 0
9 0
10 0
11 0
12 0.996779
13 0.749847
14 0.0803445
15 0.996135
16 0.041479
17 0.377557
18 0.00781706
0 0.755749
1 0.265193
2 0
3 0.0356506
4 0.126916
5 0.228877
6 0.329412
7 0.196791
8 0.19287
9 0.0167558
10 0.474866
11 0.635294
12 0.997122
13 0.765167
14 0.0214444
15 0.996722
16 0.0320394
17 0.247567
18 0.0148321
0 0.554652
1 0.258216
2 0.34902
3 0.197148
4 0.0196078
5 0.0196078
6 0.0196078
7 0.0345811
8 0.262032
9 0.0181818
10 0.373975
11 0.741889
12 0.997623
13 0.716188
14 0.116468
15 0.997258
16 0.0426947
17 0.367951
18 0.00535155
0 0.407074
1 0.251409
2 0.129412
3 0.129412
4 0.129412
5 0.129412
6 0.129412
7 0.129412
8 0.00392157
9 0.00392157
10 0.843137
11 0.843137
12 0.997493
13 0.728618
14 0.0447126
15 0.99731
16 0.0482718
17 0.448502
18 0.00244722
0 0.347289
1 0.244678
2 0.109804
3 0.344029
4 0.121569
5 0.172906
6 0.403922
7 0.403921
8 0.106595
9 0.299109
10 0.751872
11 0.486275
12 0.998193
13 0.777887
14 0.020439
15 0.997883
16 0.0146446
17 0.328561
18 0.0128357
0 0.0865371
1 0.238049
2 0.313726
3 0.313726
4 0.261319
5 0.141533
6 0.14902
7 0.14902
8 0.286988
9 0.00534759
10 0.350089
11 0.713726
12 0.998044
13 0.772883
14 0.00609753
15 0.997961
16 0.349819
17 0.390015
18 0.0493524
0 0.26299
1 0.230986
2 0
3 0
4 0
5 0
6 0.222103
7 0.267736
8 0.745098
9 0.539037
10 0.372549
11 0.259893
12 0.997489
13 0.710918
14 0.152705
15 0.997098
16 0.0463272
17 0.421368
18 0.00305352
0 0.485006
1 0.223209
2 0.0980392
3 0.0980392
4 0.0980392
5 0.0980392
6 0.0980392
7 0.0980392
8 0.00392157
9 0.00392157
10 0.894118
11 0.894118
12 0.996894
13 0.739399
14 0.095017
15 0.996551
16 0.0654743
17 0.2704
18 0.0148369
0 0.531794
1 0.215841
2 0.0470588
3 0.0470588
4 0.0470588
5 0.0470588
6 0.0470588
7 0.0470588
8 0.00392157
9 0.00392157
10 0.647059
11 0.647059
12 0.997013
13 0.791605
14 0.0125183
15 0.996326
16 0.010257
17 0.386203
18 0.00672578
0 0.553709
1 0.209174
2 0.34902
3 0.34902
4 0.34902
5 0.305882
6 0.294118
7 0.294118
8 0.25098
9 0.280214
10 0.14902
11 0.261676
12 0.998502
13 0.73875
14 0.105061
15 0.998423
16 0.0907525
17 0.331585
18 0.0131399
0 0.0387006
1 0.202517
2 0.0509804
3 0.0509804
4 0.0509804
5 0.0509804
6 0.132977
7 0.141176
8 0.00392157
9 0.00392157
10 0.752941
11 0.683066
12 0.997385
13 0.782263
14 0.015594
15 0.996934
16 0.0183837
17 0.403399
18 0.00761376
0 0.437413
1 0.195243
2 0.27451
3 0.27451
4 0.27451
5 0.27451
6 0.27451
7 0.27451
8 0.27451
9 0.27451
10 0.27451
11 0.27451
12 0.998266
13 0.763315
14 0.0808821
15 0.998153
16 0.0911477
17 0.226922
18 0.0267975
0 0.155226
1 0.188645
2 0.0666667
3 0.0666667
4 0.0121212
5 0
6 0
7 0
8 0.00285205
9 0
10 0.516221
11 0
12 0.996006
13 0.802251
14 0.0774001
15 0.995458
16 0.0768333
17 0.142143
18 0.0533186
0 0.889856
1 0.181901
2 0
3 0
4 0
5 0
6 0
7 0
8 0
9 0
10 0
11 0
12 0.996817
13 0.804959
14 0.0815329
15 0.996438
16 0.0791265
17 0.143755
18 0.0606213
0 0.745577
1 0.175168
2 0
3 0
4 0
5 0
6 0
7 0
8 0
9 0
10 0
11 0
12 0.997444
13 0.808346
14 0.0759079
15 0.997217
16 0.09158
17 0.150454
18 0.0694316
0 0.54576
1 0.168431
2 0
3 0
4 0
5 0
6 0
7 0.00213904
8 0
9 0.0335116
10 0
11 0.176827
12 0.998456
13 0.726784
14 0.150724
15 0.998296
16 0.0214049
17 0.462762
18 0.00320262
0 0.0873091
1 0.161354
2 0.0388592
3 0.196078
4 0.196078
5 0.364349
6 0.226738
7 0.118004
8 0.0645276
9 0.00534759
10 0.881283
11 0.682709
12 0.996698
13 0.707905
14 0.109425
15 0.996319
16 0.0416516
17 0.352321
18 0.00575663
0 0.624132
1 0.15435
2 0.0901961
3 0.0901961
4 0.0901961
5 0.0901961
6 0.0901961
7 0.0901961
8 0.00392157
9 0.00392157
10 0.94902
11 0.94902
12 0.997558
13 0.772443
14 0.033662
15 0.99715
16 0.00912633
17 0.372265
18 0.00886586
0 0.285066
1 0.147359
2 0.2082
3 0.340463
4 0.364706
5 0.227451
6 0.227451
7 0.227451
8 0.280927
9 0.0196078
10 0.435651
11 0.678431
12 0.996069
13 0.740948
14 0.0314836
15 0.995472
16 0.0241092
17 0.33922
18 0.00562621
0 0.879467
1 0.140559
2 0.32549
3 0.100891
4 0.0784314
5 0.231016
6 0.0267379
7 0.0545455
8 0.120856
9 0.135116
10 0.629947
11 0.129412
12 0.997371
13 0.797221
14 0.0133568
15 0.996864
16 0.00981323
17 0.397322
18 0.00600864
0 0.425261
1 0.133686
2 0.297683
3 0.34902
4 0.34902
5 0.366132
6 0.372549
7 0.17041
8 0.251693
9 0.260963
10 0.168271
11 0.428164
12 0.996966
13 0.748514
14 0.0851097
15 0.996583
16 0.0413728
17 0.275723
18 0.0104741
0 0.68841
1 0.126775
2 0.0941176
3 0.0941176
4 0.0941176
5 0.0941177
6 0.0941177
7 0.103743
8 0.00392157
9 0.00392157
10 0.603922
11 0.635294
12 0.996528
13 0.740929
14 0.0111444
15 0.99454
16 0.0039954
17 0.648468
18 0.00550023
0 0.687594
1 0.119995
2 0.0588235
3 0.350089
4 0.956863
5 0.785027
6 0.0117647
7 0.287701
8 0.503743
9 0.668093
10 0.675579
11 0.394296
12 0.997805
13 0.774247
14 0.0538519
15 0.997701
16 0.0601141
17 0.240964
18 0.0248302
0 0.261421
1 0.113212
2 0.0627451
3 0.0627451
4 0.0627451
5 0.0627451
6 0.0627451
7 0.0627451
8 0.00392157
9 0.00392157
10 0.45098
11 0.45098
12 0.99826
13 0.74606
14 0.0982572
15 0.998245
16 0.0699207
17 0.387789
18 0.00840499
0 0.099619
1 0.106368
2 0.0780749
3 0.0941176
4 0.0941176
5 0.164706
6 0.164706
7 0.164706
8 0.00392157
9 0.164706
10 0.742959
11 0.164706
12 0.998033
13 0.815691
14 0.0524027
15 0.998034
16 0.0820122
17 0.16923
18 0.0800414
0 0.169335
1 0.0996947
2 0.0909091
3 0
4 0
5 0
6 0
7 0
8 0.030303
9 0
10 0.030303
11 0
12 0.996446
13 0.808034
14 0.0777595
15 0.996104
16 0.0646368
17 0.138874
18 0.0564854
0 0.873471
1 0.0931026
2 0
3 0
4 0
5 0
6 0
7 0
8 0
9 0
10 0
11 0
12 0.997351
13 0.813133
14 0.0855113
15 0.997232
16 0.0781296
17 0.143554
18 0.0733562
0 0.566082
1 0.0865097
2 0
3 0
4 0
5 0
6 0
7 0
8 0
9 0
10 0
11 0
12 0.998184
13 0.818592
14 0.0841144
15 0.998185
16 0.087254
17 0.152536
18 0.0901384
0 0.225689
1 0.0799697
2 0
3 0
4 0
5 0
6 0
7 0
8 0
9 0
10 0
11 0
12 0.99626
13 0.808251
14 0.0745549
15 0.995932
16 0.0639256
17 0.140065
18 0.0562957
0 0.918504
1 0.0734236
2 0
3 0
4 0
5 0
6 0
7 0.00213904
8 0
9 0.0335116
10 0
11 0.176827
12 0.997761
13 0.755243
14 0.0800339
15 0.997422
16 0.0298218
17 0.424565
18 0.00936457
0 0.401498
1 0.0669663
2 0.00392157
3 0.129412
4 0.320143
5 0.243137
6 0.243137
7 0.0795009
8 0.193583
9 0.16221
10 0.638146
11 0.472371
12 0.996824
13 0.769143
14 0.043943
15 0.996591
16 0.0180515
17 0.329109
18 0.00839436
0 0.620498
1 0.0607281
2 0.237077
3 0.168627
4 0.168627
5 0.168627
6 0.168627
7 0.267023
8 0.0716578
9 0.0488414
10 0.468093
11 0.476292
12 0.996418
13 0.737989
14 0.0267898
15 0.996193
16 0.0187558
17 0.567071
18 0.00125924
0 0.753133
1 0.0546504
2 0.392157
3 0.149733
4 0.12549
5 0.293761
6 0.50303
7 0.286631
8 0.145098
9 0.241711
10 0.739037
11 0.634581
12 0.997885
13 0.755042
14 0.0669924
15 0.997892
16 0.0730661
17 0.332218
18 0.011206
0 0.194977
1 0.0484489
2 0.0666667
3 0.0655971
4 0.054902
5 0.1041
6 0.172905
7 0
8 0.00392157
9 0.114795
10 0.686631
11 0.206774
12 0.995344
13 0.786778
14 0.0232079
15 0.994513
16 0.00844995
17 0.381619
18 0.00460162
0 0.962655
1 0.0422571
2 0.178253
3 0.339037
4 0.34902
5 0.34902
6 0.34902
7 0.34902
8 0.225312
9 0.25098
10 0.237433
11 0.14902
12 0.996722
13 0.800204
14 0.0111124
15 0.996241
16 0.0111934
17 0.335729
18 0.0101298
0 0.693855
1 0.0361302
2 0.34902
3 0.34902
4 0.34902
5 0.129412
6 0.306595
7 0.337255
8 0.25098
9 0.263102
10 0.14902
11 0.389305
12 0.998396
13 0.762213
14 0.10571
15 0.998428
16 0.0502175
17 0.309266
18 0.0147735
0 0.0655395
1 0.0297332
2 0.0980392
3 0.0980392
4 0.0980392
5 0.0980392
6 0.0980392
7 0.0980392
8 0.00392157
9 0.00392157
10 0.654902
11 0.654902
12 0.995684
13 0.794059
14 0.0116098
15 0.995252
16 0.0132661
17 0.358797
18 0.00901765
0 0.897367
1 0.023345
2 0.321925
3 0.2
4 0.183957
5 0.270588
6 0.270588
7 0.165775
8 0.390374
9 0.222103
10 0.180749
11 0.354724
12 0.997953
13 0.797905
14 0.0494846
15 0.997885
16 0.0354251
17 0.203742
18 0.0412417
0 0.268152
1 0.0172206
2 0.124777
3 0.156863
4 0.156863
5 0.0427807
6 0
7 0
8 0.129055
9 0.0142602
10 0.261676
11 0.0142602
12 0.997682
13 0.781306
14 0.12263
15 0.997716
16 0.0637035
17 0.220275
18 0.0297632
0 0.38952
1 0.0111939
2 0
3 0.0463458
4 0.0509804
5 0.0509804
6 0.0509804
7 0.0509804
8 0.00249554
9 0.00392157
10 0.41426
11 0.65098
12 0.997758
13 0.82058
14 0.0868207
15 0.997861
16 0.0804747
17 0.145761
18 0.0939279
end fitness = 38.7398
