brainFunction 22860 28 21 211 24772 2-4 5-10 11-20
0 0.401814
1 0.830756
2 0.524955
3 0.463458
4 0.396078
5 0.621747
6 0.789661
7 0.493405
8 0.405348
9 0.757219
10 0.632085
11 0.368984
12 0.735472
13 0.590374
14 0.745811
15 0.486274
16 0.222104
17 0.422103
18 0.321569
19 0.620678
20 0.631016
21 0.926355
22 0.841646
23 0.0597489
24 0.989811
25 0.176071
26 0.0940562
27 0.953084
0 0.51206
1 0.385655
2 0.87754
3 1
4 1
5 0.102317
6 0.0509804
7 0.0509804
8 0.0509804
9 0.0509804
10 0.0509804
11 1
12 1
13 1
14 1
15 1
16 1
17 1
18 1
19 1
20 0.999999
21 0.967846
22 0.859942
23 0.0669025
24 0.827282
25 0.338475
26 0.106659
27 0.893477
0 0.790733
1 0.371162
2 0.0313726
3 0.0313726
4 0.0313725
5 0.0313726
6 0.0313726
7 0.0313725
8 0.0313726
9 0.0313726
10 0.0313725
11 0.0313726
12 0.0313726
13 0.0313726
14 0.0313725
15 0.0313725
16 0.0313726
17 0.0313725
18 0.0313725
19 0.0313726
20 0.0313725
21 0.961982
22 0.853891
23 0.0577772
24 0.872058
25 0.393562
26 0.0972517
27 0.916257
0 0.538501
1 0.361394
2 0.0980392
3 0.0980392
4 0.0980392
5 0.0980392
6 0.0980392
7 0.0980392
8 0.0980392
9 0.0980392
10 0.0980392
11 0.0980392
12 0.0980392
13 0.0980392
14 0.0980392
15 0.0980392
16 0.0980392
17 0.0980392
18 0.0980392
19 0.0980393
20 0.0980392
21 0.960292
22 0.791916
23 0.0133381
24 0.980347
25 0.15113
26 0.0117449
27 0.687474
0 0.930578
1 0.353652
2 0.0156863
3 0.349376
4 0.683066
5 0.239216
6 0.239216
7 0.239216
8 0.744029
9 0.933333
10 0.554724
11 1
12 1
13 1
14 1
15 1
16 0.963637
17 0.933333
18 0.933333
19 0.933334
20 0.993939
21 0.941999
22 0.808902
23 0.0212122
24 0.984129
25 0.177867
26 0.0158026
27 0.680851
0 0.76328
1 0.346303
2 0.0745098
3 0.0745098
4 0.935472
5 0.239216
6 0.239216
7 0.239216
8 0.239216
9 0.909448
10 0.97647
11 1
12 1
13 1
14 1
15 1
16 1
17 0.995722
18 0.97647
19 0.976471
20 0.97647
21 0.941296
22 0.859503
23 0.0366835
24 0.973071
25 0.175366
26 0.016568
27 0.774645
0 0.829926
1 0.338779
2 0.0392157
3 0.0392157
4 0.414617
5 0.239216
6 0.239216
7 0.239216
8 0.239216
9 0.239216
10 0.826381
11 1
12 1
13 1
14 1
15 1
16 1
17 1
18 1
19 0.984314
20 0.956862
21 0.933492
22 0.894425
23 0.0297995
24 0.979957
25 0.203622
26 0.0154523
27 0.910594
0 0.290082
1 0.331111
2 0.168449
3 0.117647
4 0.117647
5 0.0228164
6 0.229947
7 0.239216
8 0.239216
9 0.239216
10 0.239216
11 0.515508
12 0.95508
13 0.991444
14 0.988235
15 0.988235
16 0.988236
17 0.988235
18 0.988235
19 0.988236
20 0.988235
21 0.954614
22 0.961414
23 0.0412795
24 0.980767
25 0.506916
26 0.0242466
27 0.948095
0 0.123188
1 0.323412
2 0.101961
3 0.0409982
4 0.0666667
5 0.27451
6 0.27451
7 0.0499109
8 0.0723708
9 0.239216
10 0.239216
11 1
12 1
13 1
14 0.636363
15 0
16 0.980392
17 0.99287
18 1
19 1
20 0.999999
21 0.958484
22 0.938942
23 0.0435213
24 0.924654
25 0.290106
26 0.0429017
27 0.77512
0 0.916641
1 0.31553
2 0.0688057
3 0.0942959
4 0.287166
5 0.27451
6 0.203565
7 0.154011
8 0.291979
9 0.202139
10 0.624599
11 1
12 1
13 0.727273
14 0.529412
15 0.508021
16 0.916578
17 0.345455
18 0.438146
19 0.857754
20 0.889482
21 0.953986
22 0.727735
23 0.027598
24 0.980762
25 0.276552
26 0.0274385
27 0.868244
0 0.525743
1 0.307978
2 0.107665
3 0.179679
4 0.151693
5 0.057754
6 0.137968
7 0.0256684
8 0.565062
9 0.167558
10 0.4
11 0
12 0.411765
13 0.898039
14 0.992157
15 0.968984
16 0.2
17 0.6082
18 0.460606
19 0.989662
20 0.784313
21 0.967258
22 0.907973
23 0.0466224
24 0.96583
25 0.463909
26 0.0151363
27 0.895317
0 0.617914
1 0.300564
2 0.145455
3 0.0901961
4 0.146702
5 0.445989
6 0.218182
7 0.327273
8 0.323708
9 0.385383
10 0.175401
11 0.558289
12 0.2
13 0.727629
14 0.168271
15 0.181818
16 0.486988
17 0.664528
18 0.985027
19 0.945098
20 0.889839
21 0.950952
22 0.924704
23 0.0232691
24 0.980764
25 0.421876
26 0.0261387
27 0.919806
0 0.352985
1 0.292804
2 0.0786096
3 0.190196
4 0.17451
5 0.327273
6 0.0139037
7 0.518717
8 0.2082
9 0.396078
10 0.135829
11 0.263815
12 0.737968
13 0.658824
14 0.306952
15 0.2
16 0.222104
17 0.918716
18 0.876292
19 0.964706
20 0.526203
21 0.963707
22 0.893985
23 0.0495949
24 0.966207
25 0.337102
26 0.0185902
27 0.919587
0 0.709247
1 0.28503
2 0.0668449
3 0.195722
4 0.215508
5 0.173262
6 0.218182
7 0.6
8 0.0524064
9 0.386096
10 0.11123
11 0.58467
12 0
13 0.478788
14 0.2
15 0.2
16 0.57861
17 0.916934
18 0.98574
19 0.648128
20 0.364349
21 0.96907
22 0.747943
23 0.0184069
24 0.962378
25 0.224285
26 0.00955178
27 0.904968
0 0.285499
1 0.277391
2 0.2
3 0.295187
4 0.238503
5 0.6
6 0.6
7 0.161497
8 0.505882
9 0.423173
10 0.127629
11 0.2
12 0.2
13 0.2
14 0.383957
15 0.597148
16 0.690196
17 0.980035
18 0.735829
19 0.252407
20 0.409269
21 0.970556
22 0.814399
23 0.0630812
24 0.918879
25 0.215209
26 0.0278515
27 0.703463
0 0.98238
1 0.38187
2 0.109982
3 0.306952
4 0.111408
5 0.0670232
6 0.231729
7 0.132264
8 0.600713
9 0.147594
10 0.397148
11 0.852763
12 0.266667
13 0.354011
14 0.809626
15 0.677718
16 1
17 0.388591
18 0.475579
19 0.918361
20 0.828876
21 0.958811
22 0.648622
23 0.0216033
24 0.877004
25 0.236537
26 0.019109
27 0.542504
0 0.999561
1 0.486443
2 0.2
3 0.2
4 0.2
5 0.6
6 0.6
7 0.6
8 0.6
9 0.6
10 0.6
11 0.2
12 0.2
13 0.2
14 0.2
15 0.2
16 0.2
17 0.2
18 0.2
19 0.2
20 0.2
21 0.958138
22 0.864586
23 0.127259
24 0.891286
25 0.491014
26 0.0678348
27 0.891311
0 0.248147
1 0.589883
2 0.00392157
3 0.00392157
4 0.109804
5 0.00392157
6 0.00392157
7 0.00392157
8 0.00392157
9 0.129768
10 0.452406
11 0.00392157
12 0.00392157
13 0.00392157
14 0.00392157
15 0.00392157
16 0.00392157
17 0.127986
18 0.686274
19 0.308378
20 0.358289
21 0.962281
22 0.942748
23 0.0715985
24 0.968487
25 0.274592
26 0.0501948
27 0.926588
0 0.339847
1 0.692698
2 0.203922
3 0.203922
4 0.203922
5 0.156863
6 0.156863
7 0.156863
8 0.156863
9 0.156863
10 0.156863
11 0.658824
12 0.658824
13 0.658824
14 0.658823
15 0.658823
16 0.658824
17 0.658823
18 0.658823
19 0.658824
20 0.658823
21 0.963569
22 0.967986
23 0.0564038
24 0.971168
25 0.255548
26 0.0526585
27 0.869544
0 0.742713
1 0.685031
2 0.127094
3 0.113904
4 0.521569
5 0.210695
6 0.160071
7 0.189661
8 0.197504
9 0.156863
10 0.156863
11 0.622103
12 0.960784
13 0.928699
14 0.26738
15 0.755793
16 0.468806
17 0.536542
18 0.843137
19 0.843138
20 0.843137
21 0.965876
22 0.953611
23 0.104629
24 0.980206
25 0.344128
26 0.0641121
27 0.901532
0 0.729247
1 0.676985
2 0.114795
3 0.108021
4 0.521569
5 0.19287
6 0.355437
7 0.193939
8 0.0595366
9 0.156863
10 0.156863
11 0.960428
12 0.559358
13 0.736899
14 0.703387
15 0.255615
16 0.484492
17 0.656328
18 0.843137
19 0.843138
20 0.843137
21 0.96723
22 0.934969
23 0.0374568
24 0.968256
25 0.267139
26 0.0267247
27 0.833813
0 0.315822
1 0.779475
2 0.151159
3 0.141889
4 0.332086
5 0.291266
6 0.345811
7 0.212121
8 0.269875
9 0.625312
10 0.473797
11 0.73262
12 0.722995
13 0.68271
14 0.607487
15 0.624955
16 0.670588
17 0.567201
18 0.668449
19 0.60107
20 0.458823
21 0.962091
22 0.846659
23 0.0286525
24 0.937874
25 0.0970345
26 0.0226535
27 0.625759
0 0.995876
1 0.772112
2 0.168449
3 0.487522
4 0.245633
5 0.247415
6 0.272371
7 0.581818
8 0.487344
9 0.534403
10 0.379323
11 0.6082
12 0.680214
13 0.282353
14 0.540463
15 0.968984
16 0.573619
17 0.721569
18 0.601783
19 0.556863
20 0.371479
21 0.936385
22 0.905821
23 0.0338181
24 0.926987
25 0.204475
26 0.0370386
27 0.766605
0 0.533904
1 0.765098
2 0.441533
3 0.218717
4 0.218895
5 0.264884
6 0.713369
7 0.573619
8 0.427451
9 0.411408
10 0.25098
11 0.980036
12 0.984314
13 0.817469
14 0.74902
15 0.492335
16 0.466667
17 0.466667
18 0.466667
19 0.206774
20 0.14902
21 0.957605
22 0.829485
23 0.0227045
24 0.967744
25 0.171977
26 0.0293653
27 0.815125
0 0.157701
1 0.75791
2 0.266132
3 0.577184
4 0.291979
5 0.511586
6 0.402496
7 0.631373
8 0.548663
9 0.223886
10 0.25098
11 0.479501
12 0.71836
13 0.412834
14 0.631372
15 0.631372
16 0.631373
17 0.845989
18 0.372549
19 0.14902
20 0.14902
21 0.960684
22 0.950616
23 0.0434832
24 0.96141
25 0.153575
26 0.0305701
27 0.878195
0 0.392861
1 0.750737
2 0.00784314
3 0.00784314
4 0.240463
5 0.176471
6 0.176471
7 0.176471
8 0.176471
9 0.203565
10 0.25098
11 0.976471
12 0.976471
13 0.976471
14 0.97647
15 0.97647
16 0.976471
17 0.976471
18 0.750802
19 0.14902
20 0.14902
21 0.97518
22 0.906436
23 0.0707166
24 0.934857
25 0.44126
26 0.098435
27 0.838348
0 0.220682
1 0.743615
2 0.282175
3 0.34902
4 0.34902
5 0.484135
6 0.25098
7 0.25098
8 0.25098
9 0.25098
10 0.25098
11 0.679144
12 0.258824
13 0.14902
14 0.14902
15 0.14902
16 0.14902
17 0.14902
18 0.14902
19 0.14902
20 0.14902
21 0.971206
22 0.858437
23 0.0693794
24 0.926701
25 0.246083
26 0.0944056
27 0.831147
0 0.727989
1 0.848864
2 0.34902
3 0.34902
4 0.34902
5 0.25098
6 0.25098
7 0.25098
8 0.25098
9 0.25098
10 0.25098
11 0.14902
12 0.14902
13 0.14902
14 0.14902
15 0.14902
16 0.14902
17 0.14902
18 0.14902
19 0.14902
20 0.14902
21 0.972376
22 0.88125
23 0.0726632
24 0.949305
25 0.345351
26 0.0986854
27 0.868035
0 0.0996226
1 0.953347
2 0.34902
3 0.34902
4 0.34902
5 0.25098
6 0.25098
7 0.25098
8 0.25098
9 0.25098
10 0.25098
11 0.14902
12 0.14902
13 0.14902
14 0.14902
15 0.14902
16 0.14902
17 0.14902
18 0.14902
19 0.14902
20 0.14902
21 0.974061
22 0.890487
23 0.0738791
24 0.952967
25 0.355813
26 0.0976676
27 0.883596
0 0.0311149
1 0.946089
2 0.34902
3 0.34902
4 0.34902
5 0.25098
6 0.25098
7 0.25098
8 0.25098
9 0.25098
10 0.25098
11 0.14902
12 0.14902
13 0.14902
14 0.14902
15 0.14902
16 0.14902
17 0.14902
18 0.14902
19 0.14902
20 0.14902
21 0.974818
22 0.883614
23 0.073841
24 0.946201
25 0.301731
26 0.096577
27 0.857414
0 0.319629
1 0.939015
2 0.34902
3 0.34902
4 0.34902
5 0.25098
6 0.25098
7 0.25098
8 0.25098
9 0.25098
10 0.25098
11 0.14902
12 0.14902
13 0.14902
14 0.14902
15 0.14902
16 0.14902
17 0.14902
18 0.14902
19 0.14902
20 0.14902
21 0.974194
22 0.880678
23 0.0731377
24 0.947901
25 0.311122
26 0.0960089
27 0.853951
0 0.280527
1 0.931867
2 0.34902
3 0.34902
4 0.34902
5 0.25098
6 0.25098
7 0.25098
8 0.25098
9 0.25098
10 0.25098
11 0.14902
12 0.14902
13 0.14902
14 0.14902
15 0.14902
16 0.14902
17 0.14902
18 0.14902
19 0.14902
20 0.14902
21 0.974361
22 0.861448
23 0.0735906
24 0.929854
25 0.215816
26 0.0940541
27 0.786067
0 0.857009
1 0.924777
2 0.34902
3 0.34902
4 0.34902
5 0.25098
6 0.25098
7 0.25098
8 0.25098
9 0.25098
10 0.25098
11 0.14902
12 0.14902
13 0.14902
14 0.14902
15 0.14902
16 0.14902
17 0.14902
18 0.14902
19 0.14902
20 0.14902
21 0.96947
22 0.857018
23 0.0624096
24 0.949885
25 0.398685
26 0.0857674
27 0.869236
0 0.04028
1 0.688988
2 0.34902
3 0.34902
4 0.34902
5 0.25098
6 0.25098
7 0.25098
8 0.25098
9 0.25098
10 0.25098
11 0.14902
12 0.14902
13 0.14902
14 0.14902
15 0.14902
16 0.14902
17 0.14902
18 0.14902
19 0.14902
20 0.14902
21 0.972943
22 0.850078
23 0.0789019
24 0.92251
25 0.251741
26 0.0812538
27 0.81029
0 0.817402
1 0.682027
2 0.34902
3 0.34902
4 0.311586
5 0.25098
6 0.25098
7 0.25098
8 0.25098
9 0.25098
10 0.225312
11 0.14902
12 0.14902
13 0.14902
14 0.14902
15 0.14902
16 0.14902
17 0.14902
18 0.14902
19 0.14902
20 0.427094
21 0.970621
22 0.863095
23 0.0582176
24 0.946781
25 0.320031
26 0.0864811
27 0.818836
0 0.758993
1 0.675149
2 0.34902
3 0.34902
4 0.208378
5 0.25098
6 0.25098
7 0.25098
8 0.25098
9 0.173975
10 0.0777183
11 0.14902
12 0.14902
13 0.14902
14 0.14902
15 0.14902
16 0.14902
17 0.14902
18 0.108378
19 0.587166
20 0.0759355
21 0.972305
22 0.858221
23 0.0594119
24 0.925586
25 0.268645
26 0.0705497
27 0.811333
0 0.934134
1 0.668205
2 0.34902
3 0.335472
4 0.055615
5 0.25098
6 0.25098
7 0.25098
8 0.314439
9 0.111586
10 0.0445633
11 0.14902
12 0.14902
13 0.14902
14 0.14902
15 0.14902
16 0.14902
17 0.145098
18 0.204278
19 0.479501
20 0.0238859
21 0.9698
22 0.903497
23 0.147196
24 0.935537
25 0.342808
26 0.118854
27 0.87743
0 0.712558
1 0.661397
2 0.34902
3 0.126916
4 0.246524
5 0.25098
6 0.25098
7 0.182531
8 0
9 0.0648841
10 0.0292335
11 0.14902
12 0.14902
13 0.14902
14 0.14902
15 0.0812834
16 0
17 0.129055
18 0.212121
19 0.303031
20 0.737255
21 0.976084
22 0.943271
23 0.138269
24 0.946028
25 0.504497
26 0.10274
27 0.917764
0 0.294135
1 0.654462
2 0.181283
3 0.0115865
4 0.209804
5 0.260963
6 0.11123
7 0
8 0.0231729
9 0.0335116
10 0.00427807
11 0.14902
12 0.156506
13 0.0438503
14 0
15 0
16 0.0046346
17 0.0509804
18 0.532977
19 0.454189
20 0.434938
21 0.978467
22 0.938051
23 0.0767035
24 0.950569
25 0.392073
26 0.0919738
27 0.849127
0 0.988693
1 0.647365
2 0.142246
3 0.0672014
4 0.185205
5 0.546524
6 0.11123
7 0.180749
8 0.0627451
9 0.0484848
10 0.0106952
11 0.2
12 0.235294
13 0.0834224
14 0
15 0.11943
16 0.0627451
17 0.0627451
18 0.254189
19 0.764706
20 0.0695183
21 0.970698
22 0.96998
23 0.159989
24 0.956344
25 0.500041
26 0.112528
27 0.915787
0 0.169317
1 0.639773
2 0.243494
3 0.0509804
4 0.320499
5 0.0235294
6 0.134403
7 0.14902
8 0.14902
9 0.0349376
10 0.0235294
11 0.823529
12 0.700178
13 0.145098
14 0.148307
15 0.14902
16 0.14902
17 0.271658
18 0.823529
19 0.82353
20 0.823529
21 0.973639
22 0.938592
23 0.0993358
24 0.98799
25 0.183731
26 0.0537899
27 0.911042
0 0.812535
1 0.632099
2 0.150446
3 0.333333
4 0.333333
5 0.156863
6 0.108378
7 0.0235294
8 0.0235294
9 0.0235294
10 0.0235294
11 0.72549
12 0.72549
13 0.752228
14 0.823529
15 0.823529
16 0.82353
17 0.823529
18 0.823529
19 0.82353
20 0.823529
21 0.974213
22 0.947076
23 0.0700693
24 0.985489
25 0.330043
26 0.0350078
27 0.906202
0 0.00497422
1 0.623233
2 0.109804
3 0.109804
4 0.109804
5 0.156863
6 0.156863
7 0.156863
8 0.156863
9 0.156863
10 0.156863
11 0.72549
12 0.72549
13 0.72549
14 0.72549
15 0.72549
16 0.72549
17 0.72549
18 0.72549
19 0.72549
20 0.72549
21 0.978576
22 0.910331
23 0.15745
24 0.886507
25 0.333227
26 0.143978
27 0.843567
0 0.84723
1 0.616284
2 0
3 0
4 0.0518717
5 0
6 0
7 0
8 0
9 0
10 0.00962567
11 0
12 0
13 0
14 0
15 0
16 0
17 0
18 0
19 0
20 0.452763
21 0.97552
22 0.915737
23 0.200737
24 0.902878
25 0.400918
26 0.149091
27 0.881091
0 0.530918
1 0.609326
2 0
3 0
4 0.0748663
5 0
6 0
7 0
8 0
9 0
10 0.0139037
11 0
12 0
13 0
14 0
15 0
16 0
17 0
18 0
19 0
20 0.848485
21 0.976682
22 0.927758
23 0.193124
24 0.925039
25 0.466786
26 0.139268
27 0.892272
0 0.4251
1 0.602299
2 0
3 0
4 0.00213904
5 0
6 0
7 0
8 0
9 0
10 0.0235294
11 0
12 0
13 0
14 0
15 0
16 0
17 0
18 0
19 0.300892
20 0.847058
21 0.977439
22 0.919567
23 0.20273
24 0.893375
25 0.368785
26 0.142423
27 0.875317
0 0.692704
1 0.595329
2 0
3 0
4 0.0368984
5 0
6 0
7 0
8 0
9 0
10 0.00962567
11 0
12 0
13 0
14 0
15 0
16 0
17 0
18 0
19 0.00142603
20 0.827451
21 0.976634
22 0.92005
23 0.180969
24 0.913104
25 0.426991
26 0.149669
27 0.88326
0 0.463708
1 0.588473
2 0
3 0
4 0.106952
5 0
6 0
7 0
8 0
9 0.00106952
10 0.031016
11 0
12 0
13 0
14 0
15 0
16 0
17 0
18 0
19 0.0352942
20 0.677718
21 0.977448
22 0.924745
23 0.182071
24 0.926729
25 0.431907
26 0.146966
27 0.876231
0 0.606619
1 0.581501
2 0
3 0
4 0.100535
5 0
6 0
7 0
8 0
9 0.00819966
10 0.0260249
11 0
12 0
13 0
14 0
15 0
16 0
17 0
18 0
19 0.3205
20 0.768627
21 0.977521
22 0.938287
23 0.179874
24 0.961093
25 0.577439
26 0.123432
27 0.901797
0 0.225052
1 0.574643
2 0
3 0
4 0.127273
5 0
6 0
7 0
8 0
9 0.00427808
10 0.119786
11 0
12 0
13 0
14 0
15 0
16 0
17 0
18 0.211765
19 0.776471
20 0.803208
21 0.978726
22 0.921875
23 0.19023
24 0.909117
25 0.348378
26 0.145241
27 0.851777
0 0.990924
1 0.567679
2 0
3 0
4 0.0946524
5 0
6 0
7 0
8 0
9 0
10 0.00962567
11 0
12 0
13 0
14 0
15 0
16 0
17 0
18 0
19 0.280927
20 0.772549
21 0.97678
22 0.924448
23 0.182298
24 0.9316
25 0.500556
26 0.143841
27 0.895638
0 0.173831
1 0.560909
2 0
3 0
4 0.108556
5 0
6 0
7 0
8 0
9 0
10 0.0930481
11 0
12 0
13 0
14 0
15 0
16 0
17 0
18 0
19 0.115508
20 0.731194
21 0.978551
22 0.938203
23 0.207572
24 0.942951
25 0.528141
26 0.140287
27 0.909923
0 0.196005
1 0.554046
2 0
3 0
4 0.057754
5 0
6 0
7 0
8 0
9 0
10 0.028877
11 0
12 0
13 0
14 0
15 0
16 0
17 0
18 0
19 0.360785
20 0.992156
21 0.979049
22 0.932396
23 0.209356
24 0.933553
25 0.50113
26 0.135858
27 0.899935
0 0.213745
1 0.54718
2 0
3 0
4 0.0818182
5 0
6 0
7 0
8 0
9 0
10 0.157219
11 0
12 0
13 0
14 0
15 0
16 0
17 0
18 0
19 0.183957
20 0.951515
21 0.978774
22 0.925881
23 0.207964
24 0.915148
25 0.425452
26 0.13573
27 0.873613
0 0.545186
1 0.540281
2 0
3 0
4 0.0620321
5 0
6 0
7 0
8 0
9 0
10 0.106952
11 0
12 0
13 0
14 0
15 0
16 0
17 0
18 0
19 0.116934
20 0.931194
21 0.97793
22 0.931856
23 0.183119
24 0.947303
25 0.481347
26 0.135626
27 0.849093
0 0.77616
1 0.533609
2 0
3 0
4 0.0320856
5 0
6 0
7 0
8 0
9 0.00320856
10 0.0352941
11 0
12 0
13 0
14 0
15 0
16 0
17 0
18 0
19 0.814974
20 0.996078
21 0.977879
22 0.941641
23 0.18505
24 0.961239
25 0.584141
26 0.136418
27 0.898971
0 0.256378
1 0.526747
2 0
3 0
4 0.0385027
5 0
6 0
7 0
8 0
9 0.00320856
10 0.0352941
11 0
12 0
13 0
14 0
15 0
16 0
17 0
18 0
19 0.814974
20 0.996078
21 0.979629
22 0.935132
23 0.206442
24 0.92981
25 0.442847
26 0.135308
27 0.879412
0 0.612965
1 0.519769
2 0
3 0
4 0.0304813
5 0
6 0
7 0
8 0
9 0
10 0.028877
11 0
12 0
13 0
14 0
15 0
16 0
17 0
18 0
19 0.362211
20 0.996078
21 0.979029
22 0.931824
23 0.189043
24 0.941166
25 0.453907
26 0.134588
27 0.843055
0 0.712365
1 0.551623
2 0
3 0
4 0.0855615
5 0
6 0
7 0
8 0
9 0.0409983
10 0.110873
11 0
12 0
13 0
14 0
15 0
16 0
17 0
18 0
19 0.567202
20 0.996078
21 0.97832
22 0.938375
23 0.185947
24 0.954237
25 0.51093
26 0.137541
27 0.8631
0 0.602069
1 0.544721
2 0
3 0
4 0.0342246
5 0
6 0
7 0
8 0
9 0.00320856
10 0.0352941
11 0
12 0
13 0
14 0
15 0
16 0
17 0
18 0
19 0.814974
20 0.996078
21 0.979226
22 0.948555
23 0.187915
24 0.965182
25 0.603032
26 0.13811
27 0.904767
0 0.151229
1 0.537753
2 0
3 0
4 0.0385027
5 0
6 0
7 0
8 0
9 0.00320856
10 0.0352941
11 0
12 0
13 0
14 0
15 0
16 0
17 0
18 0
19 0.814974
20 0.996078
21 0.980651
22 0.926471
23 0.208329
24 0.927645
25 0.38636
26 0.136659
27 0.824172
0 0.877087
1 0.530548
2 0
3 0
4 0.159893
5 0
6 0
7 0
8 0
9 0
10 0.28984
11 0
12 0
13 0
14 0
15 0
16 0
17 0
18 0
19 0.360785
20 0.995721
21 0.977816
22 0.933501
23 0.183059
24 0.946631
25 0.491475
26 0.131883
27 0.843615
0 0.619144
1 0.522193
2 0
3 0
4 0.040107
5 0
6 0
7 0
8 0
9 0.0288771
10 0.086631
11 0
12 0
13 0
14 0
15 0
16 0
17 0
18 0
19 0.649198
20 0.996078
21 0.978912
22 0.938063
23 0.152367
24 0.958986
25 0.458387
26 0.0981752
27 0.8115
0 0.992488
1 0.515189
2 0
3 0
4 0.180214
5 0
6 0
7 0
8 0
9 0.260963
10 0.0352941
11 0
12 0
13 0
14 0
15 0
16 0
17 0
18 0.257754
19 0.98681
20 0.996078
21 0.978245
22 0.93924
23 0.149379
24 0.967824
25 0.498632
26 0.108388
27 0.823324
0 0.820352
1 0.505529
2 0
3 0
4 0.323529
5 0
6 0
7 0
8 0
9 0.273797
10 0.0352941
11 0
12 0
13 0
14 0
15 0
16 0
17 0
18 0.270588
19 0.992157
20 0.992156
21 0.978871
22 0.949945
23 0.175703
24 0.969349
25 0.612134
26 0.112488
27 0.892582
0 0.216314
1 0.497384
2 0
3 0
4 0.0647059
5 0
6 0
7 0
8 0
9 0.0898396
10 0.0352941
11 0
12 0
13 0
14 0
15 0
16 0
17 0
18 0.171123
19 0.925847
20 0.992156
21 0.980871
22 0.944647
23 0.189271
24 0.948321
25 0.499396
26 0.128002
27 0.867548
0 0.575878
1 0.489201
2 0
3 0
4 0.0165775
5 0
6 0
7 0
8 0
9 0.0288771
10 0.086631
11 0
12 0
13 0
14 0
15 0
16 0
17 0
18 0
19 0.638503
20 0.97647
21 0.980008
22 0.936139
23 0.170868
24 0.956964
25 0.467473
26 0.160367
27 0.834783
0 0.727691
1 0.480987
2 0
3 0
4 0.336898
5 0
6 0
7 0
8 0
9 0.0509805
10 0.118003
11 0
12 0
13 0
14 0
15 0
16 0
17 0
18 0
19 0.617113
20 0.85704
21 0.979464
22 0.947201
23 0.184718
24 0.960606
25 0.593657
26 0.13142
27 0.898899
0 0.0356939
1 0.472986
2 0
3 0
4 0.0684492
5 0
6 0
7 0
8 0
9 0.0370767
10 0.10303
11 0
12 0
13 0
14 0
15 0
16 0
17 0
18 0
19 0.546168
20 0.992156
21 0.981294
22 0.930212
23 0.202875
24 0.929823
25 0.374021
26 0.154935
27 0.815377
0 0.924942
1 0.46466
2 0
3 0
4 0.287701
5 0
6 0
7 0
8 0
9 0
10 0.203209
11 0
12 0
13 0
14 0
15 0
16 0
17 0
18 0
19 0.245277
20 0.966844
21 0.978536
22 0.942951
23 0.14396
24 0.966953
25 0.538963
26 0.0959445
27 0.827094
0 0.659339
1 0.457136
2 0
3 0
4 0.175936
5 0
6 0
7 0
8 0
9 0.260963
10 0.0352941
11 0
12 0
13 0
14 0
15 0
16 0
17 0
18 0.257754
19 0.980392
20 0.988235
21 0.979617
22 0.943164
23 0.184425
24 0.952671
25 0.521387
26 0.13058
27 0.859981
0 0.516823
1 0.448501
2 0
3 0
4 0.0518717
5 0
6 0
7 0
8 0
9 0.0288771
10 0.086631
11 0
12 0
13 0
14 0
15 0
16 0
17 0
18 0
19 0.647416
20 0.996078
21 0.98041
22 0.945187
23 0.159219
24 0.954855
25 0.508105
26 0.0918798
27 0.855988
0 0.521675
1 0.441259
2 0
3 0
4 0.140107
5 0
6 0
7 0
8 0
9 0.263102
10 0.0395722
11 0
12 0
13 0
14 0
15 0
16 0
17 0
18 0.257754
19 0.559359
20 0.992156
21 0.980461
22 0.936433
23 0.156694
24 0.939933
25 0.419835
26 0.0916623
27 0.803192
0 0.944238
1 0.434126
2 0
3 0
4 0.129412
5 0
6 0
7 0
8 0
9 0.25811
10 0.02959
11 0
12 0
13 0
14 0
15 0
16 0
17 0
18 0.257754
19 0.517291
20 0.945098
21 0.978782
22 0.94244
23 0.165254
24 0.955314
25 0.548989
26 0.0791204
27 0.872667
0 0.22954
1 0.42723
2 0
3 0
4 0.134225
5 0
6 0
7 0
8 0
9 0.260606
10 0.030303
11 0
12 0
13 0
14 0
15 0
16 0
17 0
18 0.431729
19 0.354368
20 0.960784
21 0.981092
22 0.935774
23 0.119391
24 0.982249
25 0.62317
26 0.0555578
27 0.802974
0 0.217305
1 0.419963
2 0
3 0
4 0.693048
5 0
6 0
7 0
8 0
9 0.539038
10 0.847059
11 0
12 0
13 0
14 0
15 0
16 0
17 0
18 0.616043
19 0.847059
20 0.847058
21 0.97961
22 0.933265
23 0.0888039
24 0.989361
25 0.64683
26 0.0336764
27 0.83069
0 0.023973
1 0.410604
2 0
3 0
4 0.860963
5 0
6 0
7 0
8 0
9 0.819964
10 0.901961
11 0
12 0
13 0
14 0
15 0
16 0
17 0.163993
18 0.901961
19 0.901961
20 0.90196
21 0.987983
22 0.831403
23 0.00946779
24 0.997902
25 0.254454
26 0.00513407
27 0.856398
0 0.118395
1 0.402797
2 0.72549
3 0.72549
4 0.556506
5 0.72549
6 0.72549
7 0.72549
8 0.72549
9 0.72549
10 0.447415
11 0.72549
12 0.72549
13 0.72549
14 0.72549
15 0.72549
16 0.72549
17 0.72549
18 0.72549
19 0.72549
20 0.975044
21 0.98225
22 0.924888
23 0.104865
24 0.983613
25 0.442547
26 0.040668
27 0.80049
0 0.797011
1 0.395901
2 0
3 0.0306595
4 0.337255
5 0
6 0
7 0
8 0.0392157
9 0.215686
10 0.215686
11 0
12 0
13 0
14 0
15 0
16 0
17 0.636364
18 1
19 1
20 0.999999
21 0.981791
22 0.903471
23 0.0498421
24 0.98339
25 0.482187
26 0.0273054
27 0.861475
0 0.168728
1 0.387024
2 0
3 0.138681
4 0.101961
5 0
6 0
7 0
8 0.316578
9 0.317647
10 0.317647
11 0
12 0
13 0
14 0
15 0
16 0.0862748
17 0.736898
18 0.615686
19 0.615686
20 0.615686
21 0.989375
22 0.822303
23 0.0313244
24 0.997085
25 0.19269
26 0.00946706
27 0.935829
0 0.392023
1 0.379241
2 1
3 0.0909091
4 0.0695187
5 1
6 1
7 0.194652
8 0.0156863
9 0.12549
10 0.317647
11 1
12 1
13 1
14 0.990018
15 0.972549
16 0.972549
17 0.972549
18 0.875223
19 0.615686
20 0.615686
21 0.990532
22 0.866207
23 0.0212639
24 0.991155
25 0.240078
26 0.0104171
27 0.82709
0 0.813684
1 0.371123
2 0.910517
3 0.101961
4 0.101961
5 0.94902
6 0.891622
7 0.317647
8 0.317647
9 0.317647
10 0.317647
11 0.94902
12 0.94902
13 0.94902
14 0.676292
15 0.615686
16 0.615686
17 0.615686
18 0.615686
19 0.615686
20 0.615686
21 0.981494
22 0.902666
23 0.129594
24 0.904569
25 0.419332
26 0.126582
27 0.799372
0 0.634979
1 0.363012
2 0
3 0
4 0
5 0
6 0
7 0
8 0
9 0
10 0
11 0
12 0
13 0
14 0
15 0
16 0
17 0
18 0
19 0
20 0
21 0.9794
22 0.896585
23 0.134383
24 0.893412
25 0.368304
26 0.125133
27 0.802967
0 0.909128
1 0.353911
2 0
3 0
4 0
5 0
6 0
7 0
8 0
9 0
10 0
11 0
12 0
13 0
14 0
15 0
16 0
17 0
18 0
19 0
20 0
21 0.979426
22 0.910057
23 0.133229
24 0.92022
25 0.48316
26 0.125344
27 0.857686
0 0.365
1 0.346675
2 0
3 0
4 0
5 0
6 0
7 0
8 0
9 0
10 0
11 0
12 0
13 0
14 0
15 0
16 0
17 0
18 0
19 0
20 0
21 0.98154
22 0.920092
23 0.137022
24 0.926224
25 0.501226
26 0.124556
27 0.877497
0 0.262201
1 0.339301
2 0
3 0
4 0
5 0
6 0
7 0
8 0
9 0
10 0
11 0
12 0
13 0
14 0
15 0
16 0
17 0
18 0
19 0
20 0
21 0.982263
22 0.925778
23 0.137551
24 0.934026
25 0.53669
26 0.123901
27 0.891967
0 0.0956771
1 0.331898
2 0
3 0
4 0
5 0
6 0
7 0
8 0
9 0
10 0
11 0
12 0
13 0
14 0
15 0
16 0
17 0
18 0
19 0
20 0
21 0.982857
22 0.921705
23 0.138854
24 0.924202
25 0.47993
26 0.122402
27 0.871138
0 0.368459
1 0.324252
2 0
3 0
4 0
5 0
6 0
7 0
8 0
9 0
10 0
11 0
12 0
13 0
14 0
15 0
16 0
17 0
18 0
19 0
20 0
21 0.982258
22 0.918513
23 0.137188
24 0.924178
25 0.483343
26 0.121442
27 0.864559
0 0.368542
1 0.316212
2 0
3 0
4 0
5 0
6 0
7 0
8 0
9 0
10 0
11 0
12 0
13 0
14 0
15 0
16 0
17 0
18 0
19 0
20 0
21 0.982174
22 0.908683
23 0.137631
24 0.90712
25 0.407303
26 0.119595
27 0.82438
0 0.744434
1 0.308379
2 0
3 0
4 0
5 0
6 0
7 0
8 0
9 0
10 0
11 0
12 0
13 0
14 0
15 0
16 0
17 0
18 0
19 0
20 0
21 0.980857
22 0.907244
23 0.135487
24 0.915085
25 0.450331
26 0.119325
27 0.835406
0 0.556732
1 0.300879
2 0
3 0
4 0
5 0
6 0
7 0
8 0
9 0
10 0
11 0
12 0
13 0
14 0
15 0
16 0
17 0
18 0
19 0
20 0
21 0.981389
22 0.909781
23 0.137259
24 0.916196
25 0.455164
26 0.118524
27 0.84189
0 0.532753
1 0.293245
2 0
3 0
4 0
5 0
6 0
7 0
8 0
9 0
10 0
11 0
12 0
13 0
14 0
15 0
16 0
17 0
18 0
19 0
20 0
21 0.981679
22 0.903712
23 0.13758
24 0.904589
25 0.405383
26 0.11719
27 0.812224
0 0.78352
1 0.285677
2 0
3 0
4 0
5 0
6 0
7 0
8 0
9 0
10 0
11 0
12 0
13 0
14 0
15 0
16 0
17 0
18 0
19 0
20 0
21 0.980704
22 0.91617
23 0.136189
24 0.933356
25 0.546164
26 0.117638
27 0.875891
0 0.120024
1 0.27808
2 0
3 0
4 0
5 0
6 0
7 0
8 0
9 0
10 0
11 0
12 0
13 0
14 0
15 0
16 0
17 0
18 0
19 0
20 0
21 0.983041
22 0.908657
23 0.141093
24 0.905131
25 0.401814
26 0.11531
27 0.819523
0 0.80199
1 0.270206
2 0
3 0
4 0
5 0
6 0
7 0
8 0
9 0
10 0
11 0
12 0
13 0
14 0
15 0
16 0
17 0
18 0
19 0
20 0
21 0.981104
22 0.917433
23 0.136356
24 0.935917
25 0.558682
26 0.115937
27 0.877699
0 0.0752503
1 0.26259
2 0
3 0
4 0
5 0
6 0
7 0
8 0
9 0
10 0
11 0
12 0
13 0
14 0
15 0
16 0
17 0
18 0
19 0
20 0
21 0.983296
22 0.907074
23 0.141948
24 0.90266
25 0.39107
26 0.113304
27 0.810789
0 0.870036
1 0.254657
2 0
3 0
4 0
5 0
6 0
7 0
8 0
9 0
10 0
11 0
12 0
13 0
14 0
15 0
16 0
17 0
18 0
19 0
20 0
21 0.980971
22 0.892047
23 0.136422
24 0.896399
25 0.381325
26 0.112648
27 0.773671
0 0.959809
1 0.24683
2 0
3 0
4 0
5 0
6 0
7 0
8 0
9 0
10 0
11 0
12 0
13 0
14 0
15 0
16 0
17 0
18 0
19 0
20 0
21 0.979766
22 0.909861
23 0.136577
24 0.932275
25 0.549415
26 0.113219
27 0.86705
0 0.148487
1 0.239058
2 0
3 0
4 0
5 0
6 0
7 0
8 0
9 0
10 0
11 0
12 0
13 0
14 0
15 0
16 0
17 0
18 0
19 0
20 0
21 0.983187
22 0.920583
23 0.142435
24 0.931003
25 0.527953
26 0.112664
27 0.874455
0 0.229767
1 0.231017
2 0
3 0
4 0
5 0
6 0
7 0
8 0
9 0
10 0
11 0
12 0
13 0
14 0
15 0
16 0
17 0
18 0
19 0
20 0
21 0.983453
22 0.924875
23 0.141585
24 0.9391
25 0.568439
26 0.112744
27 0.887387
0 0.0428017
1 0.223077
2 0
3 0
4 0
5 0
6 0
7 0
8 0
9 0
10 0
11 0
12 0
13 0
14 0
15 0
16 0
17 0
18 0
19 0
20 0
21 0.984003
22 0.911466
23 0.143197
24 0.913249
25 0.430153
26 0.110931
27 0.825492
0 0.714758
1 0.215376
2 0
3 0
4 0
5 0
6 0
7 0
8 0
9 0
10 0
11 0
12 0
13 0
14 0
15 0
16 0
17 0
18 0
19 0
20 0
21 0.982002
22 0.913315
23 0.138801
24 0.931712
25 0.53301
26 0.111953
27 0.858683
0 0.244462
1 0.208382
2 0
3 0
4 0
5 0
6 0
7 0
8 0
9 0
10 0
11 0
12 0
13 0
14 0
15 0
16 0
17 0
18 0
19 0
20 0
21 0.983315
22 0.912655
23 0.142746
24 0.921862
25 0.476595
26 0.111089
27 0.842528
0 0.505459
1 0.201341
2 0
3 0
4 0
5 0
6 0
7 0
8 0
9 0
10 0
11 0
12 0
13 0
14 0
15 0
16 0
17 0
18 0
19 0
20 0
21 0.982805
22 0.921172
23 0.140967
24 0.940415
25 0.581002
26 0.112094
27 0.88221
0 0.013341
1 0.1938
2 0
3 0
4 0
5 0
6 0
7 0
8 0
9 0
10 0
11 0
12 0
13 0
14 0
15 0
16 0
17 0
18 0
19 0
20 0
21 0.984243
22 0.905344
23 0.144348
24 0.90407
25 0.389943
26 0.109149
27 0.796214
0 0.940898
1 0.186019
2 0
3 0
4 0
5 0
6 0
7 0
8 0
9 0
10 0
11 0
12 0
13 0
14 0
15 0
16 0
17 0
18 0
19 0
20 0
21 0.981321
22 0.898562
23 0.137287
24 0.916941
25 0.462229
26 0.11018
27 0.808781
0 0.624065
1 0.178128
2 0
3 0
4 0
5 0
6 0
7 0
8 0
9 0
10 0
11 0
12 0
13 0
14 0
15 0
16 0
17 0
18 0
19 0
20 0
21 0.982249
22 0.895439
23 0.142386
24 0.902551
25 0.392231
26 0.111125
27 0.776155
0 0.934899
1 0.206115
2 0
3 0
4 0
5 0
6 0
7 0
8 0
9 0
10 0
11 0
12 0
13 0
14 0
15 0
16 0
17 0
18 0
19 0
20 0
21 0.981075
22 0.892324
23 0.139464
24 0.907908
25 0.420128
26 0.111612
27 0.780757
0 0.815737
1 0.198637
2 0
3 0
4 0
5 0
6 0
7 0
8 0
9 0
10 0
11 0
12 0
13 0
14 0
15 0
16 0
17 0
18 0
19 0
20 0
21 0.981374
22 0.908609
23 0.140055
24 0.931674
25 0.53327
26 0.112524
27 0.849468
0 0.262398
1 0.191131
2 0
3 0
4 0
5 0
6 0
7 0
8 0
9 0
10 0
11 0
12 0
13 0
14 0
15 0
16 0
17 0
18 0
19 0
20 0
21 0.983837
22 0.907197
23 0.143452
24 0.915185
25 0.439681
26 0.111477
27 0.811693
0 0.706115
1 0.183623
2 0
3 0
4 0
5 0
6 0
7 0
8 0
9 0
10 0
11 0
12 0
13 0
14 0
15 0
16 0
17 0
18 0
19 0
20 0
21 0.982593
22 0.91724
23 0.139637
24 0.941166
25 0.57835
26 0.112437
27 0.870233
0 0.0484879
1 0.176218
2 0
3 0
4 0
5 0
6 0
7 0
8 0
9 0
10 0
11 0
12 0
13 0
14 0
15 0
16 0
17 0
18 0
19 0
20 0
21 0.984686
22 0.910097
23 0.144042
24 0.91661
25 0.438276
26 0.110855
27 0.814186
0 0.718517
1 0.168723
2 0
3 0
4 0
5 0
6 0
7 0
8 0
9 0
10 0
11 0
12 0
13 0
14 0
15 0
16 0
17 0
18 0
19 0
20 0
21 0.982857
22 0.918162
23 0.138699
24 0.943207
25 0.588663
26 0.112093
27 0.871992
0 0.00850176
1 0.16145
2 0
3 0
4 0
5 0
6 0
7 0
8 0
9 0
10 0
11 0
12 0
13 0
14 0
15 0
16 0
17 0
18 0
19 0
20 0
21 0.984926
22 0.90875
23 0.143538
24 0.914659
25 0.42682
26 0.110077
27 0.805516
0 0.78715
1 0.15401
2 0
3 0
4 0
5 0
6 0
7 0
8 0
9 0
10 0
11 0
12 0
13 0
14 0
15 0
16 0
17 0
18 0
19 0
20 0
21 0.982739
22 0.900996
23 0.137501
24 0.92081
25 0.466199
26 0.110453
27 0.802649
0 0.626738
1 0.146751
2 0
3 0
4 0
5 0
6 0
7 0
8 0
9 0
10 0
11 0
12 0
13 0
14 0
15 0
16 0
17 0
18 0
19 0
20 0
21 0.982821
22 0.895182
23 0.13859
24 0.909951
25 0.421448
26 0.109937
27 0.778053
0 0.846598
1 0.139456
2 0
3 0
4 0
5 0
6 0
7 0
8 0
9 0
10 0
11 0
12 0
13 0
14 0
15 0
16 0
17 0
18 0
19 0
20 0
21 0.981969
22 0.912337
23 0.136709
24 0.94144
25 0.585763
26 0.111218
27 0.863838
0 0.0515176
1 0.132214
2 0
3 0
4 0
5 0
6 0
7 0
8 0
9 0
10 0
11 0
12 0
13 0
14 0
15 0
16 0
17 0
18 0
19 0
20 0
21 0.984989
22 0.919039
23 0.141901
24 0.934853
25 0.532109
26 0.110498
27 0.855888
0 0.296556
1 0.124782
2 0
3 0
4 0
5 0
6 0
7 0
8 0
9 0
10 0
11 0
12 0
13 0
14 0
15 0
16 0
17 0
18 0
19 0
20 0
21 0.984769
22 0.914509
23 0.139454
24 0.932077
25 0.513106
26 0.109981
27 0.83785
0 0.404467
1 0.117401
2 0
3 0
4 0
5 0
6 0
7 0
8 0
9 0
10 0
11 0
12 0
13 0
14 0
15 0
16 0
17 0
18 0
19 0
20 0
21 0.98432
22 0.919335
23 0.13847
24 0.942418
25 0.576242
26 0.110431
27 0.865444
0 0.0991065
1 0.110246
2 0
3 0
4 0
5 0
6 0
7 0
8 0
9 0
10 0
11 0
12 0
13 0
14 0
15 0
16 0
17 0
18 0
19 0
20 0
21 0.985293
22 0.91544
23 0.140257
24 0.931151
25 0.503749
26 0.109207
27 0.836107
0 0.454267
1 0.103019
2 0
3 0
4 0
5 0
6 0
7 0
8 0
9 0
10 0
11 0
12 0
13 0
14 0
15 0
16 0
17 0
18 0
19 0
20 0
21 0.984431
22 0.903711
23 0.137413
24 0.920674
25 0.452947
26 0.108247
27 0.794438
0 0.721531
1 0.0960057
2 0
3 0
4 0
5 0
6 0
7 0
8 0
9 0
10 0
11 0
12 0
13 0
14 0
15 0
16 0
17 0
18 0
19 0
20 0
21 0.983143
22 0.907374
23 0.135468
24 0.934471
25 0.534432
26 0.109196
27 0.832979
0 0.334654
1 0.0889899
2 0
3 0
4 0
5 0
6 0
7 0
8 0
9 0
10 0
11 0
12 0
13 0
14 0
15 0
16 0
17 0
18 0
19 0
20 0
21 0.985246
22 0.911339
23 0.146645
24 0.924777
25 0.44214
26 0.11372
27 0.798173
0 0.689247
1 0.195456
2 0
3 0
4 0
5 0
6 0
7 0
8 0
9 0
10 0
11 0
12 0
13 0
14 0
15 0
16 0
17 0
18 0
19 0
20 0
21 0.984909
22 0.913234
23 0.151763
24 0.931292
25 0.441712
26 0.119892
27 0.790401
0 0.613379
1 0.30225
2 0
3 0
4 0
5 0
6 0
7 0
8 0
9 0
10 0
11 0
12 0
13 0
14 0
15 0
16 0
17 0
18 0
19 0
20 0
21 0.985503
22 0.919314
23 0.160572
24 0.936121
25 0.432387
26 0.126152
27 0.791922
0 0.56459
1 0.408358
2 0
3 0
4 0
5 0
6 0
7 0
8 0
9 0
10 0
11 0
12 0
13 0
14 0
15 0
16 0
17 0
18 0
19 0
20 0
21 0.985639
22 0.921309
23 0.159621
24 0.940259
25 0.452175
26 0.126213
27 0.8012
0 0.466502
1 0.401317
2 0
3 0
4 0
5 0
6 0
7 0
8 0
9 0
10 0
11 0
12 0
13 0
14 0
15 0
16 0
17 0
18 0
19 0
20 0
21 0.985995
22 0.925354
23 0.159943
24 0.944843
25 0.479096
26 0.126291
27 0.818584
0 0.335734
1 0.39412
2 0
3 0
4 0
5 0
6 0
7 0
8 0
9 0
10 0
11 0
12 0
13 0
14 0
15 0
16 0
17 0
18 0
19 0
20 0
21 0.986557
22 0.923472
23 0.160509
24 0.939568
25 0.441056
26 0.125425
27 0.797939
0 0.526592
1 0.386825
2 0
3 0
4 0
5 0
6 0
7 0
8 0
9 0
10 0
11 0
12 0
13 0
14 0
15 0
16 0
17 0
18 0
19 0
20 0
21 0.986028
22 0.921077
23 0.217105
24 0.949325
25 0.464817
26 0.119972
27 0.78705
0 0.420603
1 0.379572
2 0
3 0
4 0.130481
5 0
6 0
7 0
8 0
9 0
10 0.260963
11 0
12 0
13 0
14 0
15 0
16 0
17 0
18 0
19 0
20 0.434938
21 0.985744
22 0.922887
23 0.22012
24 0.947427
25 0.495233
26 0.116218
27 0.808813
0 0.302022
1 0.372219
2 0
3 0
4 0.0149733
5 0
6 0
7 0
8 0
9 0
10 0.144385
11 0
12 0
13 0
14 0
15 0
16 0
17 0
18 0
19 0
20 0.449198
21 0.986357
22 0.911869
23 0.239725
24 0.939318
25 0.381327
26 0.134751
27 0.73297
0 0.886423
1 0.3647
2 0
3 0
4 0.19893
5 0
6 0
7 0
8 0
9 0
10 0.145455
11 0
12 0
13 0
14 0
15 0
16 0
17 0
18 0
19 0
20 0.566845
21 0.984144
22 0.905527
23 0.16503
24 0.942879
25 0.420778
26 0.12329
27 0.73025
0 0.722093
1 0.357344
2 0
3 0
4 0.145989
5 0
6 0
7 0
8 0
9 0
10 0.218182
11 0
12 0
13 0
14 0
15 0
16 0
17 0
18 0
19 0.0413548
20 0.113725
21 0.984355
22 0.913143
23 0.16216
24 0.959433
25 0.51003
26 0.113373
27 0.780581
0 0.360207
1 0.350104
2 0
3 0
4 0.181283
5 0
6 0
7 0
8 0
9 0.0242425
10 0.357576
11 0
12 0
13 0
14 0
15 0
16 0
17 0
18 0
19 0.176471
20 0.208556
21 0.986028
22 0.907084
23 0.160546
24 0.93548
25 0.373046
26 0.110645
27 0.707549
0 0.972293
1 0.342764
2 0
3 0
4 0.12139
5 0
6 0
7 0
8 0
9 0.0242425
10 0.284848
11 0
12 0
13 0
14 0
15 0
16 0
17 0
18 0
19 0.0737968
20 0.0991087
21 0.985074
22 0.784859
23 0.0979413
24 0.990119
25 0.403479
26 0.0323766
27 0.733681
0 0.973274
1 0.335517
2 0.0705882
3 0.0777184
4 0.14902
5 0.0705882
6 0.0705882
7 0.0705882
8 0.058467
9 0.00392157
10 0.00392157
11 0.0705882
12 0.0705882
13 0.0705882
14 0.0705882
15 0.0705882
16 0.0705883
17 0.659537
18 0.996078
19 0.996079
20 0.996078
21 0.985258
22 0.8976
23 0.109542
24 0.945936
25 0.430562
26 0.072467
27 0.732462
0 0.679491
1 0.328144
2 0
3 0
4 0.295722
5 0
6 0
7 0
8 0
9 0.317291
10 0.186453
11 0
12 0
13 0
14 0
15 0
16 0
17 0.0442068
18 0.231373
19 0.0627451
20 0.0930481
21 0.984767
22 0.89627
23 0.0982025
24 0.94614
25 0.408082
26 0.065214
27 0.721588
0 0.833709
1 0.320894
2 0
3 0
4 0.239037
5 0
6 0
7 0
8 0
9 0.4082
10 0.184314
11 0
12 0
13 0
14 0
15 0
16 0
17 0.00855616
18 0.158289
19 0.0723707
20 0.0923351
21 0.985087
22 0.883954
23 0.122346
24 0.961753
25 0.412697
26 0.0506251
27 0.711518
0 0.77042
1 0.313546
2 0
3 0.0846702
4 0.304635
5 0
6 0
7 0
8 0.121212
9 0.384314
10 0.30303
11 0
12 0
13 0
14 0
15 0
16 0.00891269
17 0.116578
18 0.216043
19 0.164706
20 0.770053
21 0.985221
22 0.886665
23 0.0919991
24 0.980287
25 0.548626
26 0.0515949
27 0.728978
0 0.517304
1 0.306084
2 0
3 0.0631016
4 0.331016
5 0
6 0
7 0
8 0.181818
9 0.290553
10 0.52549
11 0
12 0
13 0
14 0
15 0
16 0.0046346
17 0.145811
18 0.0919786
19 0.740464
20 0.874509
21 0.985751
22 0.898582
23 0.0786264
24 0.985288
25 0.598825
26 0.038114
27 0.805641
0 0.153857
1 0.29567
2 0
3 0.125668
4 0.216578
5 0
6 0
7 0
8 0.121212
9 0.399287
10 0.52549
11 0
12 0
13 0
14 0
15 0
16 0.0263816
17 0.273797
18 0.145454
19 0.728343
20 0.890196
21 0.987582
22 0.917531
23 0.115382
24 0.980531
25 0.658171
26 0.0416683
27 0.821843
0 0.0652667
1 0.287989
2 0
3 0.0310161
4 0.0978609
5 0
6 0
7 0
8 0.0484849
9 0.399287
10 0.52549
11 0
12 0
13 0
14 0
15 0
16 0
17 0.0516934
18 0.145455
19 0.764706
20 0.890196
21 0.987731
22 0.927994
23 0.234968
24 0.96518
25 0.577481
26 0.0758525
27 0.835233
0 0.0553019
1 0.280008
2 0
3 0
4 0.150267
5 0
6 0
7 0
8 0
9 0.145455
10 0.450267
11 0
12 0
13 0
14 0
15 0
16 0
17 0
18 0.122638
19 0.103387
20 0.788235
21 0.987749
22 0.923398
23 0.203967
24 0.955244
25 0.51345
26 0.0922052
27 0.790805
0 0.384141
1 0.271974
2 0
3 0
4 0.110695
5 0
6 0
7 0
8 0
9 0.0727273
10 0.306952
11 0
12 0
13 0
14 0
15 0
16 0
17 0
18 0.082353
19 0.0549019
20 0.481283
21 0.986652
22 0.910817
23 0.230009
24 0.948585
25 0.463205
26 0.0895838
27 0.744862
0 0.63935
1 0.264183
2 0
3 0
4 0.100535
5 0
6 0
7 0
8 0
9 0.0969697
10 0.335116
11 0
12 0
13 0
14 0
15 0
16 0
17 0
18 0.0352941
19 0.0823529
20 0.762923
21 0.985289
22 0.916273
23 0.2192
24 0.966006
25 0.592263
26 0.0825773
27 0.7985
0 0.0978518
1 0.256551
2 0
3 0
4 0.137433
5 0
6 0
7 0
8 0
9 0.0969697
10 0.498752
11 0
12 0
13 0
14 0
15 0
16 0
17 0
18 0.0481284
19 0.185027
20 0.78467
21 0.987028
22 0.923861
23 0.138764
24 0.964736
25 0.560424
26 0.0991059
27 0.810086
0 0.246639
1 0.248923
2 0
3 0
4 0.184492
5 0
6 0
7 0
8 0
9 0.0969697
10 0.284848
11 0
12 0
13 0
14 0
15 0
16 0
17 0
18 0.0481284
19 0.176471
20 0.106952
21 0.987534
22 0.910897
23 0.159517
24 0.95552
25 0.441388
26 0.111805
27 0.720687
0 0.841697
1 0.241556
2 0
3 0
4 0.22139
5 0
6 0
7 0
8 0
9 0.0242425
10 0.357576
11 0
12 0
13 0
14 0
15 0
16 0
17 0
18 0
19 0.237433
20 0.249198
21 0.98567
22 0.915456
23 0.147185
24 0.965217
25 0.526253
26 0.117266
27 0.774053
0 0.343686
1 0.348303
2 0
3 0
4 0.154545
5 0
6 0
7 0
8 0
9 0.0242425
10 0.284848
11 0
12 0
13 0
14 0
15 0
16 0
17 0
18 0
19 0.250268
20 0.118716
21 0.98787
22 0.913076
23 0.132559
24 0.969426
25 0.457179
26 0.126698
27 0.705536
0 0.875211
1 0.45456
2 0
3 0
4 0.197326
5 0
6 0
7 0
8 0
9 0.0242425
10 0.284848
11 0
12 0
13 0
14 0
15 0
16 0
17 0
18 0
19 0.628877
20 0.160784
21 0.986192
22 0.922188
23 0.171983
24 0.971449
25 0.55118
26 0.115061
27 0.792909
0 0.146099
1 0.447034
2 0
3 0
4 0.131551
5 0
6 0
7 0
8 0
9 0.0242425
10 0.357576
11 0
12 0
13 0
14 0
15 0
16 0
17 0
18 0
19 0.314439
20 0.300535
21 0.98841
22 0.930883
23 0.186062
24 0.979947
25 0.631079
26 0.122906
27 0.824206
0 0.0460866
1 0.439209
2 0
3 0
4 0.0786096
5 0
6 0
7 0
8 0
9 0.00392158
10 0.226025
11 0
12 0
13 0
14 0
15 0
16 0
17 0
18 0
19 0.674154
20 0.603921
21 0.989223
22 0.936471
23 0.240961
24 0.956881
25 0.488184
26 0.131989
27 0.822195
0 0.251601
1 0.431409
2 0
3 0
4 0.00641711
5 0
6 0
7 0
8 0
9 0
10 0.0117647
11 0
12 0
13 0
14 0
15 0
16 0
17 0
18 0
19 0
20 0.454545
21 0.98894
22 0.924951
23 0.247586
24 0.947597
25 0.412269
26 0.11946
27 0.732495
0 0.680889
1 0.423928
2 0
3 0
4 0.031016
5 0
6 0
7 0
8 0
9 0
10 0.175401
11 0
12 0
13 0
14 0
15 0
16 0
17 0
18 0
19 0
20 0.545455
21 0.986652
22 0.917907
23 0.228789
24 0.951077
25 0.455949
26 0.131263
27 0.758216
0 0.488586
1 0.41659
2 0
3 0
4 0.0122995
5 0
6 0
7 0
8 0
9 0
10 0.0117647
11 0
12 0
13 0
14 0
15 0
16 0
17 0
18 0
19 0
20 0.454545
21 0.987442
22 0.929201
23 0.144517
24 0.97125
25 0.58948
26 0.131494
27 0.817028
0 0.0805891
1 0.409162
2 0
3 0
4 0.00588235
5 0
6 0
7 0
8 0
9 0
10 0.0117647
11 0
12 0
13 0
14 0
15 0
16 0
17 0
18 0
19 0.363637
20 0.0909086
21 0.989217
22 0.926562
23 0.236845
24 0.946756
25 0.406775
26 0.129069
27 0.763146
0 0.670637
1 0.401296
2 0
3 0
4 0.00748663
5 0
6 0
7 0
8 0
9 0
10 0.0117647
11 0
12 0
13 0
14 0
15 0
16 0
17 0
18 0
19 0
20 0.454545
21 0.987596
22 0.914556
23 0.141588
24 0.959967
25 0.466314
26 0.128417
27 0.72002
0 0.729078
1 0.393683
2 0
3 0
4 0.00534759
5 0
6 0
7 0
8 0
9 0
10 0.0117647
11 0
12 0
13 0
14 0
15 0
16 0
17 0
18 0
19 0.363637
20 0.0909086
21 0.986799
22 0.918275
23 0.143369
24 0.966258
25 0.523751
26 0.130358
27 0.779902
0 0.388794
1 0.386027
2 0
3 0
4 0.013369
5 0
6 0
7 0
8 0
9 0
10 0.0117647
11 0
12 0
13 0
14 0
15 0
16 0
17 0
18 0
19 0.363637
20 0.0909086
21 0.988421
22 0.916026
23 0.123481
24 0.964668
25 0.465292
26 0.118229
27 0.716854
0 0.812035
1 0.378559
2 0
3 0
4 0.0465241
5 0
6 0
7 0
8 0
9 0.00392158
10 0.171479
11 0
12 0
13 0
14 0
15 0
16 0
17 0
18 0
19 0.527273
20 0.0181817
21 0.986863
22 0.922716
23 0.140762
24 0.964453
25 0.524243
26 0.104038
27 0.781616
0 0.23852
1 0.371087
2 0
3 0
4 0.0545455
5 0
6 0
7 0
8 0
9 0.0545456
10 0.272727
11 0
12 0
13 0
14 0
15 0
16 0
17 0
18 0
19 0.163636
20 0.0181817
21 0.988513
22 0.918766
23 0.136657
24 0.964991
25 0.486844
26 0.1171
27 0.734326
0 0.685145
1 0.363686
2 0
3 0
4 0.0385027
5 0
6 0
7 0
8 0
9 0.00392158
10 0.171479
11 0
12 0
13 0
14 0
15 0
16 0
17 0
18 0
19 0.454545
20 0.0909091
21 0.987378
22 0.911174
23 0.140642
24 0.951151
25 0.410303
26 0.10179
27 0.695288
0 0.837082
1 0.356327
2 0
3 0
4 0.0545455
5 0
6 0
7 0
8 0
9 0.0545456
10 0.272727
11 0
12 0
13 0
14 0
15 0
16 0
17 0
18 0
19 0.163636
20 0.0181817
21 0.986173
22 0.913938
23 0.112036
24 0.960066
25 0.497886
26 0.0842159
27 0.759534
0 0.398732
1 0.349118
2 0
3 0
4 0.0545455
5 0
6 0
7 0
8 0
9 0.218182
10 0.109091
11 0
12 0
13 0
14 0
15 0
16 0
17 0
18 0.0545455
19 0.127273
20 0
21 0.988063
22 0.920473
23 0.165314
24 0.947053
25 0.43556
26 0.12742
27 0.749621
0 0.615855
1 0.341917
2 0
3 0
4 0
5 0
6 0
7 0
8 0
9 0
10 0
11 0
12 0
13 0
14 0
15 0
16 0
17 0
18 0
19 0
20 0
21 0.987633
22 0.91718
23 0.12052
24 0.963006
25 0.493162
26 0.066831
27 0.73378
0 0.454438
1 0.334856
2 0
3 0
4 0.109091
5 0
6 0
7 0
8 0
9 0.218182
10 0.436364
11 0
12 0
13 0
14 0
15 0
16 0
17 0
18 0.0909091
19 0.163636
20 0.109091
21 0.987489
22 0.911881
23 0.141208
24 0.953594
25 0.442911
26 0.0764659
27 0.716018
0 0.667758
1 0.327713
2 0
3 0
4 0.0818182
5 0
6 0
7 0
8 0
9 0.163636
10 0.327273
11 0
12 0
13 0
14 0
15 0
16 0
17 0
18 0.0909091
19 0.0727274
20 0.109091
21 0.98691
22 0.917311
23 0.132405
24 0.955677
25 0.494333
26 0.0922733
27 0.772358
0 0.364678
1 0.32067
2 0
3 0
4 0.0272727
5 0
6 0
7 0
8 0
9 0.163636
10 0
11 0
12 0
13 0
14 0
15 0
16 0
17 0
18 0.0909091
19 0
20 0
21 0.988431
22 0.928399
23 0.0880898
24 0.968519
25 0.557488
26 0.0581395
27 0.81102
0 0.0772
1 0.313518
2 0
3 0
4 0.0818182
5 0
6 0
7 0
8 0
9 0.381818
10 0.109091
11 0
12 0
13 0
14 0
15 0
16 0
17 0.0363637
18 0.145454
19 0.0909091
20 0
21 0.989542
22 0.925399
23 0.13593
24 0.951554
25 0.446466
26 0.0909008
27 0.757747
0 0.598324
1 0.306411
2 0
3 0
4 0.0272727
5 0
6 0
7 0
8 0
9 0.163636
10 0
11 0
12 0
13 0
14 0
15 0
16 0
17 0
18 0.0909091
19 0
20 0
21 0.988104
22 0.923683
23 0.130872
24 0.958916
25 0.509892
26 0.091363
27 0.781499
0 0.289044
1 0.299371
2 0
3 0
4 0.0272727
5 0
6 0
7 0
8 0
9 0.163636
10 0
11 0
12 0
13 0
14 0
15 0
16 0
17 0
18 0.0909091
19 0
20 0
21 0.988797
22 0.914683
23 0.103588
24 0.960405
25 0.467861
26 0.0596948
27 0.74546
0 0.617435
1 0.292335
2 0
3 0
4 0.0812834
5 0
6 0
7 0
8 0
9 0.308021
10 0
11 0
12 0
13 0
14 0
15 0
16 0
17 0
18 0.315508
19 0.149732
20 0
21 0.987998
22 0.920044
23 0.0705198
24 0.974793
25 0.586525
26 0.0592719
27 0.788334
0 0.206992
1 0.285373
2 0
3 0
4 0.102674
5 0
6 0
7 0
8 0
9 0.375401
10 0.0962566
11 0
12 0
13 0
14 0
15 0
16 0
17 0.0363637
18 0.145454
19 0.393939
20 0
21 0.989246
22 0.914499
23 0.127116
24 0.962688
25 0.464939
26 0.0764978
27 0.714181
0 0.777085
1 0.278387
2 0
3 0
4 0.106952
5 0
6 0
7 0
8 0
9 0.163636
10 0.308021
11 0
12 0
13 0
14 0
15 0
16 0
17 0
18 0.0909091
19 0.330838
20 0.173618
21 0.987238
22 0.893414
23 0.14765
24 0.945974
25 0.395197
26 0.0601106
27 0.674481
0 0.930576
1 0.271531
2 0
3 0
4 0.0796791
5 0
6 0
7 0
8 0
9 0.327273
10 0.144385
11 0
12 0
13 0
14 0
15 0
16 0
17 0
18 0.145455
19 0.0363636
20 0.404635
21 0.985907
22 0.893853
23 0.0839486
24 0.962667
25 0.480636
26 0.061569
27 0.693651
0 0.737018
1 0.264869
2 0
3 0
4 0.118717
5 0
6 0
7 0
8 0
9 0.327273
10 0.144385
11 0
12 0
13 0
14 0
15 0
16 0
17 0.0363637
18 0.145454
19 0.313726
20 0.0784309
21 0.98677
22 0.901929
23 0.0696151
24 0.964505
25 0.49182
26 0.0594227
27 0.719705
0 0.68781
1 0.258052
2 0
3 0
4 0.0930481
5 0
6 0
7 0
8 0
9 0.375401
10 0.0962566
11 0
12 0
13 0
14 0
15 0
16 0
17 0.0363637
18 0.109091
19 0.375045
20 0
21 0.987544
22 0.915557
23 0.0672101
24 0.980317
25 0.631844
26 0.0556668
27 0.803837
0 0.0888757
1 0.251239
2 0
3 0
4 0.163102
5 0
6 0
7 0
8 0
9 0.35615
10 0.0962566
11 0
12 0
13 0
14 0
15 0
16 0
17 0.0363637
18 0.283423
19 0.534046
20 0
21 0.989764
22 0.927887
23 0.151309
24 0.976425
25 0.623748
26 0.0761071
27 0.823279
0 0.0116232
1 0.244475
2 0
3 0
4 0.127273
5 0
6 0
7 0
8 0
9 0.211765
10 0.240642
11 0
12 0
13 0
14 0
15 0
16 0
17 0
18 0.0909091
19 0.360071
20 0.454545
21 0.990105
22 0.920764
23 0.214714
24 0.974236
25 0.58457
26 0.0654879
27 0.783507
0 0.201399
1 0.23762
2 0
3 0
4 0.182888
5 0
6 0
7 0
8 0
9 0.218182
10 0.527273
11 0
12 0
13 0
14 0
15 0
16 0
17 0
18 0.0545455
19 0.299822
20 0.838146
21 0.989179
22 0.907466
23 0.159608
24 0.966657
25 0.496285
26 0.105515
27 0.685429
0 0.888026
1 0.230729
2 0
3 0
4 0.106417
5 0
6 0
7 0
8 0
9 0.00392158
10 0.315865
11 0
12 0
13 0
14 0
15 0
16 0
17 0
18 0
19 0.527273
20 0.365775
21 0.986658
22 0.888609
23 0.227188
24 0.945953
25 0.396354
26 0.0943516
27 0.643385
0 0.983081
1 0.223999
2 0
3 0
4 0.107487
5 0
6 0
7 0
8 0
9 0
10 0.471658
11 0
12 0
13 0
14 0
15 0
16 0
17 0
18 0
19 0.0727274
20 0.465597
21 0.985052
22 0.877026
23 0.197828
24 0.94938
25 0.426328
26 0.0880195
27 0.623053
0 0.970482
1 0.217174
2 0
3 0
4 0.136364
5 0
6 0
7 0
8 0
9 0.0545456
10 0.483422
11 0
12 0
13 0
14 0
15 0
16 0
17 0
18 0
19 0.163636
20 0.479857
21 0.98448
22 0.877886
23 0.147159
24 0.968404
25 0.534024
26 0.0688209
27 0.686917
0 0.638785
1 0.21002
2 0
3 0
4 0.207487
5 0
6 0
7 0
8 0
9 0.218182
10 0.468449
11 0
12 0
13 0
14 0
15 0
16 0
17 0
18 0.0545455
19 0.440999
20 0.588235
21 0.986762
22 0.899728
23 0.203898
24 0.962063
25 0.536379
26 0.0675202
27 0.752369
0 0.355646
1 0.202738
2 0
3 0
4 0.13369
5 0
6 0
7 0
8 0
9 0.218182
10 0.397861
11 0
12 0
13 0
14 0
15 0
16 0
17 0
18 0.0545455
19 0.127273
20 0.691622
21 0.988397
22 0.911824
23 0.151304
24 0.964528
25 0.540055
26 0.0664644
27 0.738552
0 0.437143
1 0.195388
2 0
3 0
4 0.139037
5 0
6 0
7 0
8 0
9 0.218182
10 0.417112
11 0
12 0
13 0
14 0
15 0
16 0
17 0
18 0.0545455
19 0.2
20 0.415686
21 0.988152
22 0.913492
23 0.159812
24 0.945523
25 0.452727
26 0.121032
27 0.72453
0 0.700729
1 0.187961
2 0
3 0
4 0
5 0
6 0
7 0
8 0
9 0
10 0
11 0
12 0
13 0
14 0
15 0
16 0
17 0
18 0
19 0
20 0
21 0.987593
22 0.908207
23 0.12003
24 0.969497
25 0.558705
26 0.0722155
27 0.739188
0 0.409086
1 0.180693
2 0
3 0
4 0.0764706
5 0
6 0
7 0
8 0
9 0.0663103
10 0.272727
11 0
12 0
13 0
14 0
15 0
16 0
17 0
18 0.272727
19 0.345454
20 0.0181817
21 0.988295
22 0.902782
23 0.145576
24 0.947643
25 0.418792
26 0.0849744
27 0.651495
0 0.996957
1 0.173215
2 0
3 0
4 0.0818182
5 0
6 0
7 0
8 0
9 0.0545456
10 0.436364
11 0
12 0
13 0
14 0
15 0
16 0
17 0
18 0
19 0.163636
20 0.109091
21 0.985558
22 0.889611
23 0.107719
24 0.977056
25 0.611359
26 0.0762955
27 0.718523
0 0.4687
1 0.165796
2 0
3 0
4 0.0973262
5 0
6 0
7 0
8 0
9 0.0156863
10 0.335116
11 0
12 0
13 0
14 0
15 0
16 0
17 0
18 0.272727
19 0.709091
20 0.109091
21 0.987881
22 0.913722
23 0.161252
24 0.968958
25 0.583981
26 0.100652
27 0.772055
0 0.304242
1 0.158276
2 0
3 0
4 0.0759358
5 0
6 0
7 0
8 0
9 0
10 0.339037
11 0
12 0
13 0
14 0
15 0
16 0
17 0
18 0
19 0.363637
20 0.272727
21 0.989105
22 0.907108
23 0.256823
24 0.948443
25 0.457317
26 0.110089
27 0.721508
0 0.676623
1 0.150723
2 0
3 0
4 0.0491979
5 0
6 0
7 0
8 0
9 0
10 0.175401
11 0
12 0
13 0
14 0
15 0
16 0
17 0
18 0
19 0
20 0.545455
21 0.98755
22 0.891082
23 0.248788
24 0.942273
25 0.436505
26 0.109496
27 0.668028
0 0.848112
1 0.143265
2 0
3 0
4 0.0475936
5 0
6 0
7 0
8 0
9 0
10 0.175401
11 0
12 0
13 0
14 0
15 0
16 0
17 0
18 0
19 0
20 0.545455
21 0.985961
22 0.897753
23 0.221764
24 0.957476
25 0.546993
26 0.108929
27 0.743969
0 0.347749
1 0.135778
2 0
3 0
4 0.0390374
5 0
6 0
7 0
8 0
9 0
10 0.175401
11 0
12 0
13 0
14 0
15 0
16 0
17 0
18 0
19 0.0727274
20 0.472727
21 0.988296
22 0.915333
23 0.163636
24 0.954982
25 0.515212
26 0.0979016
27 0.732314
0 0.491555
1 0.1282
2 0
3 0
4 0.0545455
5 0
6 0
7 0
8 0
9 0
10 0.327273
11 0
12 0
13 0
14 0
15 0
16 0
17 0
18 0
19 0.0727274
20 0.109091
21 0.988038
22 0.901674
23 0.168148
24 0.93842
25 0.41322
26 0.107314
27 0.66348
0 0.949922
1 0.120658
2 0
3 0
4 0.0272727
5 0
6 0
7 0
8 0
9 0
10 0.163636
11 0
12 0
13 0
14 0
15 0
16 0
17 0
18 0
19 0
20 0.0909091
21 0.985902
22 0.893998
23 0.163517
24 0.943679
25 0.457601
26 0.107536
27 0.681137
0 0.733094
1 0.113293
2 0
3 0
4 0.0272727
5 0
6 0
7 0
8 0
9 0
10 0.163636
11 0
12 0
13 0
14 0
15 0
16 0
17 0
18 0
19 0
20 0.0909091
21 0.98651
22 0.910551
23 0.142329
24 0.961083
25 0.566722
26 0.0920682
27 0.757729
0 0.244041
1 0.10602
2 0
3 0
4 0.0545455
5 0
6 0
7 0
8 0
9 0.0545456
10 0.272727
11 0
12 0
13 0
14 0
15 0
16 0
17 0
18 0
19 0.0909091
20 0.0909091
21 0.988798
22 0.91097
23 0.169814
24 0.943933
25 0.453275
26 0.10682
27 0.704034
0 0.751578
1 0.0987143
2 0
3 0
4 0.0272727
5 0
6 0
7 0
8 0
9 0
10 0.163636
11 0
12 0
13 0
14 0
15 0
16 0
17 0
18 0
19 0
20 0.0909091
21 0.9872
22 0.914844
23 0.164304
24 0.959356
25 0.564113
26 0.106784
27 0.76702
0 0.199187
1 0.0913689
2 0
3 0
4 0.0272727
5 0
6 0
7 0
8 0
9 0
10 0.163636
11 0
12 0
13 0
14 0
15 0
16 0
17 0
18 0
19 0
20 0.0909091
21 0.989026
22 0.918769
23 0.162419
24 0.957401
25 0.527049
26 0.0960177
27 0.740765
0 0.441751
1 0.0839071
2 0
3 0
4 0.0545455
5 0
6 0
7 0
8 0
9 0
10 0.327273
11 0
12 0
13 0
14 0
15 0
16 0
17 0
18 0
19 0.0727274
20 0.109091
21 0.98838
22 0.905539
23 0.152977
24 0.938314
25 0.428983
26 0.116729
27 0.677631
0 0.907515
1 0.0765517
2 0
3 0
4 0
5 0
6 0
7 0
8 0
9 0
10 0
11 0
12 0
13 0
14 0
15 0
16 0
17 0
18 0
19 0
20 0
21 0.98644
22 0.890082
23 0.142768
24 0.939498
25 0.429606
26 0.105631
27 0.64122
0 0.962385
1 0.0693895
2 0
3 0
4 0.0272727
5 0
6 0
7 0
8 0
9 0
10 0.163636
11 0
12 0
13 0
14 0
15 0
16 0
17 0
18 0
19 0.0727274
20 0.0181817
21 0.985345
22 0.888038
23 0.162747
24 0.940605
25 0.460383
26 0.105429
27 0.676562
0 0.754369
1 0.0622399
2 0
3 0
4 0.0272727
5 0
6 0
7 0
8 0
9 0
10 0.163636
11 0
12 0
13 0
14 0
15 0
16 0
17 0
18 0
19 0
20 0.0909091
21 0.986437
22 0.901902
23 0.163792
24 0.948439
25 0.512637
26 0.105077
27 0.722359
0 0.500399
1 0.0549022
2 0
3 0
4 0.0272727
5 0
6 0
7 0
8 0
9 0
10 0.163636
11 0
12 0
13 0
14 0
15 0
16 0
17 0
18 0
19 0
20 0.0909091
21 0.987833
22 0.902854
23 0.165546
24 0.941732
25 0.464462
26 0.104724
27 0.690251
0 0.749962
1 0.0475698
2 0
3 0
4 0.0272727
5 0
6 0
7 0
8 0
9 0
10 0.163636
11 0
12 0
13 0
14 0
15 0
16 0
17 0
18 0
19 0
20 0.0909091
21 0.986873
22 0.894243
23 0.163396
24 0.939144
25 0.453948
26 0.104372
27 0.669203
0 0.818481
1 0.0402218
2 0
3 0
4 0.0272727
5 0
6 0
7 0
8 0
9 0
10 0.163636
11 0
12 0
13 0
14 0
15 0
16 0
17 0
18 0
19 0
20 0.0909091
21 0.986228
22 0.896852
23 0.124227
24 0.950042
25 0.511949
26 0.0744072
27 0.710476
0 0.556655
1 0.0330236
2 0
3 0
4 0.0545455
5 0
6 0
7 0
8 0
9 0.163636
10 0.163636
11 0
12 0
13 0
14 0
15 0
16 0
17 0
18 0.0545455
19 0.0363636
20 0.0909091
21 0.987583
22 0.911281
23 0.151669
24 0.949029
25 0.527579
26 0.114949
27 0.74388
0 0.452745
1 0.0258057
2 0
3 0
4 0
5 0
6 0
7 0
8 0
9 0
10 0
11 0
12 0
13 0
14 0
15 0
16 0
17 0
18 0
19 0
20 0
21 0.988453
22 0.90857
23 0.127684
24 0.947067
25 0.484853
26 0.0975401
27 0.696876
0 0.728879
1 0.018605
2 0
3 0
4 0.0272727
5 0
6 0
7 0
8 0
9 0.0545456
10 0.109091
11 0
12 0
13 0
14 0
15 0
16 0
17 0
18 0
19 0.0909091
20 0
21 0.9872
22 0.900609
23 0.126668
24 0.946882
25 0.489414
26 0.0972305
27 0.69015
0 0.718765
1 0.0115438
2 0
3 0
4 0.0272727
5 0
6 0
7 0
8 0
9 0.0545456
10 0.109091
11 0
12 0
13 0
14 0
15 0
16 0
17 0
18 0
19 0.0909091
20 0
21 0.987017
22 0.900228
23 0.143073
24 0.946234
25 0.495529
26 0.102625
27 0.694361
end fitness = 9.51547
