brainFunction 22907 45 19 892 24809 2-4 5-12 13-18
0 0.801395
1 0.981183
2 0.499644
3 0.478788
4 0.390553
5 0.714438
6 0.576114
7 0.259893
8 0.420321
9 0.713012
10 0.34082
11 0.475223
12 0.361854
13 0.639929
14 0.435294
15 0.844563
16 0.463102
17 0.662032
18 0.563636
19 0.999416
20 0.967727
21 0.457898
22 0.999192
23 0.0397116
24 0.418072
25 0.997529
26 0.820554
27 0.910927
28 0.631635
29 0.955809
30 0.948093
31 0.98445
32 0.9911
33 0.908501
34 0.98115
35 0.977994
36 0.999385
37 0.537293
38 0.698406
39 0.237578
40 0.430682
41 0.199492
42 0.298841
43 0.716769
44 0.244449
0 0.501622
1 0.484309
2 0.466667
3 0.466667
4 0.684848
5 0
6 0
7 0
8 0
9 0
10 0
11 0.0909091
12 1
13 0.886275
14 0.886275
15 0.886274
16 0.886275
17 0.886275
18 0.979322
19 0.999345
20 0.980071
21 0.525457
22 0.999303
23 0.157044
24 0.726142
25 0.999314
26 0.713269
27 0.909764
28 0.732327
29 0.975052
30 0.860672
31 0.982082
32 0.984317
33 0.892137
34 0.97573
35 0.963426
36 0.998121
37 0.793316
38 0.807069
39 0.461451
40 0.671869
41 0.330534
42 0.428595
43 0.806307
44 0.388132
0 0.290186
1 0.476284
2 0.362567
3 0.334403
4 0.296613
5 0.436007
6 0.587879
7 0.554011
8 0.559715
9 0.0491979
10 0.246702
11 0.479857
12 0.476292
13 0.507308
14 0.685561
15 0.967558
16 0.694474
17 0.692692
18 0.44385
19 0.997789
20 0.93257
21 0.532923
22 0.998807
23 0.136055
24 0.610411
25 0.998028
26 0.700731
27 0.890881
28 0.519552
29 0.94367
30 0.768171
31 0.961142
32 0.978741
33 0.863381
34 0.969416
35 0.975522
36 0.997689
37 0.712808
38 0.77596
39 0.345556
40 0.546332
41 0.291354
42 0.255162
43 0.650944
44 0.46082
0 0.53951
1 0.468012
2 0.241355
3 0.190909
4 0.278431
5 0.211052
6 0.45918
7 0.105169
8 0.148663
9 0.213904
10 0.447059
11 0.527273
12 0.6
13 0.354724
14 0.493405
15 0.647059
16 0.432086
17 0.636364
18 0.2
19 0.997134
20 0.952656
21 0.39255
22 0.999138
23 0.215111
24 0.790456
25 0.998127
26 0.642797
27 0.852452
28 0.520859
29 0.907118
30 0.702884
31 0.954087
32 0.980371
33 0.904354
34 0.964432
35 0.96347
36 0.996244
37 0.747215
38 0.724889
39 0.230224
40 0.556115
41 0.33276
42 0.240369
43 0.755637
44 0.550756
0 0.710396
1 0.460644
2 0.151693
3 0.211943
4 0.238503
5 0.186096
6 0.432799
7 0.204635
8 0.223173
9 0.466667
10 0.45098
11 0.6
12 0.6
13 0.995722
14 0.337611
15 0.278431
16 0.893048
17 0.277005
18 0.2
19 0.998604
20 0.955872
21 0.561468
22 0.999049
23 0.211655
24 0.669306
25 0.997908
26 0.670229
27 0.870384
28 0.548644
29 0.94129
30 0.797931
31 0.978918
32 0.985085
33 0.887472
34 0.973237
35 0.97781
36 0.995189
37 0.864295
38 0.819169
39 0.560134
40 0.576528
41 0.462452
42 0.292501
43 0.753457
44 0.35316
0 0.783359
1 0.570614
2 0.166667
3 0.242424
4 0.167914
5 0.112656
6 0.154011
7 0.25098
8 0.429234
9 0.435651
10 0.352941
11 0.233512
12 0.247059
13 0.330125
14 0.270588
15 0.386453
16 0.705882
17 0.569697
18 0.937255
19 0.997238
20 0.959557
21 0.513717
22 0.999178
23 0.229531
24 0.747223
25 0.998928
26 0.601698
27 0.8826
28 0.46155
29 0.950874
30 0.703617
31 0.981812
32 0.97487
33 0.833757
34 0.971336
35 0.953964
36 0.997596
37 0.747168
38 0.811471
39 0.425868
40 0.647766
41 0.309024
42 0.398802
43 0.834997
44 0.384772
0 0.0529943
1 0.681243
2 0.3
3 0.21426
4 0.301783
5 0.25098
6 0.25098
7 0.497326
8 0.466667
9 0.466667
10 0.378966
11 0.305882
12 0.305882
13 0.14902
14 0.157932
15 0.854545
16 1
17 0.368984
18 0.305882
19 0.998923
20 0.966326
21 0.324411
22 0.998866
23 0.143931
24 0.506055
25 0.998867
26 0.700265
27 0.877369
28 0.692922
29 0.967426
30 0.87419
31 0.977991
32 0.964996
33 0.764856
34 0.972536
35 0.97527
36 0.9963
37 0.781471
38 0.832434
39 0.717644
40 0.577603
41 0.334881
42 0.367847
43 0.79953
44 0.225879
0 0.532895
1 0.672891
2 0.267736
3 0.139394
4 0.0249554
5 0.445989
6 0.368984
7 0.640285
8 0.230303
9 0.212121
10 0.0816399
11 0.202139
12 0.247059
13 0.17754
14 0.900891
15 0.78574
16 0.62959
17 0.675579
18 0.945098
19 0.998202
20 0.954846
21 0.575239
22 0.999198
23 0.106122
24 0.419875
25 0.999117
26 0.815942
27 0.906633
28 0.468309
29 0.960719
30 0.747664
31 0.982864
32 0.975224
33 0.926755
34 0.982334
35 0.982586
36 0.996882
37 0.832682
38 0.819226
39 0.454917
40 0.695999
41 0.333807
42 0.224666
43 0.732087
44 0.462095
0 0.0628933
1 0.664079
2 0.0445633
3 0.0534759
4 0.727629
5 0.556863
6 0.276649
7 0.110517
8 0.175401
9 0.106952
10 0.0249554
11 0.00641711
12 0
13 0.94902
14 0.333333
15 0.871658
16 0.49697
17 0.845989
18 0.866666
19 0.997919
20 0.894801
21 0.637564
22 0.999218
23 0.116757
24 0.45662
25 0.998946
26 0.827525
27 0.921798
28 0.722359
29 0.984701
30 0.909397
31 0.985457
32 0.989882
33 0.931352
34 0.982512
35 0.982304
36 0.997268
37 0.864069
38 0.802676
39 0.435182
40 0.718409
41 0.392533
42 0.285177
43 0.82851
44 0.589118
0 0.227991
1 0.656644
2 0.0538324
3 0.337077
4 0.404278
5 0.172549
6 0.415686
7 0.175401
8 0.0121212
9 0.0142602
10 0
11 0.0901961
12 0.00962567
13 0.796435
14 0.560784
15 0.412834
16 0.790731
17 0.806417
18 0.716221
19 0.998448
20 0.88747
21 0.65009
22 0.999288
23 0.0674615
24 0.508047
25 0.99884
26 0.790601
27 0.934155
28 0.615588
29 0.965828
30 0.90104
31 0.987128
32 0.993235
33 0.911853
34 0.979102
35 0.980992
36 0.998087
37 0.796619
38 0.829423
39 0.370933
40 0.586279
41 0.278024
42 0.242295
43 0.761172
44 0.45307
0 0.659516
1 0.650134
2 0.151515
3 0.659536
4 0.2959
5 0.196791
6 0.308021
7 0.0445633
8 0.125134
9 0
10 0.411408
11 0.107308
12 0.274153
13 0.612478
14 0.462032
15 0.730838
16 0.842068
17 0.873797
18 0.547237
19 0.999599
20 0.965154
21 0.637379
22 0.99938
23 0.058918
24 0.459583
25 0.999129
26 0.798026
27 0.924349
28 0.69954
29 0.975514
30 0.918447
31 0.991298
32 0.994197
33 0.922216
34 0.982293
35 0.977834
36 0.997425
37 0.878729
38 0.843539
39 0.559007
40 0.502547
41 0.254406
42 0.251505
43 0.747801
44 0.207454
0 0.939688
1 0.643581
2 0.59697
3 0.484314
4 0.27861
5 0.386096
6 0.440285
7 0.00641711
8 0.363636
9 0.00392157
10 0.366132
11 0.350802
12 0.00784314
13 0.546881
14 0.734046
15 0.86025
16 1
17 0.953298
18 0.979322
19 0.999411
20 0.967527
21 0.674279
22 0.999219
23 0.0544732
24 0.466983
25 0.999271
26 0.864229
27 0.950355
28 0.70182
29 0.985317
30 0.944997
31 0.994788
32 0.993154
33 0.940322
34 0.991753
35 0.984755
36 0.998843
37 0.642053
38 0.809869
39 0.432304
40 0.392061
41 0.286013
42 0.38034
43 0.867852
44 0.287219
0 0.888435
1 0.637171
2 0.745276
3 0.16221
4 0.192513
5 0
6 0
7 0.0916221
8 0.00392157
9 0.00641711
10 0.00641711
11 0.233155
12 0.139037
13 0.819608
14 0.85098
15 1
16 0.982888
17 0.714082
18 0.452763
19 0.999592
20 0.98149
21 0.540766
22 0.99954
23 0.0346761
24 0.528841
25 0.999483
26 0.815987
27 0.930866
28 0.59043
29 0.969671
30 0.906726
31 0.989582
32 0.991915
33 0.954875
34 0.992361
35 0.993344
36 0.998019
37 0.610506
38 0.727371
39 0.43415
40 0.427208
41 0.262637
42 0.190121
43 0.760003
44 0.468758
0 0.963224
1 0.630803
2 0.0752228
3 0.299644
4 0.312299
5 0.00392157
6 0.00392157
7 0.0057041
8 0.0121212
9 0.172193
10 0.335472
11 0.493761
12 0.176471
13 1
14 0.997148
15 0.923708
16 0.724421
17 0.590731
18 0.899822
19 0.998125
20 0.977991
21 0.636749
22 0.999549
23 0.184619
24 0.795337
25 0.999012
26 0.703918
27 0.929399
28 0.611526
29 0.967223
30 0.820723
31 0.980137
32 0.991758
33 0.964603
34 0.986471
35 0.990098
36 0.9974
37 0.747081
38 0.805789
39 0.399656
40 0.634033
41 0.435289
42 0.382378
43 0.750369
44 0.648007
0 0.308768
1 0.624477
2 0.372906
3 0.14795
4 0.182353
5 0.00392157
6 0.000356506
7 0.0688057
8 0.163636
9 0.421034
10 0.557932
11 0.6
12 0.438859
13 0.818182
14 0.296613
15 0.202852
16 0.806417
17 0.2
18 0.380749
19 0.998227
20 0.974789
21 0.488098
22 0.99946
23 0.176003
24 0.738945
25 0.998846
26 0.661159
27 0.899397
28 0.448884
29 0.943822
30 0.734745
31 0.985595
32 0.97828
33 0.896721
34 0.989513
35 0.992847
36 0.99686
37 0.774534
38 0.833337
39 0.60893
40 0.576956
41 0.382408
42 0.331733
43 0.647387
44 0.455494
0 0.542283
1 0.618047
2 0.248841
3 0.23672
4 0.138503
5 0.403209
6 0.0688057
7 0.348663
8 0.384314
9 0.6
10 0.6
11 0.398574
12 0.141176
13 0.269162
14 0.36328
15 0.845633
16 0.2
17 0.267023
18 0.712656
19 0.995982
20 0.946399
21 0.389027
22 0.999516
23 0.373263
24 0.821625
25 0.997412
26 0.441765
27 0.826732
28 0.589145
29 0.94358
30 0.686031
31 0.972725
32 0.978038
33 0.931998
34 0.981891
35 0.983259
36 0.995703
37 0.822185
38 0.753529
39 0.535311
40 0.710914
41 0.540059
42 0.438768
43 0.712743
44 0.675124
0 0.22288
1 0.611798
2 0.37754
3 0.2
4 0.328342
5 0.419964
6 0.52549
7 0.586453
8 0.6
9 0.6
10 0.6
11 0.441355
12 0.176827
13 0.610339
14 0.48057
15 0.2
16 0.2
17 0.195365
18 0.361854
19 0.992419
20 0.914306
21 0.301654
22 0.999395
23 0.416411
24 0.842208
25 0.993969
26 0.413245
27 0.79635
28 0.455281
29 0.834418
30 0.538264
31 0.932571
32 0.961673
33 0.81221
34 0.957079
35 0.977287
36 0.996012
37 0.822133
38 0.781903
39 0.496347
40 0.510557
41 0.490394
42 0.276487
43 0.658684
44 0.45219
0 0.801771
1 0.72328
2 0.2
3 0.2
4 0.2
5 0.6
6 0.6
7 0.6
8 0.6
9 0.6
10 0.6
11 0.6
12 0.6
13 0.2
14 0.2
15 0.2
16 0.2
17 0.2
18 0.2
19 0.992588
20 0.940091
21 0.238152
22 0.999391
23 0.43209
24 0.835881
25 0.994033
26 0.413225
27 0.778098
28 0.466953
29 0.878866
30 0.593504
31 0.939283
32 0.96278
33 0.873604
34 0.968369
35 0.97575
36 0.997318
37 0.824181
38 0.789129
39 0.503571
40 0.62178
41 0.544227
42 0.395016
43 0.682572
44 0.543509
0 0.24686
1 0.83451
2 0.2
3 0.2
4 0.2
5 0.6
6 0.6
7 0.6
8 0.6
9 0.6
10 0.6
11 0.6
12 0.6
13 0.2
14 0.2
15 0.2
16 0.2
17 0.2
18 0.2
19 0.999192
20 0.916737
21 0.314535
22 0.998412
23 0.127144
24 0.569135
25 0.996417
26 0.673147
27 0.77428
28 0.522862
29 0.961318
30 0.768515
31 0.988052
32 0.984065
33 0.959074
34 0.97928
35 0.98711
36 0.998566
37 0.868899
38 0.71484
39 0.509066
40 0.570336
41 0.472964
42 0.446705
43 0.648239
44 0.378287
0 0.287201
1 0.94566
2 0.547594
3 0.227451
4 0.346346
5 0.137255
6 0.716221
7 0.314795
8 0.287701
9 0.0798574
10 0.447059
11 0.325847
12 0.156863
13 0.986809
14 0.499109
15 0.684135
16 0.108378
17 0.934403
18 0.920855
19 0.998483
20 0.948189
21 0.507605
22 0.99937
23 0.117102
24 0.417763
25 0.997914
26 0.690731
27 0.904302
28 0.62753
29 0.960924
30 0.865935
31 0.984035
32 0.99038
33 0.931595
34 0.984388
35 0.99073
36 0.995954
37 0.845056
38 0.834917
39 0.695121
40 0.600513
41 0.42982
42 0.326597
43 0.724689
44 0.452929
0 0.425358
1 1
2 0.206774
3 0.217291
4 0.156684
5 0.26631
6 0.224955
7 0.16328
8 0.134046
9 0.308378
10 0.410339
11 0.154011
12 0.156863
13 0.455615
14 0.616756
15 0.218538
16 0.552941
17 0.904456
18 0.949019
19 0.998235
20 0.937125
21 0.598566
22 0.999355
23 0.13556
24 0.552636
25 0.999134
26 0.679875
27 0.931891
28 0.468254
29 0.951714
30 0.79129
31 0.989196
32 0.992033
33 0.933709
34 0.98493
35 0.986244
36 0.997517
37 0.76653
38 0.848136
39 0.539207
40 0.517272
41 0.417415
42 0.320353
43 0.831745
44 0.384357
0 0.57065
1 0.99378
2 0.0885918
3 0.317291
4 0.222995
5 0.0770053
6 0.0791444
7 0.235651
8 0.409626
9 0.466667
10 0.316934
11 0.0777184
12 0.156863
13 0.351872
14 0.12549
15 0.683066
16 0.820321
17 0.809982
18 0.780392
19 0.999467
20 0.967461
21 0.321945
22 0.999487
23 0.101916
24 0.415601
25 0.999613
26 0.710435
27 0.910759
28 0.597802
29 0.979951
30 0.892378
31 0.98954
32 0.988973
33 0.922966
34 0.980386
35 0.983207
36 0.998442
37 0.788105
38 0.853757
39 0.579734
40 0.561953
41 0.230598
42 0.323517
43 0.805504
44 0.275255
0 0.0900219
1 0.987349
2 0.302139
3 0.292157
4 0.0613191
5 0.466667
6 0.605704
7 0.240998
8 0.382175
9 0.418895
10 0.124421
11 0.337968
12 0.156863
13 0.434225
14 0.862745
15 0.987522
16 0.904456
17 0.868806
18 0.845989
19 0.999521
20 0.979123
21 0.261468
22 0.999464
23 0.0596789
24 0.528197
25 0.999396
26 0.657357
27 0.848735
28 0.424735
29 0.953796
30 0.811848
31 0.989054
32 0.98586
33 0.944301
34 0.989734
35 0.988371
36 0.997636
37 0.592595
38 0.671188
39 0.581951
40 0.418588
41 0.348025
42 0.253074
43 0.811546
44 0.37086
0 0.910507
1 0.981138
2 0.088057
3 0.0737968
4 0.245098
5 0.156863
6 0.213191
7 0.466667
8 0.308378
9 0.357219
10 0.441355
11 0.352585
12 0.175045
13 0.937255
14 0.977184
15 0.982888
16 0.691979
17 0.655972
18 0.955793
19 0.998393
20 0.954502
21 0.321575
22 0.999643
23 0.198052
24 0.69401
25 0.998498
26 0.623741
27 0.883184
28 0.71122
29 0.963343
30 0.869195
31 0.984556
32 0.986421
33 0.95835
34 0.985596
35 0.99
36 0.996938
37 0.77197
38 0.780154
39 0.522601
40 0.586414
41 0.469483
42 0.336428
43 0.810621
44 0.634963
0 0.571501
1 0.974865
2 0.257219
3 0.217647
4 0.16631
5 0.466667
6 0.466667
7 0.457041
8 0.350802
9 0.411408
10 0.214617
11 0.350446
12 0.101604
13 1
14 0.833155
15 0.302674
16 0.468093
17 0.445276
18 0.314438
19 0.997172
20 0.937044
21 0.396918
22 0.999595
23 0.30585
24 0.764751
25 0.997945
26 0.650817
27 0.916765
28 0.649777
29 0.967536
30 0.841215
31 0.984539
32 0.986598
33 0.937644
34 0.977789
35 0.987507
36 0.998121
37 0.841611
38 0.867298
39 0.477168
40 0.631654
41 0.445899
42 0.51924
43 0.792733
44 0.503936
0 0.196354
1 0.968457
2 0.426916
3 0.360606
4 0.0108734
5 0.453832
6 0.388948
7 0.494831
8 0.414973
9 0.324421
10 0.220321
11 0.159715
12 0.353654
13 0.736185
14 0.312299
15 0.345098
16 0.576827
17 0.206061
18 0.451337
19 0.997836
20 0.959475
21 0.524077
22 0.999628
23 0.153191
24 0.613035
25 0.997426
26 0.68669
27 0.911061
28 0.625481
29 0.958887
30 0.80974
31 0.983749
32 0.985395
33 0.909134
34 0.984478
35 0.992184
36 0.996684
37 0.896507
38 0.823395
39 0.667235
40 0.561239
41 0.347782
42 0.297233
43 0.674156
44 0.323015
0 0.654666
1 0.959046
2 0.389127
3 0.300891
4 0.255437
5 0.431373
6 0.441355
7 0.379323
8 0.0827094
9 0.359715
10 0.560071
11 0.329412
12 0.171123
13 0.431373
14 0.322282
15 0.351159
16 0.471301
17 0.525134
18 0.936185
19 0.998301
20 0.959287
21 0.579226
22 0.999694
23 0.133128
24 0.495813
25 0.99879
26 0.759003
27 0.947484
28 0.69437
29 0.96661
30 0.878171
31 0.988606
32 0.990312
33 0.91197
34 0.989293
35 0.989126
36 0.997888
37 0.841111
38 0.834941
39 0.590269
40 0.48092
41 0.31636
42 0.25048
43 0.794694
44 0.239103
0 0.912222
1 0.951901
2 0.405526
3 0.201426
4 0.26631
5 0.423529
6 0.28877
7 0.359715
8 0.0203209
9 0.310873
10 0.270945
11 0.293761
12 0.122638
13 0.423529
14 0.380036
15 0.471301
16 0.855615
17 0.823886
18 0.699109
19 0.997426
20 0.956692
21 0.599963
22 0.999793
23 0.160331
24 0.712047
25 0.997456
26 0.635664
27 0.943018
28 0.677121
29 0.961094
30 0.876652
31 0.984402
32 0.992846
33 0.939266
34 0.991103
35 0.991691
36 0.998237
37 0.810475
38 0.816622
39 0.514558
40 0.466571
41 0.456499
42 0.328558
43 0.775185
44 0.448891
0 0.915716
1 0.944243
2 0.392157
3 0.392157
4 0.392157
5 0.392157
6 0.392157
7 0.392157
8 0.392157
9 0.392157
10 0.392157
11 0.392157
12 0.392157
13 0.392157
14 0.392157
15 0.392157
16 0.392157
17 0.392157
18 0.392157
19 0.999349
20 0.937829
21 0.585935
22 0.999865
23 0.0880283
24 0.543736
25 0.999108
26 0.816422
27 0.952604
28 0.855301
29 0.989187
30 0.970197
31 0.996555
32 0.994196
33 0.953012
34 0.992118
35 0.991988
36 0.99934
37 0.808882
38 0.799798
39 0.458438
40 0.597411
41 0.238624
42 0.37769
43 0.812036
44 0.350277
0 0.478624
1 0.609527
2 0.772549
3 0.654367
4 0.544742
5 0.466667
6 0.466667
7 0.466667
8 0.127273
9 0
10 0
11 0
12 0
13 1
14 1
15 0.831016
16 0.690196
17 0.690196
18 0.674153
19 0.99945
20 0.967467
21 0.702028
22 0.999857
23 0.0959051
24 0.688098
25 0.999369
26 0.64679
27 0.940153
28 0.576403
29 0.981687
30 0.897003
31 0.989466
32 0.996803
33 0.977405
34 0.992494
35 0.995589
36 0.998844
37 0.707299
38 0.766132
39 0.458636
40 0.595287
41 0.369405
42 0.380473
43 0.722674
44 0.557821
0 0.153657
1 0.599185
2 0.513012
3 0.539037
4 0.415864
5 0
6 0
7 0.0467023
8 0.513726
9 0.513726
10 0.513726
11 0.509447
12 0.466667
13 0.694831
14 0.733333
15 0.553654
16 0.513726
17 0.513726
18 0.908378
19 0.999237
20 0.959785
21 0.465807
22 0.999824
23 0.223615
24 0.648959
25 0.999539
26 0.670039
27 0.928693
28 0.648877
29 0.97144
30 0.833469
31 0.984206
32 0.994811
33 0.96905
34 0.988667
35 0.99536
36 0.998692
37 0.850734
38 0.810571
39 0.432601
40 0.71018
41 0.372638
42 0.346647
43 0.629346
44 0.395915
0 0.0494914
1 0.590021
2 0.371123
3 0.364706
4 0.375936
5 0.466667
6 0.411052
7 0.364706
8 0.364706
9 0.364706
10 0.420321
11 0.466667
12 0.466667
13 1
14 0.42246
15 0.364706
16 0.364706
17 0.942246
18 1
19 0.999073
20 0.960085
21 0.602625
22 0.999886
23 0.202267
24 0.608462
25 0.999408
26 0.633185
27 0.919904
28 0.638385
29 0.970453
30 0.846983
31 0.985417
32 0.994635
33 0.936791
34 0.984414
35 0.989505
36 0.998788
37 0.866544
38 0.786356
39 0.520689
40 0.619848
41 0.292988
42 0.235444
43 0.736051
44 0.242409
0 0.378449
1 0.580827
2 0.439216
3 0.446346
4 0.458824
5 0.439216
6 0.439216
7 0.439216
8 0.439216
9 0.456684
10 0.466667
11 0.466667
12 0.466667
13 0.439216
14 0.439216
15 0.439216
16 0.847059
17 1
18 1
19 0.999252
20 0.971728
21 0.424724
22 0.999862
23 0.157553
24 0.680123
25 0.999345
26 0.699012
27 0.908407
28 0.683457
29 0.980414
30 0.903197
31 0.990858
32 0.991407
33 0.961874
34 0.993639
35 0.993956
36 0.998863
37 0.780862
38 0.746279
39 0.525487
40 0.508794
41 0.371557
42 0.321641
43 0.811927
44 0.378987
0 0.711649
1 0.572684
2 0.588592
3 0.221747
4 0.207843
5 0.466667
6 0.466667
7 0.501961
8 0.330125
9 0.413191
10 0.14795
11 0.545098
12 0.144385
13 1
14 1
15 0.684492
16 0.511586
17 0.342959
18 0.77754
19 0.99888
20 0.961963
21 0.396238
22 0.999817
23 0.203448
24 0.745174
25 0.999107
26 0.650369
27 0.896335
28 0.64272
29 0.976422
30 0.88224
31 0.99263
32 0.991376
33 0.97165
34 0.992979
35 0.993871
36 0.998954
37 0.766581
38 0.758475
39 0.541568
40 0.46948
41 0.510633
42 0.434585
43 0.778564
44 0.479956
0 0.997137
1 0.564414
2 0.619251
3 0.054902
4 0.104456
5 0.325847
6 0.509804
7 0.522638
8 0.52549
9 0.208556
10 0.33975
11 0.363636
12 0.143316
13 0.986453
14 0.884848
15 0.690196
16 0.2082
17 0.2
18 0.383244
19 0.998757
20 0.962543
21 0.264165
22 0.999886
23 0.215812
24 0.709932
25 0.999682
26 0.569767
27 0.871487
28 0.475709
29 0.9507
30 0.778504
31 0.987943
32 0.987538
33 0.945446
34 0.985348
35 0.987979
36 0.998693
37 0.714683
38 0.728519
39 0.439157
40 0.521115
41 0.273837
42 0.192588
43 0.76795
44 0.410317
0 0.747311
1 0.557144
2 0.160784
3 0.160784
4 0.139394
5 0.52549
6 0.52549
7 0.52549
8 0.52549
9 0.52549
10 0.539037
11 0.566132
12 0.174688
13 0.788235
14 0.788235
15 0.788235
16 0.788235
17 0.46738
18 0.381818
19 0.998388
20 0.935047
21 0.284122
22 0.999873
23 0.273987
24 0.640682
25 0.999801
26 0.605779
27 0.858263
28 0.483948
29 0.964424
30 0.820996
31 0.990975
32 0.989874
33 0.962601
34 0.989978
35 0.986532
36 0.998956
37 0.7053
38 0.764147
39 0.483753
40 0.658446
41 0.38281
42 0.232765
43 0.827803
44 0.547628
0 0.557021
1 0.550699
2 0.0588235
3 0.0588235
4 0.0417112
5 0.52549
6 0.52549
7 0.52549
8 0.52549
9 0.52549
10 0.52549
11 0.299109
12 0.027451
13 0.741176
14 0.741176
15 0.741176
16 0.741177
17 0.676292
18 0.027451
19 0.999093
20 0.965888
21 0.206277
22 0.999839
23 0.208513
24 0.627003
25 0.999732
26 0.538609
27 0.822554
28 0.388875
29 0.931816
30 0.757961
31 0.980411
32 0.988672
33 0.943624
34 0.981254
35 0.989167
36 0.998803
37 0.723776
38 0.737797
39 0.523046
40 0.474354
41 0.344063
42 0.166194
43 0.746099
44 0.276365
0 0.840746
1 0.544336
2 0.0588235
3 0.0588235
4 0.0588235
5 0.52549
6 0.52549
7 0.52549
8 0.52549
9 0.52549
10 0.52549
11 0.52549
12 0.52549
13 0.741176
14 0.741176
15 0.741176
16 0.741177
17 0.741177
18 0.741176
19 0.995395
20 0.93868
21 0.668511
22 0.999912
23 0.274169
24 0.650582
25 0.999147
26 0.746386
27 0.923336
28 0.589541
29 0.965873
30 0.818742
31 0.983964
32 0.992891
33 0.98061
34 0.994523
35 0.997186
36 0.998685
37 0.862381
38 0.783158
39 0.433671
40 0.749873
41 0.525169
42 0.194178
43 0.701535
44 0.712142
0 0.167855
1 0.538071
2 0.0326203
3 0.119964
4 0.541533
5 0.52549
6 0.238859
7 0.218182
8 0
9 0.450267
10 0.344742
11 0.46738
12 0.15508
13 0.827451
14 0.0934046
15 0.0363636
16 0.204991
17 0.696257
18 0.45918
19 0.99512
20 0.830475
21 0.821774
22 0.99988
23 0.239941
24 0.526125
25 0.99953
26 0.764899
27 0.964463
28 0.628125
29 0.988201
30 0.901138
31 0.988461
32 0.997186
33 0.973331
34 0.991436
35 0.996319
36 0.999142
37 0.871566
38 0.850668
39 0.539588
40 0.70424
41 0.525983
42 0.248438
43 0.742611
44 0.66495
0 0.12572
1 0.531429
2 0.0272727
3 0.200178
4 0.327094
5 0
6 0.218182
7 0
8 0.059893
9 0.466667
10 0.354011
11 0.280927
12 0.223173
13 0
14 0.0545455
15 0.0449198
16 0.488057
17 0.781462
18 0.368984
19 0.996195
20 0.843053
21 0.691447
22 0.999898
23 0.290361
24 0.719423
25 0.999682
26 0.629197
27 0.951449
28 0.66146
29 0.985417
30 0.889915
31 0.98943
32 0.996509
33 0.958394
34 0.98807
35 0.989167
36 0.999268
37 0.812651
38 0.804586
39 0.466122
40 0.644794
41 0.47887
42 0.355178
43 0.866374
44 0.562038
0 0.286168
1 0.524256
2 0.214617
3 0.393226
4 0.342959
5 0.144385
6 0.466667
7 0.466667
8 0.565062
9 0.431373
10 0.282353
11 0.31016
12 0.25098
13 0.151872
14 0.305882
15 0.423529
16 0.775401
17 0.51943
18 0.14902
19 0.998444
20 0.921748
21 0.653154
22 0.999935
23 0.110221
24 0.552527
25 0.999584
26 0.720206
27 0.945219
28 0.665554
29 0.983202
30 0.947129
31 0.991468
32 0.996606
33 0.960949
34 0.991351
35 0.994753
36 0.999268
37 0.767231
38 0.823519
39 0.632819
40 0.478102
41 0.35488
42 0.229783
43 0.790131
44 0.439845
0 0.793058
1 0.517393
2 0.27451
3 0.346702
4 0.296435
5 0.218182
6 0.227451
7 0.0438503
8 0.443137
9 0.250624
10 0.292692
11 0.25098
12 0.182531
13 0.0909091
14 0.893048
15 0.544385
16 0.804991
17 0.298396
18 0.583244
19 0.999256
20 0.976656
21 0.439425
22 0.999932
23 0.135643
24 0.591086
25 0.999556
26 0.67651
27 0.953215
28 0.76717
29 0.976172
30 0.93806
31 0.992498
32 0.993683
33 0.954551
34 0.991451
35 0.99448
36 0.999306
37 0.836315
38 0.831021
39 0.532008
40 0.46835
41 0.218769
42 0.266225
43 0.717015
44 0.189067
0 0.769873
1 0.510473
2 0.816399
3 0.420677
4 0.365597
5 0.854902
6 0.854902
7 0.485918
8 0.284135
9 0.44492
10 0.233868
11 0.426381
12 0.487701
13 0.854902
14 0.868093
15 0.820321
16 0.511586
17 0.65098
18 0.780748
19 0.997403
20 0.921671
21 0.649399
22 0.999954
23 0.155689
24 0.596675
25 0.999739
26 0.759088
27 0.960581
28 0.698613
29 0.985993
30 0.951466
31 0.995718
32 0.996907
33 0.981329
34 0.997107
35 0.995765
36 0.999466
37 0.616642
38 0.820663
39 0.499867
40 0.640483
41 0.429012
42 0.342272
43 0.863933
44 0.716289
0 0.64101
1 0.503559
2 0.15918
3 0.32246
4 0.0937611
5 0.186096
6 0.0527629
7 0.306239
8 0.203565
9 0.280927
10 0.393583
11 0.0392157
12 0.0392157
13 0.596791
14 0.793226
15 0.510517
16 0.671301
17 0.378253
18 0.0392157
19 0.99942
20 0.972181
21 0.220288
22 0.999909
23 0.189346
24 0.59479
25 0.99993
26 0.574258
27 0.914005
28 0.461889
29 0.965101
30 0.824821
31 0.98603
32 0.993424
33 0.9604
34 0.984751
35 0.993307
36 0.999105
37 0.710231
38 0.782045
39 0.534553
40 0.524297
41 0.274317
42 0.189287
43 0.7309
44 0.255503
0 0.584116
1 0.49651
2 0.0862745
3 0.0862745
4 0.0862745
5 0.52549
6 0.52549
7 0.52549
8 0.52549
9 0.52549
10 0.52549
11 0.52549
12 0.52549
13 0.827451
14 0.827451
15 0.827451
16 0.827451
17 0.827451
18 0.827451
19 0.999048
20 0.977106
21 0.417652
22 0.999936
23 0.0777754
24 0.547616
25 0.999808
26 0.71826
27 0.921637
28 0.546564
29 0.977298
30 0.934773
31 0.996228
32 0.994334
33 0.980528
34 0.996877
35 0.997449
36 0.999628
37 0.533613
38 0.752948
39 0.611565
40 0.574534
41 0.313563
42 0.324862
43 0.770363
44 0.508691
0 0.454332
1 0.489778
2 0.258289
3 0.229946
4 0.152941
5 0.176471
6 0.137255
7 0.393583
8 0.057041
9 0.418895
10 0.6
11 0.123708
12 0.383244
13 0.710517
14 0.922638
15 0.988235
16 0.527273
17 0.488057
18 0.725847
19 0.998827
20 0.953045
21 0.568802
22 0.999934
23 0.235343
24 0.69112
25 0.99976
26 0.568897
27 0.936349
28 0.720401
29 0.98425
30 0.907501
31 0.992385
32 0.996777
33 0.987083
34 0.991076
35 0.996214
36 0.999112
37 0.801117
38 0.801296
39 0.604053
40 0.641357
41 0.467972
42 0.378116
43 0.774117
44 0.554933
0 0.391475
1 0.482949
2 0.486809
3 0.222282
4 0.271658
5 0.163636
6 0.516578
7 0.331551
8 0.579679
9 0.441711
10 0.449554
11 0.309447
12 0.290909
13 0.728342
14 0.742246
15 0.301604
16 0.558289
17 0.517647
18 0.642781
19 0.997271
20 0.951196
21 0.49038
22 0.999949
23 0.333321
24 0.740852
25 0.999501
26 0.611967
27 0.945673
28 0.624195
29 0.968694
30 0.841084
31 0.978187
32 0.994942
33 0.963766
34 0.987737
35 0.995987
36 0.999431
37 0.847612
38 0.783168
39 0.477901
40 0.559325
41 0.448418
42 0.290807
43 0.701877
44 0.301168
0 0.591802
1 0.475938
2 0.164706
3 0.108378
4 0.444563
5 0.360071
6 0.566132
7 0.6
8 0.445989
9 0.223529
10 0.295544
11 0.499109
12 0.838503
13 0.469875
14 0.238146
15 0.213904
16 0.507308
17 0.394296
18 0.957219
19 0.996938
20 0.947273
21 0.749254
22 0.999976
23 0.37846
24 0.679857
25 0.999699
26 0.702011
27 0.957528
28 0.723654
29 0.985186
30 0.891465
31 0.991939
32 0.995229
33 0.962171
34 0.993179
35 0.994811
36 0.999238
37 0.926691
38 0.82421
39 0.595095
40 0.693439
41 0.386802
42 0.199835
43 0.823877
44 0.370116
0 0.464765
1 0.468918
2 0.2
3 0.307843
4 0.493761
5 0.6
6 0.6
7 0.561497
8 0.407487
9 0.554367
10 0.202852
11 0.366488
12 0
13 0.2
14 0.2
15 0.329412
16 0.751872
17 0.560071
18 0.74902
19 0.998753
20 0.897886
21 0.776265
22 0.999968
23 0.253562
24 0.569717
25 0.999821
26 0.707907
27 0.960529
28 0.60324
29 0.983965
30 0.907602
31 0.994542
32 0.998091
33 0.979541
34 0.994051
35 0.995154
36 0.999499
37 0.895095
38 0.860408
39 0.459629
40 0.604695
41 0.424018
42 0.205039
43 0.848308
44 0.325422
0 0.609454
1 0.579649
2 0.199643
3 0.561141
4 0.486274
5 0.479144
6 0.287344
7 0.237433
8 0.71016
9 0.520856
10 0.0909091
11 0
12 0
13 0.561497
14 0.223173
15 0.553298
16 0.807487
17 0.835294
18 0.835294
19 0.999408
20 0.934265
21 0.68901
22 0.99996
23 0.0597074
24 0.30668
25 0.999872
26 0.876148
27 0.972328
28 0.766181
29 0.995633
30 0.980161
31 0.997273
32 0.99846
33 0.985491
34 0.996164
35 0.997177
36 0.99982
37 0.826252
38 0.858441
39 0.492377
40 0.620346
41 0.236848
42 0.308943
43 0.814134
44 0.362901
0 0.0695839
1 0.689522
2 0.491622
3 0.45098
4 0.455258
5 0.381462
6 0.452763
7 0
8 0
9 0
10 0
11 0
12 0.175401
13 0.725134
14 0.857397
15 0.843137
16 0.843137
17 0.843137
18 0.744741
19 0.999426
20 0.960674
21 0.605445
22 0.999945
23 0.0746989
24 0.372684
25 0.999913
26 0.827078
27 0.976077
28 0.7821
29 0.996132
30 0.975392
31 0.99721
32 0.997742
33 0.981147
34 0.995893
35 0.996677
36 0.999752
37 0.780192
38 0.855027
39 0.619382
40 0.613648
41 0.27338
42 0.459259
43 0.841842
44 0.327805
0 0.186232
1 0.681546
2 0.598752
3 0.243316
4 0.304991
5 0.308734
6 0.604635
7 0.365775
8 0.12549
9 0.0139037
10 0.118004
11 0.0057041
12 0.377184
13 0.686631
14 0.964706
15 0.968984
16 0.729412
17 0.789661
18 0.721568
19 0.998576
20 0.967091
21 0.567331
22 0.999965
23 0.0579861
24 0.452325
25 0.999874
26 0.826663
27 0.973888
28 0.669837
29 0.992423
30 0.961377
31 0.994559
32 0.997165
33 0.987285
34 0.99716
35 0.998845
36 0.999655
37 0.684017
38 0.859243
39 0.580849
40 0.647293
41 0.291947
42 0.349293
43 0.742299
44 0.64827
0 0.0550878
1 0.673576
2 0.0618538
3 0.313726
4 0.2041
5 0.296613
6 0.19893
7 0.0196078
8 0.0110517
9 0.0367201
10 0.294831
11 0.17148
12 0.419608
13 0.672371
14 0.954011
15 0.728699
16 0.473084
17 0.234938
18 0.8877
19 0.998897
20 0.921874
21 0.584998
22 0.999931
23 0.113319
24 0.426718
25 0.999896
26 0.806007
27 0.96743
28 0.698909
29 0.992524
30 0.941925
31 0.995374
32 0.998306
33 0.99347
34 0.99624
35 0.998561
36 0.999398
37 0.802924
38 0.818166
39 0.598826
40 0.692368
41 0.506997
42 0.349102
43 0.741414
44 0.668705
0 0.328581
1 0.666883
2 0.0550802
3 0.0821747
4 0.249911
5 0.0196078
6 0.295544
7 0.134403
8 0.0367201
9 0.0374332
10 0.39893
11 0.106239
12 0.0734403
13 0.996078
14 0.656328
15 0.308021
16 0.388592
17 0.812478
18 0.839572
19 0.997453
20 0.893368
21 0.672422
22 0.999956
23 0.207708
24 0.53723
25 0.999846
26 0.76862
27 0.972403
28 0.748268
29 0.993661
30 0.955388
31 0.994246
32 0.998016
33 0.984928
34 0.991933
35 0.996384
36 0.999478
37 0.835955
38 0.885473
39 0.580146
40 0.598427
41 0.428277
42 0.360108
43 0.841067
44 0.577519
0 0.283312
1 0.660145
2 0.358824
3 0.235116
4 0.0386809
5 0.224599
6 0.379323
7 0.0552585
8 0.354724
9 0.247415
10 0.106239
11 0.227094
12 0.160784
13 0.381818
14 0.629947
15 0.274866
16 0.863815
17 0.446346
18 0.388235
19 0.996577
20 0.856607
21 0.690332
22 0.999942
23 0.175871
24 0.64929
25 0.999846
26 0.806663
27 0.977943
28 0.654365
29 0.991064
30 0.943259
31 0.996854
32 0.997418
33 0.982004
34 0.997359
35 0.997672
36 0.999738
37 0.693532
38 0.830543
39 0.505854
40 0.494994
41 0.52607
42 0.420977
43 0.871869
44 0.598363
0 0.904164
1 0.652864
2 0.0887701
3 0.250624
4 0.0461675
5 0.00142602
6 0.218182
7 0.448485
8 0.257398
9 0.192513
10 0.208913
11 0.0919786
12 0.0484848
13 0.270588
14 0.329768
15 0.846702
16 0.326916
17 0.400356
18 0.0385027
19 0.997841
20 0.96788
21 0.488726
22 0.999974
23 0.207364
24 0.643921
25 0.999784
26 0.722838
27 0.969198
28 0.81097
29 0.992155
30 0.959172
31 0.990584
32 0.995484
33 0.979336
34 0.995441
35 0.998522
36 0.999386
37 0.774453
38 0.78955
39 0.681479
40 0.599444
41 0.401804
42 0.36477
43 0.763934
44 0.517925
0 0.198136
1 0.645495
2 0.485205
3 0.0201426
4 0.37754
5 0.5041
6 0.278075
7 0.565419
8 0
9 0.426025
10 0.196435
11 0.466667
12 0.388235
13 0.658823
14 0.935829
15 0.17754
16 0.410339
17 0.273797
18 0.466667
19 0.998352
20 0.951413
21 0.58747
22 0.999981
23 0.192446
24 0.75497
25 0.99967
26 0.587869
27 0.961749
28 0.706055
29 0.979222
30 0.912002
31 0.992488
32 0.996766
33 0.978605
34 0.993171
35 0.996881
36 0.99958
37 0.796949
38 0.761575
39 0.466135
40 0.488814
41 0.301191
42 0.238576
43 0.733236
44 0.335228
0 0.79029
1 0.638238
2 0.537255
3 0.537255
4 0.537255
5 0.537255
6 0.537255
7 0.537255
8 0.537255
9 0.537255
10 0.537255
11 0.537255
12 0.537255
13 0.537255
14 0.537255
15 0.537255
16 0.537255
17 0.537255
18 0.537255
19 0.999038
20 0.969377
21 0.501015
22 0.999982
23 0.193722
24 0.706562
25 0.999794
26 0.761423
27 0.963967
28 0.708261
29 0.989298
30 0.946707
31 0.993969
32 0.998267
33 0.99277
34 0.997668
35 0.998851
36 0.999745
37 0.785675
38 0.749949
39 0.483756
40 0.585035
41 0.517669
42 0.390807
43 0.748675
44 0.494096
0 0.605442
1 0.63093
2 0.155793
3 0.137968
4 0.356506
5 0.156863
6 0.213191
7 0.438859
8 0.320499
9 0.106239
10 0.293761
11 0.412478
12 0.466667
13 0.92549
14 0.613547
15 0.302674
16 0.431373
17 0.240285
18 1
19 0.998368
20 0.956375
21 0.709474
22 0.999984
23 0.174316
24 0.595221
25 0.999801
26 0.789685
27 0.977749
28 0.707906
29 0.993206
30 0.947569
31 0.99337
32 0.998056
33 0.990072
34 0.996897
35 0.999272
36 0.999706
37 0.835526
38 0.797033
39 0.551912
40 0.66516
41 0.441638
42 0.292191
43 0.663642
44 0.586261
0 0.0239474
1 0.623994
2 0.044385
3 0.267558
4 0.580036
5 0.243494
6 0.153654
7 0.270232
8 0.168271
9 0.346168
10 0.219251
11 0.40107
12 0.466667
13 0.388948
14 0.432442
15 0.303743
16 0.162923
17 0.536542
18 1
19 0.998487
20 0.954786
21 0.699828
22 0.999982
23 0.209143
24 0.525924
25 0.999843
26 0.784612
27 0.981
28 0.764353
29 0.990038
30 0.948628
31 0.992277
32 0.998621
33 0.981382
34 0.995331
35 0.998353
36 0.999626
37 0.88894
38 0.858962
39 0.635579
40 0.466306
41 0.446072
42 0.219595
43 0.733945
44 0.238948
0 0.991438
1 0.616854
2 0.213369
3 0.14082
4 0.311586
5 0.381818
6 0.282709
7 0.282353
8 0.318004
9 0.14902
10 0.211052
11 0.466667
12 0.466667
13 0.136185
14 0.382175
15 0.227094
16 0.664884
17 0.765062
18 1
19 0.998635
20 0.971872
21 0.668492
22 0.999985
23 0.186358
24 0.570754
25 0.99991
26 0.747444
27 0.981033
28 0.680834
29 0.991968
30 0.945659
31 0.99482
32 0.998521
33 0.989753
34 0.997392
35 0.998684
36 0.999737
37 0.831293
38 0.853774
39 0.571629
40 0.638716
41 0.391387
42 0.321946
43 0.756027
44 0.398589
0 0.138094
1 0.6097
2 0.203743
3 0.302852
4 0.245276
5 0.351515
6 0.305169
7 0.347237
8 0.176827
9 0.433512
10 0.417112
11 0.466667
12 0.466667
13 0.450267
14 0.35615
15 0.477005
16 0.589661
17 0.704456
18 1
19 0.999261
20 0.957337
21 0.689835
22 0.999981
23 0.0787404
24 0.379104
25 0.999901
26 0.818071
27 0.980149
28 0.629236
29 0.989573
30 0.956977
31 0.995432
32 0.998713
33 0.98818
34 0.997702
35 0.999204
36 0.99977
37 0.762262
38 0.825607
39 0.573377
40 0.406004
41 0.327196
42 0.166546
43 0.668239
44 0.296867
0 0.859997
1 0.602514
2 0.148128
3 0.252406
4 0.383957
5 0.279144
6 0.190018
7 0.0367201
8 0.128699
9 0.377897
10 0.297326
11 0.466667
12 0.466667
13 0.256685
14 0.595722
15 0.750802
16 0.306239
17 0.994296
18 1
19 0.999571
20 0.979072
21 0.61753
22 0.999985
23 0.106429
24 0.55585
25 0.999941
26 0.735786
27 0.976868
28 0.740507
29 0.991178
30 0.962026
31 0.996685
32 0.999105
33 0.992138
34 0.997383
35 0.998284
36 0.99979
37 0.727418
38 0.742088
39 0.53723
40 0.459553
41 0.383473
42 0.288483
43 0.813061
44 0.255454
0 0.822427
1 0.595454
2 0.43369
3 0.18877
4 0.530481
5 0.0684492
6 0.240998
7 0.48984
8 0.283066
9 0.289127
10 0.440285
11 0.466667
12 0.573619
13 0.76221
14 0.674153
15 0.595722
16 0.852406
17 1
18 0.934759
19 0.998254
20 0.95854
21 0.657344
22 0.999992
23 0.15473
24 0.46676
25 0.999958
26 0.7852
27 0.984532
28 0.73826
29 0.990336
30 0.966155
31 0.99638
32 0.998268
33 0.980351
34 0.997279
35 0.998032
36 0.999729
37 0.737291
38 0.858826
39 0.616828
40 0.548721
41 0.24087
42 0.15042
43 0.81129
44 0.342872
0 0.806603
1 0.588506
2 0.192157
3 0.171658
4 0.232977
5 0.6
6 0.32549
7 0.345455
8 0.083779
9 0.488057
10 0.466667
11 0.343316
12 0.219251
13 0.190731
14 0.641711
15 0.637077
16 0.895187
17 0.915151
18 0.171479
19 0.999327
20 0.963341
21 0.599063
22 0.999988
23 0.0921396
24 0.594605
25 0.999957
26 0.765674
27 0.98026
28 0.61262
29 0.984027
30 0.954653
31 0.996761
32 0.998914
33 0.991065
34 0.997297
35 0.998228
36 0.999832
37 0.664362
38 0.780289
39 0.329504
40 0.450551
41 0.250126
42 0.186964
43 0.829703
44 0.283963
0 0.979505
1 0.581818
2 0.0848485
3 0.541889
4 0.44492
5 0.176471
6 0.191444
7 0.382888
8 0.241711
9 0.466667
10 0.410339
11 0.145811
12 0.62852
13 0.980392
14 0.40107
15 0.843137
16 1
17 0.797861
18 0.859893
19 0.999198
20 0.984539
21 0.594379
22 0.999993
23 0.147351
24 0.650238
25 0.999962
26 0.807713
27 0.980171
28 0.683459
29 0.990657
30 0.963857
31 0.998004
32 0.998211
33 0.986918
34 0.998073
35 0.998275
36 0.99984
37 0.774531
38 0.799856
39 0.484074
40 0.50318
41 0.230121
42 0.230317
43 0.844696
44 0.238598
0 0.957858
1 0.575279
2 0.310517
3 0.211052
4 0.518538
5 0.42139
6 0.373619
7 0.566132
8 0.314438
9 0.466667
10 0.326916
11 0.0948307
12 0.363636
13 0.731551
14 0.469875
15 0.986809
16 1
17 0.423173
18 0.665597
19 0.999258
20 0.963434
21 0.697145
22 0.999993
23 0.156456
24 0.646391
25 0.999965
26 0.791672
27 0.981345
28 0.639482
29 0.992387
30 0.956198
31 0.996659
32 0.999079
33 0.9929
34 0.997683
35 0.998458
36 0.999872
37 0.720732
38 0.795477
39 0.292854
40 0.559305
41 0.275689
42 0.237377
43 0.820252
44 0.388355
0 0.512153
1 0.568638
2 0.186453
3 0.446168
4 0.372193
5 0.195365
6 0.0912656
7 0.231016
8 0.382175
9 0.466667
10 0.340463
11 0.411408
12 0.509804
13 0.70303
14 0.375045
15 0.702674
16 0.956863
17 0.699822
18 0.579679
19 0.999362
20 0.973589
21 0.703161
22 0.999995
23 0.116705
24 0.666907
25 0.999981
26 0.758279
27 0.978669
28 0.620951
29 0.995812
30 0.960045
31 0.998097
32 0.998909
33 0.991634
34 0.998145
35 0.998493
36 0.999821
37 0.762358
38 0.768593
39 0.525865
40 0.686511
41 0.231117
42 0.210053
43 0.808376
44 0.512658
0 0.253205
1 0.561718
2 0.085205
3 0.475758
4 0.412299
5 0.171123
6 0.293761
7 0.286275
8 0.466667
9 0.612121
10 0.73262
11 0.557576
12 0.00285205
13 0.212478
14 0.624955
15 1
16 1
17 0.46738
18 0.712299
19 0.999787
20 0.927647
21 0.595668
22 0.999988
23 0.177367
24 0.647844
25 0.99996
26 0.700729
27 0.970663
28 0.778042
29 0.996042
30 0.979355
31 0.9987
32 0.999191
33 0.995117
34 0.997855
35 0.998477
36 0.999891
37 0.716107
38 0.781282
39 0.438697
40 0.511194
41 0.384351
42 0.526279
43 0.868441
44 0.356366
0 0.597458
1 0.55462
2 0.745633
3 0.701782
4 0.194296
5 0.00962567
6 0.424599
7 0.466667
8 0.854545
9 0.527986
10 0.0923351
11 0.0324421
12 0.218538
13 0.907308
14 0.996078
15 0.998217
16 0.597505
17 0.695544
18 0.803208
19 0.999584
20 0.932994
21 0.794674
22 0.99999
23 0.111984
24 0.537337
25 0.999968
26 0.880228
27 0.986315
28 0.799084
29 0.997517
30 0.985801
31 0.998979
32 0.999307
33 0.996058
34 0.998494
35 0.999174
36 0.999909
37 0.717048
38 0.876649
39 0.465531
40 0.561825
41 0.330899
42 0.530112
43 0.864971
44 0.502977
0 0.301903
1 0.545276
2 0.694118
3 0.587701
4 0.0117647
5 0
6 0
7 0
8 0.339394
9 0.193583
10 0.026738
11 0.0167558
12 0.028164
13 0.784314
14 0.784314
15 0.899822
16 0.674866
17 0.636364
18 0.471658
19 0.999313
20 0.957222
21 0.474872
22 0.999992
23 0.217075
24 0.553818
25 0.999991
26 0.805252
27 0.978705
28 0.694123
29 0.996923
30 0.964565
31 0.997996
32 0.998449
33 0.994012
34 0.998235
35 0.998922
36 0.999867
37 0.746026
38 0.835981
39 0.537757
40 0.712013
41 0.32769
42 0.399001
43 0.83825
44 0.519491
0 0.0862263
1 0.349806
2 0.223529
3 0.157398
4 0.0950089
5 0.466667
6 0.466667
7 0.466667
8 0.466667
9 0.185383
10 0.212478
11 0.211765
12 0.0149733
13 1
14 1
15 1
16 0.574688
17 0.55615
18 0.616756
19 0.998407
20 0.929521
21 0.422434
22 0.999993
23 0.249436
24 0.608311
25 0.999989
26 0.766175
27 0.967028
28 0.609842
29 0.995526
30 0.959761
31 0.99792
32 0.997463
33 0.992715
34 0.997285
35 0.997835
36 0.999903
37 0.620052
38 0.801013
39 0.435842
40 0.667317
41 0.266233
42 0.320993
43 0.891907
44 0.590432
0 0.116441
1 0.34047
2 0.215686
3 0.173975
4 0.0734403
5 0.466667
6 0.466667
7 0.466667
8 0.466667
9 0.482709
10 0.161854
11 0.0142602
12 0.156863
13 1
14 1
15 1
16 0.916578
17 0.265241
18 0.128342
19 0.999343
20 0.945109
21 0.687001
22 0.999992
23 0.271068
24 0.570189
25 0.999981
26 0.799029
27 0.977667
28 0.773378
29 0.995258
30 0.964124
31 0.995397
32 0.999196
33 0.993834
34 0.995072
35 0.9987
36 0.999818
37 0.867375
38 0.829548
39 0.536855
40 0.618513
41 0.407941
42 0.262386
43 0.81241
44 0.295393
0 0.539291
1 0.333002
2 0.251159
3 0.237255
4 0.111586
5 0.206061
6 0.384314
7 0.337255
8 0.337255
9 0.156863
10 0.213191
11 0.466667
12 0.466667
13 0.649554
14 0.518004
15 0.337255
16 0.909804
17 0.967202
18 1
19 0.999595
20 0.956592
21 0.555588
22 0.999994
23 0.115892
24 0.325539
25 0.999991
26 0.862697
27 0.980026
28 0.650929
29 0.995247
30 0.976994
31 0.998143
32 0.999156
33 0.994224
34 0.998144
35 0.998854
36 0.999908
37 0.776533
38 0.831939
39 0.518285
40 0.517912
41 0.257397
42 0.160589
43 0.82424
44 0.274271
0 0.751563
1 0.325816
2 0.138146
3 0.156863
4 0.156863
5 0.466667
6 0.410339
7 0.156863
8 0.156863
9 0.156863
10 0.156863
11 0.156863
12 0.156863
13 1
14 0.957576
15 0.933333
16 0.933333
17 0.933333
18 0.933333
19 0.999126
20 0.969659
21 0.480398
22 0.999996
23 0.137617
24 0.646975
25 0.999988
26 0.726511
27 0.969864
28 0.586596
29 0.994602
30 0.963798
31 0.99757
32 0.998747
33 0.995737
34 0.998542
35 0.998881
36 0.999914
37 0.602556
38 0.713149
39 0.406012
40 0.645655
41 0.300382
42 0.234905
43 0.827924
44 0.591526
0 0.178919
1 0.318895
2 0.152941
3 0.272727
4 0.482353
5 0.466667
6 0.466667
7 0.466667
8 0.466667
9 0.476649
10 0.482353
11 0.482353
12 0.482353
13 1
14 1
15 1
16 0.623529
17 0.482353
18 0.482353
19 0.999482
20 0.970945
21 0.393897
22 0.999996
23 0.142712
24 0.681585
25 0.999989
26 0.739264
27 0.963846
28 0.614577
29 0.992068
30 0.960382
31 0.997396
32 0.998494
33 0.993872
34 0.997204
35 0.998679
36 0.999914
37 0.622212
38 0.668302
39 0.365677
40 0.558435
41 0.19181
42 0.154306
43 0.779725
44 0.386533
0 0.589817
1 0.312078
2 0.235294
3 0.261319
4 0.521569
5 0.466667
6 0.466667
7 0.466667
8 0.466667
9 0.466667
10 0.516578
11 0.521569
12 0.521569
13 1
14 1
15 1
16 0.913013
17 0.521569
18 0.521569
19 0.999363
20 0.964189
21 0.529575
22 0.999998
23 0.171829
24 0.734844
25 0.999969
26 0.7095
27 0.968531
28 0.743042
29 0.991339
30 0.973793
31 0.997089
32 0.999093
33 0.996015
34 0.998332
35 0.999182
36 0.99989
37 0.699348
38 0.66624
39 0.379409
40 0.556426
41 0.311108
42 0.168074
43 0.763876
44 0.509725
0 0.9208
1 0.304714
2 0.235294
3 0.495544
4 0.521569
5 0.466667
6 0.466667
7 0.471658
8 0.521569
9 0.521569
10 0.521569
11 0.521569
12 0.521569
13 1
14 1
15 0.608556
16 0.521569
17 0.521569
18 0.521569
19 0.99695
20 0.928613
21 0.847642
22 0.999997
23 0.326717
24 0.729337
25 0.999958
26 0.852699
27 0.991561
28 0.833273
29 0.997517
30 0.981844
31 0.997854
32 0.999364
33 0.996618
34 0.998953
35 0.99957
36 0.99992
37 0.856126
38 0.867199
39 0.531391
40 0.730204
41 0.53679
42 0.405545
43 0.777569
44 0.683292
0 0.336138
1 0.294978
2 0.270588
3 0.270588
4 0.270588
5 0.270588
6 0.270588
7 0.270588
8 0.270588
9 0.270588
10 0.270588
11 0.270588
12 0.270588
13 0.270588
14 0.270588
15 0.270588
16 0.270588
17 0.270588
18 0.270588
19 0.998545
20 0.918563
21 0.796805
22 0.999995
23 0.26534
24 0.517527
25 0.99997
26 0.813982
27 0.990617
28 0.738032
29 0.995618
30 0.965645
31 0.99555
32 0.999533
33 0.994144
34 0.997755
35 0.999531
36 0.999849
37 0.892613
38 0.875303
39 0.623475
40 0.5579
41 0.508334
42 0.266143
43 0.664079
44 0.302058
0 0.730238
1 0.287773
2 0.207843
3 0.201426
4 0.137255
5 0.207843
6 0.207843
7 0.207843
8 0.207843
9 0.207843
10 0.443137
11 0.466667
12 0.466667
13 0.207843
14 0.207843
15 0.207843
16 0.351872
17 1
18 1
19 0.999683
20 0.974645
21 0.521681
22 0.999997
23 0.176258
24 0.638369
25 0.999987
26 0.692575
27 0.974734
28 0.750508
29 0.994391
30 0.975777
31 0.998299
32 0.999309
33 0.994882
34 0.998054
35 0.998573
36 0.999932
37 0.733312
38 0.80982
39 0.46953
40 0.496001
41 0.22018
42 0.373066
43 0.828191
44 0.18719
0 0.466531
1 0.278749
2 0.917647
3 0.713547
4 0.0196078
5 0.52549
6 0.52549
7 0.52549
8 0.52549
9 0.52549
10 0.52549
11 0.52549
12 0.52549
13 1
14 1
15 1
16 0.944742
17 0.878431
18 0.878431
19 0.99713
20 0.945805
21 0.825442
22 0.999998
23 0.359736
24 0.631167
25 0.999979
26 0.7709
27 0.990754
28 0.808837
29 0.996332
30 0.970664
31 0.996345
32 0.999415
33 0.994837
34 0.998104
35 0.999234
36 0.999876
37 0.87692
38 0.864958
39 0.577866
40 0.775016
41 0.376733
42 0.296815
43 0.77691
44 0.451243
0 0.177673
1 0.267639
2 0.247415
3 0.218004
4 0.316934
5 0.377897
6 0.568271
7 0.429234
8 0.214617
9 0.370766
10 0.579679
11 0.442068
12 0.516934
13 0.172193
14 0.195365
15 0.140463
16 0.66738
17 0.789661
18 0.550445
19 0.998141
20 0.93821
21 0.8235
22 0.999998
23 0.261354
24 0.52702
25 0.999983
26 0.818967
27 0.990563
28 0.70368
29 0.994713
30 0.961982
31 0.995513
32 0.999481
33 0.992635
34 0.997518
35 0.999132
36 0.999897
37 0.902692
38 0.88322
39 0.517228
40 0.566648
41 0.312649
42 0.137911
43 0.7423
44 0.203814
0 0.733675
1 0.257169
2 0.226381
3 0.270588
4 0.378966
5 0.6
6 0.409626
7 0.139037
8 0.324421
9 0.309447
10 0.386453
11 0.516221
12 0.526203
13 0.2
14 0.143672
15 0.38574
16 0.872014
17 0.899109
18 0.86738
19 0.998649
20 0.935033
21 0.832355
22 0.999998
23 0.26188
24 0.559542
25 0.999984
26 0.820927
27 0.991595
28 0.767472
29 0.997405
30 0.981558
31 0.997882
32 0.999706
33 0.997166
34 0.999256
35 0.999577
36 0.999947
37 0.815703
38 0.858048
39 0.546389
40 0.659007
41 0.57613
42 0.413106
43 0.816017
44 0.442931
0 0.375527
1 0.249268
2 0.222995
3 0.293761
4 0.315865
5 0.154724
6 0.153298
7 0.409626
8 0.340463
9 0.247772
10 0.304813
11 0.193226
12 0.537611
13 0.368627
14 0.295544
15 0.42246
16 0.375758
17 0.887344
18 0.772192
19 0.997317
20 0.905554
21 0.838362
22 0.999998
23 0.356749
24 0.598282
25 0.999985
26 0.837717
27 0.992839
28 0.822035
29 0.997926
30 0.976619
31 0.996345
32 0.999563
33 0.994928
34 0.997321
35 0.999235
36 0.99993
37 0.902541
38 0.880819
39 0.471465
40 0.634199
41 0.396978
42 0.262763
43 0.818962
44 0.379106
0 0.290347
1 0.242317
2 0.282175
3 0.218895
4 0.297861
5 0.346168
6 0.6
7 0.244563
8 0.33369
9 0.148663
10 0.0566845
11 0.567201
12 0.439572
13 0.172193
14 0.258824
15 0.281283
16 0.757219
17 0.70303
18 0.556863
19 0.99752
20 0.914087
21 0.836066
22 0.999998
23 0.311722
24 0.582927
25 0.999987
26 0.829372
27 0.992792
28 0.778035
29 0.997416
30 0.982376
31 0.997405
32 0.999494
33 0.993888
34 0.998763
35 0.999248
36 0.99994
37 0.809732
38 0.873093
39 0.531909
40 0.590439
41 0.397357
42 0.257658
43 0.84817
44 0.365831
0 0.527915
1 0.235434
2 0.364171
3 0.297683
4 0.215686
5 0.504813
6 0.205348
7 0.369697
8 0.270588
9 0.501604
10 0.232799
11 0.365419
12 0.403209
13 0.176827
14 0.382531
15 0.464171
16 0.703743
17 0.765775
18 0.229946
19 0.997457
20 0.929515
21 0.845257
22 0.999998
23 0.272256
24 0.650057
25 0.999988
26 0.834579
27 0.99174
28 0.756667
29 0.998104
30 0.976119
31 0.998034
32 0.999581
33 0.997254
34 0.999119
35 0.999526
36 0.999942
37 0.864391
38 0.86692
39 0.589916
40 0.675292
41 0.51887
42 0.331021
43 0.795767
44 0.560851
0 0.402338
1 0.228516
2 0.318717
3 0.112834
4 0.224599
5 0.336542
6 0.443494
7 0.17754
8 0.370053
9 0.134046
10 0.49697
11 0.559715
12 0.0855615
13 0.219608
14 0.353654
15 0.536898
16 0.433868
17 0.460249
18 0.321925
19 0.997402
20 0.878608
21 0.765498
22 0.999998
23 0.346228
24 0.755657
25 0.999989
26 0.762
27 0.988053
28 0.672666
29 0.995853
30 0.967273
31 0.998549
32 0.999564
33 0.995971
34 0.999006
35 0.99926
36 0.999946
37 0.767114
38 0.848875
39 0.483353
40 0.595537
41 0.577358
42 0.381183
43 0.855265
44 0.518155
0 0.915848
1 0.221748
2 0.14492
3 0.470053
4 0.104813
5 0.23066
6 0.0588235
7 0.518717
8 0.833155
9 0.158289
10 0.566845
11 0.114439
12 0.0588235
13 0.321925
14 0.257754
15 0.728342
16 0.562567
17 0.501248
18 0.290196
19 0.998192
20 0.910091
21 0.653357
22 0.999998
23 0.321456
24 0.730536
25 0.999989
26 0.788915
27 0.987283
28 0.783434
29 0.997756
30 0.98189
31 0.998929
32 0.999165
33 0.996473
34 0.99921
35 0.999542
36 0.999958
37 0.725289
38 0.776716
39 0.568967
40 0.641903
41 0.456075
42 0.494837
43 0.866973
44 0.56065
0 0.421467
1 0.214993
2 0.377005
3 0.341711
4 0.101604
5 0.136542
6 0.489483
7 0.805348
8 0.294118
9 0.47451
10 0.336898
11 0.105169
12 0.0588235
13 0.636364
14 0.657754
15 0.869519
16 0.324064
17 0.34082
18 0.301961
19 0.999096
20 0.936368
21 0.675111
22 0.999998
23 0.149682
24 0.478509
25 0.999993
26 0.886463
27 0.989838
28 0.763894
29 0.99654
30 0.985322
31 0.998579
32 0.999127
33 0.995688
34 0.999143
35 0.999679
36 0.999949
37 0.707191
38 0.834487
39 0.529378
40 0.455341
41 0.245048
42 0.164688
43 0.773551
44 0.379297
0 0.920197
1 0.208199
2 0.392513
3 0.288235
4 0.137968
5 0.709804
6 0.224955
7 0.167558
8 0.0855615
9 0.403209
10 0.132977
11 0.367558
12 0.0588235
13 0.755437
14 0.963636
15 0.975044
16 0.371123
17 0.722638
18 0.301961
19 0.999357
20 0.964089
21 0.779753
22 0.999999
23 0.205919
24 0.560517
25 0.999996
26 0.780512
27 0.991807
28 0.777876
29 0.998069
30 0.988348
31 0.999015
32 0.999686
33 0.998545
34 0.999044
35 0.999416
36 0.999939
37 0.762153
38 0.861665
39 0.544957
40 0.708123
41 0.33846
42 0.329979
43 0.849431
44 0.508159
0 0.0900016
1 0.201503
2 0.49287
3 0.429055
4 0.336898
5 0.300891
6 0.216756
7 0.18574
8 0.493048
9 0.690196
10 0.461319
11 0.0588235
12 0.285562
13 0.862389
14 0.726203
15 0.556863
16 0.975401
17 0.703387
18 0.65918
19 0.998939
20 0.941873
21 0.703453
22 0.999998
23 0.196982
24 0.537492
25 0.999993
26 0.863568
27 0.994218
28 0.795681
29 0.998171
30 0.986603
31 0.997997
32 0.999553
33 0.996834
34 0.998809
35 0.999699
36 0.999976
37 0.758736
38 0.83162
39 0.460903
40 0.582785
41 0.324233
42 0.394337
43 0.793077
44 0.285985
0 0.305593
1 0.194558
2 0.272193
3 0.132799
4 0.420143
5 0.0659537
6 0.546524
7 0.513369
8 0.103387
9 0.138324
10 0.056328
11 0.144385
12 1
13 0.528342
14 0.480214
15 0.721925
16 0.542603
17 0.597861
18 0.925847
19 0.999604
20 0.962641
21 0.69014
22 0.999999
23 0.105082
24 0.499817
25 0.999993
26 0.858978
27 0.992067
28 0.790203
29 0.997638
30 0.988429
31 0.997899
32 0.999731
33 0.998061
34 0.998763
35 0.999662
36 0.999972
37 0.743965
38 0.731304
39 0.333477
40 0.422918
41 0.264205
42 0.20332
43 0.773332
44 0.271123
0 0.789563
1 0.18761
2 0.274866
3 0.2041
4 0.698039
5 0.0588235
6 0.567201
7 0.225312
8 0.270945
9 0.116934
10 0.0798574
11 0.454545
12 1
13 0.920856
14 0.868449
15 0.675936
16 0.672371
17 0.731907
18 1
19 0.999703
20 0.982953
21 0.831973
22 0.999999
23 0.0724677
24 0.601174
25 0.999997
26 0.919633
27 0.996166
28 0.802072
29 0.998731
30 0.989976
31 0.998388
32 0.999767
33 0.99756
34 0.99933
35 0.999791
36 0.999984
37 0.687026
38 0.684434
39 0.275408
40 0.554603
41 0.201479
42 0.15731
43 0.751347
44 0.312454
0 0.333619
1 0.18073
2 0.0598931
3 0.323886
4 0.94082
5 0.0784314
6 0.159715
7 0.363993
8 0.00392157
9 0.137255
10 0.187166
11 1
12 1
13 0.413191
14 0.56328
15 0.993583
16 0.682353
17 0.905882
18 1
19 0.999239
20 0.943223
21 0.935418
22 1
23 0.169182
24 0.500349
25 0.999996
26 0.937221
27 0.997493
28 0.913873
29 0.999537
30 0.995525
31 0.999228
32 0.999882
33 0.999147
34 0.999609
35 0.999847
36 0.999965
37 0.883107
38 0.839169
39 0.487827
40 0.808468
41 0.457021
42 0.261463
43 0.849407
44 0.693923
0 0.184499
1 0.171649
2 0.0976827
3 0.222638
4 0.858824
5 0.0566845
6 0.0481283
7 0.138324
8 0.0263815
9 0.0784314
10 0
11 0
12 0
13 0.753654
14 0.4877
15 0.158645
16 0.698039
17 0.686275
18 0.686274
19 0.998963
20 0.892835
21 0.783334
22 0.999999
23 0.126048
24 0.524288
25 0.999998
26 0.897957
27 0.995908
28 0.789934
29 0.999436
30 0.993449
31 0.998755
32 0.999701
33 0.997056
34 0.999042
35 0.999605
36 0.999984
37 0.608819
38 0.819831
39 0.410894
40 0.628183
41 0.280143
42 0.292916
43 0.8525
44 0.594639
0 0.0200356
1 0.161892
2 0.169162
3 0.286275
4 0.23975
5 0
6 0.142602
7 0.156863
8 0.156863
9 0.156863
10 0.136898
11 0.499465
12 0.428877
13 0.165419
14 0.909804
15 0.909804
16 0.909804
17 0.416399
18 0.28984
19 0.999007
20 0.955586
21 0.767345
22 0.999999
23 0.156849
24 0.622731
25 0.999998
26 0.896805
27 0.994452
28 0.775083
29 0.998978
30 0.988163
31 0.998905
32 0.999693
33 0.999079
34 0.999536
35 0.999847
36 0.999957
37 0.734413
38 0.823132
39 0.522705
40 0.727012
41 0.414187
42 0.321088
43 0.780387
44 0.748183
0 0.122167
1 0.153455
2 0.203209
3 0.0716578
4 0.204278
5 0.156863
6 0.139037
7 0.0588235
8 0.0588235
9 0.282353
10 0.48057
11 0.521212
12 0.0534759
13 0.909804
14 0.730125
15 0.627451
16 0.451337
17 0.339037
18 0.420321
19 0.998369
20 0.940594
21 0.763993
22 0.999999
23 0.184084
24 0.622549
25 0.999993
26 0.840624
27 0.995263
28 0.828577
29 0.998693
30 0.99127
31 0.998843
32 0.999523
33 0.997531
34 0.999448
35 0.999852
36 0.999964
37 0.68836
38 0.78907
39 0.639875
40 0.606173
41 0.385919
42 0.345218
43 0.770347
44 0.558978
0 0.476296
1 0.146395
2 0.284492
3 0.215508
4 0.417647
5 0.0588235
6 0.229947
7 0.545455
8 0.0741533
9 0.547237
10 0.368271
11 0.187166
12 0.443137
13 0.321569
14 0.752585
15 0.657397
16 0.269519
17 0.312299
18 0.647059
19 0.999169
20 0.950346
21 0.864464
22 0.999999
23 0.15488
24 0.621107
25 0.999995
26 0.846839
27 0.995809
28 0.750721
29 0.996934
30 0.979564
31 0.998291
32 0.999774
33 0.99852
34 0.999293
35 0.999854
36 0.999948
37 0.782205
38 0.758526
39 0.43916
40 0.536327
41 0.381694
42 0.142182
43 0.687901
44 0.382662
0 0.859296
1 0.139411
2 0.109091
3 0.298218
4 0.853654
5 0.143316
6 0.0541889
7 0.283422
8 0.25918
9 0.501604
10 0.499465
11 0.52549
12 0.52549
13 0.629947
14 0.227807
15 0.497326
16 0.35615
17 1
18 0.952941
19 0.999274
20 0.959737
21 0.813651
22 1
23 0.222556
24 0.695246
25 0.999998
26 0.826282
27 0.995641
28 0.877633
29 0.999062
30 0.994244
31 0.999345
32 0.999772
33 0.997613
34 0.999423
35 0.99958
36 0.999985
37 0.76164
38 0.850391
39 0.455339
40 0.727682
41 0.204418
42 0.346555
43 0.855756
44 0.406503
0 0.0835132
1 0.131808
2 0.464706
3 0.897326
4 0.273797
5 0.436364
6 0.516934
7 0.533333
8 0.52549
9 0.52549
10 0.5041
11 0.336542
12 0.420677
13 0.212478
14 0.72549
15 1
16 0.965062
17 0.602495
18 0.586453
19 0.998637
20 0.941063
21 0.829705
22 0.999999
23 0.530401
24 0.670468
25 0.999997
26 0.867912
27 0.995434
28 0.816966
29 0.998621
30 0.982285
31 0.998832
32 0.999674
33 0.998274
34 0.999405
35 0.999749
36 0.999962
37 0.898632
38 0.885088
39 0.515294
40 0.692042
41 0.423357
42 0.376176
43 0.848725
44 0.293715
0 0.549972
1 0.124164
2 0.536364
3 0.165954
4 0.12549
5 0.52549
6 0.46631
7 0.547594
8 0.415686
9 0.493405
10 0.158289
11 0.181462
12 0.170766
13 0.854545
14 0.186096
15 0.505882
16 0.605704
17 0.670588
18 0.679857
19 0.996026
20 0.916893
21 0.871946
22 1
23 0.48639
24 0.645663
25 0.999996
26 0.851603
27 0.995763
28 0.801049
29 0.99912
30 0.986127
31 0.998468
32 0.999687
33 0.998114
34 0.999418
35 0.999758
36 0.999979
37 0.907038
38 0.896261
39 0.583759
40 0.713684
41 0.475087
42 0.308564
43 0.833828
44 0.454224
0 0.173745
1 0.116574
2 0.191622
3 0.236364
4 0.224955
5 0.6
6 0.6
7 0.358645
8 0.477718
9 0.393583
10 0.193939
11 0.282709
12 0.291979
13 0.2
14 0.247059
15 0.482353
16 0.478431
17 0.374688
18 0.550089
19 0.996115
20 0.898473
21 0.797137
22 1
23 0.297838
24 0.602745
25 0.999995
26 0.85738
27 0.995427
28 0.721457
29 0.998378
30 0.988203
31 0.998626
32 0.999655
33 0.997695
34 0.999418
35 0.999696
36 0.999987
37 0.786258
38 0.871471
39 0.459517
40 0.47255
41 0.37521
42 0.194002
43 0.821196
44 0.397043
0 0.810827
1 0.109114
2 0.162923
3 0.199643
4 0.29893
5 0.6
6 0.495187
7 0.151872
8 0.52549
9 0.385027
10 0.193939
11 0.25098
12 0.504813
13 0.2
14 0.464884
15 0.781105
16 0.569697
17 0.224599
18 0.176827
19 0.997088
20 0.925703
21 0.821619
22 1
23 0.325225
24 0.682142
25 0.999995
26 0.849976
27 0.996076
28 0.90394
29 0.999121
30 0.995122
31 0.998844
32 0.999793
33 0.998565
34 0.999587
35 0.999797
36 0.999976
37 0.816895
38 0.819502
39 0.617572
40 0.633068
41 0.545464
42 0.316705
43 0.866113
44 0.618052
0 0.7428
1 0.101767
2 0.160428
3 0.202852
4 0.290731
5 0.25098
6 0.500535
7 0.527629
8 0.270945
9 0.23672
10 0.25098
11 0.377897
12 0.223886
13 0.26738
14 0.745455
15 0.291979
16 0.512656
17 0.153654
18 0.368984
19 0.996819
20 0.930917
21 0.81119
22 1
23 0.238918
24 0.631119
25 0.999995
26 0.900196
27 0.997155
28 0.790671
29 0.99876
30 0.990911
31 0.998954
32 0.999611
33 0.997993
34 0.999622
35 0.999885
36 0.999986
37 0.808834
38 0.878193
39 0.537012
40 0.548258
41 0.362665
42 0.241015
43 0.730353
44 0.47976
0 0.656877
1 0.0943816
2 0.188235
3 0.209269
4 0.290196
5 0.6
6 0.473084
7 0.224599
8 0.206774
9 0.25098
10 0.25098
11 0.377897
12 0.360784
13 0.2
14 0.428521
15 0.891266
16 0.14902
17 0.162923
18 0.401426
19 0.998965
20 0.94266
21 0.736042
22 1
23 0.182024
24 0.607139
25 0.999996
26 0.879736
27 0.996191
28 0.81664
29 0.998594
30 0.992383
31 0.998833
32 0.999859
33 0.999359
34 0.999703
35 0.999916
36 0.99998
37 0.763074
38 0.813996
39 0.420316
40 0.551474
41 0.487781
42 0.291657
43 0.712417
44 0.586293
0 0.759796
1 0.0869942
2 0.0442068
3 0.310517
4 0.239929
5 0.141176
6 0.286631
7 0.187522
8 0.197504
9 0.25098
10 0.377897
11 0.443494
12 0.581818
13 0.839216
14 0.632442
15 0.475936
16 0.14902
17 0.431016
18 0.848841
19 0.998575
20 0.91365
21 0.859518
22 1
23 0.346405
24 0.626179
25 0.999997
26 0.866197
27 0.996837
28 0.898082
29 0.999426
30 0.993898
31 0.998939
32 0.999885
33 0.999256
34 0.999519
35 0.999881
36 0.99997
37 0.844296
38 0.842628
39 0.593744
40 0.758145
41 0.55809
42 0.374156
43 0.774482
44 0.678685
0 0.0671957
1 0.079498
2 0.303565
3 0.299465
4 0.236007
5 0.186096
6 0.245276
7 0.368627
8 0.25098
9 0.377897
10 0.408556
11 0.578253
12 0.192513
13 0.419964
14 0.581818
15 0.14902
16 0.28057
17 0.810695
18 0.564349
19 0.997993
20 0.902846
21 0.884247
22 1
23 0.380498
24 0.671458
25 0.999998
26 0.853729
27 0.996625
28 0.813137
29 0.999215
30 0.986754
31 0.998794
32 0.999852
33 0.999135
34 0.999301
35 0.999838
36 0.999957
37 0.891732
38 0.860249
39 0.612213
40 0.725863
41 0.565856
42 0.315412
43 0.800122
44 0.577577
0 0.256806
1 0.0718059
2 0.249554
3 0.217825
4 0.236364
5 0.106239
6 0.161854
7 0.25098
8 0.377897
9 0.400713
10 0.503387
11 0.442424
12 0.00392157
13 0.51943
14 0.225668
15 0.162923
16 0.645989
17 0.562923
18 0.838146
19 0.998415
20 0.907983
21 0.832262
22 1
23 0.39454
24 0.638774
25 0.999997
26 0.822652
27 0.995267
28 0.775213
29 0.998054
30 0.984232
31 0.99874
32 0.99987
33 0.999072
34 0.999282
35 0.999814
36 0.999954
37 0.90843
38 0.866341
39 0.577031
40 0.571659
41 0.553806
42 0.255571
43 0.775074
44 0.330968
0 0.977355
1 0.0642072
2 0.368271
3 0.265241
4 0.15098
5 0.282709
6 0.309091
7 0.282709
8 0.473084
9 0.422103
10 0.593226
11 0.267023
12 0.186453
13 0.813191
14 0.14902
15 0.176827
16 0.636007
17 0.752941
18 0.957576
19 0.997219
20 0.938167
21 0.819235
22 1
23 0.471817
24 0.686307
25 0.999998
26 0.816348
27 0.996063
28 0.811121
29 0.998833
30 0.988347
31 0.998944
32 0.999818
33 0.998907
34 0.999455
35 0.999774
36 0.999977
37 0.882988
38 0.859926
39 0.572578
40 0.721708
41 0.434851
42 0.318475
43 0.838266
44 0.413287
0 0.227597
1 0.05677
2 0.295722
3 0.270766
4 0.229234
5 0.404991
6 0.568271
7 0.568271
8 0.336542
9 0.6082
10 0.526916
11 0.267023
12 0.34902
13 0.586096
14 0.2
15 0.337968
16 0.776471
17 0.494118
18 0.757219
19 0.996383
20 0.883403
21 0.876777
22 1
23 0.303916
24 0.762387
25 0.999996
26 0.854565
27 0.996276
28 0.767741
29 0.998668
30 0.986366
31 0.998937
32 0.999826
33 0.999086
34 0.999535
35 0.99979
36 0.99998
37 0.807169
38 0.804027
39 0.3915
40 0.538881
41 0.456457
42 0.226797
43 0.852771
44 0.535901
0 0.905376
1 0.167422
2 0.285918
3 0.294296
4 0.312299
5 0.108378
6 0.25098
7 0.25098
8 0.336542
9 0.592157
10 0.521569
11 0.445633
12 0.217469
13 0.611052
14 0.14902
15 0.357576
16 0.776114
17 0.215686
18 0.204991
19 0.998501
20 0.949102
21 0.86275
22 1
23 0.327894
24 0.723001
25 0.999999
26 0.887889
27 0.997634
28 0.790865
29 0.999522
30 0.992352
31 0.999545
32 0.999816
33 0.999111
34 0.999787
35 0.99989
36 0.999989
37 0.818745
38 0.865666
39 0.566552
40 0.711964
41 0.441964
42 0.457758
43 0.811955
44 0.560579
0 0.0165337
1 0.278182
2 0.336542
3 0.316399
4 0.24492
5 0.25098
6 0.25098
7 0.357932
8 0.486275
9 0.631729
10 0.486275
11 0.345455
12 0.085205
13 0.14902
14 0.219251
15 0.921569
16 0.404278
17 0.281997
18 0.421747
19 0.999051
20 0.932202
21 0.686264
22 1
23 0.277867
24 0.570461
25 0.999998
26 0.800775
27 0.99567
28 0.838208
29 0.99902
30 0.993352
31 0.999133
32 0.999805
33 0.998689
34 0.999603
35 0.999882
36 0.999975
37 0.784663
38 0.807246
39 0.709375
40 0.504161
41 0.448835
42 0.257021
43 0.794728
44 0.396942
0 0.989975
1 0.271096
2 0.142781
3 0.238503
4 0.157219
5 0.25098
6 0.464884
7 0.51016
8 0.557932
9 0.486275
10 0.486275
11 0.345455
12 0.176471
13 0.297326
14 0.964706
15 0.614973
16 0.431373
17 0.473084
18 0.890196
19 0.996632
20 0.957128
21 0.847473
22 1
23 0.398635
24 0.768348
25 0.999993
26 0.823427
27 0.99659
28 0.869778
29 0.998173
30 0.989911
31 0.99892
32 0.999801
33 0.999115
34 0.999673
35 0.9999
36 0.999968
37 0.892285
38 0.86066
39 0.629577
40 0.577419
41 0.515616
42 0.260079
43 0.784122
44 0.430381
0 0.924615
1 0.263315
2 0.453832
3 0.32549
4 0.405169
5 0.711586
6 0.486275
7 0.486275
8 0.486275
9 0.486275
10 0.486275
11 0.496613
12 0.232086
13 0.562567
14 0.282353
15 0.282353
16 0.282353
17 0.282353
18 0.680214
19 0.997022
20 0.855507
21 0.762328
22 1
23 0.300986
24 0.669098
25 0.999993
26 0.77949
27 0.99646
28 0.890408
29 0.99931
30 0.995903
31 0.99889
32 0.999886
33 0.999526
34 0.999668
35 0.999889
36 0.999988
37 0.784173
38 0.810847
39 0.508211
40 0.604678
41 0.507161
42 0.346473
43 0.751256
44 0.694728
0 0.370054
1 0.255383
2 0.426203
3 0.352941
4 0.352941
5 0.317647
6 0.754011
7 0.223173
8 0.486275
9 0.486275
10 0.486275
11 0.486275
12 0.486275
13 0.440998
14 0.899109
15 0.164706
16 0.164706
17 0.164706
18 0.164706
19 0.998932
20 0.89453
21 0.645016
22 1
23 0.129309
24 0.646761
25 0.999998
26 0.875893
27 0.996226
28 0.762218
29 0.999229
30 0.994937
31 0.999221
32 0.999885
33 0.999715
34 0.999753
35 0.999928
36 0.999989
37 0.506615
38 0.736121
39 0.353411
40 0.584669
41 0.465924
42 0.307611
43 0.737431
44 0.830925
0 0.176749
1 0.246964
2 0.00392157
3 0.300891
4 0.388235
5 0.00392157
6 0.00392157
7 0.00392157
8 0.354724
9 0.486275
10 0.486275
11 0.486275
12 0.486275
13 0.952941
14 0.952941
15 0.552941
16 0.219608
17 0.219608
18 0.219608
19 0.999859
20 0.96337
21 0.645407
22 1
23 0.0823872
24 0.340045
25 1
26 0.955319
27 0.99781
28 0.861502
29 0.999452
30 0.997326
31 0.999684
32 0.999918
33 0.999516
34 0.999581
35 0.999906
36 0.999992
37 0.667149
38 0.835268
39 0.487198
40 0.493047
41 0.26074
42 0.207268
43 0.80263
44 0.398512
0 0.76626
1 0.238959
2 0.0156863
3 0.154902
4 0.109626
5 0.00392157
6 0.00392157
7 0.00392157
8 0.00392157
9 0.0456328
10 0.174688
11 0.176471
12 0.242068
13 0.964706
14 0.964706
15 0.964706
16 0.976471
17 0.976471
18 0.807486
19 0.99953
20 0.945923
21 0.90581
22 1
23 0.193625
24 0.43593
25 0.999999
26 0.915955
27 0.998597
28 0.930879
29 0.999569
30 0.997902
31 0.999541
32 0.99995
33 0.99936
34 0.999613
35 0.999876
36 0.99998
37 0.852734
38 0.906137
39 0.661509
40 0.565618
41 0.479527
42 0.27949
43 0.887905
44 0.399856
0 0.960129
1 0.231313
2 0.1959
3 0.45918
4 0.0705882
5 0.0149733
6 0.156863
7 0.175045
8 0.386096
9 0.16221
10 0.176471
11 0.176471
12 0.176471
13 0.272727
14 0.648841
15 0.396078
16 0.987522
17 0.972549
18 0.972549
19 0.999537
20 0.91841
21 0.87247
22 1
23 0.168764
24 0.566658
25 0.999999
26 0.921078
27 0.998118
28 0.800617
29 0.999483
30 0.993963
31 0.999639
32 0.999935
33 0.999666
34 0.999805
35 0.999935
36 0.999991
37 0.822627
38 0.904412
39 0.380707
40 0.667622
41 0.435176
42 0.442606
43 0.812556
44 0.499753
0 0.199816
1 0.221705
2 0.322995
3 0.771123
4 0.12139
5 0.176471
6 0.137968
7 0.114795
8 0.463458
9 0.163636
10 0.368984
11 0.176471
12 0.176471
13 0.886275
14 0.213191
15 0.993583
16 0.40107
17 0.909448
18 0.980392
19 0.999659
20 0.931111
21 0.863919
22 1
23 0.14773
24 0.402746
25 0.999999
26 0.908721
27 0.997657
28 0.886299
29 0.999655
30 0.996809
31 0.999441
32 0.999948
33 0.999666
34 0.999757
35 0.999953
36 0.99998
37 0.834903
38 0.841783
39 0.6253
40 0.6024
41 0.437904
42 0.353158
43 0.736139
44 0.485728
0 0.271809
1 0.214588
2 0.661676
3 0.265597
4 0.40107
5 0.0442068
6 0.128342
7 0
8 0.218182
9 0.431373
10 0.322282
11 0.440285
12 0.176471
13 0.726203
14 0.850267
15 0.402139
16 0.297683
17 0.979323
18 0.983957
19 0.997076
20 0.948603
21 0.850607
22 1
23 0.361516
24 0.664764
25 0.999999
26 0.898399
27 0.998199
28 0.895679
29 0.999363
30 0.993077
31 0.999157
32 0.999898
33 0.999339
34 0.999681
35 0.999904
36 0.999986
37 0.905492
38 0.895818
39 0.556511
40 0.731096
41 0.378626
42 0.287279
43 0.797713
44 0.439079
0 0.272651
1 0.207424
2 0.42656
3 0.219786
4 0.375045
5 0.816756
6 0.6
7 0.373619
8 0.328699
9 0.102317
10 0.463102
11 0.559715
12 0.318004
13 0.580749
14 0.272727
15 0.402139
16 0.560428
17 0.490909
18 0.582888
19 0.99936
20 0.924652
21 0.824098
22 1
23 0.179703
24 0.476957
25 0.999999
26 0.927877
27 0.998241
28 0.834831
29 0.999686
30 0.99587
31 0.999281
32 0.999939
33 0.999574
34 0.999734
35 0.999926
36 0.999993
37 0.784716
38 0.853269
39 0.439234
40 0.638944
41 0.38477
42 0.25236
43 0.772547
44 0.476974
0 0.176416
1 0.200192
2 0.0433155
3 0.248485
4 0.261676
5 0.191087
6 0.0720143
7 0.0495544
8 0.220677
9 0.123351
10 0.313726
11 0.563636
12 0.466667
13 0.478788
14 0.572549
15 0.587166
16 0.701248
17 0.697683
18 0.854545
19 0.999698
20 0.981143
21 0.749156
22 1
23 0.117724
24 0.627844
25 0.999999
26 0.920262
27 0.997643
28 0.886081
29 0.999616
30 0.996745
31 0.999555
32 0.999923
33 0.999574
34 0.999759
35 0.999926
36 0.999991
37 0.745154
38 0.809222
39 0.580689
40 0.536492
41 0.326083
42 0.450784
43 0.833271
44 0.338063
0 0.491027
1 0.311356
2 0.719786
3 0.242602
4 0.188414
5 0.00392157
6 0.0959002
7 0.367914
8 0.115508
9 0.156863
10 0.51123
11 0.539394
12 0.466667
13 0.9041
14 0.887344
15 0.748663
16 0.975401
17 0.345455
18 1
19 0.999431
20 0.958868
21 0.797089
22 1
23 0.19235
24 0.638975
25 0.999999
26 0.880427
27 0.998091
28 0.809086
29 0.999533
30 0.993742
31 0.999571
32 0.999913
33 0.999784
34 0.999845
35 0.999963
36 0.999989
37 0.755465
38 0.812412
39 0.449354
40 0.656354
41 0.38624
42 0.378013
43 0.719681
44 0.624497
0 0.133928
1 0.304424
2 0.257754
3 0.27861
4 0.380749
5 0
6 0.372906
7 0.157576
8 0.45205
9 0.6
10 0.6
11 0.490909
12 0.391087
13 0.851337
14 0.577184
15 0.742602
16 0.2
17 0.490909
18 0.851337
19 0.999127
20 0.881148
21 0.765925
22 1
23 0.276723
24 0.681698
25 0.999999
26 0.879686
27 0.997612
28 0.879636
29 0.999464
30 0.995059
31 0.999469
32 0.999937
33 0.999556
34 0.999608
35 0.999835
36 0.999991
37 0.697346
38 0.752003
39 0.328255
40 0.616206
41 0.370143
42 0.232153
43 0.88154
44 0.539031
0 0.649018
1 0.41567
2 0.139037
3 0.434581
4 0.45098
5 0.158289
6 0.156863
7 0.51943
8 0.551515
9 0.466667
10 0.466667
11 0.411408
12 0.25098
13 0.792513
14 0.596791
15 0.418182
16 1
17 0.809269
18 0.14902
19 0.999388
20 0.916737
21 0.867993
22 1
23 0.236567
24 0.62586
25 1
26 0.925697
27 0.998676
28 0.907149
29 0.999529
30 0.99622
31 0.999518
32 0.999941
33 0.999359
34 0.999595
35 0.999872
36 0.99999
37 0.878492
38 0.812905
39 0.433522
40 0.620435
41 0.268138
42 0.171725
43 0.867362
44 0.313116
0 0.830048
1 0.498119
2 0.154011
3 0.523351
4 0.411408
5 0.277718
6 0.6
7 0.545455
8 0.114082
9 0.466667
10 0.466667
11 0.447059
12 0.179679
13 0.610695
14 0.2
15 0.579679
16 1
17 1
18 0.531551
19 0.999842
20 0.956142
21 0.879944
22 1
23 0.0725861
24 0.401708
25 1
26 0.934456
27 0.99871
28 0.906485
29 0.999748
30 0.998567
31 0.999712
32 0.999953
33 0.999363
34 0.999824
35 0.999916
36 0.999993
37 0.758146
38 0.834537
39 0.567206
40 0.525855
41 0.190932
42 0.190607
43 0.840342
44 0.271978
0 0.677655
1 0.49096
2 0.476292
3 0.711765
4 0.389483
5 0.299465
6 0.109804
7 0.156863
8 0.156863
9 0.466667
10 0.466667
11 0.470945
12 0.140107
13 0.302674
14 0.905526
15 0.996078
16 1
17 1
18 0.867379
19 0.999817
20 0.948509
21 0.872196
22 1
23 0.0637592
24 0.497514
25 1
26 0.91478
27 0.998621
28 0.917429
29 0.99967
30 0.998512
31 0.999802
32 0.99995
33 0.999722
34 0.999861
35 0.999914
36 0.999994
37 0.592215
38 0.824885
39 0.425719
40 0.533289
41 0.168219
42 0.339846
43 0.888448
44 0.412696
0 0.457874
1 0.481529
2 0.968627
3 0.877718
4 0.387879
5 0.156863
6 0.156863
7 0.156863
8 0.156863
9 0.817469
10 0.466667
11 0.207487
12 0.223886
13 1
14 1
15 1
16 0.972193
17 0.909804
18 0.377897
19 0.999932
20 0.968584
21 0.924566
22 1
23 0.0393113
24 0.46287
25 1
26 0.954123
27 0.998986
28 0.960744
29 0.999823
30 0.999049
31 0.999817
32 0.999964
33 0.999747
34 0.999836
35 0.999951
36 0.999995
37 0.784863
38 0.822744
39 0.4415
40 0.602546
41 0.146377
42 0.312962
43 0.869921
44 0.301535
0 0.38072
1 0.472223
2 0.968627
3 0.968627
4 0.968627
5 0.156863
6 0.156863
7 0.156863
8 0.156863
9 0.156863
10 0.156863
11 0.156863
12 0.156863
13 0.996078
14 0.996078
15 0.996078
16 0.996078
17 0.996078
18 0.996078
19 0.999926
20 0.957662
21 0.932821
22 1
23 0.0432158
24 0.431651
25 1
26 0.955998
27 0.999021
28 0.955578
29 0.999881
30 0.999075
31 0.999827
32 0.999969
33 0.999758
34 0.999865
35 0.999948
36 0.999996
37 0.788143
38 0.81704
39 0.398963
40 0.679738
41 0.145764
42 0.352332
43 0.876467
44 0.351085
0 0.0542581
1 0.463044
2 0.980392
3 0.980392
4 0.980392
5 0.156863
6 0.156863
7 0.156863
8 0.156863
9 0.156863
10 0.156863
11 0.156863
12 0.156863
13 1
14 1
15 1
16 1
17 1
18 1
19 0.999654
20 0.936258
21 0.747801
22 1
23 0.260984
24 0.469853
25 1
26 0.914891
27 0.99848
28 0.907421
29 0.999764
30 0.997996
31 0.999661
32 0.999956
33 0.999759
34 0.999865
35 0.999953
36 0.999992
37 0.807077
38 0.873775
39 0.597196
40 0.688337
41 0.410668
42 0.371187
43 0.846632
44 0.491705
0 0.450289
1 0.453853
2 0.343494
3 0.229412
4 0.0623886
5 0.466667
6 0.466667
7 0.300178
8 0.476292
9 0.196791
10 0.417825
11 0.245633
12 0.130838
13 0.996078
14 0.991087
15 0.619251
16 0.562923
17 0.758645
18 0.669875
19 0.999452
20 0.922992
21 0.718774
22 1
23 0.306474
24 0.463704
25 1
26 0.92025
27 0.998236
28 0.833446
29 0.999584
30 0.995802
31 0.999656
32 0.999925
33 0.999642
34 0.999783
35 0.999931
36 0.999994
37 0.777024
38 0.850175
39 0.580707
40 0.562568
41 0.411199
42 0.272813
43 0.857196
44 0.347175
0 0.63799
1 0.444747
2 0.148841
3 0.0928699
4 0.144385
5 0.466667
6 0.400357
7 0.486275
8 0.373619
9 0.307308
10 0.305169
11 0.176471
12 0.176471
13 0.912656
14 0.62852
15 0.838503
16 0.627808
17 0.906239
18 0.685205
19 0.999508
20 0.957488
21 0.779804
22 1
23 0.199749
24 0.41875
25 1
26 0.924848
27 0.998537
28 0.878228
29 0.999729
30 0.997664
31 0.999709
32 0.999936
33 0.999746
34 0.999883
35 0.999969
36 0.999995
37 0.808877
38 0.860297
39 0.729354
40 0.628467
41 0.42052
42 0.28861
43 0.791162
44 0.45502
0 0.316452
1 0.43785
2 0.168449
3 0.117112
4 0.280749
5 0.506239
6 0.486275
7 0.345455
8 0.176471
9 0.284848
10 0.433155
11 0.283422
12 0.176471
13 0.64385
14 0.805348
15 0.858824
16 0.282353
17 0.749376
18 0.913725
19 0.999679
20 0.926207
21 0.776214
22 1
23 0.1721
24 0.376359
25 1
26 0.915806
27 0.998724
28 0.879789
29 0.999688
30 0.997931
31 0.999705
32 0.999953
33 0.999788
34 0.999775
35 0.999942
36 0.999992
37 0.70636
38 0.857043
39 0.546964
40 0.582441
41 0.30388
42 0.21396
43 0.859392
44 0.487308
0 0.335526
1 0.431044
2 0.113725
3 0.4041
4 0.140463
5 0.176471
6 0.176471
7 0.176471
8 0.125134
9 0.727986
10 0.282353
11 0.176471
12 0.176471
13 0.957932
14 0.839216
15 0.619964
16 0.921925
17 0.934759
18 0.917647
19 0.999611
20 0.923322
21 0.83827
22 1
23 0.213004
24 0.368581
25 1
26 0.935362
27 0.999055
28 0.947544
29 0.999792
30 0.998917
31 0.999591
32 0.999977
33 0.999837
34 0.999737
35 0.999952
36 0.999989
37 0.846786
38 0.900378
39 0.66089
40 0.644433
41 0.490778
42 0.275783
43 0.868415
44 0.504061
0 0.517889
1 0.424249
2 0.14902
3 0.223529
4 0.0782531
5 0.176471
6 0.176471
7 0.12656
8 0.0666667
9 0.180749
10 0.176471
11 0.176471
12 0.176471
13 0.866667
14 0.793939
15 0.0666667
16 0.941533
17 0.924421
18 0.92549
19 0.999743
20 0.925548
21 0.746631
22 1
23 0.154566
24 0.336589
25 1
26 0.943962
27 0.998872
28 0.864801
29 0.999804
30 0.99827
31 0.99975
32 0.999958
33 0.999774
34 0.999803
35 0.999945
36 0.999996
37 0.713588
38 0.868862
39 0.57783
40 0.557801
41 0.371257
42 0.285645
43 0.865934
44 0.424884
0 0.318871
1 0.417447
2 0.145098
3 0.145098
4 0.145098
5 0.176471
6 0.176471
7 0.176471
8 0.176471
9 0.176471
10 0.176471
11 0.176471
12 0.176471
13 0.878431
14 0.878431
15 0.878431
16 0.878431
17 0.878431
18 0.878431
19 0.999506
20 0.936635
21 0.915158
22 1
23 0.0855452
24 0.421471
25 1
26 0.947901
27 0.999364
28 0.927526
29 0.999775
30 0.998757
31 0.999749
32 0.999971
33 0.999702
34 0.999879
35 0.999973
36 0.999994
37 0.788733
38 0.883484
39 0.70667
40 0.499207
41 0.451391
42 0.228862
43 0.814595
44 0.477286
0 0.99406
1 0.410306
2 0.0884135
3 0.380392
4 0.378253
5 0.0673797
6 0.087344
7 0.102317
8 0.167914
9 0.055615
10 0.491266
11 0.326203
12 0.176471
13 0.0809269
14 0.621747
15 0.736898
16 0.467023
17 0.857754
18 0.843137
19 0.999558
20 0.918511
21 0.822631
22 1
23 0.148303
24 0.54339
25 1
26 0.94238
27 0.999347
28 0.923529
29 0.999823
30 0.998617
31 0.999681
32 0.999973
33 0.999865
34 0.999873
35 0.999968
36 0.999997
37 0.681453
38 0.863707
39 0.339036
40 0.58594
41 0.37762
42 0.363812
43 0.827094
44 0.56762
0 0.145349
1 0.403613
2 0.159002
3 0.4877
4 0.34795
5 0.0819964
6 0.162567
7 0.154724
8 0.290909
9 0.163636
10 0.166488
11 0.458824
12 0.638503
13 0.713726
14 0.657754
15 0.693761
16 0.575758
17 0.699822
18 0.652763
19 0.999487
20 0.911596
21 0.907343
22 1
23 0.14602
24 0.358453
25 1
26 0.956757
27 0.999559
28 0.950489
29 0.99988
30 0.999306
31 0.999794
32 0.999978
33 0.999762
34 0.999864
35 0.999963
36 0.999996
37 0.757162
38 0.913204
39 0.712417
40 0.535338
41 0.404087
42 0.390978
43 0.835128
44 0.451682
0 0.64333
1 0.397012
2 0.545098
3 0.179144
4 0.0832442
5 0.0352941
6 0.00320856
7 0
8 0.058467
9 0.350446
10 0.359002
11 0.0516934
12 0.234225
13 0.156506
14 0.701961
15 0.489127
16 0.671658
17 0.900178
18 0.25811
19 0.999193
20 0.915615
21 0.87974
22 1
23 0.242559
24 0.542203
25 1
26 0.930917
27 0.999405
28 0.942258
29 0.999823
30 0.99873
31 0.999673
32 0.999973
33 0.999854
34 0.999876
35 0.999969
36 0.999994
37 0.777334
38 0.892964
39 0.600956
40 0.469129
41 0.592548
42 0.379054
43 0.867649
44 0.543332
0 0.807276
1 0.390486
2 0.35205
3 0.164706
4 0.16025
5 0.0513369
6 0.102674
7 0.0559715
8 0.51016
9 0.178253
10 0.115508
11 0.403922
12 0.180749
13 0.532977
14 0.736542
15 0.362567
16 0.571123
17 0.520499
18 0.56934
19 0.99888
20 0.945995
21 0.800667
22 1
23 0.303602
24 0.632791
25 1
26 0.958384
27 0.999404
28 0.876713
29 0.999828
30 0.99734
31 0.999804
32 0.999947
33 0.999818
34 0.999904
35 0.999967
36 0.999998
37 0.743742
38 0.880842
39 0.534941
40 0.693544
41 0.411108
42 0.469497
43 0.858752
44 0.53247
0 0.0597831
1 0.383276
2 0.28057
3 0.0210339
4 0.149198
5 0.383244
6 0.110873
7 0.514439
8 0.0438503
9 0.168984
10 0.423529
11 0.17041
12 0.0998217
13 0.864171
14 0.256684
15 0.863102
16 0.618538
17 0.424599
18 0.283066
19 0.999278
20 0.951554
21 0.789315
22 1
23 0.17678
24 0.464525
25 1
26 0.939053
27 0.999181
28 0.914522
29 0.999798
30 0.998583
31 0.999718
32 0.999944
33 0.999739
34 0.999887
35 0.999978
36 0.999996
37 0.807658
38 0.859905
39 0.683172
40 0.565449
41 0.287724
42 0.168882
43 0.773564
44 0.442248
0 0.708648
1 0.376586
2 0.0395722
3 0.157219
4 0.360963
5 0.542602
6 0.420677
7 0.228164
8 0.124777
9 0.241711
10 0.467023
11 0.271658
12 0.188948
13 0.510873
14 0.856328
15 0.727986
16 0.530481
17 0.348663
18 0.850267
19 0.999495
20 0.958885
21 0.883488
22 1
23 0.13052
24 0.446941
25 1
26 0.952429
27 0.999462
28 0.910633
29 0.999877
30 0.998714
31 0.999837
32 0.999964
33 0.999877
34 0.999942
35 0.999983
36 0.999997
37 0.814346
38 0.875303
39 0.650226
40 0.67765
41 0.364079
42 0.265607
43 0.770496
44 0.565747
0 0.158836
1 0.370188
2 0.156684
3 0.208021
4 0.618717
5 0.360428
6 0.363993
7 0.0777184
8 0.17754
9 0.260963
10 0.441355
11 0.271658
12 0.156863
13 0.493048
14 0.630303
15 0.891622
16 0.351872
17 0.47451
18 0.996078
19 0.999403
20 0.901534
21 0.925564
22 1
23 0.189397
24 0.416331
25 1
26 0.947551
27 0.999585
28 0.951096
29 0.999887
30 0.999055
31 0.999747
32 0.99998
33 0.999853
34 0.999921
35 0.999987
36 0.999995
37 0.835507
38 0.868149
39 0.731715
40 0.57446
41 0.599349
42 0.287993
43 0.804118
44 0.517372
0 0.692034
1 0.363753
2 0.159893
3 0.122995
4 0.726738
5 0.0352941
6 0.0481283
7 0.294474
8 0.275223
9 0.253476
10 0.148663
11 0.156863
12 0.156863
13 0.208556
14 0.60107
15 0.35508
16 0.204635
17 0.83672
18 0.996078
19 0.999354
20 0.92431
21 0.913018
22 1
23 0.216486
24 0.42257
25 1
26 0.948506
27 0.99959
28 0.93094
29 0.99979
30 0.998726
31 0.999736
32 0.999978
33 0.9998
34 0.99988
35 0.999978
36 0.999995
37 0.861083
38 0.885073
39 0.674273
40 0.48878
41 0.478269
42 0.15244
43 0.823571
44 0.325014
0 0.960067
1 0.357252
2 0.106595
3 0.177005
4 0.757576
5 0.438859
6 0.0716578
7 0.291266
8 0.320499
9 0.256684
10 0.179679
11 0.156863
12 0.156863
13 0.431729
14 0.382888
15 0.46025
16 0.539751
17 0.971123
18 0.996078
19 0.999566
20 0.953466
21 0.90833
22 1
23 0.13894
24 0.340599
25 1
26 0.949682
27 0.999631
28 0.945882
29 0.999924
30 0.999411
31 0.99981
32 0.999981
33 0.999825
34 0.999903
35 0.999973
36 0.999997
37 0.817475
38 0.897492
39 0.754793
40 0.69658
41 0.360399
42 0.209558
43 0.834401
44 0.466075
0 0.0470346
1 0.350741
2 0.115865
3 0.182888
4 0.637611
5 0.381818
6 0.140107
7 0.150446
8 0.131907
9 0.152585
10 0.428521
11 0.261676
12 0.156863
13 0.109091
14 0.762923
15 0.609269
16 0.869875
17 0.782531
18 0.983957
19 0.999502
20 0.877867
21 0.867786
22 1
23 0.17596
24 0.391021
25 1
26 0.946895
27 0.999526
28 0.933396
29 0.999844
30 0.999056
31 0.999765
32 0.999981
33 0.999851
34 0.99989
35 0.999973
36 0.999996
37 0.743368
38 0.891128
39 0.621036
40 0.503935
41 0.466137
42 0.232872
43 0.8584
44 0.45875
0 0.887119
1 0.342324
2 0.112834
3 0.217825
4 0.156506
5 0.14902
6 0.131907
7 0.13975
8 0.225312
9 0.22852
10 0.286988
11 0.230303
12 0.196791
13 0.514439
14 0.719786
15 0.567914
16 0.697683
17 0.880214
18 0.710873
19 0.999342
20 0.952551
21 0.891971
22 1
23 0.194131
24 0.54699
25 1
26 0.9673
27 0.999674
28 0.914563
29 0.999848
30 0.998811
31 0.999846
32 0.999973
33 0.999884
34 0.999953
35 0.999989
36 0.999997
37 0.817959
38 0.915156
39 0.635196
40 0.505576
41 0.496822
42 0.358882
43 0.819245
44 0.489886
0 0.772262
1 0.335409
2 0.120856
3 0.235651
4 0.12959
5 0.171123
6 0.165419
7 0.159715
8 0.156863
9 0.286275
10 0.267023
11 0.190018
12 0.176471
13 0.533333
14 0.291266
15 0.890909
16 0.286275
17 0.432442
18 0.894117
19 0.999629
20 0.938919
21 0.88076
22 1
23 0.276724
24 0.425234
25 1
26 0.974341
27 0.999705
28 0.901279
29 0.999912
30 0.99827
31 0.999857
32 0.999982
33 0.999901
34 0.999889
35 0.999974
36 0.999998
37 0.857719
38 0.92843
39 0.449726
40 0.668551
41 0.37774
42 0.352485
43 0.840751
44 0.383096
0 0.0780233
1 0.328392
2 0.0782531
3 0.111586
4 0.117647
5 0.156863
6 0.0606061
7 0.0606061
8 0.156863
9 0.156863
10 0.156863
11 0.156863
12 0.156863
13 0.76328
14 0.0509804
15 0.76328
16 0.921569
17 0.921569
18 0.921568
19 0.999011
20 0.88398
21 0.876082
22 1
23 0.173188
24 0.579482
25 1
26 0.958831
27 0.999513
28 0.906876
29 0.999912
30 0.998828
31 0.999832
32 0.999972
33 0.999857
34 0.999944
35 0.999975
36 0.999999
37 0.661681
38 0.822293
39 0.51083
40 0.575532
41 0.390694
42 0.284343
43 0.871238
44 0.629439
0 0.494886
1 0.320383
2 0.182353
3 0.180749
4 0.309626
5 0.12656
6 0.252763
7 0.294118
8 0.176471
9 0.379323
10 0.486275
11 0.464884
12 0.141176
13 0.462389
14 0.673084
15 0.918003
16 0.538681
17 0.450624
18 0.140107
19 0.999638
20 0.908808
21 0.78927
22 1
23 0.231507
24 0.551139
25 1
26 0.947237
27 0.999431
28 0.922984
29 0.999846
30 0.999188
31 0.999861
32 0.999972
33 0.999914
34 0.999942
35 0.999984
36 0.999998
37 0.665621
38 0.835855
39 0.529006
40 0.473817
41 0.404921
42 0.228831
43 0.834359
44 0.582316
0 0.938873
1 0.311828
2 0.185027
3 0.302139
4 0.15615
5 0.305882
6 0.282353
7 0.176471
8 0.401783
9 0.638859
10 0.341533
11 0.240285
12 0
13 0.972549
14 0.942602
15 0.872014
16 0.375401
17 0.565776
18 0.371123
19 0.999579
20 0.926185
21 0.776261
22 1
23 0.355778
24 0.728168
25 1
26 0.935968
27 0.99941
28 0.943477
29 0.999898
30 0.999213
31 0.9998
32 0.999975
33 0.999943
34 0.999943
35 0.999987
36 0.999999
37 0.63994
38 0.816334
39 0.431169
40 0.60921
41 0.548703
42 0.47907
43 0.852345
44 0.612961
0 0.216389
1 0.304797
2 0.0878788
3 0.505169
4 0.402674
5 0.176471
6 0.232799
7 0.668093
8 0.74082
9 0.397504
10 0.188592
11 0.183244
12 0.760784
13 0.921569
14 0.867023
15 0.702317
16 0.268806
17 0.47451
18 0.62246
19 0.999343
20 0.946858
21 0.874925
22 1
23 0.371137
24 0.783081
25 1
26 0.913558
27 0.999411
28 0.948689
29 0.999842
30 0.998618
31 0.999707
32 0.999967
33 0.999857
34 0.999843
35 0.999976
36 0.999997
37 0.83243
38 0.805667
39 0.5041
40 0.57313
41 0.237631
42 0.220746
43 0.795358
44 0.270335
0 0.454029
1 0.297557
2 0.647059
3 0.647059
4 0.647059
5 0.647059
6 0.647059
7 0.647059
8 0.647059
9 0.647059
10 0.647059
11 0.647059
12 0.647059
13 0.647059
14 0.647059
15 0.647059
16 0.647059
17 0.647059
18 0.647059
19 0.998809
20 0.911332
21 0.886373
22 1
23 0.573347
24 0.713716
25 1
26 0.961232
27 0.999664
28 0.959816
29 0.999936
30 0.999302
31 0.999871
32 0.999976
33 0.999911
34 0.999969
35 0.999983
36 0.999999
37 0.824442
38 0.888034
39 0.498165
40 0.604033
41 0.57242
42 0.484623
43 0.902997
44 0.502867
0 0.77304
1 0.28907
2 0.309804
3 0.268806
4 0.00909091
5 0.486275
6 0.486275
7 0.486275
8 0.671658
9 0.136898
10 0.00285205
11 0.0969697
12 0.0641711
13 0.576471
14 0.576471
15 0.690909
16 0.496257
17 0.0877007
18 0.208556
19 0.999455
20 0.926851
21 0.870195
22 1
23 0.17542
24 0.386978
25 1
26 0.968885
27 0.999694
28 0.920504
29 0.999927
30 0.999225
31 0.999875
32 0.999974
33 0.999846
34 0.999899
35 0.999972
36 0.999999
37 0.818097
38 0.91308
39 0.643666
40 0.563497
41 0.21932
42 0.226071
43 0.823463
44 0.303028
0 0.442325
1 0.279617
2 0.298752
3 0.241533
4 0.085918
5 0.486275
6 0.406417
7 0.0117647
8 0.00392157
9 0.27451
10 0.54902
11 0.0320856
12 0.193939
13 0.462745
14 0.530481
15 0.960784
16 0.976827
17 0.595365
18 0.528342
19 0.999783
20 0.909244
21 0.818772
22 1
23 0.0487766
24 0.423329
25 1
26 0.95813
27 0.999495
28 0.894169
29 0.999901
30 0.999121
31 0.999872
32 0.999986
33 0.999937
34 0.999935
35 0.999968
36 0.999999
37 0.470379
38 0.763174
39 0.405762
40 0.654068
41 0.246082
42 0.170883
43 0.845391
44 0.675755
0 0.268455
1 0.272027
2 0.0313726
3 0.250624
4 0.495009
5 0.00392157
6 0.00392157
7 0.00392157
8 0.00392157
9 0.27451
10 0.996078
11 0.552941
12 0.258467
13 0.956863
14 0.956863
15 0.956863
16 0.974688
17 0.905526
18 0.28984
19 0.999827
20 0.978236
21 0.853266
22 1
23 0.331775
24 0.853773
25 1
26 0.854698
27 0.99917
28 0.952601
29 0.999689
30 0.998644
31 0.999709
32 0.999968
33 0.999849
34 0.999814
35 0.999969
36 0.999996
37 0.793861
38 0.705127
39 0.469632
40 0.538624
41 0.103176
42 0.110411
43 0.830383
44 0.103579
0 0.734056
1 0.264065
2 0.996078
3 0.996078
4 0.996078
5 0.996078
6 0.996078
7 0.996078
8 0.996078
9 0.996078
10 0.996078
11 0.996078
12 0.996078
13 0.996078
14 0.996078
15 0.996078
16 0.996078
17 0.996078
18 0.996078
19 0.999268
20 0.905708
21 0.944556
22 1
23 0.428622
24 0.520742
25 1
26 0.979132
27 0.999838
28 0.962788
29 0.999933
30 0.999388
31 0.999855
32 0.999993
33 0.999943
34 0.999946
35 0.999979
36 0.999999
37 0.882159
38 0.927199
39 0.390791
40 0.67218
41 0.467265
42 0.215094
43 0.868803
44 0.393831
0 0.823629
1 0.256429
2 0.0465241
3 0.117469
4 0.120499
5 0.556863
6 0.0506239
7 0
8 0.260963
9 0.176471
10 0.176471
11 0.150446
12 0.219608
13 0.619251
14 0
15 0.195722
16 0.92549
17 0.849911
18 0.196791
19 0.999244
20 0.881653
21 0.953239
22 1
23 0.376663
24 0.435786
25 1
26 0.97541
27 0.999834
28 0.950299
29 0.999962
30 0.999404
31 0.999819
32 0.999993
33 0.999931
34 0.999928
35 0.999987
36 0.999998
37 0.925056
38 0.945466
39 0.654161
40 0.644294
41 0.642166
42 0.304402
43 0.84061
44 0.446434
0 0.423249
1 0.248188
2 0.0112299
3 0.156863
4 0.101961
5 0.202496
6 0
7 0
8 0.303743
9 0.262032
10 0.176471
11 0.176471
12 0.176471
13 0.218182
14 0
15 0.227807
16 0.647772
17 0.886275
18 0.886274
19 0.999761
20 0.886046
21 0.894973
22 1
23 0.11447
24 0.346901
25 1
26 0.967732
27 0.999683
28 0.950259
29 0.999926
30 0.999591
31 0.999871
32 0.999988
33 0.999875
34 0.999916
35 0.999978
36 0.999999
37 0.754278
38 0.86381
39 0.624152
40 0.378914
41 0.348423
42 0.194427
43 0.875817
44 0.295396
0 0.970155
1 0.240394
2 0.339216
3 0.427451
4 0.427451
5 0.123708
6 0.176471
7 0.176471
8 0.176471
9 0.176471
10 0.176471
11 0.176471
12 0.176471
13 0.461319
14 0.890196
15 0.890196
16 0.890196
17 0.890196
18 0.890196
19 0.999872
20 0.950158
21 0.909794
22 1
23 0.106276
24 0.418322
25 1
26 0.972781
27 0.999745
28 0.965755
29 0.999913
30 0.999678
31 0.999908
32 0.99999
33 0.999932
34 0.999948
35 0.999984
36 0.999999
37 0.751262
38 0.869668
39 0.554911
40 0.45651
41 0.31609
42 0.239369
43 0.892043
44 0.329018
0 0.975505
1 0.233122
2 0.486275
3 0.486274
4 0.486274
5 0.176471
6 0.176471
7 0.176471
8 0.176471
9 0.176471
10 0.176471
11 0.176471
12 0.176471
13 0.894118
14 0.894118
15 0.894118
16 0.894118
17 0.894118
18 0.894117
19 0.999523
20 0.901663
21 0.93922
22 1
23 0.207008
24 0.332785
25 1
26 0.971397
27 0.999871
28 0.976605
29 0.999962
30 0.999782
31 0.999897
32 0.999992
33 0.999931
34 0.999949
35 0.999989
36 0.999999
37 0.837198
38 0.935671
39 0.683512
40 0.661886
41 0.356647
42 0.276775
43 0.860616
44 0.530021
0 0.384826
1 0.22597
2 0.174688
3 0.330481
4 0.142959
5 0.191087
6 0.437077
7 0.0278075
8 0.00855615
9 0.382175
10 0.216043
11 0.0463458
12 0.171123
13 0.225668
14 0.645276
15 0.53975
16 0.67451
17 0.795009
18 0.697326
19 0.999611
20 0.931584
21 0.885591
22 1
23 0.205086
24 0.510978
25 1
26 0.973689
27 0.999731
28 0.929944
29 0.999917
30 0.999323
31 0.999879
32 0.999982
33 0.999939
34 0.999952
35 0.999987
36 0.999999
37 0.749995
38 0.910386
39 0.474075
40 0.486739
41 0.32653
42 0.325985
43 0.877561
44 0.368829
0 0.538753
1 0.218789
2 0.491087
3 0.402496
4 0.245989
5 0.376827
6 0.0552585
7 0.0381462
8 0.342602
9 0.465597
10 0.0891266
11 0.00855615
12 0.422103
13 0.995722
14 0.532264
15 0.922282
16 0.792513
17 0.438859
18 0.80606
19 0.999854
20 0.9458
21 0.905594
22 1
23 0.283083
24 0.563432
25 1
26 0.968943
27 0.999711
28 0.972968
29 0.999944
30 0.999594
31 0.999879
32 0.999991
33 0.999937
34 0.99993
35 0.999984
36 0.999999
37 0.8077
38 0.855461
39 0.619036
40 0.51987
41 0.475516
42 0.458428
43 0.901171
44 0.261925
0 0.807239
1 0.211638
2 0.805704
3 0.222638
4 0.299465
5 0.0117647
6 0.148663
7 0.520856
8 0.369697
9 0.0388592
10 0.203565
11 0.365419
12 0.14795
13 0.862745
14 0.873084
15 0.620321
16 0.961854
17 0.878788
18 0.836363
19 0.999478
20 0.936038
21 0.875457
22 1
23 0.213769
24 0.505263
25 1
26 0.955706
27 0.999738
28 0.957639
29 0.999909
30 0.999542
31 0.999857
32 0.999985
33 0.999873
34 0.999925
35 0.999978
36 0.999999
37 0.708281
38 0.864249
39 0.642364
40 0.54909
41 0.230414
42 0.180605
43 0.855916
44 0.288426
0 0.761376
1 0.204419
2 0.475758
3 0.213013
4 0.354545
5 0.677005
6 0.309091
7 0.368984
8 0.247772
9 0.185027
10 0.775401
11 0.351515
12 0.382175
13 0.512299
14 0.892692
15 0.77041
16 0.963636
17 0.724064
18 0.320856
19 0.999468
20 0.955816
21 0.894923
22 1
23 0.250328
24 0.669821
25 1
26 0.97889
27 0.999828
28 0.967164
29 0.999949
30 0.999614
31 0.999897
32 0.999979
33 0.999948
34 0.999975
35 0.999992
36 1
37 0.701205
38 0.885766
39 0.410071
40 0.628347
41 0.24988
42 0.337365
43 0.900163
44 0.499739
0 0.313062
1 0.197335
2 0.251872
3 0.561497
4 0.269519
5 0.466667
6 0.301961
7 0.454545
8 0.0588235
9 0.363636
10 0.0313726
11 0.175758
12 0.4959
13 0.83779
14 0.641355
15 0.980749
16 0.729768
17 0.0923351
18 0.593939
19 0.999726
20 0.929234
21 0.903014
22 1
23 0.274094
24 0.606402
25 1
26 0.97286
27 0.999806
28 0.981715
29 0.999967
30 0.999716
31 0.999863
32 0.999989
33 0.999946
34 0.999961
35 0.999994
36 0.999999
37 0.84463
38 0.849375
39 0.614935
40 0.633554
41 0.368477
42 0.365023
43 0.829016
44 0.432651
0 0.547114
1 0.190278
2 0.504813
3 0.329947
4 0.294652
5 0.156863
6 0.616756
7 0.545455
8 0
9 0.0898396
10 0.231016
11 0.629234
12 0.176471
13 0.639216
14 0.936185
15 0.658823
16 0.441711
17 0.501248
18 0.884848
19 0.999817
20 0.917123
21 0.881366
22 1
23 0.242469
24 0.53892
25 1
26 0.970416
27 0.99974
28 0.956981
29 0.999974
30 0.999623
31 0.999918
32 0.99999
33 0.999968
34 0.999976
35 0.999995
36 0.999999
37 0.733121
38 0.882937
39 0.602849
40 0.660248
41 0.589499
42 0.589507
43 0.815378
44 0.626045
0 0.0780767
1 0.183201
2 0.359002
3 0.377005
4 0.162923
5 0
6 0.0320856
7 0.141533
8 0.674866
9 0.0160428
10 0.354724
11 0.165775
12 0.176471
13 0.690196
14 0.954011
15 0.920499
16 0.263458
17 0.54189
18 0.886631
19 0.999622
20 0.865476
21 0.848602
22 1
23 0.490418
24 0.545195
25 1
26 0.952489
27 0.999725
28 0.979729
29 0.999915
30 0.999614
31 0.999812
32 0.99999
33 0.999943
34 0.999892
35 0.99999
36 0.999997
37 0.823816
38 0.851604
39 0.705304
40 0.515205
41 0.461189
42 0.336069
43 0.876046
44 0.351953
0 0.937815
1 0.174942
2 0.416399
3 0.266845
4 0.0493761
5 0.0588235
6 0.518717
7 0.824955
8 0.106239
9 0.531194
10 0.163993
11 0.176471
12 0.176471
13 0.972549
14 0.908378
15 0.219608
16 0.647772
17 0.884136
18 0.921568
19 0.999619
20 0.930091
21 0.901419
22 1
23 0.709056
24 0.688344
25 1
26 0.939632
27 0.999678
28 0.970745
29 0.999935
30 0.999528
31 0.999883
32 0.999982
33 0.999933
34 0.999949
35 0.999987
36 0.999999
37 0.871028
38 0.882534
39 0.720632
40 0.572928
41 0.462263
42 0.444687
43 0.905516
44 0.188415
0 0.566125
1 0.165702
2 0.87451
3 0.596435
4 0.145098
5 0.87451
6 0.87451
7 0.87451
8 0.87451
9 0.41426
10 0.188235
11 0.176471
12 0.176471
13 0.87451
14 0.87451
15 0.87451
16 0.616043
17 0.69697
18 0.910517
19 0.999926
20 0.905792
21 0.941506
22 1
23 0.0712344
24 0.373159
25 1
26 0.980704
27 0.999763
28 0.971677
29 0.999961
30 0.999738
31 0.999922
32 0.999992
33 0.999958
34 0.999949
35 0.999988
36 1
37 0.762782
38 0.835625
39 0.526607
40 0.402017
41 0.286406
42 0.229195
43 0.88459
44 0.246981
0 0.873771
1 0.158205
2 0.698039
3 0.698039
4 0.698039
5 0.0588235
6 0.0588235
7 0.0588235
8 0.0588235
9 0.0588235
10 0.0588235
11 0.0588235
12 0.0588235
13 0.968627
14 0.968627
15 0.968627
16 0.968628
17 0.968628
18 0.968627
19 0.999214
20 0.936603
21 0.954287
22 1
23 0.254702
24 0.524966
25 1
26 0.979215
27 0.999923
28 0.97882
29 0.999958
30 0.999808
31 0.999904
32 0.999994
33 0.999956
34 0.999978
35 0.999995
36 0.999998
37 0.838284
38 0.930214
39 0.689685
40 0.567742
41 0.541422
42 0.264047
43 0.865677
44 0.605481
0 0.974835
1 0.149245
2 0.00641711
3 0.138859
4 0.207665
5 0.0834225
6 0.057041
7 0.0983957
8 0.140463
9 0.485205
10 0.309091
11 0.156863
12 0.171123
13 0.272727
14 0.367914
15 0.367914
16 0.476649
17 0.390018
18 0.670232
19 0.999575
20 0.893222
21 0.89451
22 1
23 0.37161
24 0.561483
25 1
26 0.970139
27 0.999837
28 0.95823
29 0.999952
30 0.999669
31 0.999909
32 0.99999
33 0.999954
34 0.999974
35 0.999995
36 0.999999
37 0.797709
38 0.909535
39 0.601498
40 0.440706
41 0.630365
42 0.329739
43 0.82136
44 0.491896
0 0.943579
1 0.141173
2 0.101426
3 0.291444
4 0.183601
5 0.176114
6 0.147594
7 0.183601
8 0.744742
9 0.282353
10 0.156863
11 0.172906
12 0.176471
13 0.469875
14 0.618895
15 0.808556
16 0.248128
17 0.433868
18 0.92549
19 0.999558
20 0.928121
21 0.893288
22 1
23 0.311373
24 0.512725
25 1
26 0.973627
27 0.99985
28 0.980263
29 0.999968
30 0.999805
31 0.999896
32 0.999994
33 0.999976
34 0.999968
35 0.999996
36 0.999999
37 0.837022
38 0.902637
39 0.73092
40 0.593056
41 0.605064
42 0.415108
43 0.820153
44 0.570399
0 0.429097
1 0.134107
2 0.279323
3 0.145098
4 0.226381
5 0.14902
6 0.188948
7 0.317291
8 0.124777
9 0.156863
10 0.2082
11 0.190018
12 0.176471
13 0.694118
14 0.776471
15 0.359358
16 0.329412
17 0.447772
18 0.92549
19 0.998049
20 0.886701
21 0.958892
22 1
23 0.418405
24 0.588536
25 1
26 0.975968
27 0.999915
28 0.981911
29 0.999964
30 0.999646
31 0.99985
32 0.999994
33 0.999969
34 0.999962
35 0.999997
36 0.999998
37 0.931605
38 0.950052
39 0.725271
40 0.669098
41 0.620807
42 0.386023
43 0.778322
44 0.572227
0 0.409373
1 0.127147
2 0.296257
3 0.292157
4 0.201961
5 0.384314
6 0.17754
7 0.156863
8 0.156863
9 0.25098
10 0.25098
11 0.190018
12 0.176471
13 0.325134
14 0.0588235
15 0.0588235
16 0.14902
17 0.435651
18 0.937255
19 0.99808
20 0.848697
21 0.941406
22 1
23 0.363169
24 0.628687
25 1
26 0.973565
27 0.99989
28 0.980087
29 0.999972
30 0.999695
31 0.999848
32 0.999993
33 0.999976
34 0.999972
35 0.999997
36 0.999999
37 0.891343
38 0.922944
39 0.671073
40 0.643083
41 0.659688
42 0.458306
43 0.796136
44 0.68499
0 0.296273
1 0.120004
2 0.32656
3 0.284848
4 0.254367
5 0.156863
6 0.156863
7 0.150089
8 0.200713
9 0.25098
10 0.25098
11 0.244207
12 0.176471
13 0.427451
14 0.318717
15 0.111586
16 0.14902
17 0.14902
18 0.784314
19 0.997381
20 0.816851
21 0.940467
22 1
23 0.440975
24 0.699236
25 1
26 0.9737
27 0.999906
28 0.983185
29 0.999966
30 0.999726
31 0.999845
32 0.999992
33 0.99995
34 0.99997
35 0.999996
36 0.999999
37 0.863102
38 0.905097
39 0.684621
40 0.594431
41 0.636397
42 0.424344
43 0.829771
44 0.635164
0 0.651051
1 0.112913
2 0.196613
3 0.327629
4 0.277362
5 0.156863
6 0.235294
7 0.509091
8 0.25098
9 0.25098
10 0.25098
11 0.25098
12 0.196791
13 0.113725
14 0.320856
15 0.240285
16 0.14902
17 0.14902
18 0.572549
19 0.995992
20 0.738655
21 0.918828
22 1
23 0.504222
24 0.674712
25 1
26 0.967019
27 0.999883
28 0.983273
29 0.999961
30 0.999733
31 0.999832
32 0.999992
33 0.999971
34 0.999967
35 0.999995
36 0.999999
37 0.862254
38 0.892482
39 0.533638
40 0.651812
41 0.523622
42 0.281482
43 0.828457
44 0.685524
0 0.463272
1 0.105706
2 0.195009
3 0.34902
4 0.34902
5 0.65811
6 0.65098
7 0.323708
8 0.25098
9 0.25098
10 0.25098
11 0.25098
12 0.25098
13 0.590731
14 0.411052
15 0.14902
16 0.14902
17 0.14902
18 0.14902
19 0.996595
20 0.818206
21 0.949672
22 1
23 0.510453
24 0.72651
25 1
26 0.979237
27 0.999897
28 0.982187
29 0.999973
30 0.999712
31 0.999838
32 0.999993
33 0.999977
34 0.999974
35 0.999995
36 0.999999
37 0.89412
38 0.913278
39 0.589036
40 0.716254
41 0.595943
42 0.429211
43 0.834075
44 0.649125
0 0.145139
1 0.0986127
2 0.52656
3 0.34902
4 0.34902
5 0.795722
6 0.25098
7 0.25098
8 0.25098
9 0.25098
10 0.25098
11 0.25098
12 0.25098
13 0.613191
14 0.14902
15 0.14902
16 0.14902
17 0.14902
18 0.14902
19 0.996049
20 0.754378
21 0.952795
22 1
23 0.449599
24 0.711265
25 1
26 0.978381
27 0.999908
28 0.983009
29 0.999968
30 0.999704
31 0.999831
32 0.999993
33 0.999966
34 0.999972
35 0.999995
36 0.999999
37 0.882659
38 0.906237
39 0.565692
40 0.596862
41 0.587837
42 0.363003
43 0.825417
44 0.606215
0 0.631626
1 0.0914199
2 0.43779
3 0.34902
4 0.34902
5 0.523351
6 0.25098
7 0.25098
8 0.25098
9 0.25098
10 0.25098
11 0.25098
12 0.25098
13 0.381105
14 0.14902
15 0.14902
16 0.14902
17 0.14902
18 0.14902
19 0.996442
20 0.762405
21 0.961306
22 1
23 0.44233
24 0.705208
25 1
26 0.980303
27 0.999935
28 0.986917
29 0.999984
30 0.9998
31 0.99986
32 0.999995
33 0.999975
34 0.999977
35 0.999996
36 1
37 0.875642
38 0.913449
39 0.598136
40 0.711716
41 0.642147
42 0.509903
43 0.840993
44 0.737514
0 0.0843089
1 0.083357
2 0.34902
3 0.34902
4 0.34902
5 0.25098
6 0.25098
7 0.25098
8 0.25098
9 0.25098
10 0.25098
11 0.25098
12 0.25098
13 0.14902
14 0.14902
15 0.14902
16 0.14902
17 0.14902
18 0.14902
19 0.995757
20 0.705562
21 0.95692
22 1
23 0.417375
24 0.703747
25 1
26 0.979487
27 0.999928
28 0.985891
29 0.999975
30 0.999757
31 0.99983
32 0.999994
33 0.999963
34 0.999969
35 0.999995
36 0.999999
37 0.872541
38 0.906959
39 0.593056
40 0.613727
41 0.605211
42 0.417845
43 0.831372
44 0.67375
0 0.510082
1 0.0750128
2 0.34902
3 0.34902
4 0.34902
5 0.25098
6 0.25098
7 0.25098
8 0.25098
9 0.25098
10 0.25098
11 0.25098
12 0.25098
13 0.14902
14 0.14902
15 0.14902
16 0.14902
17 0.14902
18 0.14902
19 0.996244
20 0.744266
21 0.959294
22 1
23 0.423858
24 0.703735
25 1
26 0.980763
27 0.999937
28 0.987672
29 0.999978
30 0.999805
31 0.999847
32 0.999995
33 0.999969
34 0.999975
35 0.999995
36 0.999999
37 0.872864
38 0.908752
39 0.606166
40 0.640843
41 0.628738
42 0.458539
43 0.841465
44 0.694388
0 0.418167
1 0.0667942
2 0.34902
3 0.34902
4 0.34902
5 0.25098
6 0.25098
7 0.25098
8 0.25098
9 0.25098
10 0.25098
11 0.25098
12 0.25098
13 0.14902
14 0.14902
15 0.14902
16 0.14902
17 0.14902
18 0.14902
19 0.996064
20 0.727117
21 0.958473
22 1
23 0.404579
24 0.702246
25 1
26 0.980777
27 0.999937
28 0.987655
29 0.999972
30 0.999802
31 0.999845
32 0.999995
33 0.999965
34 0.999974
35 0.999996
36 0.999999
37 0.871989
38 0.906402
39 0.597168
40 0.560581
41 0.617275
42 0.390507
43 0.836538
44 0.643034
0 0.764871
1 0.0585562
2 0.34902
3 0.34902
4 0.34902
5 0.25098
6 0.25098
7 0.25098
8 0.25098
9 0.25098
10 0.25098
11 0.25098
12 0.25098
13 0.14902
14 0.14902
15 0.14902
16 0.14902
17 0.14902
18 0.14902
19 0.996419
20 0.755559
21 0.959911
22 1
23 0.405386
24 0.701129
25 1
26 0.981804
27 0.999943
28 0.988888
29 0.999974
30 0.999836
31 0.999861
32 0.999995
33 0.999969
34 0.999978
35 0.999996
36 0.999999
37 0.872453
38 0.908563
39 0.600515
40 0.563663
41 0.632561
42 0.403172
43 0.841552
44 0.648618
0 0.770217
1 0.050607
2 0.34902
3 0.34902
4 0.34902
5 0.25098
6 0.25098
7 0.25098
8 0.25098
9 0.25098
10 0.25098
11 0.25098
12 0.25098
13 0.14902
14 0.14902
15 0.14902
16 0.14902
17 0.14902
18 0.14902
19 0.996378
20 0.74955
21 0.960172
22 1
23 0.425164
24 0.699412
25 1
26 0.982116
27 0.999947
28 0.989124
29 0.999981
30 0.999841
31 0.999871
32 0.999995
33 0.999974
34 0.999978
35 0.999996
36 1
37 0.872171
38 0.913897
39 0.59391
40 0.634068
41 0.627941
42 0.442763
43 0.838971
44 0.693239
0 0.452494
1 0.0429475
2 0.34902
3 0.34902
4 0.34902
5 0.25098
6 0.25098
7 0.25098
8 0.25098
9 0.25098
10 0.25098
11 0.25098
12 0.25098
13 0.14902
14 0.14902
15 0.14902
16 0.14902
17 0.14902
18 0.14902
19 0.996191
20 0.723586
21 0.959437
22 1
23 0.408803
24 0.698294
25 1
26 0.982487
27 0.999945
28 0.988948
29 0.999976
30 0.999833
31 0.999859
32 0.999995
33 0.999969
34 0.999976
35 0.999996
36 0.999999
37 0.872893
38 0.908688
39 0.596714
40 0.567322
41 0.622151
42 0.390839
43 0.838123
44 0.649191
0 0.746194
1 0.0352085
2 0.34902
3 0.34902
4 0.34902
5 0.25098
6 0.25098
7 0.25098
8 0.25098
9 0.25098
10 0.25098
11 0.25098
12 0.25098
13 0.14902
14 0.14902
15 0.14902
16 0.14902
17 0.14902
18 0.14902
19 0.99645
20 0.745807
21 0.96036
22 1
23 0.400877
24 0.69756
25 1
26 0.983194
27 0.999949
28 0.989898
29 0.999974
30 0.999856
31 0.999867
32 0.999996
33 0.99997
34 0.999979
35 0.999996
36 0.999999
37 0.872741
38 0.908086
39 0.602326
40 0.53371
41 0.634864
42 0.379972
43 0.843117
44 0.631142
0 0.90129
1 0.0276827
2 0.34902
3 0.34902
4 0.34902
5 0.25098
6 0.25098
7 0.25098
8 0.25098
9 0.25098
10 0.25098
11 0.25098
12 0.25098
13 0.14902
14 0.14902
15 0.14902
16 0.14902
17 0.14902
18 0.14902
19 0.996527
20 0.752711
21 0.961668
22 1
23 0.444114
24 0.696079
25 1
26 0.983588
27 0.999956
28 0.990405
29 0.999986
30 0.999868
31 0.999886
32 0.999996
33 0.99998
34 0.99998
35 0.999997
36 1
37 0.872228
38 0.91849
39 0.597202
40 0.691576
41 0.635358
42 0.486533
43 0.842403
44 0.731698
0 0.183883
1 0.02016
2 0.34902
3 0.34902
4 0.34902
5 0.25098
6 0.25098
7 0.25098
8 0.25098
9 0.25098
10 0.25098
11 0.25098
12 0.25098
13 0.14902
14 0.14902
15 0.14902
16 0.14902
17 0.14902
18 0.14902
19 0.996018
20 0.692795
21 0.959721
22 1
23 0.423873
24 0.694877
25 1
26 0.983585
27 0.999949
28 0.989531
29 0.999982
30 0.99984
31 0.999862
32 0.999995
33 0.999973
34 0.999976
35 0.999997
36 1
37 0.87303
38 0.910769
39 0.598288
40 0.611831
41 0.615959
42 0.409966
43 0.837468
44 0.676287
0 0.543033
1 0.0122598
2 0.34902
3 0.34902
4 0.34902
5 0.25098
6 0.25098
7 0.25098
8 0.25098
9 0.25098
10 0.25098
11 0.25098
12 0.25098
13 0.14902
14 0.14902
15 0.14902
16 0.14902
17 0.14902
18 0.14902
19 0.996385
20 0.724034
21 0.961833
22 1
23 0.449279
24 0.694716
25 1
26 0.984411
27 0.999956
28 0.990616
29 0.999987
30 0.999867
31 0.999876
32 0.999996
33 0.99998
34 0.99998
35 0.999997
36 1
37 0.873103
38 0.915134
39 0.612114
40 0.701726
41 0.636688
42 0.495981
43 0.846568
44 0.736656
end fitness = 11.2222
