brain 22861 fitness=4.71362 numneurons+1=47 maxWeight=8 maxBias=8 redinput=2-6 greeninput=7-12 blueinput=13-16
+0.0000 +0.0000 +0.0000 +0.0000 +0.0000 +0.0000 +0.0000 +0.0000 +0.0000 +0.0000 +0.0000 +0.0000 +0.0000 +0.0000 +0.0000 +0.0000 +0.0000 +0.0000 +0.0000 +0.0000 +0.0000 +0.0000 +0.0000 +0.0000 +0.0000 +0.0000 +0.0000 +0.0000 +0.0000 +0.0000 +0.0000 +0.0000 +0.0000 +0.0000 +0.0000 +0.0000 +0.0000 +0.0000 +0.0000 +0.0000 +0.0000 +0.0000 +0.0000 +0.0000 +0.0000 +0.0000 +0.0000 ;
+0.0000 +0.0000 +0.0000 +0.0000 +0.0000 +0.0000 +0.0000 +0.0000 +0.0000 +0.0000 +0.0000 +0.0000 +0.0000 +0.0000 +0.0000 +0.0000 +0.0000 +0.0000 +0.0000 +0.0000 +0.0000 +0.0000 +0.0000 +0.0000 +0.0000 +0.0000 +0.0000 +0.0000 +0.0000 +0.0000 +0.0000 +0.0000 +0.0000 +0.0000 +0.0000 +0.0000 +0.0000 +0.0000 +0.0000 +0.0000 +0.0000 +0.0000 +0.0000 +0.0000 +0.0000 +0.0000 +0.0000 ;
+0.0000 +0.0000 +0.0000 +0.0000 +0.0000 +0.0000 +0.0000 +0.0000 +0.0000 +0.0000 +0.0000 +0.0000 +0.0000 +0.0000 +0.0000 +0.0000 +0.0000 +0.0000 +0.0000 +0.0000 +0.0000 +0.0000 +0.0000 +0.0000 +0.0000 +0.0000 +0.0000 +0.0000 +0.0000 +0.0000 +0.0000 +0.0000 +0.0000 +0.0000 +0.0000 +0.0000 +0.0000 +0.0000 +0.0000 +0.0000 +0.0000 +0.0000 +0.0000 +0.0000 +0.0000 +0.0000 +0.0000 ;
+0.0000 +0.0000 +0.0000 +0.0000 +0.0000 +0.0000 +0.0000 +0.0000 +0.0000 +0.0000 +0.0000 +0.0000 +0.0000 +0.0000 +0.0000 +0.0000 +0.0000 +0.0000 +0.0000 +0.0000 +0.0000 +0.0000 +0.0000 +0.0000 +0.0000 +0.0000 +0.0000 +0.0000 +0.0000 +0.0000 +0.0000 +0.0000 +0.0000 +0.0000 +0.0000 +0.0000 +0.0000 +0.0000 +0.0000 +0.0000 +0.0000 +0.0000 +0.0000 +0.0000 +0.0000 +0.0000 +0.0000 ;
+0.0000 +0.0000 +0.0000 +0.0000 +0.0000 +0.0000 +0.0000 +0.0000 +0.0000 +0.0000 +0.0000 +0.0000 +0.0000 +0.0000 +0.0000 +0.0000 +0.0000 +0.0000 +0.0000 +0.0000 +0.0000 +0.0000 +0.0000 +0.0000 +0.0000 +0.0000 +0.0000 +0.0000 +0.0000 +0.0000 +0.0000 +0.0000 +0.0000 +0.0000 +0.0000 +0.0000 +0.0000 +0.0000 +0.0000 +0.0000 +0.0000 +0.0000 +0.0000 +0.0000 +0.0000 +0.0000 +0.0000 ;
+0.0000 +0.0000 +0.0000 +0.0000 +0.0000 +0.0000 +0.0000 +0.0000 +0.0000 +0.0000 +0.0000 +0.0000 +0.0000 +0.0000 +0.0000 +0.0000 +0.0000 +0.0000 +0.0000 +0.0000 +0.0000 +0.0000 +0.0000 +0.0000 +0.0000 +0.0000 +0.0000 +0.0000 +0.0000 +0.0000 +0.0000 +0.0000 +0.0000 +0.0000 +0.0000 +0.0000 +0.0000 +0.0000 +0.0000 +0.0000 +0.0000 +0.0000 +0.0000 +0.0000 +0.0000 +0.0000 +0.0000 ;
+0.0000 +0.0000 +0.0000 +0.0000 +0.0000 +0.0000 +0.0000 +0.0000 +0.0000 +0.0000 +0.0000 +0.0000 +0.0000 +0.0000 +0.0000 +0.0000 +0.0000 +0.0000 +0.0000 +0.0000 +0.0000 +0.0000 +0.0000 +0.0000 +0.0000 +0.0000 +0.0000 +0.0000 +0.0000 +0.0000 +0.0000 +0.0000 +0.0000 +0.0000 +0.0000 +0.0000 +0.0000 +0.0000 +0.0000 +0.0000 +0.0000 +0.0000 +0.0000 +0.0000 +0.0000 +0.0000 +0.0000 ;
+0.0000 +0.0000 +0.0000 +0.0000 +0.0000 +0.0000 +0.0000 +0.0000 +0.0000 +0.0000 +0.0000 +0.0000 +0.0000 +0.0000 +0.0000 +0.0000 +0.0000 +0.0000 +0.0000 +0.0000 +0.0000 +0.0000 +0.0000 +0.0000 +0.0000 +0.0000 +0.0000 +0.0000 +0.0000 +0.0000 +0.0000 +0.0000 +0.0000 +0.0000 +0.0000 +0.0000 +0.0000 +0.0000 +0.0000 +0.0000 +0.0000 +0.0000 +0.0000 +0.0000 +0.0000 +0.0000 +0.0000 ;
+0.0000 +0.0000 +0.0000 +0.0000 +0.0000 +0.0000 +0.0000 +0.0000 +0.0000 +0.0000 +0.0000 +0.0000 +0.0000 +0.0000 +0.0000 +0.0000 +0.0000 +0.0000 +0.0000 +0.0000 +0.0000 +0.0000 +0.0000 +0.0000 +0.0000 +0.0000 +0.0000 +0.0000 +0.0000 +0.0000 +0.0000 +0.0000 +0.0000 +0.0000 +0.0000 +0.0000 +0.0000 +0.0000 +0.0000 +0.0000 +0.0000 +0.0000 +0.0000 +0.0000 +0.0000 +0.0000 +0.0000 ;
+0.0000 +0.0000 +0.0000 +0.0000 +0.0000 +0.0000 +0.0000 +0.0000 +0.0000 +0.0000 +0.0000 +0.0000 +0.0000 +0.0000 +0.0000 +0.0000 +0.0000 +0.0000 +0.0000 +0.0000 +0.0000 +0.0000 +0.0000 +0.0000 +0.0000 +0.0000 +0.0000 +0.0000 +0.0000 +0.0000 +0.0000 +0.0000 +0.0000 +0.0000 +0.0000 +0.0000 +0.0000 +0.0000 +0.0000 +0.0000 +0.0000 +0.0000 +0.0000 +0.0000 +0.0000 +0.0000 +0.0000 ;
+0.0000 +0.0000 +0.0000 +0.0000 +0.0000 +0.0000 +0.0000 +0.0000 +0.0000 +0.0000 +0.0000 +0.0000 +0.0000 +0.0000 +0.0000 +0.0000 +0.0000 +0.0000 +0.0000 +0.0000 +0.0000 +0.0000 +0.0000 +0.0000 +0.0000 +0.0000 +0.0000 +0.0000 +0.0000 +0.0000 +0.0000 +0.0000 +0.0000 +0.0000 +0.0000 +0.0000 +0.0000 +0.0000 +0.0000 +0.0000 +0.0000 +0.0000 +0.0000 +0.0000 +0.0000 +0.0000 +0.0000 ;
+0.0000 +0.0000 +0.0000 +0.0000 +0.0000 +0.0000 +0.0000 +0.0000 +0.0000 +0.0000 +0.0000 +0.0000 +0.0000 +0.0000 +0.0000 +0.0000 +0.0000 +0.0000 +0.0000 +0.0000 +0.0000 +0.0000 +0.0000 +0.0000 +0.0000 +0.0000 +0.0000 +0.0000 +0.0000 +0.0000 +0.0000 +0.0000 +0.0000 +0.0000 +0.0000 +0.0000 +0.0000 +0.0000 +0.0000 +0.0000 +0.0000 +0.0000 +0.0000 +0.0000 +0.0000 +0.0000 +0.0000 ;
+0.0000 +0.0000 +0.0000 +0.0000 +0.0000 +0.0000 +0.0000 +0.0000 +0.0000 +0.0000 +0.0000 +0.0000 +0.0000 +0.0000 +0.0000 +0.0000 +0.0000 +0.0000 +0.0000 +0.0000 +0.0000 +0.0000 +0.0000 +0.0000 +0.0000 +0.0000 +0.0000 +0.0000 +0.0000 +0.0000 +0.0000 +0.0000 +0.0000 +0.0000 +0.0000 +0.0000 +0.0000 +0.0000 +0.0000 +0.0000 +0.0000 +0.0000 +0.0000 +0.0000 +0.0000 +0.0000 +0.0000 ;
+0.0000 +0.0000 +0.0000 +0.0000 +0.0000 +0.0000 +0.0000 +0.0000 +0.0000 +0.0000 +0.0000 +0.0000 +0.0000 +0.0000 +0.0000 +0.0000 +0.0000 +0.0000 +0.0000 +0.0000 +0.0000 +0.0000 +0.0000 +0.0000 +0.0000 +0.0000 +0.0000 +0.0000 +0.0000 +0.0000 +0.0000 +0.0000 +0.0000 +0.0000 +0.0000 +0.0000 +0.0000 +0.0000 +0.0000 +0.0000 +0.0000 +0.0000 +0.0000 +0.0000 +0.0000 +0.0000 +0.0000 ;
+0.0000 +0.0000 +0.0000 +0.0000 +0.0000 +0.0000 +0.0000 +0.0000 +0.0000 +0.0000 +0.0000 +0.0000 +0.0000 +0.0000 +0.0000 +0.0000 +0.0000 +0.0000 +0.0000 +0.0000 +0.0000 +0.0000 +0.0000 +0.0000 +0.0000 +0.0000 +0.0000 +0.0000 +0.0000 +0.0000 +0.0000 +0.0000 +0.0000 +0.0000 +0.0000 +0.0000 +0.0000 +0.0000 +0.0000 +0.0000 +0.0000 +0.0000 +0.0000 +0.0000 +0.0000 +0.0000 +0.0000 ;
+0.0000 +0.0000 +0.0000 +0.0000 +0.0000 +0.0000 +0.0000 +0.0000 +0.0000 +0.0000 +0.0000 +0.0000 +0.0000 +0.0000 +0.0000 +0.0000 +0.0000 +0.0000 +0.0000 +0.0000 +0.0000 +0.0000 +0.0000 +0.0000 +0.0000 +0.0000 +0.0000 +0.0000 +0.0000 +0.0000 +0.0000 +0.0000 +0.0000 +0.0000 +0.0000 +0.0000 +0.0000 +0.0000 +0.0000 +0.0000 +0.0000 +0.0000 +0.0000 +0.0000 +0.0000 +0.0000 +0.0000 ;
+0.0000 +0.0000 +0.0000 +0.0000 +0.0000 +0.0000 +0.0000 +0.0000 +0.0000 +0.0000 +0.0000 +0.0000 +0.0000 +0.0000 +0.0000 +0.0000 +0.0000 +0.0000 +0.0000 +0.0000 +0.0000 +0.0000 +0.0000 +0.0000 +0.0000 +0.0000 +0.0000 +0.0000 +0.0000 +0.0000 +0.0000 +0.0000 +0.0000 +0.0000 +0.0000 +0.0000 +0.0000 +0.0000 +0.0000 +0.0000 +0.0000 +0.0000 +0.0000 +0.0000 +0.0000 +0.0000 +0.0000 ;
-0.1197 +0.0000 +0.0009 -0.0251 -0.0023 -0.0000 +0.0000 -0.0654 +0.0000 +0.0515 +0.0388 +0.1719 +0.1237 -0.1783 +0.0000 +0.0000 +0.0000 +0.0000 +0.1141 -0.1257 +0.0319 -0.0323 -0.0000 +0.0314 +0.0000 +0.0000 +0.0231 +0.0000 +0.0563 +0.0000 -0.1668 -0.0554 -0.0819 -0.0000 -0.0583 +0.0000 +0.0000 +0.0000 +0.0000 +0.0000 +0.0000 +0.1690 +0.1727 +0.0000 -0.0904 +0.0000 +0.5563 ;
-0.1177 +0.0000 -0.0383 -0.1424 -0.0408 +0.2607 +0.1325 +0.0016 -0.0491 +0.0056 +0.0000 +0.0000 +0.0000 +0.1277 +0.0000 +0.0031 -0.1244 +0.0297 +0.0000 +0.0307 +0.1435 +0.2821 +0.0000 +0.0000 +0.3432 +0.2614 +0.0000 +0.0000 +0.0000 +0.0000 -0.0983 -0.0393 -0.1387 -0.1499 -0.0220 -0.1411 +0.0000 +0.0000 +0.0000 +0.0000 +0.2728 +0.2820 +0.1652 +0.0000 -0.1607 +0.0000 -0.5441 ;
-0.0001 +0.0490 +0.0377 -0.0612 -0.0056 +0.0000 +0.0000 +0.1499 -0.0648 -0.1606 -0.2000 -0.1297 -0.0096 -0.0123 -0.1295 +0.1462 +0.0000 -0.0275 -0.1551 +0.0000 +0.0000 -0.0207 -0.0148 +0.0000 +0.0000 +0.0973 +0.1191 +0.0000 +0.0000 +0.0000 -0.0575 -0.0000 -0.1217 -0.1867 -0.0280 +0.0000 +0.0000 +0.0000 +0.0000 +0.0000 +0.2385 +0.0000 +0.0000 +0.0000 -0.0511 -0.2630 +0.3098 ;
+0.0000 -0.1716 +0.1201 +0.2366 +0.1116 +0.0000 -0.1249 +0.1725 +0.0000 +0.0000 +0.0000 +0.0000 +0.0000 -0.0052 +0.0677 +0.0010 +0.0000 +0.0000 +0.0598 +0.0000 +0.0000 -0.1070 +0.2380 +0.0057 +0.1969 +0.2415 +0.1041 +0.1657 +0.2196 +0.1044 -0.1401 -0.1949 -0.0040 -0.1564 -0.2095 +0.0000 -0.1051 -0.1984 -0.1696 -0.2243 +0.0000 +0.0000 +0.0000 +0.0000 +0.0000 +0.0000 +0.1373 ;
-0.1141 +0.1078 -0.1439 -0.1298 +0.0000 +0.2286 +0.0000 +0.2560 +0.1408 +0.0322 +0.1724 -0.0670 -0.1732 +0.2068 +0.2793 +0.0000 +0.0000 -0.0380 -0.1444 -0.0109 -0.1281 +0.0000 +0.2209 -0.2124 +0.2689 +0.1726 +0.2511 +0.1094 +0.2797 +0.1943 +0.0000 +0.0000 +0.0000 +0.0000 +0.0000 +0.0000 +0.0000 +0.0000 +0.0000 +0.0000 +0.1756 +0.0987 +0.0627 +0.0689 -0.1927 +0.0000 -0.5409 ;
-0.1192 -0.2432 -0.1931 -0.3802 -0.3774 -0.2393 -0.3053 +0.0000 +0.0000 +0.0000 +0.0000 +0.0000 +0.0000 +0.0063 -0.0304 -0.0000 +0.0000 -0.0000 +0.3007 -0.0535 +0.1891 +0.1268 +0.0000 -0.0254 +0.3395 +0.2640 +0.0000 +0.0000 +0.0000 +0.0000 -0.2190 -0.1561 -0.0089 +0.0000 +0.0000 +0.0000 +0.0000 +0.0000 +0.0000 +0.0000 +0.1738 +0.0874 +0.2788 +0.0000 -0.1830 +0.0000 -0.5501 ;
-0.0066 +0.0865 +0.1525 -0.1685 +0.0675 -0.1343 -0.1939 -0.1940 -0.1430 -0.0627 +0.0000 +0.0000 +0.0000 -0.1220 +0.0218 +0.0000 +0.0000 +0.1124 -0.2283 +0.0000 +0.0000 +0.0794 -0.4613 +0.0000 +0.0000 +0.0000 +0.1410 +0.0000 +0.0000 +0.0000 -0.2496 +0.0000 -0.1834 -0.1361 +0.0000 -0.0643 -0.2056 +0.0000 +0.0000 -0.0871 +0.0000 +0.0000 +0.0000 +0.0000 -0.4217 +0.0000 +0.0039 ;
+0.0000 +0.0000 +0.0526 -0.0299 -0.1458 -0.3533 +0.0000 -0.1701 -0.0284 -0.1519 -0.1277 -0.1321 +0.0000 -0.0266 +0.0103 +0.0000 +0.0000 +0.0000 +0.0000 +0.0000 -0.2040 +0.0000 +0.3779 +0.0000 +0.0000 +0.5001 +0.3844 +0.3712 +0.3221 +0.3590 -0.2194 -0.2064 -0.2120 -0.1281 +0.0000 -0.1449 -0.1968 +0.0000 +0.0000 +0.0000 +0.0623 +0.1401 +0.0000 +0.0000 -0.2373 +0.0000 -0.1216 ;
-0.1776 +0.1776 -0.0800 -0.0187 -0.1221 -0.1914 -0.2731 +0.1104 -0.0225 -0.1436 -0.2277 -0.2437 -0.1189 -0.0396 +0.0000 +0.0000 +0.0000 +0.0000 +0.2914 +0.0000 -0.2707 -0.1322 +0.3495 +0.1033 +0.3797 +0.0000 +0.2728 +0.3330 +0.3541 +0.5045 -0.2225 +0.0000 -0.0916 -0.1669 +0.0000 -0.0686 -0.0452 +0.0000 -0.0551 +0.0000 +0.2049 +0.0000 +0.0824 +0.0000 +0.0000 -0.1642 -0.1216 ;
-0.1493 +0.2542 +0.0571 +0.0060 -0.1796 -0.2048 -0.2120 +0.0913 +0.0000 +0.0082 -0.0858 -0.0491 -0.0247 -0.0357 +0.0000 +0.0000 +0.0455 +0.1386 -0.0574 +0.1081 -0.0430 +0.0125 +0.0445 +0.0122 +0.5216 +0.3920 +0.0000 +0.3035 +0.3277 +0.4274 -0.2066 -0.1938 -0.2016 -0.2454 -0.0686 -0.2246 +0.0000 +0.0000 -0.1484 +0.0000 +0.0775 +0.1794 +0.0000 +0.0000 -0.2754 -0.2242 -0.1216 ;
-0.2180 +0.2537 -0.3187 -0.0735 -0.0201 +0.0019 +0.0000 -0.0978 -0.1086 +0.0958 +0.0000 -0.0472 -0.1992 +0.0000 -0.0105 +0.0000 +0.0000 +0.0000 +0.1959 +0.0000 -0.3539 -0.1993 +0.3875 -0.2771 +0.3403 +0.3073 +0.4230 +0.0000 +0.3523 +0.3164 -0.1016 -0.1171 +0.0000 -0.1061 -0.1972 -0.0744 -0.1191 +0.0000 +0.0000 +0.0000 +0.0000 +0.1577 +0.1090 +0.0000 -0.1770 +0.0000 -0.1216 ;
-0.1152 +0.1810 -0.2560 -0.0816 -0.1287 +0.1081 -0.1970 +0.0000 -0.2277 -0.2189 +0.0923 -0.0740 -0.0756 +0.0000 +0.0000 -0.0235 +0.0000 +0.0000 +0.2049 +0.0000 -0.1835 +0.0128 +0.4387 -0.0527 +0.0000 +0.5165 +0.4281 +0.5284 +0.3102 +0.5047 +0.0000 -0.2269 +0.0000 +0.0000 -0.2287 -0.0748 +0.0000 -0.2302 -0.0599 -0.1165 +0.0000 +0.0462 +0.1077 +0.0000 -0.2328 +0.0000 -0.1216 ;
-0.1792 +0.0711 -0.2659 -0.1724 +0.0901 -0.1601 -0.2088 -0.1449 -0.0181 -0.0542 +0.1860 +0.1019 -0.1357 +0.0000 +0.0000 -0.0182 -0.1238 +0.1109 +0.0040 +0.0573 -0.0519 -0.1553 +0.1130 -0.0608 +0.3730 +0.3769 +0.4065 +0.4472 +0.4308 +0.0000 +0.0000 +0.0000 -0.1806 -0.2446 -0.0534 -0.0546 -0.1664 -0.0947 -0.0173 +0.0000 +0.0000 +0.1924 +0.1087 +0.2205 -0.2144 -0.2262 -0.1216 ;
+0.0000 +0.0000 +0.1118 +0.0016 +0.0031 +0.2228 +0.0000 +0.1266 +0.0000 +0.0000 +0.0000 +0.0000 +0.0000 +0.0000 +0.0000 +0.0000 +0.0000 +0.0000 +0.0000 +0.0000 +0.0000 +0.2103 -0.2747 +0.0000 +0.2610 +0.1730 +0.1356 +0.0000 +0.0000 +0.0000 +0.0000 -0.1833 -0.2343 +0.0000 +0.0000 +0.0000 +0.0000 +0.0000 +0.0000 +0.0000 +0.0620 +0.0000 +0.0949 +0.0980 -0.1682 +0.0000 -0.1216 ;
-0.0044 -0.1314 +0.0585 +0.1931 +0.1286 +0.1113 +0.0000 +0.1860 +0.0000 +0.0000 +0.0000 +0.0000 +0.0000 -0.1009 +0.0000 +0.0000 +0.0000 +0.1457 +0.1073 -0.0469 -0.0202 -0.0849 -0.0612 +0.0000 +0.0160 +0.0792 +0.1040 +0.1604 +0.0000 +0.0000 -0.1766 +0.0000 -0.0915 +0.0000 +0.0000 +0.0000 +0.0000 +0.0000 +0.0000 +0.0000 +0.1611 +0.1999 +0.2236 +0.0000 -0.0000 -0.0712 -0.1216 ;
-0.0007 +0.2490 +0.0696 +0.0513 +0.0411 +0.2146 +0.1495 +0.0390 +0.0000 +0.0000 +0.0000 +0.0000 +0.0000 +0.0000 +0.0000 +0.0000 +0.0000 -0.0970 -0.0114 +0.0000 -0.2481 +0.1257 -0.0305 +0.2517 +0.1276 +0.1409 +0.1746 +0.1213 +0.0000 +0.0000 +0.0000 -0.2005 +0.0000 -0.2079 +0.0000 +0.0000 +0.0000 +0.0000 +0.0000 +0.0000 +0.0253 +0.0824 +0.1772 +0.0000 -0.1012 -0.0209 -0.1216 ;
-0.0025 +0.1529 +0.1428 +0.0044 -0.0281 +0.1410 +0.0000 +0.0542 +0.2448 +0.0000 +0.0000 +0.0000 +0.0000 -0.1638 +0.0000 +0.0000 +0.0000 -0.0278 -0.1464 +0.0596 +0.0000 -0.1646 -0.1551 -0.0689 +0.1665 +0.0926 +0.0405 +0.0000 +0.0000 +0.0000 +0.0000 +0.0000 -0.1652 +0.0000 -0.2208 +0.0000 +0.0000 +0.0000 +0.0000 +0.0000 +0.0518 +0.1643 +0.0567 +0.0000 -0.1424 -0.2811 -0.1216 ;
-0.1011 +0.1643 -0.1647 +0.0039 +0.0133 +0.0729 +0.0048 +0.0000 +0.1461 +0.0000 -0.1936 +0.0000 +0.0000 +0.0000 +0.0000 +0.0000 +0.0000 -0.0211 +0.1481 +0.0448 -0.0978 -0.2255 -0.1211 +0.1972 +0.2097 +0.2428 +0.0981 +0.1110 +0.0000 +0.0000 +0.0000 +0.0000 +0.0000 -0.0348 +0.0000 -0.0969 +0.0000 +0.0000 +0.0000 +0.0000 +0.1170 +0.1453 +0.0384 +0.0000 -0.2335 -0.1382 -0.1216 ;
-0.0017 +0.1829 +0.0132 -0.0725 -0.1581 +0.0228 +0.0000 +0.0000 +0.0000 +0.1658 +0.0000 +0.0000 +0.0000 +0.0000 +0.0575 +0.0000 +0.0000 -0.0400 -0.1043 +0.0000 -0.1571 +0.1277 -0.2654 +0.0000 +0.0000 +0.0335 +0.0996 +0.1655 +0.0563 +0.0000 +0.0000 +0.0000 +0.0000 +0.0000 -0.2435 +0.0000 -0.2238 +0.0000 +0.0000 +0.0000 +0.2483 +0.1508 +0.1453 +0.0000 -0.1073 -0.2676 -0.1216 ;
-0.0006 +0.1629 +0.0000 +0.1858 -0.0466 -0.0232 -0.0014 +0.0000 +0.0000 +0.0000 +0.2675 +0.2299 +0.0000 +0.0000 +0.0000 +0.0000 +0.0000 -0.1235 -0.0009 +0.0592 +0.0000 -0.0000 -0.0592 -0.1529 +0.0000 +0.0000 +0.2242 +0.1520 +0.0971 +0.0000 +0.0000 +0.0000 +0.0000 +0.0000 +0.0000 -0.2242 +0.0000 -0.1892 +0.0000 +0.0000 +0.1137 +0.1844 +0.0391 +0.0000 -0.0352 -0.1658 -0.1216 ;
-0.0562 +0.1867 +0.1228 +0.0027 +0.1136 -0.0149 +0.0889 +0.0000 +0.0000 +0.0000 +0.1215 +0.0000 +0.0000 +0.0000 +0.0000 +0.0114 +0.0000 -0.1139 -0.1118 +0.0000 -0.1545 +0.1679 -0.2616 +0.1885 +0.0000 +0.0000 +0.2386 +0.2228 +0.0195 +0.1444 +0.0000 +0.0000 +0.0000 +0.0000 +0.0000 +0.0000 -0.2362 +0.0000 -0.0942 +0.0000 +0.0000 +0.2442 +0.2333 +0.1199 -0.2277 -0.1878 -0.1216 ;
-0.0021 -0.0443 +0.0000 +0.0289 +0.0557 +0.0276 +0.0447 +0.0000 +0.0000 +0.0000 +0.0000 +0.2232 +0.0000 +0.0000 +0.0000 +0.2789 +0.0000 +0.2295 -0.0125 +0.1657 -0.2101 -0.0737 +0.0793 +0.0000 +0.0000 +0.0000 +0.0000 +0.1244 +0.1422 +0.1865 +0.0000 +0.0000 +0.0000 +0.0000 +0.0000 +0.0000 +0.0000 -0.0655 +0.0000 -0.1029 +0.0000 +0.0909 +0.1550 +0.0941 -0.0000 -0.0000 -0.1216 ;
-0.2268 +0.0782 +0.1027 +0.1127 -0.0820 -0.1699 +0.1694 +0.0000 +0.0000 +0.0000 -0.1344 +0.1902 +0.0860 +0.0000 +0.0000 +0.0000 -0.0561 -0.0000 -0.1234 +0.0177 -0.0112 -0.0671 +0.0884 +0.0200 +0.0000 +0.0000 +0.2239 +0.2595 +0.1073 +0.2807 +0.0000 +0.0000 +0.0000 +0.0000 +0.0000 +0.0000 -0.1761 -0.1947 -0.0838 +0.0000 +0.0000 +0.0623 +0.1341 +0.2572 -0.2312 -0.4061 -0.1216 ;
+0.0000 +0.0000 -0.1758 +0.0696 -0.1736 +0.2395 +0.0522 -0.0022 -0.0106 +0.2443 +0.2227 +0.1305 +0.0000 +0.0000 -0.1036 -0.1603 -0.0602 +0.0000 +0.0000 +0.0000 -0.1555 +0.0000 +0.0000 +0.0399 +0.4707 +0.0000 +0.4903 +0.3085 +0.0000 +0.4703 -0.2071 -0.0601 -0.1044 -0.2166 +0.0000 +0.0000 +0.0000 +0.0000 +0.0000 +0.0000 +0.0000 +0.1673 +0.2248 +0.0000 -0.4203 +0.0000 -0.5232 ;
-0.0056 +0.2326 +0.2649 -0.0405 -0.1770 -0.1742 -0.0200 -0.0939 +0.0896 +0.2035 +0.1416 +0.0738 +0.0000 -0.2444 -0.0568 +0.0835 +0.0000 -0.0000 -0.0692 +0.1674 -0.1650 +0.0000 +0.0000 -0.2223 +0.3090 +0.5017 +0.3485 +0.4272 +0.0000 +0.0000 -0.0339 -0.1962 -0.1024 -0.1320 -0.1529 +0.0000 +0.0000 +0.0000 +0.0000 +0.0000 +0.1361 +0.0000 +0.1080 +0.1062 -0.3210 +0.0000 -0.5232 ;
-0.0074 +0.2634 +0.0662 +0.2977 -0.0916 -0.0697 +0.0862 +0.2080 -0.0944 +0.0234 +0.0205 +0.0539 +0.0000 -0.1085 +0.0937 -0.0696 -0.0612 -0.0481 -0.1384 +0.0000 -0.1196 +0.0000 +0.0000 -0.1412 +0.0000 +0.3933 +0.0000 +0.3739 +0.2915 +0.3281 +0.0000 +0.0000 -0.0407 -0.1460 -0.2431 -0.0182 -0.0007 +0.0000 +0.0000 +0.0000 +0.2311 +0.2741 +0.0000 +0.2746 -0.4279 +0.0000 -0.5232 ;
-0.0588 +0.2562 +0.2199 -0.1934 -0.2651 +0.0297 -0.1459 +0.0000 +0.1269 +0.1406 +0.0116 +0.1480 -0.1164 +0.2194 +0.0845 -0.0038 -0.1787 -0.1134 -0.2080 +0.0471 +0.1160 +0.2579 +0.3420 -0.0628 +0.0000 +0.0000 +0.2360 +0.3298 +0.3335 +0.2977 +0.0000 +0.0000 +0.0000 +0.0000 +0.0000 -0.0985 -0.1141 -0.1435 -0.0261 -0.1317 +0.2299 +0.2191 +0.1456 +0.0000 +0.0000 -0.3896 -0.5232 ;
+0.0000 +0.0000 -0.3109 -0.2576 -0.2098 -0.1910 -0.1060 -0.0253 -0.0046 -0.0049 -0.1824 +0.0000 -0.1868 -0.0695 -0.0208 -0.0758 +0.0000 -0.0000 +0.2421 +0.2121 +0.2713 +0.0000 +0.0000 +0.0000 +0.1249 +0.0000 +0.0000 +0.0000 +0.0000 +0.0000 +0.0000 +0.0000 +0.0000 +0.0000 -0.1878 +0.0000 +0.0000 +0.0000 +0.0000 +0.0000 +0.4272 +0.0000 +0.0000 +0.0000 +0.0000 -0.3793 -0.5232 ;
-0.0971 +0.0000 -0.1868 -0.1453 -0.2770 -0.1770 -0.1079 +0.0000 -0.2081 +0.0592 -0.0516 -0.1879 -0.1564 -0.0427 -0.0694 -0.1162 +0.0000 -0.0000 +0.1826 -0.1675 +0.3565 +0.1417 +0.0000 -0.1713 +0.0000 +0.0000 +0.0000 +0.2630 +0.0000 +0.0000 -0.0476 +0.0000 +0.0000 +0.0000 +0.0000 +0.0000 +0.0000 +0.0000 -0.0000 +0.0000 +0.3381 +0.0000 +0.0000 +0.0000 -0.3320 +0.0000 -0.5232 ;
+0.0000 +0.0000 +0.0000 +0.0000 +0.0000 +0.0000 +0.0000 +0.0000 +0.0000 +0.0000 +0.0000 +0.0000 +0.0000 +0.0000 +0.0000 +0.0000 +0.0000 +0.0000 +0.0000 +0.0000 +0.0000 +0.0000 +0.0000 +0.0000 +0.0000 +0.0000 +0.0000 +0.0000 +0.0000 +0.0000 +0.0000 +0.0000 +0.0000 +0.0000 +0.0000 +0.0000 +0.0000 +0.0000 +0.0000 +0.0000 +0.0000 +0.0000 +0.0000 +0.0000 +0.0000 +0.0000 +0.0000 ;
