brain 22888 fitness=65.1496 numneurons+1=72 maxWeight=8 maxBias=8 redinput=2-8 greeninput=9-23 blueinput=24-24
+0.0000 +0.0000 +0.0000 +0.0000 +0.0000 +0.0000 +0.0000 +0.0000 +0.0000 +0.0000 +0.0000 +0.0000 +0.0000 +0.0000 +0.0000 +0.0000 +0.0000 +0.0000 +0.0000 +0.0000 +0.0000 +0.0000 +0.0000 +0.0000 +0.0000 +0.0000 +0.0000 +0.0000 +0.0000 +0.0000 +0.0000 +0.0000 +0.0000 +0.0000 +0.0000 +0.0000 +0.0000 +0.0000 +0.0000 +0.0000 +0.0000 +0.0000 +0.0000 +0.0000 +0.0000 +0.0000 +0.0000 +0.0000 +0.0000 +0.0000 +0.0000 +0.0000 +0.0000 +0.0000 +0.0000 +0.0000 +0.0000 +0.0000 +0.0000 +0.0000 +0.0000 +0.0000 +0.0000 +0.0000 +0.0000 +0.0000 +0.0000 +0.0000 +0.0000 +0.0000 +0.0000 +0.0000 ;
+0.0000 +0.0000 +0.0000 +0.0000 +0.0000 +0.0000 +0.0000 +0.0000 +0.0000 +0.0000 +0.0000 +0.0000 +0.0000 +0.0000 +0.0000 +0.0000 +0.0000 +0.0000 +0.0000 +0.0000 +0.0000 +0.0000 +0.0000 +0.0000 +0.0000 +0.0000 +0.0000 +0.0000 +0.0000 +0.0000 +0.0000 +0.0000 +0.0000 +0.0000 +0.0000 +0.0000 +0.0000 +0.0000 +0.0000 +0.0000 +0.0000 +0.0000 +0.0000 +0.0000 +0.0000 +0.0000 +0.0000 +0.0000 +0.0000 +0.0000 +0.0000 +0.0000 +0.0000 +0.0000 +0.0000 +0.0000 +0.0000 +0.0000 +0.0000 +0.0000 +0.0000 +0.0000 +0.0000 +0.0000 +0.0000 +0.0000 +0.0000 +0.0000 +0.0000 +0.0000 +0.0000 +0.0000 ;
+0.0000 +0.0000 +0.0000 +0.0000 +0.0000 +0.0000 +0.0000 +0.0000 +0.0000 +0.0000 +0.0000 +0.0000 +0.0000 +0.0000 +0.0000 +0.0000 +0.0000 +0.0000 +0.0000 +0.0000 +0.0000 +0.0000 +0.0000 +0.0000 +0.0000 +0.0000 +0.0000 +0.0000 +0.0000 +0.0000 +0.0000 +0.0000 +0.0000 +0.0000 +0.0000 +0.0000 +0.0000 +0.0000 +0.0000 +0.0000 +0.0000 +0.0000 +0.0000 +0.0000 +0.0000 +0.0000 +0.0000 +0.0000 +0.0000 +0.0000 +0.0000 +0.0000 +0.0000 +0.0000 +0.0000 +0.0000 +0.0000 +0.0000 +0.0000 +0.0000 +0.0000 +0.0000 +0.0000 +0.0000 +0.0000 +0.0000 +0.0000 +0.0000 +0.0000 +0.0000 +0.0000 +0.0000 ;
+0.0000 +0.0000 +0.0000 +0.0000 +0.0000 +0.0000 +0.0000 +0.0000 +0.0000 +0.0000 +0.0000 +0.0000 +0.0000 +0.0000 +0.0000 +0.0000 +0.0000 +0.0000 +0.0000 +0.0000 +0.0000 +0.0000 +0.0000 +0.0000 +0.0000 +0.0000 +0.0000 +0.0000 +0.0000 +0.0000 +0.0000 +0.0000 +0.0000 +0.0000 +0.0000 +0.0000 +0.0000 +0.0000 +0.0000 +0.0000 +0.0000 +0.0000 +0.0000 +0.0000 +0.0000 +0.0000 +0.0000 +0.0000 +0.0000 +0.0000 +0.0000 +0.0000 +0.0000 +0.0000 +0.0000 +0.0000 +0.0000 +0.0000 +0.0000 +0.0000 +0.0000 +0.0000 +0.0000 +0.0000 +0.0000 +0.0000 +0.0000 +0.0000 +0.0000 +0.0000 +0.0000 +0.0000 ;
+0.0000 +0.0000 +0.0000 +0.0000 +0.0000 +0.0000 +0.0000 +0.0000 +0.0000 +0.0000 +0.0000 +0.0000 +0.0000 +0.0000 +0.0000 +0.0000 +0.0000 +0.0000 +0.0000 +0.0000 +0.0000 +0.0000 +0.0000 +0.0000 +0.0000 +0.0000 +0.0000 +0.0000 +0.0000 +0.0000 +0.0000 +0.0000 +0.0000 +0.0000 +0.0000 +0.0000 +0.0000 +0.0000 +0.0000 +0.0000 +0.0000 +0.0000 +0.0000 +0.0000 +0.0000 +0.0000 +0.0000 +0.0000 +0.0000 +0.0000 +0.0000 +0.0000 +0.0000 +0.0000 +0.0000 +0.0000 +0.0000 +0.0000 +0.0000 +0.0000 +0.0000 +0.0000 +0.0000 +0.0000 +0.0000 +0.0000 +0.0000 +0.0000 +0.0000 +0.0000 +0.0000 +0.0000 ;
+0.0000 +0.0000 +0.0000 +0.0000 +0.0000 +0.0000 +0.0000 +0.0000 +0.0000 +0.0000 +0.0000 +0.0000 +0.0000 +0.0000 +0.0000 +0.0000 +0.0000 +0.0000 +0.0000 +0.0000 +0.0000 +0.0000 +0.0000 +0.0000 +0.0000 +0.0000 +0.0000 +0.0000 +0.0000 +0.0000 +0.0000 +0.0000 +0.0000 +0.0000 +0.0000 +0.0000 +0.0000 +0.0000 +0.0000 +0.0000 +0.0000 +0.0000 +0.0000 +0.0000 +0.0000 +0.0000 +0.0000 +0.0000 +0.0000 +0.0000 +0.0000 +0.0000 +0.0000 +0.0000 +0.0000 +0.0000 +0.0000 +0.0000 +0.0000 +0.0000 +0.0000 +0.0000 +0.0000 +0.0000 +0.0000 +0.0000 +0.0000 +0.0000 +0.0000 +0.0000 +0.0000 +0.0000 ;
+0.0000 +0.0000 +0.0000 +0.0000 +0.0000 +0.0000 +0.0000 +0.0000 +0.0000 +0.0000 +0.0000 +0.0000 +0.0000 +0.0000 +0.0000 +0.0000 +0.0000 +0.0000 +0.0000 +0.0000 +0.0000 +0.0000 +0.0000 +0.0000 +0.0000 +0.0000 +0.0000 +0.0000 +0.0000 +0.0000 +0.0000 +0.0000 +0.0000 +0.0000 +0.0000 +0.0000 +0.0000 +0.0000 +0.0000 +0.0000 +0.0000 +0.0000 +0.0000 +0.0000 +0.0000 +0.0000 +0.0000 +0.0000 +0.0000 +0.0000 +0.0000 +0.0000 +0.0000 +0.0000 +0.0000 +0.0000 +0.0000 +0.0000 +0.0000 +0.0000 +0.0000 +0.0000 +0.0000 +0.0000 +0.0000 +0.0000 +0.0000 +0.0000 +0.0000 +0.0000 +0.0000 +0.0000 ;
+0.0000 +0.0000 +0.0000 +0.0000 +0.0000 +0.0000 +0.0000 +0.0000 +0.0000 +0.0000 +0.0000 +0.0000 +0.0000 +0.0000 +0.0000 +0.0000 +0.0000 +0.0000 +0.0000 +0.0000 +0.0000 +0.0000 +0.0000 +0.0000 +0.0000 +0.0000 +0.0000 +0.0000 +0.0000 +0.0000 +0.0000 +0.0000 +0.0000 +0.0000 +0.0000 +0.0000 +0.0000 +0.0000 +0.0000 +0.0000 +0.0000 +0.0000 +0.0000 +0.0000 +0.0000 +0.0000 +0.0000 +0.0000 +0.0000 +0.0000 +0.0000 +0.0000 +0.0000 +0.0000 +0.0000 +0.0000 +0.0000 +0.0000 +0.0000 +0.0000 +0.0000 +0.0000 +0.0000 +0.0000 +0.0000 +0.0000 +0.0000 +0.0000 +0.0000 +0.0000 +0.0000 +0.0000 ;
+0.0000 +0.0000 +0.0000 +0.0000 +0.0000 +0.0000 +0.0000 +0.0000 +0.0000 +0.0000 +0.0000 +0.0000 +0.0000 +0.0000 +0.0000 +0.0000 +0.0000 +0.0000 +0.0000 +0.0000 +0.0000 +0.0000 +0.0000 +0.0000 +0.0000 +0.0000 +0.0000 +0.0000 +0.0000 +0.0000 +0.0000 +0.0000 +0.0000 +0.0000 +0.0000 +0.0000 +0.0000 +0.0000 +0.0000 +0.0000 +0.0000 +0.0000 +0.0000 +0.0000 +0.0000 +0.0000 +0.0000 +0.0000 +0.0000 +0.0000 +0.0000 +0.0000 +0.0000 +0.0000 +0.0000 +0.0000 +0.0000 +0.0000 +0.0000 +0.0000 +0.0000 +0.0000 +0.0000 +0.0000 +0.0000 +0.0000 +0.0000 +0.0000 +0.0000 +0.0000 +0.0000 +0.0000 ;
+0.0000 +0.0000 +0.0000 +0.0000 +0.0000 +0.0000 +0.0000 +0.0000 +0.0000 +0.0000 +0.0000 +0.0000 +0.0000 +0.0000 +0.0000 +0.0000 +0.0000 +0.0000 +0.0000 +0.0000 +0.0000 +0.0000 +0.0000 +0.0000 +0.0000 +0.0000 +0.0000 +0.0000 +0.0000 +0.0000 +0.0000 +0.0000 +0.0000 +0.0000 +0.0000 +0.0000 +0.0000 +0.0000 +0.0000 +0.0000 +0.0000 +0.0000 +0.0000 +0.0000 +0.0000 +0.0000 +0.0000 +0.0000 +0.0000 +0.0000 +0.0000 +0.0000 +0.0000 +0.0000 +0.0000 +0.0000 +0.0000 +0.0000 +0.0000 +0.0000 +0.0000 +0.0000 +0.0000 +0.0000 +0.0000 +0.0000 +0.0000 +0.0000 +0.0000 +0.0000 +0.0000 +0.0000 ;
+0.0000 +0.0000 +0.0000 +0.0000 +0.0000 +0.0000 +0.0000 +0.0000 +0.0000 +0.0000 +0.0000 +0.0000 +0.0000 +0.0000 +0.0000 +0.0000 +0.0000 +0.0000 +0.0000 +0.0000 +0.0000 +0.0000 +0.0000 +0.0000 +0.0000 +0.0000 +0.0000 +0.0000 +0.0000 +0.0000 +0.0000 +0.0000 +0.0000 +0.0000 +0.0000 +0.0000 +0.0000 +0.0000 +0.0000 +0.0000 +0.0000 +0.0000 +0.0000 +0.0000 +0.0000 +0.0000 +0.0000 +0.0000 +0.0000 +0.0000 +0.0000 +0.0000 +0.0000 +0.0000 +0.0000 +0.0000 +0.0000 +0.0000 +0.0000 +0.0000 +0.0000 +0.0000 +0.0000 +0.0000 +0.0000 +0.0000 +0.0000 +0.0000 +0.0000 +0.0000 +0.0000 +0.0000 ;
+0.0000 +0.0000 +0.0000 +0.0000 +0.0000 +0.0000 +0.0000 +0.0000 +0.0000 +0.0000 +0.0000 +0.0000 +0.0000 +0.0000 +0.0000 +0.0000 +0.0000 +0.0000 +0.0000 +0.0000 +0.0000 +0.0000 +0.0000 +0.0000 +0.0000 +0.0000 +0.0000 +0.0000 +0.0000 +0.0000 +0.0000 +0.0000 +0.0000 +0.0000 +0.0000 +0.0000 +0.0000 +0.0000 +0.0000 +0.0000 +0.0000 +0.0000 +0.0000 +0.0000 +0.0000 +0.0000 +0.0000 +0.0000 +0.0000 +0.0000 +0.0000 +0.0000 +0.0000 +0.0000 +0.0000 +0.0000 +0.0000 +0.0000 +0.0000 +0.0000 +0.0000 +0.0000 +0.0000 +0.0000 +0.0000 +0.0000 +0.0000 +0.0000 +0.0000 +0.0000 +0.0000 +0.0000 ;
+0.0000 +0.0000 +0.0000 +0.0000 +0.0000 +0.0000 +0.0000 +0.0000 +0.0000 +0.0000 +0.0000 +0.0000 +0.0000 +0.0000 +0.0000 +0.0000 +0.0000 +0.0000 +0.0000 +0.0000 +0.0000 +0.0000 +0.0000 +0.0000 +0.0000 +0.0000 +0.0000 +0.0000 +0.0000 +0.0000 +0.0000 +0.0000 +0.0000 +0.0000 +0.0000 +0.0000 +0.0000 +0.0000 +0.0000 +0.0000 +0.0000 +0.0000 +0.0000 +0.0000 +0.0000 +0.0000 +0.0000 +0.0000 +0.0000 +0.0000 +0.0000 +0.0000 +0.0000 +0.0000 +0.0000 +0.0000 +0.0000 +0.0000 +0.0000 +0.0000 +0.0000 +0.0000 +0.0000 +0.0000 +0.0000 +0.0000 +0.0000 +0.0000 +0.0000 +0.0000 +0.0000 +0.0000 ;
+0.0000 +0.0000 +0.0000 +0.0000 +0.0000 +0.0000 +0.0000 +0.0000 +0.0000 +0.0000 +0.0000 +0.0000 +0.0000 +0.0000 +0.0000 +0.0000 +0.0000 +0.0000 +0.0000 +0.0000 +0.0000 +0.0000 +0.0000 +0.0000 +0.0000 +0.0000 +0.0000 +0.0000 +0.0000 +0.0000 +0.0000 +0.0000 +0.0000 +0.0000 +0.0000 +0.0000 +0.0000 +0.0000 +0.0000 +0.0000 +0.0000 +0.0000 +0.0000 +0.0000 +0.0000 +0.0000 +0.0000 +0.0000 +0.0000 +0.0000 +0.0000 +0.0000 +0.0000 +0.0000 +0.0000 +0.0000 +0.0000 +0.0000 +0.0000 +0.0000 +0.0000 +0.0000 +0.0000 +0.0000 +0.0000 +0.0000 +0.0000 +0.0000 +0.0000 +0.0000 +0.0000 +0.0000 ;
+0.0000 +0.0000 +0.0000 +0.0000 +0.0000 +0.0000 +0.0000 +0.0000 +0.0000 +0.0000 +0.0000 +0.0000 +0.0000 +0.0000 +0.0000 +0.0000 +0.0000 +0.0000 +0.0000 +0.0000 +0.0000 +0.0000 +0.0000 +0.0000 +0.0000 +0.0000 +0.0000 +0.0000 +0.0000 +0.0000 +0.0000 +0.0000 +0.0000 +0.0000 +0.0000 +0.0000 +0.0000 +0.0000 +0.0000 +0.0000 +0.0000 +0.0000 +0.0000 +0.0000 +0.0000 +0.0000 +0.0000 +0.0000 +0.0000 +0.0000 +0.0000 +0.0000 +0.0000 +0.0000 +0.0000 +0.0000 +0.0000 +0.0000 +0.0000 +0.0000 +0.0000 +0.0000 +0.0000 +0.0000 +0.0000 +0.0000 +0.0000 +0.0000 +0.0000 +0.0000 +0.0000 +0.0000 ;
+0.0000 +0.0000 +0.0000 +0.0000 +0.0000 +0.0000 +0.0000 +0.0000 +0.0000 +0.0000 +0.0000 +0.0000 +0.0000 +0.0000 +0.0000 +0.0000 +0.0000 +0.0000 +0.0000 +0.0000 +0.0000 +0.0000 +0.0000 +0.0000 +0.0000 +0.0000 +0.0000 +0.0000 +0.0000 +0.0000 +0.0000 +0.0000 +0.0000 +0.0000 +0.0000 +0.0000 +0.0000 +0.0000 +0.0000 +0.0000 +0.0000 +0.0000 +0.0000 +0.0000 +0.0000 +0.0000 +0.0000 +0.0000 +0.0000 +0.0000 +0.0000 +0.0000 +0.0000 +0.0000 +0.0000 +0.0000 +0.0000 +0.0000 +0.0000 +0.0000 +0.0000 +0.0000 +0.0000 +0.0000 +0.0000 +0.0000 +0.0000 +0.0000 +0.0000 +0.0000 +0.0000 +0.0000 ;
+0.0000 +0.0000 +0.0000 +0.0000 +0.0000 +0.0000 +0.0000 +0.0000 +0.0000 +0.0000 +0.0000 +0.0000 +0.0000 +0.0000 +0.0000 +0.0000 +0.0000 +0.0000 +0.0000 +0.0000 +0.0000 +0.0000 +0.0000 +0.0000 +0.0000 +0.0000 +0.0000 +0.0000 +0.0000 +0.0000 +0.0000 +0.0000 +0.0000 +0.0000 +0.0000 +0.0000 +0.0000 +0.0000 +0.0000 +0.0000 +0.0000 +0.0000 +0.0000 +0.0000 +0.0000 +0.0000 +0.0000 +0.0000 +0.0000 +0.0000 +0.0000 +0.0000 +0.0000 +0.0000 +0.0000 +0.0000 +0.0000 +0.0000 +0.0000 +0.0000 +0.0000 +0.0000 +0.0000 +0.0000 +0.0000 +0.0000 +0.0000 +0.0000 +0.0000 +0.0000 +0.0000 +0.0000 ;
+0.0000 +0.0000 +0.0000 +0.0000 +0.0000 +0.0000 +0.0000 +0.0000 +0.0000 +0.0000 +0.0000 +0.0000 +0.0000 +0.0000 +0.0000 +0.0000 +0.0000 +0.0000 +0.0000 +0.0000 +0.0000 +0.0000 +0.0000 +0.0000 +0.0000 +0.0000 +0.0000 +0.0000 +0.0000 +0.0000 +0.0000 +0.0000 +0.0000 +0.0000 +0.0000 +0.0000 +0.0000 +0.0000 +0.0000 +0.0000 +0.0000 +0.0000 +0.0000 +0.0000 +0.0000 +0.0000 +0.0000 +0.0000 +0.0000 +0.0000 +0.0000 +0.0000 +0.0000 +0.0000 +0.0000 +0.0000 +0.0000 +0.0000 +0.0000 +0.0000 +0.0000 +0.0000 +0.0000 +0.0000 +0.0000 +0.0000 +0.0000 +0.0000 +0.0000 +0.0000 +0.0000 +0.0000 ;
+0.0000 +0.0000 +0.0000 +0.0000 +0.0000 +0.0000 +0.0000 +0.0000 +0.0000 +0.0000 +0.0000 +0.0000 +0.0000 +0.0000 +0.0000 +0.0000 +0.0000 +0.0000 +0.0000 +0.0000 +0.0000 +0.0000 +0.0000 +0.0000 +0.0000 +0.0000 +0.0000 +0.0000 +0.0000 +0.0000 +0.0000 +0.0000 +0.0000 +0.0000 +0.0000 +0.0000 +0.0000 +0.0000 +0.0000 +0.0000 +0.0000 +0.0000 +0.0000 +0.0000 +0.0000 +0.0000 +0.0000 +0.0000 +0.0000 +0.0000 +0.0000 +0.0000 +0.0000 +0.0000 +0.0000 +0.0000 +0.0000 +0.0000 +0.0000 +0.0000 +0.0000 +0.0000 +0.0000 +0.0000 +0.0000 +0.0000 +0.0000 +0.0000 +0.0000 +0.0000 +0.0000 +0.0000 ;
+0.0000 +0.0000 +0.0000 +0.0000 +0.0000 +0.0000 +0.0000 +0.0000 +0.0000 +0.0000 +0.0000 +0.0000 +0.0000 +0.0000 +0.0000 +0.0000 +0.0000 +0.0000 +0.0000 +0.0000 +0.0000 +0.0000 +0.0000 +0.0000 +0.0000 +0.0000 +0.0000 +0.0000 +0.0000 +0.0000 +0.0000 +0.0000 +0.0000 +0.0000 +0.0000 +0.0000 +0.0000 +0.0000 +0.0000 +0.0000 +0.0000 +0.0000 +0.0000 +0.0000 +0.0000 +0.0000 +0.0000 +0.0000 +0.0000 +0.0000 +0.0000 +0.0000 +0.0000 +0.0000 +0.0000 +0.0000 +0.0000 +0.0000 +0.0000 +0.0000 +0.0000 +0.0000 +0.0000 +0.0000 +0.0000 +0.0000 +0.0000 +0.0000 +0.0000 +0.0000 +0.0000 +0.0000 ;
+0.0000 +0.0000 +0.0000 +0.0000 +0.0000 +0.0000 +0.0000 +0.0000 +0.0000 +0.0000 +0.0000 +0.0000 +0.0000 +0.0000 +0.0000 +0.0000 +0.0000 +0.0000 +0.0000 +0.0000 +0.0000 +0.0000 +0.0000 +0.0000 +0.0000 +0.0000 +0.0000 +0.0000 +0.0000 +0.0000 +0.0000 +0.0000 +0.0000 +0.0000 +0.0000 +0.0000 +0.0000 +0.0000 +0.0000 +0.0000 +0.0000 +0.0000 +0.0000 +0.0000 +0.0000 +0.0000 +0.0000 +0.0000 +0.0000 +0.0000 +0.0000 +0.0000 +0.0000 +0.0000 +0.0000 +0.0000 +0.0000 +0.0000 +0.0000 +0.0000 +0.0000 +0.0000 +0.0000 +0.0000 +0.0000 +0.0000 +0.0000 +0.0000 +0.0000 +0.0000 +0.0000 +0.0000 ;
+0.0000 +0.0000 +0.0000 +0.0000 +0.0000 +0.0000 +0.0000 +0.0000 +0.0000 +0.0000 +0.0000 +0.0000 +0.0000 +0.0000 +0.0000 +0.0000 +0.0000 +0.0000 +0.0000 +0.0000 +0.0000 +0.0000 +0.0000 +0.0000 +0.0000 +0.0000 +0.0000 +0.0000 +0.0000 +0.0000 +0.0000 +0.0000 +0.0000 +0.0000 +0.0000 +0.0000 +0.0000 +0.0000 +0.0000 +0.0000 +0.0000 +0.0000 +0.0000 +0.0000 +0.0000 +0.0000 +0.0000 +0.0000 +0.0000 +0.0000 +0.0000 +0.0000 +0.0000 +0.0000 +0.0000 +0.0000 +0.0000 +0.0000 +0.0000 +0.0000 +0.0000 +0.0000 +0.0000 +0.0000 +0.0000 +0.0000 +0.0000 +0.0000 +0.0000 +0.0000 +0.0000 +0.0000 ;
+0.0000 +0.0000 +0.0000 +0.0000 +0.0000 +0.0000 +0.0000 +0.0000 +0.0000 +0.0000 +0.0000 +0.0000 +0.0000 +0.0000 +0.0000 +0.0000 +0.0000 +0.0000 +0.0000 +0.0000 +0.0000 +0.0000 +0.0000 +0.0000 +0.0000 +0.0000 +0.0000 +0.0000 +0.0000 +0.0000 +0.0000 +0.0000 +0.0000 +0.0000 +0.0000 +0.0000 +0.0000 +0.0000 +0.0000 +0.0000 +0.0000 +0.0000 +0.0000 +0.0000 +0.0000 +0.0000 +0.0000 +0.0000 +0.0000 +0.0000 +0.0000 +0.0000 +0.0000 +0.0000 +0.0000 +0.0000 +0.0000 +0.0000 +0.0000 +0.0000 +0.0000 +0.0000 +0.0000 +0.0000 +0.0000 +0.0000 +0.0000 +0.0000 +0.0000 +0.0000 +0.0000 +0.0000 ;
+0.0000 +0.0000 +0.0000 +0.0000 +0.0000 +0.0000 +0.0000 +0.0000 +0.0000 +0.0000 +0.0000 +0.0000 +0.0000 +0.0000 +0.0000 +0.0000 +0.0000 +0.0000 +0.0000 +0.0000 +0.0000 +0.0000 +0.0000 +0.0000 +0.0000 +0.0000 +0.0000 +0.0000 +0.0000 +0.0000 +0.0000 +0.0000 +0.0000 +0.0000 +0.0000 +0.0000 +0.0000 +0.0000 +0.0000 +0.0000 +0.0000 +0.0000 +0.0000 +0.0000 +0.0000 +0.0000 +0.0000 +0.0000 +0.0000 +0.0000 +0.0000 +0.0000 +0.0000 +0.0000 +0.0000 +0.0000 +0.0000 +0.0000 +0.0000 +0.0000 +0.0000 +0.0000 +0.0000 +0.0000 +0.0000 +0.0000 +0.0000 +0.0000 +0.0000 +0.0000 +0.0000 +0.0000 ;
+0.0000 +0.0000 +0.0000 +0.0000 +0.0000 +0.0000 +0.0000 +0.0000 +0.0000 +0.0000 +0.0000 +0.0000 +0.0000 +0.0000 +0.0000 +0.0000 +0.0000 +0.0000 +0.0000 +0.0000 +0.0000 +0.0000 +0.0000 +0.0000 +0.0000 +0.0000 +0.0000 +0.0000 +0.0000 +0.0000 +0.0000 +0.0000 +0.0000 +0.0000 +0.0000 +0.0000 +0.0000 +0.0000 +0.0000 +0.0000 +0.0000 +0.0000 +0.0000 +0.0000 +0.0000 +0.0000 +0.0000 +0.0000 +0.0000 +0.0000 +0.0000 +0.0000 +0.0000 +0.0000 +0.0000 +0.0000 +0.0000 +0.0000 +0.0000 +0.0000 +0.0000 +0.0000 +0.0000 +0.0000 +0.0000 +0.0000 +0.0000 +0.0000 +0.0000 +0.0000 +0.0000 +0.0000 ;
-0.0191 +0.2142 -0.0001 +0.0013 -0.0014 -0.0014 -0.0000 +0.0000 -0.0000 -0.0000 +0.0000 +0.0000 +0.0000 +0.0000 +0.0000 +0.0000 +0.0000 +0.0000 +0.0000 +0.0002 +0.0002 +0.0000 +0.0000 +0.0000 -0.1539 +0.0000 +0.6411 -0.0000 +0.5294 +0.0000 +0.0679 -0.0000 +0.1707 +0.2066 +0.0620 +0.0000 -0.0420 +0.0000 +0.0000 +0.0000 +0.0000 +0.0000 -0.2675 +0.0000 +0.2143 +0.3012 +0.0000 +0.4377 +0.4484 +0.3621 +0.0000 -0.0000 -0.0003 -0.0000 -0.0034 -0.0008 -0.0060 +0.0000 +0.0007 +0.0008 +0.0009 +0.0000 +0.0000 +0.0000 +0.0000 +0.0000 +0.0000 +0.0000 -0.5477 -0.5362 +0.0000 +0.5000 ;
-0.1366 +0.0173 -0.0104 +0.0003 +0.0003 +0.0003 +0.0621 +0.0166 +0.0685 -0.0000 -0.0000 -0.0000 -0.0000 -0.0000 -0.0000 -0.0000 -0.0000 -0.0000 -0.0000 +0.0001 +0.0001 -0.0001 -0.0000 -0.0000 +0.2083 -0.2816 +0.0000 -0.0000 +0.2324 +0.0000 -0.1121 +0.0000 +0.6191 +0.0000 +0.0000 -0.0457 -0.0486 +0.0000 +0.0000 +0.0000 +0.0000 +0.0000 +0.0000 +0.0000 +0.0000 +0.1782 +0.0000 +0.0000 +0.0000 +0.1611 -0.0000 -0.0000 -0.0002 +0.0000 +0.0000 +0.0000 +0.0000 +0.0000 +0.0018 +0.0019 +0.0000 +0.0000 +0.0184 +0.0000 +0.0000 -0.5876 +0.0000 +0.5575 -0.2573 -0.3941 +0.0000 +0.4275 ;
-0.1161 +0.0000 -0.0233 -0.0676 -0.5747 -0.0484 -0.5747 -0.5744 -0.5820 -0.0300 +0.4934 +0.3415 +0.3876 +0.3437 +0.4785 +0.0000 +0.0000 +0.0000 +0.0000 +0.0000 +0.0000 +0.0000 +0.0000 +0.0000 +0.1062 +0.0000 -0.1070 +0.0000 +0.0000 -0.3904 +0.0000 -0.5979 +0.0000 +0.0000 +0.0000 +0.0000 -0.0856 -0.0000 -0.0000 +0.0000 -0.0000 -0.1789 -0.0000 -0.0000 +0.1991 +0.2855 +0.0000 +0.0000 +0.1605 +0.0000 -0.5151 -0.5303 +0.0000 +0.0000 +0.0000 +0.0000 -0.3067 +0.0000 +0.4201 +0.0000 +0.0000 +0.0000 +0.0000 +0.0000 +0.0000 -0.0000 +0.0000 +0.0000 -0.0000 -0.0000 +0.0000 -0.2000 ;
+0.0000 +0.0000 -0.0130 -0.1332 -0.1589 -0.1855 -0.2073 -0.0110 +0.0000 +0.0360 +0.0000 +0.1210 +0.0417 +0.0000 -0.0000 +0.0000 +0.0000 +0.0000 +0.0000 +0.0000 +0.0000 +0.0000 +0.0000 +0.0000 +0.1806 -0.0155 +0.0000 -0.1650 +0.0000 +0.0000 +0.0684 -0.0000 +0.6311 +0.5905 +0.5804 -0.0001 -0.0417 -0.6133 -0.4067 -0.1843 -0.2241 -0.0118 -0.3095 +0.0000 +0.4367 +0.5059 +0.3393 +0.5238 +0.0000 +0.0000 -0.0000 -0.0000 -0.0003 +0.0000 +0.0000 +0.0000 +0.0000 +0.0000 +0.0024 +0.0024 +0.0028 +0.0000 +0.0259 +0.0027 +0.0024 +0.0000 +0.0000 +0.0000 -0.2301 +0.0000 +0.0000 +0.4431 ;
+0.0000 -0.1519 +0.3253 -0.3409 -0.3775 +0.0000 -0.3062 -0.4035 -0.3658 +0.5118 -0.5160 +0.5118 -0.0028 +0.5125 -0.5134 -0.0206 +0.5096 -0.5130 +0.5126 -0.0887 +0.5193 +0.4819 +0.0000 +0.0000 +0.0295 +0.0010 +0.0000 +0.0170 +0.0020 +0.0000 +0.0000 -0.3439 +0.1261 +0.0000 +0.0000 -0.0756 +0.0000 +0.0000 +0.0000 +0.0000 +0.0000 +0.0000 +0.0000 +0.0000 +0.0345 +0.0000 +0.0000 +0.0000 +0.0000 +0.0000 -0.1297 -0.4020 -0.2114 +0.0000 -0.1029 +0.0000 +0.0000 +0.0000 +0.5475 +0.5527 +0.0000 +0.0000 +0.5284 +0.0000 +0.0000 -0.0842 +0.0000 +0.0008 -0.0015 +0.0000 -0.0019 -0.1922 ;
-0.1548 +0.1041 +0.1525 -0.1278 +0.0000 +0.0000 +0.0000 +0.0000 +0.0000 +0.1849 +0.0484 +0.0481 +0.2833 +0.1281 +0.1256 +0.0528 -0.0022 +0.1522 +0.1763 -0.1626 -0.2148 +0.0000 -0.1945 +0.0000 +0.0607 +0.0148 +0.0925 +0.0000 -0.0469 +0.2880 +0.0000 +0.1482 +0.0518 +0.0000 +0.0000 -0.1909 +0.0000 +0.0000 +0.0000 +0.0000 +0.0000 +0.0000 +0.0000 +0.0000 +0.5702 +0.0000 +0.0000 +0.0000 +0.0000 +0.0000 +0.0000 -0.2971 -0.2771 +0.0000 +0.0000 -0.1253 -0.0210 +0.0000 +0.2177 +0.1631 +0.2203 +0.1669 +0.0506 +0.0437 +0.0287 -0.1913 +0.0000 +0.0000 -0.0689 -0.0506 +0.0000 -0.3176 ;
-0.0039 +0.0000 +0.5593 -0.0049 -0.0048 -0.0043 +0.5636 +0.5683 +0.5707 -0.0284 -0.5915 -0.5919 -0.5920 -0.5903 +0.0000 -0.5909 -0.5906 -0.5892 -0.5920 +0.0000 -0.5939 -0.5958 -0.5905 -0.5832 +0.2834 +0.1165 +0.0012 -0.3923 +0.0000 +0.2524 +0.0000 +0.0000 +0.0009 +0.0000 +0.0000 -0.2608 -0.3167 +0.0000 +0.0000 +0.0000 +0.0000 +0.0000 +0.0000 +0.0000 +0.0000 +0.0000 +0.0000 +0.0000 +0.0000 +0.0000 -0.5210 -0.5241 -0.5336 +0.0000 +0.0000 +0.0000 +0.0000 +0.0000 +0.6490 +0.6110 +0.6164 +0.6470 +0.5345 +0.0000 +0.0000 -0.0013 -0.0013 +0.0023 -0.0007 -0.0004 +0.0000 -0.4824 ;
+0.0000 +0.0000 +0.0012 +0.0007 +0.0012 +0.0007 -0.0000 +0.0000 +0.0000 +0.0000 -0.0000 +0.0000 -0.0000 -0.0000 -0.0000 -0.0000 -0.0000 -0.0000 -0.0000 -0.0002 -0.0002 -0.0002 -0.0000 +0.0000 +0.0000 +0.3206 +0.6533 +0.0000 +0.0000 +0.0000 +0.0278 +0.0000 +0.0000 +0.5894 +0.0000 -0.0493 -0.1143 -0.5411 -0.0937 -0.1348 +0.0000 +0.0000 +0.0000 +0.0000 +0.1109 +0.1444 +0.2201 +0.0000 +0.0000 +0.0000 -0.0000 -0.0000 +0.0000 +0.0000 +0.0000 +0.0000 +0.0000 +0.0000 +0.0016 +0.0016 +0.0000 +0.0018 +0.0000 +0.0000 +0.0000 -0.2609 +0.0000 +0.0000 -0.5826 +0.0000 +0.0000 +0.5000 ;
-0.0486 -0.0000 +0.0006 -0.0028 +0.0006 +0.0010 +0.0000 +0.0000 +0.0000 -0.0000 -0.0000 -0.0000 +0.0000 -0.0000 -0.0000 -0.0000 -0.0000 -0.0000 -0.0000 +0.0003 +0.0003 +0.0004 -0.0263 -0.0000 +0.0000 +0.2013 +0.5919 +0.0000 +0.0000 -0.0187 +0.0200 -0.0000 +0.5959 +0.0000 +0.0000 +0.0000 -0.0118 -0.3395 +0.0000 +0.0000 +0.0000 -0.0452 -0.1009 -0.2370 +0.0056 +0.0141 +0.0601 +0.0000 +0.0000 +0.0000 +0.0000 -0.0000 -0.0001 -0.0000 +0.0000 +0.0000 +0.0000 +0.0000 +0.0014 +0.0014 +0.0016 +0.0000 +0.0000 +0.0000 +0.0000 -0.0515 +0.0000 +0.0000 -0.4307 -0.4582 +0.0000 +0.5000 ;
-0.0527 -0.1569 +0.0011 +0.0011 +0.0011 +0.0007 +0.0000 -0.0000 -0.0000 +0.0000 -0.0000 -0.0000 -0.0000 -0.0000 -0.0000 -0.0000 -0.0000 -0.0000 -0.0000 -0.0002 +0.0003 +0.0002 -0.0000 +0.0000 -0.0895 +0.0937 +0.0550 +0.0000 -0.3255 -0.0000 +0.0940 -0.1253 +0.5850 +0.4097 +0.0000 +0.0000 +0.0000 +0.0000 -0.1842 +0.0000 -0.2469 -0.0047 -0.1542 -0.1203 +0.0000 +0.0000 +0.2258 +0.0765 +0.2733 +0.2577 +0.0000 +0.0000 +0.0000 -0.0000 -0.0039 -0.0012 +0.0000 +0.0000 +0.0000 +0.0000 +0.0000 +0.0016 +0.0139 +0.0016 +0.0000 -0.1643 +0.0000 +0.1610 +0.0000 -0.5432 -0.5920 +0.5000 ;
+0.0000 +0.0000 +0.1449 +0.3718 +0.0000 +0.0000 +0.0000 +0.0000 +0.0000 -0.2273 -0.0187 -0.0412 +0.0000 -0.1924 -0.1696 -0.2173 +0.0000 +0.0000 +0.0000 +0.0000 +0.0000 -0.1399 +0.0000 +0.0000 +0.0000 +0.0000 +0.0000 +0.0000 +0.0000 +0.0000 +0.0000 +0.0000 +0.0005 +0.0000 +0.0000 +0.0000 -0.2148 -0.0422 -0.0001 -0.1332 -0.1883 -0.0304 -0.1288 +0.0000 +0.0000 +0.0000 +0.0000 +0.0000 +0.0000 +0.0000 +0.0000 -0.1122 +0.0000 +0.0000 +0.0000 +0.0000 +0.0000 +0.0000 +0.2992 +0.0000 +0.0000 +0.0000 +0.0000 +0.0000 +0.3773 -0.0019 +0.0000 +0.0000 +0.0000 +0.0000 -0.0967 +0.5000 ;
-0.0016 -0.1156 +0.4478 -0.3629 +0.4004 +0.2428 +0.0000 +0.0000 +0.0000 -0.1422 +0.0542 -0.2028 -0.0887 -0.2802 +0.0000 -0.0696 -0.2592 +0.0000 +0.0000 +0.0000 +0.0000 -0.0845 +0.0000 +0.0000 +0.0435 +0.0000 +0.0064 -0.3837 -0.0630 +0.0000 +0.1903 -0.2763 +0.1835 +0.0000 +0.0000 -0.0724 +0.0000 -0.1962 +0.0000 -0.1951 -0.2116 -0.2125 -0.0508 -0.0524 +0.0000 +0.2359 +0.0000 +0.0000 +0.0000 +0.0000 -0.2629 +0.0000 -0.2290 +0.0000 +0.0000 +0.0000 +0.0000 +0.0000 +0.0000 +0.4469 +0.4736 +0.5090 +0.0000 +0.0000 +0.0000 -0.0982 +0.0000 +0.0000 -0.0863 -0.0054 +0.0000 +0.5000 ;
-0.1165 -0.2155 -0.0007 +0.0011 +0.0000 +0.0000 +0.0000 +0.0000 +0.0000 +0.0000 -0.0000 -0.0000 -0.0000 -0.0000 -0.0000 -0.0000 -0.0000 +0.0000 +0.0000 +0.0000 +0.0000 +0.0000 +0.0000 -0.0000 +0.0913 +0.0000 +0.0231 -0.0000 +0.4772 +0.0000 +0.0000 -0.0000 +0.5166 +0.0000 +0.0000 -0.1511 -0.1755 -0.1971 -0.1826 -0.2096 -0.0745 -0.0805 -0.1066 +0.0000 +0.0000 +0.0000 +0.0000 +0.0000 +0.0000 +0.4687 -0.0000 +0.0000 +0.0000 +0.0000 +0.0000 +0.0000 +0.0000 +0.0000 +0.0014 +0.0000 +0.0000 +0.0015 +0.0123 +0.0000 +0.0000 -0.5881 +0.0000 +0.6443 -0.4097 +0.0000 +0.0000 +0.5000 ;
+0.0000 +0.0000 +0.0133 +0.0002 +0.0005 +0.0000 +0.0000 +0.0000 +0.0000 -0.1109 -0.0000 +0.0000 -0.0071 -0.0542 +0.0000 -0.1060 -0.0000 -0.0000 -0.0042 +0.0000 +0.0000 +0.0000 +0.0000 +0.0000 -0.0494 +0.0000 +0.3608 -0.0000 -0.4059 +0.0000 +0.2608 -0.0000 +0.2231 +0.0000 +0.0000 -0.1810 +0.0000 -0.1321 -0.0096 -0.0472 -0.1184 -0.1644 -0.1954 +0.0000 +0.0000 +0.4452 +0.0000 +0.0000 +0.0000 +0.0000 +0.0000 +0.0000 +0.0000 -0.0000 +0.0000 +0.0000 +0.0000 -0.0340 +0.0000 +0.0000 +0.0007 +0.1168 +0.0000 +0.0000 +0.0000 -0.3027 +0.0000 +0.0000 -0.1213 -0.1021 +0.0000 +0.5000 ;
-0.1802 -0.0753 +0.0000 +0.0000 +0.2596 +0.2710 +0.0000 +0.0000 +0.0000 +0.0000 +0.0000 +0.0000 -0.0173 -0.2159 -0.0000 -0.0888 +0.0000 -0.0571 -0.1761 +0.0000 -0.0232 +0.0000 +0.0000 +0.0000 +0.1889 +0.0000 +0.0302 +0.0121 +0.0000 +0.2211 -0.1307 +0.0000 +0.0395 +0.0000 +0.0000 +0.0000 -0.1155 -0.1307 -0.0945 +0.0000 -0.2024 -0.0883 -0.2345 -0.0192 +0.0000 +0.0000 +0.0000 +0.0000 +0.0000 +0.0000 +0.0000 -0.0557 +0.0000 +0.0000 +0.0000 +0.0000 +0.0000 +0.0000 +0.0000 +0.0000 +0.3654 +0.2895 +0.3552 +0.0000 +0.0000 -0.1117 +0.0000 +0.0000 -0.0350 +0.0000 +0.0000 +0.5000 ;
-0.0015 -0.0731 +0.0000 +0.1633 +0.0000 -0.0170 +0.0000 +0.0002 +0.0000 +0.0000 +0.0000 -0.0000 +0.0000 -0.0568 +0.0000 -0.0659 +0.0135 -0.0948 -0.0833 -0.1000 -0.0403 +0.0000 +0.0000 +0.0000 +0.0115 +0.0000 -0.0660 -0.0000 -0.1171 +0.0000 +0.2605 +0.0747 +0.0000 +0.1818 +0.0000 -0.1144 -0.1064 -0.0606 -0.1316 -0.0083 +0.0000 -0.0779 -0.0535 -0.1461 +0.0000 +0.0000 +0.3123 +0.0000 +0.0000 +0.0000 +0.0000 +0.0000 +0.0000 +0.0000 -0.1674 +0.0000 +0.0000 -0.1476 +0.0000 +0.3573 +0.0000 +0.2000 +0.2696 +0.0000 +0.0000 -0.2881 +0.0000 +0.2391 -0.0433 -0.2225 +0.0000 +0.5000 ;
-0.2071 +0.0000 +0.0000 +0.0000 +0.0000 +0.1507 +0.0710 +0.0000 +0.0000 +0.0000 +0.0000 -0.2047 +0.0000 +0.0000 +0.0000 +0.0000 -0.1322 -0.1708 -0.1151 -0.0636 -0.0133 +0.0000 -0.2122 -0.0674 -0.0636 +0.0000 +0.0183 -0.1790 +0.0000 +0.0698 +0.0000 -0.2776 +0.0000 +0.0037 +0.0000 -0.2454 +0.0000 -0.0033 -0.1792 -0.0023 -0.0126 +0.0000 -0.0143 -0.1681 +0.0000 +0.0000 +0.0000 +0.1416 +0.0000 +0.0000 +0.0000 +0.0000 +0.0000 +0.0000 +0.0000 +0.0000 -0.1158 +0.0000 +0.0000 +0.0000 +0.0000 +0.4381 +0.2263 +0.0000 +0.0000 -0.0293 +0.0000 +0.0000 +0.0000 -0.0025 +0.0000 +0.5000 ;
-0.0009 -0.1185 +0.0000 +0.0000 +0.0000 +0.0000 +0.1077 +0.0002 +0.0869 +0.0000 +0.0000 +0.0000 +0.0000 +0.0000 +0.0000 +0.0000 -0.0375 -0.0095 -0.0624 -0.0000 -0.0136 -0.0143 -0.0702 -0.0000 +0.0100 +0.0000 -0.0238 -0.0000 -0.2302 +0.0000 +0.0081 -0.0000 +0.0000 +0.2153 +0.0000 +0.0000 -0.1713 +0.0000 -0.0458 -0.0359 -0.0306 -0.0862 -0.0022 -0.0139 +0.0000 +0.0000 +0.0000 +0.1891 +0.0000 +0.0000 +0.0000 +0.0000 +0.0000 +0.0000 +0.0000 -0.0000 -0.0000 +0.0000 +0.0000 +0.0002 +0.0000 +0.0002 +0.0000 +0.0002 +0.0000 +0.0000 -0.1087 +0.0000 +0.0000 -0.2067 -0.0510 +0.5000 ;
-0.1537 -0.0896 +0.0000 +0.0000 +0.0000 +0.0987 +0.0000 -0.0293 +0.0696 +0.0000 +0.0000 +0.0000 +0.0000 +0.0000 +0.0000 -0.0296 -0.0000 +0.0000 -0.0075 -0.0461 -0.0305 -0.0168 -0.0000 -0.0152 +0.0401 -0.0985 -0.0438 -0.0000 -0.2231 +0.1998 +0.1740 +0.1093 +0.0000 +0.1954 +0.0990 -0.0208 -0.0442 -0.0654 -0.2036 +0.0000 -0.0300 -0.1267 -0.0849 -0.0284 +0.0000 +0.0000 +0.0000 +0.0000 +0.0000 +0.0589 -0.0861 -0.0145 +0.0000 +0.0000 +0.0000 +0.0000 +0.0000 +0.0000 +0.0739 +0.0000 +0.2493 +0.0000 +0.3368 +0.0000 +0.0000 -0.2095 -0.1612 +0.4161 +0.0000 -0.1199 -0.1021 +0.5000 ;
-0.0031 +0.0000 +0.0398 +0.0265 -0.0565 -0.1479 -0.0594 -0.1412 +0.0000 -0.0236 +0.0000 +0.1003 +0.1534 +0.1799 +0.2820 +0.1342 +0.1680 +0.1617 +0.2212 +0.0000 +0.0000 +0.0000 +0.0000 +0.0000 +0.0000 +0.0000 +0.0000 +0.0000 +0.0000 +0.0000 +0.0000 +0.0375 +0.0000 +0.0000 +0.0000 -0.0081 -0.0538 -0.4083 -0.1735 -0.0188 +0.0000 -0.0913 +0.0000 +0.0000 +0.0000 +0.6567 +0.6497 +0.6496 +0.0000 +0.0000 -0.2246 -0.0803 -0.0932 -0.0661 +0.0000 +0.0000 +0.0000 +0.0000 +0.1460 +0.1624 +0.1299 +0.2236 +0.0000 +0.0000 +0.0000 -0.2640 +0.0000 +0.0000 +0.0000 +0.0000 +0.0000 -0.5000 ;
-0.0528 +0.0000 +0.0390 -0.0554 +0.0409 +0.0429 -0.0684 -0.0637 -0.0616 +0.1347 +0.0000 +0.0000 +0.0000 +0.0854 +0.1230 +0.0860 +0.0838 +0.0799 +0.0926 +0.0000 +0.0000 +0.0000 +0.0000 +0.0000 -0.2707 +0.4702 -0.2727 -0.0027 -0.3424 +0.0000 -0.0833 +0.0340 +0.2630 +0.0000 +0.0000 -0.1356 +0.0000 -0.3272 +0.0000 -0.1318 -0.2991 -0.1794 -0.1815 -0.1326 +0.6570 +0.0000 +0.6578 +0.6600 +0.6674 +0.0000 -0.0714 -0.0947 -0.1328 -0.0658 +0.0000 -0.0906 +0.0000 +0.0000 +0.1370 +0.1187 +0.1148 +0.0000 +0.2855 +0.1174 +0.0000 -0.1570 -0.1995 +0.3145 +0.0000 +0.0000 +0.0000 -0.5000 ;
-0.0015 +0.0000 -0.0856 +0.0610 +0.1353 -0.1317 -0.0626 -0.2552 -0.1979 +0.1946 +0.3531 +0.2102 +0.2040 -0.0560 -0.1164 +0.3779 +0.4134 +0.2485 +0.3007 +0.0000 +0.0000 +0.0000 +0.0000 +0.0000 +0.0179 +0.0143 -0.1196 -0.2509 -0.2556 +0.2403 -0.5490 -0.0832 +0.0829 +0.0000 +0.0000 -0.0072 -0.0672 -0.3190 +0.0000 -0.0472 -0.2262 -0.2081 -0.0654 +0.0000 +0.6475 +0.6563 +0.0000 +0.6490 +0.6563 +0.0000 -0.0647 -0.1314 -0.2065 -0.1683 +0.0000 +0.0000 +0.0000 +0.0000 +0.3349 +0.0000 +0.3048 +0.3715 +0.0000 +0.3109 +0.3535 -0.2611 +0.0000 +0.0000 +0.0000 -0.1948 +0.0000 -0.5000 ;
-0.2131 +0.0000 -0.0442 -0.0856 +0.0802 +0.0358 +0.0361 -0.0808 -0.0501 +0.0000 +0.0000 +0.0736 +0.0735 +0.0676 +0.0682 +0.0000 +0.0000 +0.0435 +0.0619 +0.0747 +0.0711 +0.0000 +0.0000 +0.0000 +0.0000 +0.4946 -0.3607 +0.1076 +0.0000 +0.0000 +0.5387 +0.0285 +0.0000 +0.2016 +0.0000 -0.0885 -0.1004 -0.4845 -0.3542 +0.0000 -0.2439 +0.0000 -0.0388 +0.0000 +0.0000 +0.6604 +0.6518 +0.0000 +0.6604 +0.0000 +0.0000 -0.0743 -0.1496 -0.0633 -0.0511 -0.0858 +0.0000 +0.0000 +0.0000 +0.1145 +0.1083 +0.1311 +0.1751 +0.1139 +0.0000 -0.1459 -0.2551 +0.3230 +0.0000 +0.0000 +0.0000 -0.5000 ;
-0.0035 +0.0000 -0.0526 -0.0553 -0.0549 +0.0427 +0.0437 -0.0625 -0.0618 +0.0000 +0.0000 +0.0000 +0.0000 +0.0000 +0.0853 +0.0851 +0.0822 +0.0783 +0.0000 +0.0000 +0.0893 +0.0882 +0.0867 +0.0869 -0.1035 +0.4835 -0.2913 -0.0423 -0.2107 +0.0000 -0.5072 +0.0345 +0.0000 +0.2151 +0.0000 -0.0083 -0.1627 -0.4437 +0.0000 +0.0000 -0.1426 -0.0486 -0.0863 -0.0414 +0.0000 +0.0000 +0.6577 +0.6608 +0.6681 +0.6658 +0.0000 +0.0000 -0.0960 -0.0671 -0.0529 -0.0924 +0.0000 +0.0000 +0.0000 +0.0000 +0.1115 +0.1504 +0.1304 +0.1148 +0.1123 -0.1903 +0.0000 +0.0000 +0.0000 +0.0000 +0.0000 -0.5000 ;
-0.1374 +0.0892 -0.0564 -0.0590 -0.0587 -0.1330 +0.0459 -0.0215 +0.0493 +0.0000 +0.0000 +0.0000 +0.0000 +0.0938 +0.0946 +0.0940 +0.0915 +0.0875 +0.0874 +0.0923 -0.0027 +0.0027 +0.0000 +0.1301 +0.1146 +0.0023 -0.3777 -0.1050 +0.1760 -0.1243 -0.0737 +0.0385 +0.0000 +0.0000 +0.0958 -0.0083 +0.0000 +0.0000 -0.2503 -0.0810 -0.1126 -0.2132 -0.0397 -0.1512 +0.0000 +0.6661 +0.6570 +0.6587 +0.6663 +0.0000 -0.0779 +0.0000 +0.0000 -0.1132 +0.0000 -0.0957 -0.0568 -0.1008 +0.0000 +0.1300 +0.1241 +0.0000 +0.3217 +0.1284 +0.1251 -0.3480 -0.1768 +0.3137 +0.0000 +0.0000 -0.3709 -0.5000 ;
+0.0000 +0.2208 -0.5428 +0.0000 +0.0000 +0.5462 +0.5481 +0.5504 +0.0000 -0.5329 -0.0457 +0.0053 -0.0016 +0.5034 +0.5323 +0.0000 -0.5357 -0.5318 +0.0000 -0.4524 -0.5362 +0.0000 +0.0000 -0.4980 +0.0000 +0.0000 +0.0000 +0.0000 +0.0000 +0.0000 +0.0000 +0.0000 +0.0000 +0.0000 +0.0000 -0.2275 -0.4944 -0.0023 -0.0021 +0.0000 +0.0000 +0.0000 +0.0000 +0.0000 +0.0000 +0.0000 +0.0000 +0.0000 +0.0000 +0.2018 +0.0000 -0.2711 -0.1244 -0.1028 -0.0933 -0.2133 +0.0000 -0.2543 +0.5411 +0.5531 +0.5550 +0.5439 +0.5332 +0.5519 +0.0000 -0.0022 +0.0000 +0.0000 +0.0000 +0.0000 +0.0000 -0.5000 ;
+0.0000 +0.0106 +0.5510 -0.0020 +0.5512 +0.5504 +0.0000 +0.0000 -0.5421 +0.0000 -0.0022 -0.0044 -0.5439 -0.0016 +0.0018 -0.0062 -0.5424 +0.0000 +0.0000 +0.0000 +0.0000 -0.5418 -0.5383 +0.5385 -0.0899 -0.1076 +0.0025 +0.2894 -0.0027 +0.3053 -0.3216 +0.0000 +0.0017 +0.0000 +0.0000 +0.0000 -0.4650 +0.0000 -0.0353 -0.1523 -0.1731 +0.0000 -0.1189 +0.0000 +0.1696 +0.0000 +0.0000 +0.0000 +0.0000 +0.0000 +0.0000 -0.1193 -0.2529 -0.1089 -0.2066 -0.2919 -0.1925 -0.2058 +0.5531 +0.5579 +0.5596 +0.5581 +0.5340 +0.5555 +0.5538 -0.0022 +0.0000 +0.0018 +0.0000 -0.0009 +0.0000 -0.5000 ;
+0.0000 +0.1588 -0.5524 -0.5548 +0.0000 +0.5548 +0.0000 +0.5633 +0.5596 +0.0000 -0.0064 -0.0240 -0.0240 -0.0004 -0.0036 +0.0051 -0.5463 +0.0000 +0.0000 +0.0000 -0.5496 +0.0000 -0.5430 -0.5368 +0.2105 +0.0000 -0.0026 -0.3699 +0.1139 -0.1925 +0.0000 +0.0000 +0.0022 +0.0000 +0.0000 -0.3496 -0.4913 -0.0031 -0.0532 +0.0000 +0.0000 +0.0000 +0.0000 +0.0000 +0.2300 +0.0675 +0.0000 +0.0000 +0.0000 +0.0000 -0.1097 -0.2239 -0.1007 -0.3179 -0.1584 +0.0000 +0.0000 -0.2537 +0.5567 +0.5556 +0.5583 +0.5598 +0.4584 +0.5511 +0.5476 -0.0028 +0.0000 +0.0023 +0.0000 +0.0000 +0.0000 -0.5000 ;
-0.0630 +0.1979 +0.5434 -0.0018 -0.0016 +0.0000 +0.0000 +0.5467 +0.0000 +0.0000 +0.0000 -0.0049 -0.0021 +0.0006 -0.0080 -0.0174 +0.0066 -0.5290 -0.5324 -0.5336 +0.0000 +0.0000 +0.0000 +0.0000 -0.1981 -0.0001 +0.0025 +0.1480 -0.0027 +0.4065 -0.2823 +0.0000 +0.0000 +0.0015 +0.0000 -0.3878 -0.5291 -0.0023 -0.0045 -0.0698 +0.0000 +0.0000 +0.0000 +0.0000 +0.0000 +0.1111 +0.0000 +0.0000 +0.0000 +0.0000 -0.2487 -0.1450 -0.1852 -0.0987 -0.1242 -0.1323 +0.0000 -0.2055 +0.5511 +0.5571 +0.5599 +0.5531 +0.4907 +0.5580 +0.5541 -0.0022 -0.0287 +0.0018 -0.0014 +0.0000 +0.0000 -0.5000 ;
+0.0000 +0.1048 +0.0000 +0.5281 -0.5260 -0.0012 +0.5269 +0.0000 +0.5234 +0.0000 +0.0000 +0.0000 -0.5166 -0.4435 -0.0535 -0.1229 -0.0637 +0.0189 +0.0191 -0.4984 -0.4285 +0.0000 +0.0000 +0.0000 -0.0941 +0.0000 +0.0116 +0.0000 +0.0000 +0.3344 +0.0000 +0.0000 +0.0000 +0.0000 +0.0000 +0.0000 +0.0000 -0.0133 -0.0205 -0.3269 -0.1583 +0.0000 +0.0000 +0.0000 +0.0000 +0.0000 +0.2481 +0.0000 +0.0000 +0.0000 +0.0000 +0.0000 -0.3151 -0.3046 -0.0736 -0.1074 -0.0807 -0.1639 +0.5400 +0.5537 +0.5544 +0.5396 +0.5412 +0.5485 +0.5428 -0.0107 +0.0000 +0.0080 +0.0000 +0.0000 +0.0000 -0.5000 ;
+0.0000 +0.1103 +0.0000 +0.0000 +0.0000 -0.5439 -0.0017 +0.5516 +0.5466 +0.0000 +0.0000 +0.0000 +0.0000 +0.0000 -0.5365 -0.0661 -0.0296 -0.0386 -0.0143 -0.0081 -0.0016 -0.5078 -0.4983 -0.5302 +0.2057 -0.0087 -0.0036 -0.3472 +0.1435 -0.1894 -0.2705 +0.0000 +0.0000 +0.0027 +0.0000 +0.0000 +0.0000 +0.0000 -0.0019 -0.1216 -0.1142 +0.0000 -0.0099 -0.0003 +0.0000 +0.0000 +0.2029 +0.1758 +0.0000 +0.0000 +0.0000 -0.3221 -0.1628 -0.3025 -0.1365 -0.0880 -0.2108 -0.1986 +0.5512 +0.5510 +0.5562 +0.5542 +0.5324 +0.5502 +0.5499 -0.0040 +0.0000 +0.0033 +0.0000 -0.0014 +0.0000 -0.5000 ;
+0.0000 +0.0621 +0.0000 +0.0000 +0.5228 -0.5200 +0.5249 -0.0005 +0.5223 +0.0000 +0.0000 +0.0000 -0.5115 +0.0000 +0.0000 -0.3902 -0.3703 -0.0688 +0.1079 -0.1262 -0.0010 +0.0899 +0.4459 -0.4266 -0.1750 +0.0000 +0.0180 +0.2840 -0.0170 +0.2306 +0.0000 +0.0000 +0.0000 +0.0121 +0.0000 +0.0000 +0.0000 +0.0000 +0.0000 -0.0897 -0.2012 -0.1698 +0.0000 -0.0003 +0.0000 +0.0000 +0.0000 +0.0000 +0.2329 +0.0000 +0.0000 +0.0000 -0.2296 -0.3016 -0.0810 -0.1009 -0.0385 -0.2764 +0.5324 +0.4670 +0.5464 +0.4228 +0.4330 +0.5482 +0.5320 +0.0000 -0.0520 +0.0125 +0.0000 +0.0000 +0.0000 -0.5000 ;
-0.2335 +0.0555 +0.0000 +0.0000 +0.0000 +0.5609 +0.5641 -0.0025 -0.0024 +0.0000 -0.5522 -0.5553 +0.0000 +0.0000 +0.0000 -0.5538 -0.5540 -0.5535 +0.5497 -0.0034 -0.0010 -0.0010 -0.0018 -0.0023 +0.0062 -0.1805 +0.0005 -0.2060 +0.0757 +0.2678 -0.1867 +0.0062 +0.0000 +0.0000 +0.0014 -0.4576 +0.0000 +0.0000 +0.0000 -0.1560 -0.0321 -0.2593 -0.0049 +0.0000 +0.0000 +0.0000 +0.0000 +0.0000 +0.0888 +0.1229 -0.3006 -0.2651 -0.1364 -0.1149 -0.2290 -0.2489 -0.1887 +0.0000 +0.5627 +0.5588 +0.5595 +0.5646 +0.5303 +0.5565 +0.5537 -0.0022 -0.0161 +0.0018 -0.0014 +0.0000 +0.0000 -0.5000 ;
-0.0217 +0.0000 +0.4822 -0.0135 +0.4978 +0.5357 +0.0000 +0.5427 +0.5407 +0.0000 -0.3413 +0.2432 -0.2387 -0.2821 +0.3350 -0.2552 -0.1460 -0.2085 +0.0000 +0.0000 +0.6005 +0.0000 +0.0000 +0.0000 +0.0000 +0.0000 +0.0000 +0.0000 +0.0015 +0.0000 +0.0000 +0.0000 +0.0000 +0.0000 +0.0000 -0.2660 -0.1305 -0.0010 -0.0003 +0.0000 -0.0891 -0.1629 -0.0177 +0.0000 +0.0000 +0.0000 +0.0000 +0.0000 +0.0000 +0.0000 -0.4377 -0.4164 -0.4045 -0.3930 -0.2520 -0.3475 +0.0000 +0.0000 +0.0000 +0.2378 +0.0000 +0.0000 +0.0000 +0.0000 +0.0000 +0.0000 +0.0000 +0.0000 -0.0023 +0.0000 +0.0000 -0.5000 ;
-0.0184 -0.0352 +0.5178 +0.5242 +0.5218 +0.5193 +0.5247 -0.0116 +0.5223 -0.1292 -0.1829 -0.1414 -0.2245 +0.5592 -0.3256 -0.2758 -0.2386 -0.3244 +0.0000 +0.0000 +0.5694 +0.0000 +0.5679 +0.0000 +0.0000 -0.0347 -0.0039 +0.2317 +0.0024 +0.0000 +0.0000 +0.0000 +0.0017 +0.0000 +0.0000 -0.0577 +0.0000 +0.0000 -0.0005 -0.0670 -0.0007 -0.0705 -0.1546 -0.0069 +0.0000 +0.0000 +0.0000 +0.0000 +0.0000 +0.0000 -0.3541 -0.3078 -0.2438 -0.2713 -0.2773 -0.4182 +0.0000 +0.0000 +0.2846 +0.0000 +0.1645 +0.0000 +0.0000 +0.0000 +0.0000 -0.0048 +0.0000 +0.0000 -0.0035 +0.0000 +0.0000 -0.5000 ;
-0.0224 -0.0462 +0.0018 +0.5058 +0.5087 +0.5273 +0.5262 +0.4604 +0.5274 +0.0000 +0.0000 -0.3230 +0.3887 +0.2424 +0.4256 -0.1217 -0.2516 -0.1046 +0.0000 +0.0000 +0.0000 +0.0000 -0.1260 -0.2339 +0.3019 -0.0006 +0.0000 +0.2341 +0.0024 +0.4735 +0.0000 +0.0000 +0.0017 +0.0000 +0.0000 -0.1905 -0.2297 -0.0016 +0.0000 -0.1139 -0.0545 -0.2443 -0.0005 +0.0000 +0.0000 +0.0000 +0.0000 +0.0000 +0.0000 +0.0000 -0.2106 -0.3181 -0.2855 -0.4258 -0.2946 -0.4339 +0.0000 +0.0000 +0.0000 +0.0000 +0.0000 +0.0000 +0.0000 +0.0000 +0.1862 +0.0000 +0.0000 +0.0000 -0.0034 -0.0021 +0.0000 -0.5000 ;
-0.0460 -0.1441 -0.0220 +0.5245 +0.0124 +0.5367 +0.5388 +0.5366 +0.5376 +0.0000 +0.0000 +0.0000 -0.1657 +0.4059 -0.1951 +0.0000 -0.3325 +0.4731 -0.2451 +0.4692 -0.2975 +0.0000 +0.0000 +0.0000 +0.0000 +0.0027 -0.0023 -0.5408 -0.0004 +0.0000 +0.0000 +0.5897 +0.0011 +0.0000 +0.0000 -0.2488 -0.2463 +0.0000 -0.0003 -0.1012 -0.1020 -0.2152 -0.1052 +0.0000 +0.1736 +0.0000 +0.0000 +0.0000 +0.0000 +0.0000 -0.3553 -0.4058 -0.3300 -0.3169 -0.4019 -0.3920 +0.0000 +0.0000 +0.0000 +0.0000 +0.2046 +0.0000 +0.2311 +0.0000 +0.0000 -0.0030 +0.0000 +0.0011 -0.0022 +0.0000 +0.0000 -0.5000 ;
-0.0142 -0.0286 +0.3908 +0.5049 +0.4531 +0.1375 +0.4963 +0.5049 +0.3070 +0.0000 +0.0000 -0.0869 +0.0000 +0.0000 -0.2731 +0.0000 +0.3752 +0.4175 +0.3523 -0.2227 -0.1195 -0.2895 -0.1615 +0.0000 +0.2949 -0.0030 +0.0000 +0.2399 +0.0125 +0.4331 +0.0000 +0.0000 +0.0000 +0.0077 +0.0000 +0.0000 +0.0000 -0.0096 -0.0030 -0.0644 -0.1450 -0.1125 -0.0302 -0.0543 +0.0000 +0.0000 +0.0000 +0.0000 +0.0000 +0.0000 +0.0000 -0.1398 -0.1733 -0.2860 -0.1653 -0.1607 -0.0652 +0.0000 +0.0000 +0.0000 +0.0000 +0.0000 +0.0000 +0.3236 +0.0000 +0.0000 +0.0000 +0.0000 -0.0170 -0.0098 +0.0000 -0.5000 ;
-0.0270 -0.0588 +0.5207 +0.5231 +0.5271 +0.5071 -0.0249 +0.5221 +0.4865 +0.0000 +0.5641 +0.5639 +0.0000 +0.0000 +0.0000 -0.3112 -0.1041 -0.2125 +0.4176 -0.2299 -0.3258 -0.2700 -0.1071 +0.0000 +0.0000 -0.0643 -0.0037 +0.3076 +0.0023 +0.0000 +0.0000 +0.0000 +0.0000 +0.0013 +0.0000 +0.0000 +0.0000 -0.0016 -0.0294 -0.1267 -0.1937 -0.0587 -0.0012 -0.0002 +0.0000 +0.0000 +0.0000 +0.0000 +0.0000 +0.0000 +0.0000 +0.0000 -0.3084 -0.2634 -0.2170 -0.4250 -0.3175 -0.4777 +0.0000 +0.0000 +0.0000 +0.0000 +0.2348 +0.0000 +0.2065 -0.0046 +0.0000 +0.0000 +0.0000 -0.0020 +0.0000 -0.5000 ;
-0.0909 +0.0789 +0.4793 +0.5240 +0.5271 +0.5197 -0.0120 +0.4956 -0.0039 +0.5616 +0.0000 -0.1602 -0.1319 -0.1412 +0.0000 +0.0000 -0.2559 +0.0000 -0.1447 -0.0955 -0.3420 -0.2048 +0.4412 +0.5589 +0.2496 +0.0035 -0.0022 -0.1661 -0.0006 +0.0758 -0.0508 +0.4011 +0.0000 +0.0000 +0.0013 +0.0000 +0.0000 -0.0015 -0.0004 -0.2012 -0.0384 -0.2038 -0.0776 -0.0363 +0.0000 +0.0000 +0.0000 +0.0000 +0.0696 +0.0000 +0.0000 +0.0000 -0.3081 -0.3478 -0.2153 -0.2373 -0.1935 -0.4047 +0.0000 +0.0000 +0.0000 +0.0000 +0.3356 +0.2105 +0.0000 +0.0000 -0.0142 +0.0016 +0.0000 -0.0020 -0.0039 -0.5000 ;
+0.0000 -0.2720 -0.0002 -0.0006 +0.0000 +0.0000 +0.0000 +0.0000 +0.0000 -0.0000 -0.0000 -0.0000 +0.0000 +0.0000 +0.0000 +0.0000 +0.0000 +0.0000 -0.0000 +0.0000 +0.0004 +0.0000 +0.0000 +0.0000 +0.0000 +0.0000 +0.0000 -0.0000 +0.6225 +0.0000 +0.0000 -0.1629 +0.0000 +0.0000 +0.0000 +0.0000 +0.0000 +0.0000 +0.0000 +0.0000 +0.0000 -0.0175 +0.0000 +0.0000 +0.5978 +0.6104 +0.5967 +0.0000 +0.0000 +0.0000 -0.0000 -0.0000 +0.0000 +0.0000 +0.0000 +0.0000 +0.0000 +0.0000 +0.0000 +0.0000 +0.0000 +0.0000 +0.0442 +0.0000 +0.0000 +0.0000 +0.0000 +0.0000 +0.0000 +0.0000 +0.0000 -0.5000 ;
-0.0085 -0.0925 +0.0000 +0.0000 -0.0002 +0.0008 -0.0000 +0.0000 +0.0000 +0.0000 +0.0000 -0.0000 -0.0000 -0.0000 +0.0000 +0.0000 -0.0000 -0.0000 +0.0000 +0.0004 +0.0004 +0.0003 +0.0000 -0.0000 -0.1052 -0.0031 -0.0096 +0.0321 +0.6074 -0.0632 +0.0627 -0.0459 +0.0000 +0.0000 +0.0000 +0.0000 +0.0000 +0.0000 -0.1211 -0.2175 +0.0000 +0.0000 +0.0000 +0.0000 +0.0000 +0.6244 +0.6130 +0.6216 +0.6259 +0.0000 +0.0000 +0.0000 +0.0000 -0.1505 -0.0456 +0.0000 +0.0000 +0.0000 +0.0000 +0.0100 +0.0046 +0.0000 +0.0000 +0.0000 +0.0000 +0.0000 +0.0000 +0.0000 +0.0000 +0.0000 +0.0000 -0.5000 ;
-0.0175 -0.0301 +0.0009 -0.0002 +0.0011 +0.0011 +0.0000 +0.0000 +0.0000 -0.0000 -0.0000 -0.0000 -0.0000 +0.0000 +0.0000 +0.0000 +0.0000 +0.0000 +0.0000 +0.0000 +0.0000 +0.0000 +0.0000 +0.0000 +0.1428 +0.0000 -0.0878 -0.0000 +0.5821 -0.0000 +0.0164 -0.0000 +0.5684 +0.0000 +0.0000 -0.2086 +0.0000 -0.0675 -0.1480 -0.1083 -0.1664 +0.0000 +0.0000 +0.0000 +0.3117 +0.4340 +0.0000 +0.0000 +0.0000 +0.0000 -0.0000 +0.0000 +0.0000 +0.0000 -0.0081 -0.0021 -0.0141 -0.0000 +0.0004 +0.0004 +0.0004 +0.0004 +0.0000 +0.0000 +0.0000 -0.4021 +0.0000 +0.0000 -0.2144 +0.0000 +0.0000 +0.5001 ;
+0.0000 +0.0000 -0.0008 -0.0008 -0.0002 -0.0008 -0.0000 +0.0000 +0.0000 -0.0722 -0.0960 -0.0000 -0.1000 -0.0972 -0.0000 -0.0000 -0.0000 +0.0000 -0.0033 +0.0000 -0.0463 +0.0000 +0.0000 +0.0000 +0.0000 +0.0000 +0.0000 -0.1261 +0.0000 +0.0000 +0.0000 -0.0000 +0.0000 +0.0000 +0.0000 -0.0009 +0.0000 +0.0000 +0.0000 +0.0000 +0.0000 +0.0000 +0.0000 +0.0000 +0.1840 +0.3145 +0.1595 +0.0000 +0.2669 +0.2744 +0.0000 +0.0000 +0.0000 +0.0000 +0.0000 +0.0000 +0.0000 +0.0000 +0.0010 +0.0010 +0.0011 +0.0011 +0.0000 +0.0000 +0.0000 -0.3272 -0.2974 +0.0000 +0.0000 -0.4591 +0.0000 +0.5001 ;
-0.0386 +0.0000 -0.0002 -0.0007 -0.0007 -0.0007 -0.0000 +0.0000 +0.0000 +0.0000 +0.0000 +0.0000 -0.1019 -0.0115 -0.0000 -0.0992 -0.0390 +0.0000 +0.0000 -0.0678 -0.0001 -0.0000 -0.0282 -0.0104 +0.2537 +0.1787 +0.0000 -0.0398 -0.5711 +0.0324 +0.0000 -0.0000 +0.0000 +0.0000 +0.0000 +0.0000 +0.0000 +0.0000 -0.2272 +0.0000 +0.0000 +0.0000 +0.0000 +0.0000 +0.0000 +0.1580 +0.2329 +0.1209 +0.2474 +0.2285 +0.0000 +0.0000 +0.0000 +0.0000 +0.0000 +0.0000 +0.0000 +0.0000 +0.0008 +0.0009 +0.0010 +0.0009 +0.0000 +0.0000 +0.0000 -0.2416 -0.2318 +0.2576 -0.4012 +0.0000 +0.0000 +0.5001 ;
-0.2138 +0.0926 +0.0000 +0.0007 -0.0009 -0.0009 -0.0000 -0.0000 -0.0000 -0.0000 -0.0000 -0.0000 -0.0000 -0.0000 -0.0088 -0.0273 -0.0000 -0.0000 -0.0488 +0.0002 +0.0003 +0.0002 +0.0000 +0.0000 +0.1101 +0.0527 +0.6167 -0.0000 -0.0253 -0.0000 +0.0529 -0.0000 +0.0000 +0.0000 +0.0000 +0.0000 +0.0000 +0.0000 +0.0000 +0.0000 -0.3075 +0.0000 +0.0000 +0.0000 +0.2011 +0.0000 +0.0799 +0.1528 +0.3168 +0.3073 +0.0000 +0.0000 +0.0000 +0.0000 +0.0000 +0.0000 +0.0000 +0.0000 +0.0000 +0.0012 +0.0000 +0.0013 +0.0128 +0.0013 +0.0012 -0.2669 -0.2698 +0.5507 +0.0000 -0.5270 +0.0000 +0.5001 ;
+0.0000 +0.0000 +0.0000 +0.0000 +0.0000 +0.0000 +0.0000 +0.0000 +0.0000 +0.0000 +0.0000 +0.0000 +0.0000 +0.0000 +0.0000 +0.0000 +0.0000 +0.0000 +0.0000 +0.0000 +0.0000 +0.0000 +0.0000 +0.0000 +0.0000 +0.0000 +0.0000 +0.0000 +0.0000 +0.0000 +0.0000 +0.0000 +0.0000 +0.0000 +0.0000 +0.0000 +0.0000 +0.0000 +0.0000 +0.0000 +0.0000 +0.0000 +0.0000 +0.0000 +0.0000 +0.0000 +0.0000 +0.0000 +0.0000 +0.0000 +0.0000 +0.0000 +0.0000 +0.0000 +0.0000 +0.0000 +0.0000 +0.0000 +0.0000 +0.0000 +0.0000 +0.0000 +0.0000 +0.0000 +0.0000 +0.0000 +0.0000 +0.0000 +0.0000 +0.0000 +0.0000 +0.0000 ;
