brain 22899 fitness=3.42632 numneurons+1=23 maxWeight=8 maxBias=8 redinput=2-6 greeninput=7-12 blueinput=13-14
+0.0000 +0.0000 +0.0000 +0.0000 +0.0000 +0.0000 +0.0000 +0.0000 +0.0000 +0.0000 +0.0000 +0.0000 +0.0000 +0.0000 +0.0000 +0.0000 +0.0000 +0.0000 +0.0000 +0.0000 +0.0000 +0.0000 +0.0000 ;
+0.0000 +0.0000 +0.0000 +0.0000 +0.0000 +0.0000 +0.0000 +0.0000 +0.0000 +0.0000 +0.0000 +0.0000 +0.0000 +0.0000 +0.0000 +0.0000 +0.0000 +0.0000 +0.0000 +0.0000 +0.0000 +0.0000 +0.0000 ;
+0.0000 +0.0000 +0.0000 +0.0000 +0.0000 +0.0000 +0.0000 +0.0000 +0.0000 +0.0000 +0.0000 +0.0000 +0.0000 +0.0000 +0.0000 +0.0000 +0.0000 +0.0000 +0.0000 +0.0000 +0.0000 +0.0000 +0.0000 ;
+0.0000 +0.0000 +0.0000 +0.0000 +0.0000 +0.0000 +0.0000 +0.0000 +0.0000 +0.0000 +0.0000 +0.0000 +0.0000 +0.0000 +0.0000 +0.0000 +0.0000 +0.0000 +0.0000 +0.0000 +0.0000 +0.0000 +0.0000 ;
+0.0000 +0.0000 +0.0000 +0.0000 +0.0000 +0.0000 +0.0000 +0.0000 +0.0000 +0.0000 +0.0000 +0.0000 +0.0000 +0.0000 +0.0000 +0.0000 +0.0000 +0.0000 +0.0000 +0.0000 +0.0000 +0.0000 +0.0000 ;
+0.0000 +0.0000 +0.0000 +0.0000 +0.0000 +0.0000 +0.0000 +0.0000 +0.0000 +0.0000 +0.0000 +0.0000 +0.0000 +0.0000 +0.0000 +0.0000 +0.0000 +0.0000 +0.0000 +0.0000 +0.0000 +0.0000 +0.0000 ;
+0.0000 +0.0000 +0.0000 +0.0000 +0.0000 +0.0000 +0.0000 +0.0000 +0.0000 +0.0000 +0.0000 +0.0000 +0.0000 +0.0000 +0.0000 +0.0000 +0.0000 +0.0000 +0.0000 +0.0000 +0.0000 +0.0000 +0.0000 ;
+0.0000 +0.0000 +0.0000 +0.0000 +0.0000 +0.0000 +0.0000 +0.0000 +0.0000 +0.0000 +0.0000 +0.0000 +0.0000 +0.0000 +0.0000 +0.0000 +0.0000 +0.0000 +0.0000 +0.0000 +0.0000 +0.0000 +0.0000 ;
+0.0000 +0.0000 +0.0000 +0.0000 +0.0000 +0.0000 +0.0000 +0.0000 +0.0000 +0.0000 +0.0000 +0.0000 +0.0000 +0.0000 +0.0000 +0.0000 +0.0000 +0.0000 +0.0000 +0.0000 +0.0000 +0.0000 +0.0000 ;
+0.0000 +0.0000 +0.0000 +0.0000 +0.0000 +0.0000 +0.0000 +0.0000 +0.0000 +0.0000 +0.0000 +0.0000 +0.0000 +0.0000 +0.0000 +0.0000 +0.0000 +0.0000 +0.0000 +0.0000 +0.0000 +0.0000 +0.0000 ;
+0.0000 +0.0000 +0.0000 +0.0000 +0.0000 +0.0000 +0.0000 +0.0000 +0.0000 +0.0000 +0.0000 +0.0000 +0.0000 +0.0000 +0.0000 +0.0000 +0.0000 +0.0000 +0.0000 +0.0000 +0.0000 +0.0000 +0.0000 ;
+0.0000 +0.0000 +0.0000 +0.0000 +0.0000 +0.0000 +0.0000 +0.0000 +0.0000 +0.0000 +0.0000 +0.0000 +0.0000 +0.0000 +0.0000 +0.0000 +0.0000 +0.0000 +0.0000 +0.0000 +0.0000 +0.0000 +0.0000 ;
+0.0000 +0.0000 +0.0000 +0.0000 +0.0000 +0.0000 +0.0000 +0.0000 +0.0000 +0.0000 +0.0000 +0.0000 +0.0000 +0.0000 +0.0000 +0.0000 +0.0000 +0.0000 +0.0000 +0.0000 +0.0000 +0.0000 +0.0000 ;
+0.0000 +0.0000 +0.0000 +0.0000 +0.0000 +0.0000 +0.0000 +0.0000 +0.0000 +0.0000 +0.0000 +0.0000 +0.0000 +0.0000 +0.0000 +0.0000 +0.0000 +0.0000 +0.0000 +0.0000 +0.0000 +0.0000 +0.0000 ;
+0.0000 +0.0000 +0.0000 +0.0000 +0.0000 +0.0000 +0.0000 +0.0000 +0.0000 +0.0000 +0.0000 +0.0000 +0.0000 +0.0000 +0.0000 +0.0000 +0.0000 +0.0000 +0.0000 +0.0000 +0.0000 +0.0000 +0.0000 ;
-0.0427 +0.1692 +0.0849 -0.0000 +0.0261 -0.0056 +0.0960 -0.0000 +0.0000 +0.0000 +0.0000 +0.0000 +0.0000 -0.1080 +0.0000 +0.0000 +0.3766 -0.0575 +0.4331 -0.0000 +0.0638 +0.0112 +0.5260 ;
-0.0013 -0.0129 -0.0000 +0.0722 +0.0072 +0.0751 +0.0544 -0.0000 +0.0296 -0.1514 -0.0640 -0.0069 -0.0863 -0.2374 +0.0000 +0.1386 +0.0000 +0.0000 -0.3449 -0.1532 +0.0000 +0.1788 +0.5202 ;
-0.0180 -0.1258 -0.3294 +0.0000 +0.0000 +0.0000 +0.0000 +0.0104 -0.1760 -0.2083 -0.3149 -0.1608 +0.0000 +0.0714 +0.0000 -0.0000 +0.0000 +0.0000 +0.0548 +0.4745 -0.3416 -0.4704 -0.5171 ;
-0.0075 +0.0000 +0.0000 +0.0000 +0.0000 +0.0000 -0.0173 +0.1442 +0.0830 -0.0000 -0.0000 -0.0000 -0.0000 -0.1130 +0.0000 +0.5336 +0.1308 +0.0000 +0.0000 -0.0750 -0.1445 -0.0375 +0.5326 ;
-0.1863 +0.2472 -0.1153 -0.2817 -0.1471 -0.2033 +0.0000 +0.0211 +0.2083 +0.4196 +0.2574 +0.3855 +0.3350 +0.0444 +0.0000 -0.0000 -0.0312 -0.1762 +0.0000 +0.0000 -0.1224 -0.4286 -0.5397 ;
-0.1987 +0.1977 +0.1963 +0.2283 +0.0467 +0.0368 -0.0404 -0.1723 -0.0013 +0.0131 +0.1125 -0.0295 +0.0220 +0.0962 +0.0000 +0.0761 +0.0000 +0.0000 +0.0000 +0.1518 +0.0000 +0.0000 -0.4431 ;
-0.1770 -0.1667 -0.1388 +0.0000 -0.1802 -0.3373 -0.3260 -0.2106 +0.2230 +0.0659 +0.0000 +0.0000 +0.0000 -0.0706 +0.0000 +0.0000 +0.0874 +0.0323 -0.0000 -0.1225 +0.0000 +0.0000 -0.5246 ;
+0.0000 +0.0000 +0.0000 +0.0000 +0.0000 +0.0000 +0.0000 +0.0000 +0.0000 +0.0000 +0.0000 +0.0000 +0.0000 +0.0000 +0.0000 +0.0000 +0.0000 +0.0000 +0.0000 +0.0000 +0.0000 +0.0000 +0.0000 ;
