brainFunction 22869 41 15 806 24778 2-4 5-12 13-14
0 0.759453
1 0.123454
2 0.523529
3 0.609447
4 0.683066
5 0.500535
6 0.847059
7 0.39287
8 0.556863
9 0.566488
10 0.329768
11 0.359715
12 0.647772
13 0.468449
14 0.545811
15 0.802069
16 0.996034
17 0.0122057
18 0.967828
19 0.137443
20 0.999541
21 0.633986
22 0.925502
23 0.997721
24 0.997527
25 0.955256
26 0.993034
27 0.999498
28 0.999527
29 0.994574
30 0.889253
31 0.991829
32 0.98064
33 0.723585
34 0.649576
35 0.805717
36 0.994199
37 0.990924
38 0.814212
39 0.979809
40 0.678055
0 0.333357
1 0.328256
2 0.643137
3 0.179501
4 0.0431373
5 0.643137
6 0.643137
7 0.643137
8 0.178253
9 0.00392157
10 0.00392157
11 0.00392157
12 0.00392157
13 0.700891
14 0.960784
15 0.928044
16 0.996159
17 0.00964577
18 0.954731
19 0.0416086
20 0.998627
21 0.600069
22 0.848347
23 0.992622
24 0.974683
25 0.866466
26 0.982705
27 0.997588
28 0.998509
29 0.990851
30 0.886682
31 0.99055
32 0.986411
33 0.86085
34 0.660895
35 0.900397
36 0.98955
37 0.99282
38 0.767655
39 0.973918
40 0.553208
0 0.959581
1 0.320651
2 0.0431373
3 0.0431373
4 0.0431373
5 0.00392157
6 0.00392157
7 0.00392157
8 0.00392157
9 0.00392157
10 0.00392157
11 0.00392157
12 0.00392157
13 0.968627
14 0.968627
15 0.902087
16 0.996148
17 0.00520353
18 0.949151
19 0.101755
20 0.999352
21 0.639608
22 0.832322
23 0.992531
24 0.98626
25 0.852861
26 0.986967
27 0.997945
28 0.998803
29 0.988204
30 0.916774
31 0.989874
32 0.978414
33 0.822718
34 0.642296
35 0.848601
36 0.989809
37 0.99052
38 0.747024
39 0.969392
40 0.616498
0 0.272667
1 0.313398
2 0.00784314
3 0.00784314
4 0.026025
5 0.172549
6 0.172549
7 0.172549
8 0.172549
9 0.172549
10 0.172549
11 0.17861
12 0.160784
13 0.882353
14 0.825668
15 0.922003
16 0.997239
17 0.00656238
18 0.922643
19 0.0833565
20 0.99955
21 0.698296
22 0.839495
23 0.996237
24 0.990192
25 0.840826
26 0.990375
27 0.998756
28 0.99916
29 0.988561
30 0.942664
31 0.992691
32 0.983527
33 0.839371
34 0.563047
35 0.85388
36 0.98855
37 0.992361
38 0.659484
39 0.969191
40 0.56018
0 0.865142
1 0.306821
2 0.0470588
3 0.242959
4 0.162389
5 0.176471
6 0.176471
7 0.174688
8 0.156863
9 0.25098
10 0.244563
11 0.159002
12 0.360784
13 0.678788
14 0.411408
15 0.922682
16 0.998369
17 0.00742128
18 0.929173
19 0.0968052
20 0.999707
21 0.786621
22 0.881941
23 0.9971
24 0.994897
25 0.898545
26 0.994059
27 0.999213
28 0.999571
29 0.986201
30 0.95785
31 0.993819
32 0.989882
33 0.873818
34 0.510962
35 0.861646
36 0.988435
37 0.991585
38 0.649523
39 0.968847
40 0.582364
0 0.525052
1 0.300392
2 0.071123
3 0.153832
4 0.135472
5 0.0705882
6 0.158289
7 0.129412
8 0.173619
9 0.468806
10 0.172906
11 0.157219
12 0.394652
13 0.252763
14 0.500891
15 0.905948
16 0.998457
17 0.00981733
18 0.928033
19 0.098748
20 0.999784
21 0.767993
22 0.913386
23 0.998308
24 0.997679
25 0.914727
26 0.994905
27 0.999486
28 0.999682
29 0.990622
30 0.958101
31 0.995713
32 0.989696
33 0.865835
34 0.496147
35 0.853934
36 0.990463
37 0.992843
38 0.681885
39 0.973162
40 0.607498
0 0.64907
1 0.292866
2 0.254902
3 0.254902
4 0.254902
5 0.254902
6 0.254902
7 0.254902
8 0.254902
9 0.254902
10 0.254902
11 0.254902
12 0.254902
13 0.254902
14 0.254902
15 0.725164
16 0.998394
17 0.00435621
18 0.947976
19 0.259852
20 0.999875
21 0.646921
22 0.928279
23 0.998979
24 0.998434
25 0.955131
26 0.995089
27 0.999813
28 0.999808
29 0.994592
30 0.933202
31 0.995282
32 0.970254
33 0.722353
34 0.567833
35 0.758358
36 0.994388
37 0.9907
38 0.626257
39 0.975796
40 0.617826
0 0.45838
1 0.285059
2 0.74902
3 0.624242
4 0.0631016
5 0.74902
6 0.74902
7 0.74902
8 0.74902
9 0.708378
10 0.291979
11 0.00641711
12 0.231016
13 0.74902
14 0.715151
15 0.914718
16 0.998377
17 0.0070442
18 0.962459
19 0.0602106
20 0.999499
21 0.679802
22 0.871259
23 0.9959
24 0.985352
25 0.89205
26 0.988168
27 0.998923
28 0.999055
29 0.993703
30 0.912093
31 0.991962
32 0.984555
33 0.845623
34 0.66775
35 0.872991
36 0.9919
37 0.992554
38 0.71831
39 0.979606
40 0.498255
0 0.847251
1 0.277493
2 0.0313726
3 0.0313726
4 0.0313725
5 0.176471
6 0.176471
7 0.176471
8 0.176471
9 0.176471
10 0.176471
11 0.176471
12 0.176471
13 0.980392
14 0.980392
15 0.919986
16 0.998562
17 0.00442327
18 0.944829
19 0.0699954
20 0.999808
21 0.748709
22 0.930671
23 0.997137
24 0.995178
25 0.928781
26 0.995047
27 0.999465
28 0.999409
29 0.986375
30 0.897678
31 0.996493
32 0.987579
33 0.86094
34 0.584152
35 0.79921
36 0.991687
37 0.993717
38 0.573232
39 0.980014
40 0.509827
0 0.912308
1 0.270972
2 0.133155
3 0.172192
4 0.206952
5 0.6
6 0.172193
7 0.395009
8 0.51123
9 0.0199643
10 0.101248
11 0.259893
12 0.542959
13 0.342959
14 0.689483
15 0.840285
16 0.997735
17 0.00784801
18 0.963081
19 0.0953692
20 0.999791
21 0.673369
22 0.924624
23 0.997234
24 0.997446
25 0.94311
26 0.996172
27 0.999561
28 0.999591
29 0.993135
30 0.918752
31 0.995766
32 0.98598
33 0.836632
34 0.579928
35 0.826148
36 0.993857
37 0.993274
38 0.742608
39 0.978697
40 0.539509
0 0.816631
1 0.264474
2 0.15615
3 0.0878788
4 0.169875
5 0.6
6 0.378966
7 0.545455
8 0.0114082
9 0.159358
10 0.176471
11 0.514082
12 0
13 0.361141
14 0.556506
15 0.89683
16 0.998498
17 0.00917112
18 0.958706
19 0.0797131
20 0.99967
21 0.702426
22 0.951464
23 0.99879
24 0.998264
25 0.947556
26 0.994801
27 0.99961
28 0.999584
29 0.989242
30 0.94129
31 0.996843
32 0.991165
33 0.896624
34 0.671183
35 0.857478
36 0.994455
37 0.995214
38 0.757484
39 0.981029
40 0.705514
0 0.605694
1 0.258094
2 0.214439
3 0.417825
4 0.0420677
5 0.6
6 0.0545455
7 0.0256684
8 0.496257
9 0.144029
10 0.231016
11 0.058467
12 0
13 0.438503
14 0.42139
15 0.849507
16 0.99837
17 0.00876521
18 0.938763
19 0.0876934
20 0.9998
21 0.636055
22 0.904804
23 0.997123
24 0.99533
25 0.905958
26 0.994417
27 0.999408
28 0.999619
29 0.994609
30 0.96215
31 0.99542
32 0.989161
33 0.872438
34 0.48914
35 0.901186
36 0.995042
37 0.993991
38 0.756789
39 0.976806
40 0.597581
0 0.779649
1 0.251585
2 0.180927
3 0.122995
4 0.10303
5 0
6 0.117647
7 0.477362
8 0.0352941
9 0.287701
10 0.259893
11 0.121212
12 0.0727273
13 0.588235
14 0.472014
15 0.878675
16 0.997746
17 0.00707475
18 0.956293
19 0.0873351
20 0.999672
21 0.598449
22 0.918915
23 0.997774
24 0.997538
25 0.908477
26 0.99321
27 0.999591
28 0.999382
29 0.987145
30 0.930738
31 0.994812
32 0.985015
33 0.871996
34 0.793403
35 0.890993
36 0.99495
37 0.9939
38 0.754449
39 0.979015
40 0.632987
0 0.705039
1 0.244986
2 0.388592
3 0.0620321
4 0.0755793
5 0.901961
6 0.104813
7 0.028877
8 0.137968
9 0.317647
10 0.028877
11 0.0926916
12 0.0613191
13 0.833868
14 0.555793
15 0.901465
16 0.998509
17 0.0109786
18 0.957049
19 0.0711111
20 0.999512
21 0.701438
22 0.937584
23 0.996535
24 0.995486
25 0.934634
26 0.994369
27 0.999185
28 0.999588
29 0.988593
30 0.951803
31 0.995839
32 0.99417
33 0.910249
34 0.629742
35 0.899284
36 0.995136
37 0.995058
38 0.827336
39 0.982841
40 0.735107
0 0.147772
1 0.238544
2 0.0057041
3 0.0745098
4 0.0235294
5 0
6 0
7 0.028877
8 0.240642
9 0.0912656
10 0
11 0
12 0
13 0.385383
14 0.79287
15 0.89988
16 0.998015
17 0.0108903
18 0.960834
19 0.0584586
20 0.999408
21 0.629865
22 0.884763
23 0.995661
24 0.992021
25 0.893105
26 0.991256
27 0.99874
28 0.999274
29 0.992451
30 0.953802
31 0.99502
32 0.992017
33 0.893282
34 0.711393
35 0.925267
36 0.995757
37 0.995395
38 0.856972
39 0.985104
40 0.693877
0 0.335737
1 0.232105
2 0.0470588
3 0.0470588
4 0.0470588
5 0
6 0
7 0
8 0
9 0
10 0
11 0
12 0
13 0.929412
14 0.929412
15 0.880847
16 0.998112
17 0.0105309
18 0.950397
19 0.045974
20 0.999537
21 0.524617
22 0.912713
23 0.995814
24 0.992024
25 0.905111
26 0.992974
27 0.999012
28 0.99945
29 0.991934
30 0.93813
31 0.995355
32 0.991989
33 0.893084
34 0.603551
35 0.918277
36 0.995543
37 0.995344
38 0.792718
39 0.984123
40 0.632682
0 0.954043
1 0.225736
2 0.108378
3 0.0285205
4 0.0235294
5 0
6 0.00641711
7 0.163636
8 0.086631
9 0
10 0
11 0
12 0
13 0.729412
14 0.770053
15 0.873643
16 0.998536
17 0.0121688
18 0.951733
19 0.0543819
20 0.999543
21 0.592094
22 0.915452
23 0.997259
24 0.996161
25 0.925669
26 0.995306
27 0.999314
28 0.999645
29 0.988886
30 0.958982
31 0.994352
32 0.99267
33 0.889453
34 0.541418
35 0.904861
36 0.995847
37 0.994902
38 0.811315
39 0.985454
40 0.620441
0 0.839318
1 0.219508
2 0.17754
3 0.0333333
4 0.0431372
5 0.112299
6 0.317647
7 0.057754
8 0
9 0.0117647
10 0.223529
11 0
12 0
13 0.408556
14 0.780392
15 0.922845
16 0.998842
17 0.0119076
18 0.956042
19 0.062537
20 0.999735
21 0.793505
22 0.91641
23 0.997259
24 0.995976
25 0.939986
26 0.996175
27 0.999376
28 0.999609
29 0.990346
30 0.960635
31 0.997662
32 0.995028
33 0.923943
34 0.63657
35 0.912353
36 0.995721
37 0.996327
38 0.790394
39 0.98556
40 0.605443
0 0.467941
1 0.213209
2 0.0278075
3 0.286453
4 0.271301
5 0.231016
6 0
7 0.00106952
8 0.0117647
9 0.192513
10 0.0926916
11 0.497326
12 0.198574
13 0.278788
14 0.705169
15 0.883294
16 0.999347
17 0.0101531
18 0.963083
19 0.0850541
20 0.999848
21 0.806833
22 0.925015
23 0.998875
24 0.998006
25 0.959203
26 0.99677
27 0.999612
28 0.999741
29 0.992526
30 0.985841
31 0.997319
32 0.994166
33 0.929435
34 0.47364
35 0.920636
36 0.995741
37 0.995911
38 0.831116
39 0.985872
40 0.592163
0 0.113513
1 0.206906
2 0.0598931
3 0.34492
4 0.253476
5 0
6 0
7 0.0188948
8 0.0809269
9 0.409626
10 0.733333
11 0.00392157
12 0.159358
13 0.210695
14 0.886988
15 0.872143
16 0.999163
17 0.00780774
18 0.959185
19 0.0830595
20 0.999877
21 0.738399
22 0.918359
23 0.998355
24 0.997388
25 0.947866
26 0.996584
27 0.999749
28 0.999731
29 0.9916
30 0.949157
31 0.997901
32 0.992985
33 0.912031
34 0.702776
35 0.895654
36 0.994786
37 0.99562
38 0.679843
39 0.983904
40 0.513439
0 0.866419
1 0.20066
2 0.164171
3 0.327807
4 0.220321
5 0.6
6 0.154367
7 0.0688057
8 0.150802
9 0.634938
10 0.00463458
11 0.382888
12 0.295187
13 0.431373
14 0.715151
15 0.916446
16 0.999152
17 0.0163112
18 0.962665
19 0.0729412
20 0.999821
21 0.674479
22 0.93761
23 0.99848
24 0.996077
25 0.938796
26 0.994739
27 0.999489
28 0.999709
29 0.996174
30 0.961117
31 0.998258
32 0.995427
33 0.90722
34 0.686912
35 0.922067
36 0.997002
37 0.99695
38 0.787656
39 0.989902
40 0.710182
0 0.436357
1 0.194552
2 0.247059
3 0.38877
4 0.142246
5 0.0235294
6 0.0057041
7 0.086631
8 0.545811
9 0.00962567
10 0.00392157
11 0.172906
12 0.241355
13 0.884135
14 0.677005
15 0.888746
16 0.999094
17 0.00565131
18 0.933895
19 0.116904
20 0.999909
21 0.705979
22 0.879491
23 0.998334
24 0.996291
25 0.873956
26 0.99561
27 0.999595
28 0.999616
29 0.994761
30 0.969892
31 0.997175
32 0.988414
33 0.857324
34 0.653577
35 0.896873
36 0.997217
37 0.995785
38 0.741313
39 0.987932
40 0.543413
0 0.580383
1 0.187553
2 0.307308
3 0.164171
4 0.316756
5 0.460606
6 0.407843
7 0.371836
8 0.195722
9 0.00392157
10 0.409626
11 0.4082
12 0.6
13 0.926203
14 0.593583
15 0.897811
16 0.999147
17 0.0136324
18 0.943971
19 0.122329
20 0.999915
21 0.733099
22 0.885472
23 0.998604
24 0.996874
25 0.912024
26 0.995555
27 0.999596
28 0.999686
29 0.996457
30 0.983652
31 0.997366
32 0.993106
33 0.89254
34 0.64507
35 0.946741
36 0.998098
37 0.996381
38 0.82385
39 0.987619
40 0.632149
0 0.151069
1 0.180769
2 0.500178
3 0.245633
4 0.261141
5 0.155793
6 0.0909091
7 0.224242
8 0.00392157
9 0.268093
10 0.422103
11 0.355793
12 0.415686
13 0.892692
14 0.593939
15 0.869402
16 0.999071
17 0.00984255
18 0.959865
19 0.130026
20 0.999888
21 0.725877
22 0.889768
23 0.99844
24 0.997156
25 0.923831
26 0.995555
27 0.999613
28 0.999663
29 0.994994
30 0.976732
31 0.997633
32 0.991013
33 0.909714
34 0.72222
35 0.934668
36 0.997009
37 0.996119
38 0.831238
39 0.985937
40 0.58593
0 0.0985951
1 0.174161
2 0.22246
3 0.253119
4 0.329768
5 0.391444
6 0.0527629
7 0.00392157
8 0.00392157
9 0.535829
10 0.458111
11 0.561854
12 0.11123
13 0.835294
14 0.676292
15 0.854573
16 0.99922
17 0.0130474
18 0.963927
19 0.0710055
20 0.999834
21 0.606554
22 0.912296
23 0.998353
24 0.995741
25 0.931191
26 0.995138
27 0.999549
28 0.9997
29 0.995219
30 0.973628
31 0.997289
32 0.993625
33 0.919331
34 0.625428
35 0.935174
36 0.996532
37 0.996377
38 0.810081
39 0.987353
40 0.594185
0 0.710513
1 0.168035
2 0.0392157
3 0.231729
4 0.120499
5 0.00392157
6 0.00392157
7 0.00392157
8 0.129412
9 0.439216
10 0.361497
11 0.127986
12 0.00392157
13 0.785027
14 0.724777
15 0.855097
16 0.999573
17 0.00969764
18 0.948602
19 0.124521
20 0.999926
21 0.72476
22 0.91997
23 0.999079
24 0.997004
25 0.943696
26 0.997127
27 0.999738
28 0.999879
29 0.996241
30 0.976182
31 0.998565
32 0.993885
33 0.895998
34 0.478047
35 0.893373
36 0.996166
37 0.996278
38 0.679426
39 0.988012
40 0.475565
0 0.788148
1 0.161993
2 0.152941
3 0.493048
4 0.396791
5 0.00392157
6 0.447415
7 0.209626
8 0.541176
9 0.541176
10 0.541176
11 0.541176
12 0.273084
13 0.537611
14 0.592513
15 0.833947
16 0.999447
17 0.01072
18 0.949807
19 0.108845
20 0.999935
21 0.675033
22 0.963705
23 0.999382
24 0.999641
25 0.944893
26 0.998081
27 0.999912
28 0.999836
29 0.991629
30 0.977422
31 0.997661
32 0.994857
33 0.919156
34 0.744388
35 0.9071
36 0.9981
37 0.996255
38 0.794587
39 0.988152
40 0.716524
0 0.693274
1 0.156073
2 0.39697
3 0.00392157
4 0.00392157
5 0.964706
6 0.248128
7 0.176471
8 0.176471
9 0.176471
10 0.176471
11 0.176471
12 0.176471
13 0.365775
14 0.141176
15 0.849009
16 0.99959
17 0.0112817
18 0.925396
19 0.11068
20 0.999916
21 0.753114
22 0.955263
23 0.998925
24 0.999173
25 0.92526
26 0.997876
27 0.999826
28 0.999861
29 0.991699
30 0.985111
31 0.997816
32 0.996676
33 0.933802
34 0.611763
35 0.913023
36 0.997781
37 0.996507
38 0.836296
39 0.986987
40 0.783509
0 0.198958
1 0.150224
2 0.00392157
3 0.00392157
4 0.00392157
5 0.176471
6 0.176471
7 0.176471
8 0.176471
9 0.176471
10 0.176471
11 0.176471
12 0.176471
13 0.141176
14 0.141176
15 0.898762
16 0.999575
17 0.00793245
18 0.927738
19 0.0946103
20 0.999924
21 0.776376
22 0.90223
23 0.998528
24 0.997396
25 0.867428
26 0.996403
27 0.999682
28 0.999705
29 0.994396
30 0.983031
31 0.997874
32 0.995332
33 0.913267
34 0.711244
35 0.926669
36 0.997754
37 0.996844
38 0.799603
39 0.989948
40 0.683586
0 0.333997
1 0.144316
2 0.0313726
3 0.0675579
4 0.156684
5 0.172549
6 0.172549
7 0.172549
8 0.172549
9 0.0688057
10 0.144385
11 0.290553
12 0.6
13 0.788948
14 0.453119
15 0.817256
16 0.999557
17 0.00790266
18 0.940189
19 0.176862
20 0.999948
21 0.77635
22 0.927791
23 0.998873
24 0.998495
25 0.924316
26 0.997798
27 0.999784
28 0.999836
29 0.996396
30 0.985435
31 0.998458
32 0.994622
33 0.889329
34 0.592593
35 0.899323
36 0.997983
37 0.996668
38 0.831153
39 0.990141
40 0.662274
0 0.0574259
1 0.138414
2 0.0468806
3 0.151159
4 0.321212
5 0.176471
6 0.42246
7 0.521212
8 0.227451
9 0.176471
10 0.425312
11 0.518004
12 0.346168
13 0.594652
14 0.484135
15 0.887816
16 0.999636
17 0.0132647
18 0.945106
19 0.0985925
20 0.999929
21 0.801356
22 0.921001
23 0.998943
24 0.997966
25 0.923577
26 0.996951
27 0.999769
28 0.999766
29 0.995964
30 0.98387
31 0.99847
32 0.996086
33 0.919776
34 0.704846
35 0.931327
36 0.998105
37 0.997422
38 0.827126
39 0.991583
40 0.666738
0 0.314592
1 0.132547
2 0.118717
3 0.288235
4 0.269519
5 0.227807
6 0.176471
7 0.176471
8 0.176471
9 0.156863
10 0.226025
11 0.353298
12 0.458824
13 0.709091
14 0.563993
15 0.871495
16 0.999498
17 0.0188969
18 0.954286
19 0.0813865
20 0.999906
21 0.722772
22 0.932031
23 0.998997
24 0.998112
25 0.945183
26 0.997236
27 0.999782
28 0.99979
29 0.995553
30 0.981715
31 0.998582
32 0.996177
33 0.92329
34 0.712285
35 0.942721
36 0.99834
37 0.997752
38 0.847853
39 0.992696
40 0.670912
0 0.486077
1 0.126768
2 0.289305
3 0.395187
4 0.280749
5 0.294831
6 0.157219
7 0.120856
8 0.130125
9 0.156863
10 0.156863
11 0.134046
12 0.339394
13 0.71016
14 0.737968
15 0.794958
16 0.999576
17 0.0165493
18 0.947678
19 0.11505
20 0.999925
21 0.662694
22 0.954231
23 0.999036
24 0.998964
25 0.951145
26 0.997917
27 0.999851
28 0.999876
29 0.995529
30 0.982331
31 0.998412
32 0.996302
33 0.920471
34 0.649017
35 0.931953
36 0.998707
37 0.997304
38 0.860497
39 0.991715
40 0.733418
0 0.39176
1 0.120989
2 0.318004
3 0.187166
4 0.124777
5 0.269875
6 0.32549
7 0.32549
8 0.202852
9 0.160071
10 0.16221
11 0.157932
12 0.0973262
13 0.490553
14 0.565775
15 0.836612
16 0.999689
17 0.0182115
18 0.924791
19 0.0991626
20 0.999928
21 0.713612
22 0.955261
23 0.999117
24 0.99915
25 0.927918
26 0.997858
27 0.999862
28 0.999874
29 0.994371
30 0.987131
31 0.998359
32 0.997076
33 0.936437
34 0.652731
35 0.938249
36 0.998496
37 0.997312
38 0.852061
39 0.990523
40 0.759425
0 0.469698
1 0.115336
2 0.192157
3 0.0688057
4 0.141176
5 0.192157
6 0.192157
7 0.190731
8 0.176471
9 0.154011
10 0.141176
11 0.141176
12 0.141176
13 0.401783
14 0.215686
15 0.824354
16 0.999593
17 0.00839633
18 0.964849
19 0.0669303
20 0.9999
21 0.58434
22 0.927081
23 0.998302
24 0.996258
25 0.927597
26 0.996615
27 0.999708
28 0.999727
29 0.995727
30 0.972929
31 0.997849
32 0.994799
33 0.919517
34 0.719102
35 0.939398
36 0.998273
37 0.997173
38 0.83017
39 0.993053
40 0.607175
0 0.811937
1 0.109695
2 0.00962567
3 0
4 0
5 0.173619
6 0.176471
7 0.176471
8 0.176471
9 0.176471
10 0.176471
11 0.176471
12 0.176471
13 0.965419
14 0.972549
15 0.803424
16 0.999548
17 0.0191423
18 0.945441
19 0.103585
20 0.999922
21 0.5133
22 0.944894
23 0.999178
24 0.998563
25 0.919769
26 0.997011
27 0.999827
28 0.999848
29 0.99643
30 0.986488
31 0.998137
32 0.995745
33 0.922903
34 0.686593
35 0.951548
36 0.998844
37 0.997454
38 0.851876
39 0.9914
40 0.738228
0 0.761836
1 0.10399
2 0.329412
3 0.155437
4 0.0322638
5 0.156863
6 0.156863
7 0.156863
8 0.273797
9 0.273797
10 0.289483
11 0
12 0
13 0.950089
14 0.320499
15 0.804468
16 0.999611
17 0.0166314
18 0.935318
19 0.138584
20 0.999904
21 0.638658
22 0.957447
23 0.998933
24 0.999013
25 0.908746
26 0.997552
27 0.999844
28 0.999859
29 0.994707
30 0.988698
31 0.998231
32 0.996943
33 0.930636
34 0.737857
35 0.939165
36 0.998903
37 0.997478
38 0.880507
39 0.991148
40 0.839824
0 0.287435
1 0.0981399
2 0.0695187
3 0.0545455
4 0
5 0.14902
6 0.15615
7 0.229947
8 0.317647
9 0.231016
10 0
11 0
12 0
13 0.733333
14 0.172549
15 0.784126
16 0.999658
17 0.0142731
18 0.949461
19 0.0776054
20 0.999903
21 0.575061
22 0.958708
23 0.998895
24 0.998187
25 0.941346
26 0.99761
27 0.999834
28 0.99984
29 0.995536
30 0.979844
31 0.998418
32 0.995961
33 0.929601
34 0.668664
35 0.941408
36 0.998686
37 0.997728
38 0.85165
39 0.993246
40 0.694094
0 0.896396
1 0.092283
2 0.10713
3 0.141355
4 0.0787879
5 0.156863
6 0.172549
7 0.294118
8 0.317647
9 0.168271
10 0.173975
11 0
12 0
13 0.731194
14 0.665597
15 0.71834
16 0.999822
17 0.00403755
18 0.928531
19 0.454036
20 0.999993
21 0.825962
22 0.945534
23 0.999687
24 0.99892
25 0.970669
26 0.998885
27 0.999969
28 0.999951
29 0.99855
30 0.985806
31 0.9996
32 0.990095
33 0.861587
34 0.611908
35 0.904239
36 0.999127
37 0.997792
38 0.623575
39 0.9938
40 0.325224
0 0.466574
1 0.0865098
2 0.894118
3 0.894118
4 0.894118
5 0.894118
6 0.894118
7 0.894118
8 0.894118
9 0.894118
10 0.894118
11 0.894118
12 0.894118
13 0.894118
14 0.894118
15 0.766813
16 0.999913
17 0.00712852
18 0.963692
19 0.160028
20 0.999989
21 0.765562
22 0.967877
23 0.999637
24 0.999402
25 0.962527
26 0.998738
27 0.99996
28 0.999933
29 0.997707
30 0.986467
31 0.998791
32 0.996751
33 0.928075
34 0.637834
35 0.902667
36 0.998488
37 0.997144
38 0.711305
39 0.993053
40 0.564227
0 0.871322
1 0.0807562
2 0.0117647
3 0.0117647
4 0.0117647
5 0.486275
6 0.486275
7 0.486275
8 0.486275
9 0.486275
10 0.486275
11 0.486275
12 0.486275
13 0.427451
14 0.427451
15 0.836963
16 0.999777
17 0.0283183
18 0.961445
19 0.0965592
20 0.999943
21 0.641503
22 0.956569
23 0.999397
24 0.998968
25 0.933792
26 0.997349
27 0.999875
28 0.999875
29 0.997549
30 0.990123
31 0.998814
32 0.997855
33 0.944765
34 0.774844
35 0.957288
36 0.998882
37 0.998028
38 0.881717
39 0.993479
40 0.809606
0 0.502406
1 0.0750877
2 0.0235294
3 0.168984
4 0
5 0
6 0
7 0.028877
8 0.317647
9 0.317647
10 0.028877
11 0
12 0
13 0.944385
14 0.251337
15 0.802215
16 0.999722
17 0.0198805
18 0.938862
19 0.0838742
20 0.999932
21 0.549149
22 0.95916
23 0.999178
24 0.998609
25 0.920819
26 0.997788
27 0.99986
28 0.999883
29 0.995963
30 0.986882
31 0.998785
32 0.997345
33 0.946508
34 0.704646
35 0.955801
36 0.998903
37 0.998052
38 0.849992
39 0.992736
40 0.770635
0 0.930448
1 0.0693632
2 0.0376114
3 0.163993
4 0
5 0
6 0
7 0.144385
8 0.317647
9 0.317647
10 0.028877
11 0
12 0
13 0.775401
14 0.251337
15 0.825242
16 0.999808
17 0.0240626
18 0.936576
19 0.0668373
20 0.999929
21 0.633804
22 0.973725
23 0.999325
24 0.999214
25 0.95121
26 0.998656
27 0.999902
28 0.999923
29 0.993624
30 0.988845
31 0.998942
32 0.998393
33 0.960442
34 0.632461
35 0.952057
36 0.998767
37 0.998165
38 0.838248
39 0.993238
40 0.76744
0 0.9882
1 0.0637884
2 0
3 0.147594
4 0
5 0
6 0
7 0.028877
8 0.317647
9 0.317647
10 0.028877
11 0
12 0
13 0.255615
14 0.255615
15 0.827961
16 0.999844
17 0.0278837
18 0.925688
19 0.110222
20 0.999956
21 0.771409
22 0.973077
23 0.999509
24 0.999675
25 0.951668
26 0.998991
27 0.999928
28 0.999936
29 0.994375
30 0.994476
31 0.999115
32 0.99869
33 0.960618
34 0.661111
35 0.954756
36 0.999216
37 0.998309
38 0.898775
39 0.993972
40 0.835439
0 0.254076
1 0.0582845
2 0.133333
3 0.133333
4 0.133333
5 0.133333
6 0.133333
7 0.133333
8 0.133333
9 0.133333
10 0.133333
11 0.133333
12 0.133333
13 0.133333
14 0.133333
15 0.874141
16 0.999897
17 0.0197391
18 0.904164
19 0.0904516
20 0.999971
21 0.84001
22 0.964475
23 0.999432
24 0.999574
25 0.936547
26 0.998936
27 0.999917
28 0.999926
29 0.993773
30 0.994691
31 0.999117
32 0.998982
33 0.966746
34 0.68228
35 0.959319
36 0.999212
37 0.998373
38 0.889249
39 0.994155
40 0.844642
0 0.0559118
1 0.0527011
2 0.0392157
3 0.0392157
4 0.0242424
5 0.0392157
6 0.0392157
7 0.0392157
8 0.0392157
9 0.0392157
10 0.0392157
11 0.26025
12 0.52549
13 0.0392157
14 0.178966
15 0.8173
16 0.999873
17 0.0133455
18 0.921618
19 0.0805379
20 0.999978
21 0.703266
22 0.949023
23 0.99942
24 0.999059
25 0.930196
26 0.998822
27 0.999894
28 0.99992
29 0.996712
30 0.991766
31 0.999086
32 0.998193
33 0.949586
34 0.599154
35 0.95929
36 0.999205
37 0.998299
38 0.85324
39 0.994968
40 0.700221
0 0.790221
1 0.0472021
2 0.122816
3 0.0509804
4 0.031016
5 0
6 0.28877
7 0.28877
8 0
9 0.00962567
10 0.295544
11 0.486275
12 0.486275
13 0.426025
14 0.424599
15 0.814815
16 0.999876
17 0.0107879
18 0.940911
19 0.138853
20 0.999976
21 0.746649
22 0.951943
23 0.999495
24 0.999314
25 0.945486
26 0.998788
27 0.999931
28 0.999923
29 0.996035
30 0.992777
31 0.999055
32 0.998096
33 0.94978
34 0.746478
35 0.955185
36 0.999258
37 0.998219
38 0.857116
39 0.994877
40 0.745568
0 0.331217
1 0.041771
2 0.173262
3 0.128521
4 0.00623885
5 0.317647
6 0.317647
7 0.057754
8 0.183957
9 0.374332
10 0.240998
11 0.398574
12 0.486275
13 0.55508
14 0.536898
15 0.888619
16 0.999903
17 0.00839922
18 0.937729
19 0.0861406
20 0.999985
21 0.831414
22 0.929879
23 0.999396
24 0.998361
25 0.934312
26 0.998637
27 0.99991
28 0.999884
29 0.996109
30 0.991885
31 0.999229
32 0.997587
33 0.956658
34 0.723025
35 0.962844
36 0.998976
37 0.998305
38 0.792748
39 0.9954
40 0.50372
0 0.628997
1 0.0362484
2 0.113369
3 0.0618538
4 0.413547
5 0.317647
6 0.144385
7 0.00320856
8 0.0352941
9 0.325134
10 0.486275
11 0.531907
12 0.988235
13 0.60713
14 0.809269
15 0.664796
16 0.999933
17 0.00495441
18 0.936198
19 0.381132
20 0.999996
21 0.814603
22 0.978207
23 0.999829
24 0.99985
25 0.970011
26 0.999577
27 0.999984
28 0.999978
29 0.997519
30 0.995671
31 0.999609
32 0.998233
33 0.944508
34 0.63855
35 0.921576
36 0.999387
37 0.998199
38 0.796284
39 0.994278
40 0.724241
0 0.135835
1 0.0308788
2 0.2
3 0.2
4 0.2
5 0.6
6 0.6
7 0.6
8 0.6
9 0.6
10 0.6
11 0.6
12 0.6
13 0.2
14 0.2
15 0.744405
16 0.999947
17 0.0207222
18 0.969297
19 0.141802
20 0.999982
21 0.822859
22 0.975085
23 0.999774
24 0.999448
25 0.983566
26 0.998884
27 0.999962
28 0.999943
29 0.9983
30 0.995758
31 0.99943
32 0.997336
33 0.965412
34 0.59683
35 0.962976
36 0.999087
37 0.998728
38 0.886232
39 0.995971
40 0.592966
0 0.240534
1 0.0944733
2 0.0588235
3 0.548841
4 0.393405
5 0
6 0.0192513
7 0.0973262
8 0.398217
9 0.803209
10 0.984314
11 0.182175
12 0.00392157
13 0.483779
14 0.97041
15 0.770386
16 0.999808
17 0.0265995
18 0.972715
19 0.0660397
20 0.999954
21 0.543277
22 0.967207
23 0.999326
24 0.99932
25 0.973711
26 0.998249
27 0.999947
28 0.999827
29 0.996953
30 0.982319
31 0.999109
32 0.997489
33 0.957069
34 0.886955
35 0.970426
36 0.999481
37 0.998677
38 0.915123
39 0.99672
40 0.716654
0 0.773889
1 0.166414
2 0.468271
3 0.113725
4 0.113725
5 0.980392
6 0.0926916
7 0.00392157
8 0.00392157
9 0.00392157
10 0.00392157
11 0.00392157
12 0.00392157
13 0.971836
14 0.968627
15 0.820965
16 0.999785
17 0.0264709
18 0.97181
19 0.0550539
20 0.999925
21 0.481676
22 0.953612
23 0.998556
24 0.997048
25 0.949663
26 0.997587
27 0.999827
28 0.999818
29 0.996941
30 0.985917
31 0.998909
32 0.997985
33 0.959159
34 0.78245
35 0.972195
36 0.999435
37 0.998645
38 0.914017
39 0.996344
40 0.740254
0 0.690035
1 0.241147
2 0.0117647
3 0.0117647
4 0.0117647
5 0.00392157
6 0.00392157
7 0.00392157
8 0.00392157
9 0.00392157
10 0.00392157
11 0.00392157
12 0.00392157
13 0.980392
14 0.980392
15 0.793528
16 0.999809
17 0.0149052
18 0.952813
19 0.149737
20 0.999972
21 0.70558
22 0.961827
23 0.999225
24 0.998595
25 0.952432
26 0.998966
27 0.99994
28 0.999905
29 0.997421
30 0.989909
31 0.999573
32 0.998024
33 0.940227
34 0.758108
35 0.945657
36 0.999551
37 0.998971
38 0.845166
39 0.99671
40 0.676115
0 0.9217
1 0.235567
2 0.0424243
3 0.521212
4 0.480214
5 0.486275
6 0.486275
7 0.641711
8 0.260963
9 0.00392157
10 0.000356506
11 0.278075
12 0.611765
13 0.819251
14 0.640998
15 0.732707
16 0.999876
17 0.0114604
18 0.955259
19 0.201031
20 0.999989
21 0.726609
22 0.953757
23 0.999608
24 0.999161
25 0.953211
26 0.999113
27 0.999962
28 0.999924
29 0.998449
30 0.994387
31 0.999571
32 0.997471
33 0.942322
34 0.706882
35 0.954398
36 0.99945
37 0.998801
38 0.84933
39 0.996137
40 0.569699
0 0.868708
1 0.229969
2 0.0452763
3 0.378966
4 0.537255
5 0.486275
6 0.486275
7 0.597861
8 0.00392157
9 0.341889
10 0.537255
11 0.537255
12 0.537255
13 0.834938
14 0.488414
15 0.688466
16 0.999919
17 0.0238581
18 0.929293
19 0.203788
20 0.999986
21 0.602927
22 0.977141
23 0.999771
24 0.999847
25 0.96255
26 0.999262
27 0.999984
28 0.999964
29 0.996783
30 0.994342
31 0.999267
32 0.998632
33 0.953982
34 0.781107
35 0.957161
36 0.999598
37 0.99856
38 0.890522
39 0.995489
40 0.825514
0 0.535599
1 0.22422
2 0.517291
3 0.00392157
4 0.00392157
5 0.756863
6 0.651337
7 0.176471
8 0.176471
9 0.176471
10 0.176471
11 0.176471
12 0.176471
13 0.386809
14 0.0784314
15 0.772793
16 0.999927
17 0.0185769
18 0.941486
19 0.11371
20 0.999977
21 0.670243
22 0.976058
23 0.9995
24 0.999457
25 0.958305
26 0.999017
27 0.999959
28 0.999937
29 0.996717
30 0.994044
31 0.9993
32 0.998648
33 0.967392
34 0.727639
35 0.965276
36 0.999513
37 0.998773
38 0.898252
39 0.996102
40 0.795941
0 0.494903
1 0.218474
2 0.0313726
3 0.0313726
4 0.0313725
5 0.176471
6 0.176471
7 0.176471
8 0.176471
9 0.176471
10 0.176471
11 0.176471
12 0.176471
13 0.427451
14 0.427451
15 0.64326
16 0.999911
17 0.0154568
18 0.944899
19 0.238692
20 0.999987
21 0.627223
22 0.976465
23 0.999597
24 0.999287
25 0.96777
26 0.999258
27 0.999978
28 0.999959
29 0.998568
30 0.990512
31 0.999671
32 0.997922
33 0.93356
34 0.730183
35 0.952009
36 0.999686
37 0.998929
38 0.835864
39 0.99702
40 0.66794
0 0.995071
1 0.212822
2 0.427094
3 0.420856
4 0.46328
5 0.486275
6 0.725847
7 0.92549
8 0.596078
9 0.191444
10 0.026738
11 0.144385
12 0.430303
13 0.875223
14 0.698752
15 0.79343
16 0.999968
17 0.00475463
18 0.949787
19 0.236224
20 0.999996
21 0.867385
22 0.971264
23 0.999631
24 0.999187
25 0.965817
26 0.999338
27 0.99998
28 0.999958
29 0.998286
30 0.992929
31 0.999734
32 0.998162
33 0.957805
34 0.713446
35 0.94749
36 0.999327
37 0.998628
38 0.757266
39 0.996526
40 0.432837
0 0.516942
1 0.207197
2 0.00392157
3 0.00392157
4 0.754724
5 0.486275
6 0.486275
7 0.486275
8 0.486275
9 0.486275
10 0.565419
11 0.921569
12 0.921569
13 0.521569
14 0.73975
15 0.656786
16 0.999968
17 0.00607448
18 0.965111
19 0.334263
20 0.999997
21 0.783051
22 0.982981
23 0.999841
24 0.999854
25 0.976466
26 0.999577
27 0.999989
28 0.999977
29 0.998477
30 0.996897
31 0.999679
32 0.998961
33 0.961913
34 0.737934
35 0.947327
36 0.999648
37 0.998722
38 0.864297
39 0.996398
40 0.781285
0 0.0263238
1 0.201708
2 0.0156863
3 0.0156863
4 0.0156863
5 0.486275
6 0.486275
7 0.486275
8 0.486275
9 0.486275
10 0.486275
11 0.486275
12 0.486275
13 0.372549
14 0.372549
15 0.745997
16 0.999955
17 0.0326194
18 0.952174
19 0.175219
20 0.999988
21 0.747192
22 0.965896
23 0.999746
24 0.999477
25 0.964157
26 0.998785
27 0.999972
28 0.999947
29 0.99843
30 0.995386
31 0.999491
32 0.997793
33 0.960067
34 0.771132
35 0.972515
36 0.999515
37 0.998866
38 0.910911
39 0.996989
40 0.640125
0 0.300395
1 0.196248
2 0.334938
3 0.153476
4 0.610517
5 0.285205
6 0.434938
7 0.0527629
8 0.20107
9 0.398574
10 0.628164
11 0.299465
12 0.196791
13 0.821747
14 0.705526
15 0.756723
16 0.999947
17 0.0363909
18 0.947524
19 0.161697
20 0.99999
21 0.668055
22 0.971461
23 0.999713
24 0.999514
25 0.962129
26 0.998969
27 0.999971
28 0.999955
29 0.998366
30 0.995506
31 0.999624
32 0.998742
33 0.968114
34 0.777262
35 0.978289
36 0.999625
37 0.998965
38 0.898035
39 0.996572
40 0.741263
0 0.444707
1 0.190238
2 0.382175
3 0.182709
4 0.369875
5 0.163636
6 0.129412
7 0.085205
8 0.303387
9 0.482353
10 0.293405
11 0.25098
12 0.193939
13 0.801426
14 0.451337
15 0.723766
16 0.99994
17 0.0212717
18 0.950766
19 0.156213
20 0.99999
21 0.653579
22 0.977651
23 0.999738
24 0.999484
25 0.966941
26 0.999225
27 0.999975
28 0.999954
29 0.998426
30 0.995636
31 0.999694
32 0.998508
33 0.968404
34 0.73514
35 0.972789
36 0.999638
37 0.999184
38 0.877851
39 0.996995
40 0.712638
0 0.882499
1 0.184693
2 0.108913
3 0.465954
4 0.316577
5 0.23066
6 0.0994652
7 0.335116
8 0.377184
9 0.453832
10 0.420321
11 0.25098
12 0.22246
13 0.782175
14 0.425668
15 0.716534
16 0.999933
17 0.0419547
18 0.956538
19 0.185895
20 0.999985
21 0.677279
22 0.970268
23 0.999736
24 0.999514
25 0.968682
26 0.999077
27 0.999968
28 0.999956
29 0.998668
30 0.996177
31 0.999642
32 0.998686
33 0.960653
34 0.763877
35 0.972789
36 0.999713
37 0.99923
38 0.933927
39 0.99759
40 0.777077
0 0.398932
1 0.179089
2 0.195009
3 0.530303
4 0.360784
5 0.176471
6 0.493761
7 0.223886
8 0.156863
9 0.241355
10 0.427451
11 0.41533
12 0.0666667
13 0.812121
14 0.520499
15 0.736569
16 0.999938
17 0.0197784
18 0.959486
19 0.107345
20 0.999983
21 0.590371
22 0.974548
23 0.99956
24 0.99935
25 0.963387
26 0.998971
27 0.999967
28 0.999924
29 0.997827
30 0.993176
31 0.999476
32 0.998542
33 0.969465
34 0.837839
35 0.975521
36 0.999699
37 0.999052
38 0.916721
39 0.997475
40 0.760459
0 0.734696
1 0.173263
2 0.0991087
3 0.0392157
4 0.101248
5 0.424955
6 0.156863
7 0.156863
8 0.156863
9 0.156863
10 0.156863
11 0.15508
12 0.152941
13 0.849198
14 0.679501
15 0.74678
16 0.999951
17 0.0222913
18 0.964014
19 0.0813584
20 0.999982
21 0.592797
22 0.981057
23 0.999499
24 0.999252
25 0.979162
26 0.999273
27 0.999964
28 0.999949
29 0.997434
30 0.992841
31 0.999543
32 0.999023
33 0.975344
34 0.747658
35 0.976808
36 0.999734
37 0.999096
38 0.912329
39 0.997828
40 0.738117
0 0.739221
1 0.167474
2 0.150267
3 0.0117647
4 0.0117647
5 0.156863
6 0.156863
7 0.156863
8 0.156863
9 0.156863
10 0.156863
11 0.156863
12 0.156863
13 0.456328
14 0.980392
15 0.782185
16 0.999942
17 0.0329962
18 0.973055
19 0.117891
20 0.999981
21 0.712333
22 0.972156
23 0.999457
24 0.999054
25 0.966676
26 0.998944
27 0.999954
28 0.999923
29 0.998165
30 0.994339
31 0.999646
32 0.998734
33 0.969835
34 0.836468
35 0.977818
36 0.999681
37 0.999085
38 0.932712
39 0.997957
40 0.685651
0 0.430677
1 0.159686
2 0
3 0
4 0.662567
5 0.176471
6 0.176471
7 0.176471
8 0.176471
9 0.176471
10 0.165775
11 0.156863
12 0.156863
13 0.952941
14 0.960428
15 0.765382
16 0.999963
17 0.116551
18 0.961562
19 0.165033
20 0.999987
21 0.861447
22 0.987662
23 0.999742
24 0.999755
25 0.9908
26 0.999576
27 0.999984
28 0.999975
29 0.997933
30 0.996177
31 0.999861
32 0.999405
33 0.978651
34 0.757358
35 0.976391
36 0.999736
37 0.999411
38 0.943582
39 0.998216
40 0.744742
0 0.00933984
1 0.153882
2 0.34902
3 0.602852
4 0.988235
5 0.25098
6 0.25098
7 0.25098
8 0.25098
9 0.283779
10 0.156863
11 0.156863
12 0.156863
13 0.14902
14 0.944385
15 0.734121
16 0.999959
17 0.130603
18 0.955656
19 0.157309
20 0.999987
21 0.783973
22 0.983991
23 0.999812
24 0.99977
25 0.987339
26 0.999425
27 0.999983
28 0.999968
29 0.998603
30 0.996804
31 0.999823
32 0.999349
33 0.976735
34 0.796808
35 0.98087
36 0.999806
37 0.999538
38 0.95508
39 0.998376
40 0.837132
0 0.2584
1 0.148155
2 0.375936
3 0.905882
4 0.559358
5 0.25098
6 0.25098
7 0.248128
8 0.156863
9 0.156863
10 0.156863
11 0.0370766
12 0.0812834
13 0.472014
14 0.703387
15 0.701085
16 0.999961
17 0.0754613
18 0.925023
19 0.215029
20 0.999993
21 0.617554
22 0.972278
23 0.999799
24 0.999601
25 0.96914
26 0.999109
27 0.99998
28 0.999967
29 0.998977
30 0.997118
31 0.999726
32 0.998819
33 0.972865
34 0.815339
35 0.989625
36 0.999873
37 0.999367
38 0.942424
39 0.997873
40 0.811601
0 0.286641
1 0.142426
2 0.905882
3 0.522816
4 0.315686
5 0.156863
6 0.156863
7 0.156863
8 0.199643
9 0.488414
10 0.360784
11 0.239929
12 0.158645
13 0.989305
14 0.558645
15 0.668718
16 0.99997
17 0.0330079
18 0.932104
19 0.159365
20 0.999992
21 0.629688
22 0.986406
23 0.999755
24 0.999727
25 0.974211
26 0.999528
27 0.999986
28 0.999974
29 0.998141
30 0.996547
31 0.999705
32 0.999183
33 0.977104
34 0.755743
35 0.980479
36 0.999811
37 0.999254
38 0.916856
39 0.99775
40 0.796157
0 0.821954
1 0.136717
2 0.324064
3 0.105882
4 0.210695
5 0.25098
6 0.25098
7 0.4
8 0.27451
9 0.27451
10 0.197504
11 0.14902
12 0.14902
13 0.461676
14 0.403565
15 0.670164
16 0.999969
17 0.0325346
18 0.923437
19 0.189691
20 0.999991
21 0.649911
22 0.985909
23 0.999818
24 0.999862
25 0.96835
26 0.999539
27 0.99999
28 0.999973
29 0.997826
30 0.997663
31 0.999654
32 0.999318
33 0.975773
34 0.825292
35 0.977308
36 0.999821
37 0.999291
38 0.938029
39 0.997729
40 0.881579
0 0.592063
1 0.13098
2 0.206595
3 0.119251
4 0.0869875
5 0.473084
6 0.428164
7 0.283066
8 0.183244
9 0.14902
10 0.121925
11 0.0142602
12 0.156863
13 0.473084
14 0.083779
15 0.731693
16 0.999976
17 0.0371137
18 0.919223
19 0.145842
20 0.999992
21 0.737933
22 0.987683
23 0.999805
24 0.999845
25 0.973606
26 0.999572
27 0.999988
28 0.999974
29 0.997637
30 0.997754
31 0.999737
32 0.999433
33 0.982532
34 0.796542
35 0.980401
36 0.999796
37 0.99937
38 0.941636
39 0.997851
40 0.872189
0 0.395694
1 0.125102
2 0.0966132
3 0.163636
4 0.192157
5 0.263102
6 0.14902
7 0.14902
8 0.164706
9 0.192157
10 0.192157
11 0.192157
12 0.192157
13 0.26631
14 0.192157
15 0.762843
16 0.999962
17 0.0455986
18 0.968769
19 0.0607646
20 0.99998
21 0.547139
22 0.975554
23 0.99953
24 0.999126
25 0.968883
26 0.99892
27 0.999954
28 0.999921
29 0.998327
30 0.994745
31 0.999553
32 0.999154
33 0.979027
34 0.859498
35 0.987072
36 0.999808
37 0.999348
38 0.956825
39 0.998568
40 0.827382
0 0.691962
1 0.119038
2 0.0235294
3 0.0235294
4 0.0235294
5 0
6 0
7 0
8 0
9 0
10 0
11 0
12 0
13 0.956863
14 0.956863
15 0.602161
16 0.999943
17 0.0361172
18 0.941327
19 0.251225
20 0.999989
21 0.494931
22 0.97926
23 0.99978
24 0.999629
25 0.966313
26 0.999397
27 0.999987
28 0.999968
29 0.998606
30 0.997574
31 0.999717
32 0.999012
33 0.974058
34 0.861087
35 0.984258
36 0.999879
37 0.999457
38 0.93847
39 0.997871
40 0.880895
0 0.786792
1 0.112981
2 0.232442
3 0.610339
4 0
5 0.27451
6 0.269519
7 0.247059
8 0.247059
9 0.716221
10 0.0894831
11 0
12 0
13 0.997861
14 0.269519
15 0.499249
16 0.99998
17 0.013712
18 0.933229
19 0.293806
20 0.999995
21 0.654474
22 0.993527
23 0.999816
24 0.999794
25 0.988438
26 0.999772
27 0.999996
28 0.999989
29 0.998476
30 0.994931
31 0.999864
32 0.999119
33 0.978177
34 0.769584
35 0.971019
36 0.99982
37 0.999349
38 0.892131
39 0.998059
40 0.718728
0 0.991036
1 0.106875
2 0.2
3 0.21426
4 0.37451
5 0.6
6 0.6
7 0.6
8 0.6
9 0.6
10 0.279144
11 0.74082
12 0
13 0.2
14 0.501248
15 0.587899
16 0.999988
17 0.0184307
18 0.960889
19 0.252987
20 0.999996
21 0.784465
22 0.992711
23 0.999786
24 0.999802
25 0.992676
26 0.999692
27 0.999995
28 0.999981
29 0.998818
30 0.996204
31 0.999826
32 0.999318
33 0.978891
34 0.824205
35 0.974038
36 0.999852
37 0.999399
38 0.936436
39 0.998698
40 0.77972
0 0.269681
1 0.152732
2 0.2
3 0.150089
4 0.398574
5 0.6
6 0.6
7 0.6
8 0.48164
9 0.27451
10 0.259537
11 0.247059
12 0.247059
13 0.272014
14 0.982175
15 0.654737
16 0.999986
17 0.0247997
18 0.951917
19 0.146037
20 0.999995
21 0.700272
22 0.988219
23 0.999818
24 0.999822
25 0.988319
26 0.999608
27 0.999993
28 0.999976
29 0.998257
30 0.996312
31 0.999734
32 0.999434
33 0.981504
34 0.832746
35 0.9784
36 0.999832
37 0.999401
38 0.945229
39 0.998622
40 0.816826
0 0.500079
1 0.207471
2 0.185027
3 0.0326203
4 0.105882
5 0.6
6 0.6
7 0.143316
8 0
9 0.0748663
10 0.27451
11 0.27451
12 0.27451
13 0.20107
14 0.773262
15 0.791164
16 0.999983
17 0.0494277
18 0.934107
19 0.0980065
20 0.999993
21 0.670503
22 0.984709
23 0.999769
24 0.999759
25 0.968858
26 0.999397
27 0.999983
28 0.999967
29 0.998381
30 0.997959
31 0.999737
32 0.99962
33 0.986133
34 0.83579
35 0.987548
36 0.999866
37 0.999464
38 0.955607
39 0.998361
40 0.907216
0 0.299665
1 0.269238
2 0.0962567
3 0
4 0.0128342
5 0
6 0
7 0
8 0
9 0
10 0
11 0.124777
12 0.27451
13 0.491979
14 0.288057
15 0.769745
16 0.999981
17 0.051655
18 0.936751
19 0.112524
20 0.999992
21 0.645016
22 0.987538
23 0.999816
24 0.999854
25 0.969301
26 0.999602
27 0.999985
28 0.999975
29 0.997567
30 0.998442
31 0.999753
32 0.999675
33 0.986993
34 0.81138
35 0.986624
36 0.999875
37 0.999485
38 0.956758
39 0.998357
40 0.91678
0 0.340178
1 0.345457
2 0.0609626
3 0
4 0.0176471
5 0
6 0.0313726
7 0
8 0
9 0
10 0
11 0.00534759
12 0.155793
13 0.335829
14 0.257398
15 0.794198
16 0.999981
17 0.0622163
18 0.939916
19 0.0828733
20 0.999992
21 0.607735
22 0.985662
23 0.999786
24 0.999733
25 0.967126
26 0.999537
27 0.999983
28 0.99997
29 0.997968
30 0.997758
31 0.999785
32 0.999604
33 0.98651
34 0.797509
35 0.988378
36 0.999851
37 0.999496
38 0.93847
39 0.998475
40 0.843851
0 0.885961
1 0.41944
2 0.157754
3 0
4 0.293583
5 0
6 0
7 0.0356506
8 0
9 0
10 0.00213904
11 0.0552585
12 0.243494
13 0.511586
14 0.387879
15 0.774212
16 0.999983
17 0.0566205
18 0.950616
19 0.107281
20 0.999993
21 0.637854
22 0.988497
23 0.999821
24 0.999837
25 0.975825
26 0.999645
27 0.999986
28 0.999977
29 0.997814
30 0.998369
31 0.999801
32 0.999695
33 0.987733
34 0.796135
35 0.987607
36 0.999883
37 0.999524
38 0.953705
39 0.998596
40 0.887662
0 0.485732
1 0.41311
2 0.112834
3 0.0146168
4 0.152763
5 0
6 0.0385027
7 0
8 0
9 0
10 0.0827094
11 0.106595
12 0.137255
13 0.346168
14 0.427807
15 0.798164
16 0.999987
17 0.0660664
18 0.955156
19 0.120999
20 0.999993
21 0.788851
22 0.990111
23 0.999814
24 0.999856
25 0.98384
26 0.999689
27 0.999988
28 0.999978
29 0.997804
30 0.998494
31 0.999856
32 0.999731
33 0.98943
34 0.813583
35 0.987056
36 0.999886
37 0.99958
38 0.962565
39 0.998807
40 0.884852
0 0.0121825
1 0.406838
2 0.0502674
3 0.137968
4 0.426738
5 0.0299465
6 0.00998217
7 0
8 0
9 0.0117647
10 0.0795009
11 0.197861
12 0.247059
13 0.178966
14 0.661319
15 0.780193
16 0.999989
17 0.0644818
18 0.957958
19 0.120809
20 0.999995
21 0.79259
22 0.990378
23 0.999862
24 0.999876
25 0.98583
26 0.99971
27 0.999989
28 0.99998
29 0.99823
30 0.998522
31 0.999883
32 0.999724
33 0.989844
34 0.805983
35 0.987505
36 0.999881
37 0.999613
38 0.963071
39 0.998886
40 0.873066
0 0.0678323
1 0.400688
2 0.0385027
3 0.218717
4 0.470588
5 0.0370766
6 0
7 0
8 0.00855615
9 0.00427807
10 0.224599
11 0.247059
12 0.247059
13 0.19893
14 0.69697
15 0.744821
16 0.999991
17 0.039647
18 0.963782
19 0.0884743
20 0.999996
21 0.703071
22 0.99136
23 0.999861
24 0.999801
25 0.989884
26 0.999744
27 0.999991
28 0.999983
29 0.998401
30 0.99774
31 0.999888
32 0.999707
33 0.990456
34 0.755426
35 0.987377
36 0.999864
37 0.999623
38 0.937654
39 0.998962
40 0.803615
0 0.805268
1 0.39073
2 0.0163993
3 0.274153
4 0.253832
5 0
6 0
7 0.00534759
8 0.0916221
9 0.22139
10 0.247059
11 0.259537
12 0.27451
13 0.149733
14 0.897326
15 0.64857
16 0.999989
17 0.0340409
18 0.964005
19 0.21911
20 0.999997
21 0.689951
22 0.991172
23 0.999874
24 0.999803
25 0.990038
26 0.999763
27 0.999992
28 0.999984
29 0.999271
30 0.998682
31 0.999915
32 0.999632
33 0.987376
34 0.775283
35 0.9893
36 0.999948
37 0.999703
38 0.9566
39 0.999109
40 0.879131
0 0.310265
1 0.384802
2 0.283244
3 0.690196
4 0.12656
5 0
6 0.144029
7 0.531551
8 0.247059
9 0.247059
10 0.37754
11 0.313012
12 0.27451
13 0.542959
14 0.87344
15 0.660517
16 0.99999
17 0.0301194
18 0.945502
19 0.168066
20 0.999997
21 0.579433
22 0.988506
23 0.999882
24 0.999744
25 0.981291
26 0.999626
27 0.999992
28 0.99998
29 0.999187
30 0.998253
31 0.999861
32 0.999464
33 0.986105
34 0.802769
35 0.990215
36 0.999927
37 0.999637
38 0.942796
39 0.99897
40 0.840619
0 0.818381
1 0.3789
2 0.373619
3 0.324599
4 0.1082
5 0.0973262
6 0.225668
7 0.247059
8 0.247059
9 0.223886
10 0.486275
11 0.313012
12 0.27451
13 0.750446
14 0.64492
15 0.639435
16 0.999986
17 0.0392686
18 0.934685
19 0.240096
20 0.999997
21 0.614091
22 0.987913
23 0.999881
24 0.999813
25 0.980832
26 0.999702
27 0.999993
28 0.999982
29 0.99927
30 0.998851
31 0.999894
32 0.999518
33 0.985955
34 0.823956
35 0.991349
36 0.999947
37 0.999693
38 0.95729
39 0.998943
40 0.876584
0 0.604739
1 0.37289
2 0.452585
3 0.567201
4 0.193583
5 0.247059
6 0.247059
7 0.406061
8 0.00392157
9 0.282353
10 0.486275
11 0.556863
12 0.27451
13 0.760784
14 0.406774
15 0.727933
16 0.999992
17 0.0199984
18 0.931029
19 0.174627
20 0.999998
21 0.657524
22 0.988316
23 0.999908
24 0.999806
25 0.973504
26 0.999663
27 0.999994
28 0.999984
29 0.998873
30 0.998499
31 0.999869
32 0.999597
33 0.986372
34 0.82578
35 0.987865
36 0.999899
37 0.999637
38 0.931935
39 0.998918
40 0.843181
0 0.894261
1 0.366788
2 0.130481
3 0.196078
4 0.192692
5 0.176471
6 0.428877
7 0.00463458
8 0.299822
9 0.135472
10 0.486275
11 0.486275
12 0.567558
13 0.617112
14 0.375045
15 0.722917
16 0.999992
17 0.0223414
18 0.931522
19 0.171422
20 0.999999
21 0.660253
22 0.990227
23 0.999898
24 0.999831
25 0.973967
26 0.999755
27 0.999993
28 0.999983
29 0.999263
30 0.998923
31 0.999918
32 0.999636
33 0.988453
34 0.811582
35 0.992184
36 0.999948
37 0.999669
38 0.943611
39 0.999018
40 0.865225
0 0.741492
1 0.360786
2 0.376827
3 0.205169
4 0.243137
5 0.129412
6 0.00677362
7 0.486631
8 0.258467
9 0.00392157
10 0.442424
11 0.486275
12 0.614617
13 0.747237
14 0.366845
15 0.612205
16 0.999991
17 0.0248558
18 0.926417
19 0.264919
20 0.999999
21 0.584492
22 0.9874
23 0.999898
24 0.999816
25 0.974306
26 0.999762
27 0.999993
28 0.999985
29 0.999433
30 0.999233
31 0.999902
32 0.999591
33 0.986693
34 0.788984
35 0.993649
36 0.999967
37 0.999657
38 0.955881
39 0.999012
40 0.880505
0 0.567381
1 0.35465
2 0.634759
3 0.187701
4 0.0641711
5 0.0117647
6 0.227807
7 0.626381
8 0.00392157
9 0.270232
10 0.545455
11 0.486275
12 0.486275
13 0.832442
14 0.44492
15 0.631786
16 0.99999
17 0.0185696
18 0.916812
19 0.335476
20 0.999998
21 0.632347
22 0.985477
23 0.999903
24 0.999882
25 0.973563
26 0.999666
27 0.999996
28 0.999981
29 0.999024
30 0.999161
31 0.999843
32 0.999499
33 0.985924
34 0.918196
35 0.992131
36 0.999949
37 0.999655
38 0.960701
39 0.998929
40 0.904969
0 0.328621
1 0.348417
2 0.496791
3 0.201248
4 0.0666667
5 0.66025
6 0.4
7 0.00392157
8 0.00392157
9 0.490553
10 0.486275
11 0.486275
12 0.486275
13 0.908378
14 0.298396
15 0.729371
16 0.999989
17 0.025374
18 0.949369
19 0.177498
20 0.999997
21 0.695411
22 0.985492
23 0.999798
24 0.999697
25 0.982149
26 0.999562
27 0.999992
28 0.999968
29 0.999035
30 0.998473
31 0.999851
32 0.999489
33 0.988712
34 0.929225
35 0.993316
36 0.999945
37 0.999702
38 0.964596
39 0.999226
40 0.886784
0 0.251685
1 0.342167
2 0.319251
3 0.320143
4 0.16328
5 0.493405
6 0.00356506
7 0.00392157
8 0.00392157
9 0.362567
10 0.250624
11 0.339037
12 0.622103
13 0.941176
14 0.88877
15 0.764677
16 0.99999
17 0.0568974
18 0.961544
19 0.170647
20 0.999997
21 0.75181
22 0.98408
23 0.999791
24 0.999564
25 0.980134
26 0.999549
27 0.99999
28 0.999974
29 0.999249
30 0.998464
31 0.99991
32 0.999635
33 0.989132
34 0.915179
35 0.993293
36 0.999937
37 0.99971
38 0.968007
39 0.999244
40 0.869282
0 0.145853
1 0.335888
2 0.12549
3 0.332442
4 0.596078
5 0.00392157
6 0.00392157
7 0.00392157
8 0.00392157
9 0.459537
10 0.0117647
11 0.45205
12 0.512656
13 0.952941
14 0.899109
15 0.732681
16 0.999991
17 0.071689
18 0.968411
19 0.145177
20 0.999996
21 0.648715
22 0.989607
23 0.999849
24 0.999707
25 0.984
26 0.999572
27 0.99999
28 0.999975
29 0.999158
30 0.998203
31 0.999896
32 0.999653
33 0.989437
34 0.916473
35 0.992992
36 0.999952
37 0.999748
38 0.974308
39 0.99937
40 0.919468
0 0.207928
1 0.329657
2 0.14902
3 0.450446
4 0.298396
5 0.00392157
6 0.00392157
7 0.00392157
8 0.360428
9 0.107308
10 0.0117647
11 0.086631
12 0.176471
13 0.955793
14 0.930838
15 0.760775
16 0.99999
17 0.0992208
18 0.962841
19 0.144499
20 0.999996
21 0.718801
22 0.986028
23 0.999808
24 0.999606
25 0.982234
26 0.999564
27 0.99999
28 0.999971
29 0.999091
30 0.99854
31 0.999893
32 0.999639
33 0.989947
34 0.913049
35 0.993759
36 0.999943
37 0.999744
38 0.971091
39 0.999345
40 0.877773
0 0.420421
1 0.323759
2 0.137255
3 0.421212
4 0.65918
5 0.00392157
6 0.00392157
7 0.00392157
8 0.00392157
9 0.358289
10 0.0117647
11 0.0117647
12 0.365419
13 0.933333
14 0.915152
15 0.696598
16 0.999992
17 0.0949382
18 0.970363
19 0.202897
20 0.999996
21 0.679048
22 0.992657
23 0.999881
24 0.999744
25 0.987669
26 0.999668
27 0.999994
28 0.999982
29 0.999213
30 0.998258
31 0.999931
32 0.999649
33 0.990069
34 0.920058
35 0.992961
36 0.999948
37 0.999784
38 0.971576
39 0.999405
40 0.903092
0 0.351338
1 0.317915
2 0.12549
3 0.664706
4 0.65098
5 0.00392157
6 0.00392157
7 0.00392157
8 0.71123
9 0.362567
10 0.0117647
11 0.0117647
12 0.0117647
13 0.966845
14 0.912299
15 0.704857
16 0.999992
17 0.0578823
18 0.969263
19 0.164998
20 0.999998
21 0.727449
22 0.988424
23 0.999888
24 0.999746
25 0.983846
26 0.999603
27 0.999988
28 0.999974
29 0.999395
30 0.998634
31 0.999932
32 0.999493
33 0.99049
34 0.887452
35 0.994333
36 0.99995
37 0.999743
38 0.982535
39 0.999455
40 0.834659
0 0.0839566
1 0.312117
2 0.141176
3 0.216043
4 0.845989
5 0.00392157
6 0.00392157
7 0.00392157
8 0.00392157
9 0.00392157
10 0.877362
11 0.878075
12 0.0117647
13 0.960784
14 0.971123
15 0.645766
16 0.999996
17 0.00886718
18 0.9584
19 0.483851
20 1
21 0.863258
22 0.992665
23 0.999943
24 0.999772
25 0.989693
26 0.999854
27 0.999997
28 0.999991
29 0.999696
30 0.999298
31 0.999982
32 0.999578
33 0.990845
34 0.858061
35 0.993586
36 0.999963
37 0.999815
38 0.94239
39 0.999407
40 0.780048
0 0.237996
1 0.304271
2 0.24492
3 0.941177
4 0.941176
5 0.00392157
6 0.00392157
7 0.429947
8 0.941176
9 0.941176
10 0.941176
11 0.941176
12 0.941176
13 0.936185
14 0.941176
15 0.35152
16 0.999997
17 0.00688552
18 0.942651
19 0.840578
20 1
21 0.855735
22 0.994443
23 0.999969
24 0.999904
25 0.994718
26 0.999912
27 0.999999
28 0.999996
29 0.999801
30 0.999335
31 0.999985
32 0.999409
33 0.985326
34 0.920295
35 0.993309
36 0.999982
37 0.999819
38 0.941531
39 0.999452
40 0.768651
0 0.231539
1 0.295973
2 0.984314
3 0.984314
4 0.984314
5 0.984314
6 0.984314
7 0.984314
8 0.984314
9 0.984314
10 0.984314
11 0.984314
12 0.984314
13 0.984314
14 0.984314
15 0.349491
16 0.999998
17 0.0103757
18 0.922276
19 0.8036
20 1
21 0.871477
22 0.99441
23 0.999955
24 0.999826
25 0.995484
26 0.999847
27 0.999999
28 0.999994
29 0.999855
30 0.998938
31 0.999977
32 0.99918
33 0.985543
34 0.925287
35 0.993546
36 0.999976
37 0.99982
38 0.938894
39 0.999455
40 0.749516
0 0.351887
1 0.289552
2 0.984314
3 0.984314
4 0.984314
5 0.984314
6 0.984314
7 0.984314
8 0.984314
9 0.984314
10 0.984314
11 0.984314
12 0.984314
13 0.984314
14 0.984314
15 0.621463
16 0.999998
17 0.0225427
18 0.938649
19 0.263957
20 1
21 0.854311
22 0.993096
23 0.999921
24 0.999815
25 0.993477
26 0.999735
27 0.999999
28 0.999988
29 0.999614
30 0.998642
31 0.999935
32 0.999668
33 0.991489
34 0.917956
35 0.992117
36 0.99993
37 0.999784
38 0.94602
39 0.999429
40 0.834154
0 0.794784
1 0.283082
2 0.0957219
3 0.410695
4 0.527807
5 0.52549
6 0.491266
7 0.240998
8 0.309447
9 0.573262
10 0.431373
11 0.440285
12 0.898039
13 0.513726
14 0.76328
15 0.493279
16 0.999997
17 0.0285482
18 0.943554
19 0.20963
20 0.999999
21 0.609691
22 0.996997
23 0.999945
24 0.99995
25 0.995138
26 0.999894
27 0.999999
28 0.999992
29 0.99934
30 0.998957
31 0.999948
32 0.999816
33 0.993867
34 0.901898
35 0.99283
36 0.999963
37 0.999802
38 0.966001
39 0.999412
40 0.930801
0 0.983519
1 0.275088
2 0.162923
3 0.376114
4 0.0491978
5 0.605348
6 0.165419
7 0.469875
8 0.313726
9 0.313726
10 0.117647
11 0.0588235
12 0.0588235
13 0.261319
14 0.45918
15 0.73559
16 0.999995
17 0.408997
18 0.935576
19 0.173106
20 0.999997
21 0.756856
22 0.991243
23 0.999857
24 0.999702
25 0.991693
26 0.999562
27 0.999994
28 0.999979
29 0.99951
30 0.998633
31 0.999939
32 0.999641
33 0.991604
34 0.931904
35 0.997061
36 0.999976
37 0.999862
38 0.985893
39 0.999633
40 0.913222
0 0.148001
1 0.267143
2 1
3 1
4 1
5 0.156863
6 0.156863
7 0.156863
8 0.156863
9 0.156863
10 0.156863
11 0.156863
12 0.156863
13 0.972549
14 0.972549
15 0.445281
16 0.999996
17 0.0214031
18 0.941034
19 0.403394
20 0.999999
21 0.557276
22 0.996259
23 0.999943
24 0.999937
25 0.993405
26 0.999913
27 0.999999
28 0.999994
29 0.999263
30 0.999125
31 0.999947
32 0.999839
33 0.993098
34 0.890267
35 0.993838
36 0.999977
37 0.999777
38 0.968422
39 0.999453
40 0.917274
0 0.940741
1 0.259207
2 0.380927
3 0.0620321
4 0.0409982
5 0.486275
6 0.486275
7 0.599643
8 0.157576
9 0.314795
10 0.176471
11 0.176471
12 0.142246
13 0.315508
14 0.614973
15 0.53004
16 0.999997
17 0.0254212
18 0.941207
19 0.343112
20 0.999999
21 0.716891
22 0.995472
23 0.999904
24 0.999909
25 0.994649
26 0.999806
27 0.999999
28 0.999989
29 0.999217
30 0.999145
31 0.999901
32 0.999741
33 0.993178
34 0.944791
35 0.994033
36 0.999974
37 0.999796
38 0.980315
39 0.999524
40 0.949403
0 0.0296085
1 0.251185
2 0.305882
3 0.218895
4 0.0233511
5 0.580392
6 0.431373
7 0.0705882
8 0.221034
9 0.601783
10 0.253119
11 0.176471
12 0.176471
13 0.437077
14 0.824599
15 0.570575
16 0.999998
17 0.0312575
18 0.934277
19 0.280295
20 0.999999
21 0.763687
22 0.997102
23 0.999939
24 0.999935
25 0.994484
26 0.999875
27 0.999999
28 0.999993
29 0.999406
30 0.999359
31 0.999951
32 0.99983
33 0.994954
34 0.903415
35 0.994053
36 0.999974
37 0.999827
38 0.978738
39 0.999516
40 0.958409
0 0.0357075
1 0.244913
2 0.113012
3 0.387166
4 0.111052
5 0.0901961
6 0.0901961
7 0.288057
8 0.52549
9 0.47344
10 0.25098
11 0.190018
12 0.176471
13 0.255615
14 0.624242
15 0.440906
16 0.999998
17 0.015088
18 0.928991
19 0.461072
20 0.999999
21 0.674706
22 0.996755
23 0.999961
24 0.99994
25 0.992259
26 0.99989
27 0.999999
28 0.999994
29 0.999561
30 0.9993
31 0.999962
32 0.999763
33 0.992545
34 0.937668
35 0.993547
36 0.999976
37 0.999829
38 0.971392
39 0.999481
40 0.943287
0 0.602535
1 0.238802
2 0.152941
3 0.436007
4 0.255971
5 0.52549
6 0.52549
7 0.52549
8 0.727986
9 0.523351
10 0.25098
11 0.25098
12 0.196791
13 0.656328
14 0.404278
15 0.265106
16 0.999997
17 0.0171697
18 0.888456
19 0.732999
20 1
21 0.606393
22 0.996892
23 0.999971
24 0.999931
25 0.994731
26 0.999911
27 1
28 0.999995
29 0.999743
30 0.99938
31 0.999968
32 0.999514
33 0.989907
34 0.933934
35 0.995275
36 0.999986
37 0.999863
38 0.962268
39 0.999507
40 0.909985
0 0.987001
1 0.232614
2 0.909804
3 0.909804
4 0.41943
5 0.909804
6 0.909804
7 0.909804
8 0.909804
9 0.909804
10 0.705882
11 0.25098
12 0.25098
13 0.909804
14 0.473797
15 0.68195
16 0.999998
17 0.171438
18 0.936346
19 0.10494
20 0.999998
21 0.680197
22 0.993229
23 0.99984
24 0.999543
25 0.992124
26 0.999483
27 0.999996
28 0.999975
29 0.999638
30 0.997933
31 0.999895
32 0.999597
33 0.993137
34 0.943687
35 0.996934
36 0.999968
37 0.999848
38 0.980895
39 0.999676
40 0.908352
0 0.936684
1 0.225586
2 0.501961
3 0.501961
4 0.501961
5 0.176471
6 0.176471
7 0.176471
8 0.176471
9 0.176471
10 0.176471
11 0.176471
12 0.176471
13 0.952941
14 0.952941
15 0.443219
16 0.999998
17 0.00243509
18 0.956284
19 0.510029
20 1
21 0.612618
22 0.99569
23 0.999954
24 0.999899
25 0.991718
26 0.999905
27 0.999999
28 0.999993
29 0.999576
30 0.999279
31 0.999965
32 0.999754
33 0.992568
34 0.936482
35 0.994223
36 0.999982
37 0.999801
38 0.966021
39 0.999579
40 0.911068
0 0.776561
1 0.21946
2 0.0509804
3 0.0509804
4 0.0509804
5 0.556863
6 0.556863
7 0.556863
8 0.556863
9 0.556863
10 0.556863
11 0.556863
12 0.556863
13 0.784314
14 0.784314
15 0.454946
16 0.999998
17 0.00391849
18 0.942862
19 0.513643
20 1
21 0.746036
22 0.996033
23 0.999942
24 0.999894
25 0.992635
26 0.999857
27 0.999999
28 0.999992
29 0.999666
30 0.999353
31 0.999951
32 0.999691
33 0.992941
34 0.952687
35 0.994251
36 0.999985
37 0.999809
38 0.976373
39 0.999596
40 0.943718
0 0.170923
1 0.213281
2 0.0470588
3 0.0470588
4 0.0470588
5 0.556863
6 0.556863
7 0.556863
8 0.556863
9 0.556863
10 0.556863
11 0.556863
12 0.556863
13 0.74902
14 0.74902
15 0.612194
16 0.999999
17 0.092574
18 0.86584
19 0.249525
20 0.999999
21 0.804988
22 0.997402
23 0.999965
24 0.99997
25 0.993443
26 0.99989
27 0.999999
28 0.999995
29 0.999474
30 0.999586
31 0.99996
32 0.999879
33 0.995763
34 0.921711
35 0.995506
36 0.999978
37 0.999859
38 0.983363
39 0.999528
40 0.968598
0 0.216298
1 0.207104
2 0.34902
3 0.34902
4 0.34902
5 0.25098
6 0.25098
7 0.25098
8 0.25098
9 0.25098
10 0.25098
11 0.25098
12 0.25098
13 0.14902
14 0.14902
15 0.6049
16 0.999999
17 0.0703038
18 0.882447
19 0.310821
20 0.999999
21 0.793985
22 0.997488
23 0.999974
24 0.999983
25 0.992983
26 0.99993
27 0.999999
28 0.999996
29 0.999362
30 0.999731
31 0.99997
32 0.999916
33 0.995942
34 0.922786
35 0.995996
36 0.99998
37 0.999863
38 0.985952
39 0.999548
40 0.972927
0 0.0962731
1 0.200994
2 0.34902
3 0.34902
4 0.34902
5 0.25098
6 0.25098
7 0.25098
8 0.25098
9 0.25098
10 0.25098
11 0.25098
12 0.25098
13 0.14902
14 0.14902
15 0.603604
16 0.999999
17 0.0740006
18 0.87909
19 0.236448
20 0.999999
21 0.754304
22 0.997578
23 0.999975
24 0.999978
25 0.993106
26 0.99993
27 0.999999
28 0.999996
29 0.999386
30 0.999651
31 0.99997
32 0.99991
33 0.99609
34 0.913937
35 0.996082
36 0.999978
37 0.999867
38 0.981423
39 0.999562
40 0.963452
0 0.626425
1 0.19507
2 0.34902
3 0.34902
4 0.34902
5 0.25098
6 0.25098
7 0.25098
8 0.25098
9 0.25098
10 0.25098
11 0.25098
12 0.25098
13 0.14902
14 0.14902
15 0.608023
16 0.999999
17 0.0695106
18 0.881038
19 0.264525
20 0.999999
21 0.766971
22 0.997683
23 0.999975
24 0.999981
25 0.993352
26 0.999935
27 0.999999
28 0.999996
29 0.999383
30 0.99971
31 0.999972
32 0.999919
33 0.996234
34 0.920125
35 0.996242
36 0.999981
37 0.999872
38 0.984083
39 0.99958
40 0.969333
0 0.433833
1 0.189171
2 0.34902
3 0.34902
4 0.34902
5 0.25098
6 0.25098
7 0.25098
8 0.25098
9 0.25098
10 0.25098
11 0.25098
12 0.25098
13 0.14902
14 0.14902
15 0.603877
16 0.999999
17 0.0719105
18 0.879672
19 0.280136
20 1
21 0.781166
22 0.997764
23 0.999977
24 0.999983
25 0.99349
26 0.999937
27 0.999999
28 0.999997
29 0.999403
30 0.999738
31 0.999973
32 0.999923
33 0.996366
34 0.925976
35 0.996378
36 0.999982
37 0.999876
38 0.985688
39 0.999593
40 0.9731
0 0.318583
1 0.183396
2 0.34902
3 0.34902
4 0.34902
5 0.25098
6 0.25098
7 0.25098
8 0.25098
9 0.25098
10 0.25098
11 0.25098
12 0.25098
13 0.14902
14 0.14902
15 0.599748
16 0.999999
17 0.0728782
18 0.877284
19 0.257937
20 1
21 0.767197
22 0.997845
23 0.999978
24 0.999982
25 0.993704
26 0.999939
27 0.999999
28 0.999997
29 0.999428
30 0.999722
31 0.999974
32 0.999924
33 0.996492
34 0.924871
35 0.996519
36 0.999982
37 0.999879
38 0.984755
39 0.999606
40 0.971123
0 0.499746
1 0.17755
2 0.34902
3 0.34902
4 0.34902
5 0.25098
6 0.25098
7 0.25098
8 0.25098
9 0.25098
10 0.25098
11 0.25098
12 0.25098
13 0.14902
14 0.14902
15 0.599894
16 0.999999
17 0.0723156
18 0.877129
19 0.305734
20 1
21 0.796865
22 0.997929
23 0.999978
24 0.999985
25 0.993903
26 0.999942
27 0.999999
28 0.999997
29 0.999438
30 0.999781
31 0.999976
32 0.999931
33 0.996618
34 0.934288
35 0.996659
36 0.999985
37 0.999883
38 0.988039
39 0.99962
40 0.978202
0 0.156114
1 0.171844
2 0.34902
3 0.34902
4 0.34902
5 0.25098
6 0.25098
7 0.25098
8 0.25098
9 0.25098
10 0.25098
11 0.25098
12 0.25098
13 0.14902
14 0.14902
15 0.593368
16 0.999999
17 0.0745415
18 0.873825
19 0.22648
20 1
21 0.746289
22 0.998001
23 0.99998
24 0.999981
25 0.994073
26 0.999943
27 0.999999
28 0.999997
29 0.999466
30 0.999706
31 0.999977
32 0.999928
33 0.996735
34 0.924591
35 0.996786
36 0.999982
37 0.999886
38 0.983567
39 0.99963
40 0.968722
0 0.774428
1 0.166122
2 0.34902
3 0.34902
4 0.34902
5 0.25098
6 0.25098
7 0.25098
8 0.25098
9 0.25098
10 0.25098
11 0.25098
12 0.25098
13 0.14902
14 0.14902
15 0.616041
16 0.999999
17 0.0610264
18 0.885287
19 0.309487
20 1
21 0.815687
22 0.998016
23 0.999978
24 0.999985
25 0.994683
26 0.999945
27 0.999999
28 0.999997
29 0.99946
30 0.999796
31 0.999978
32 0.999938
33 0.996855
34 0.939963
35 0.996917
36 0.999986
37 0.99989
38 0.988905
39 0.999667
40 0.979452
0 0.0740397
1 0.160294
2 0.34902
3 0.34902
4 0.346881
5 0.25098
6 0.25098
7 0.25098
8 0.25098
9 0.25098
10 0.25098
11 0.25098
12 0.360784
13 0.14902
14 0.274153
15 0.618144
16 0.999999
17 0.0405881
18 0.897192
19 0.229648
20 1
21 0.780754
22 0.997954
23 0.999977
24 0.999978
25 0.995364
26 0.999945
27 0.999999
28 0.999997
29 0.99949
30 0.99972
31 0.999977
32 0.999934
33 0.996963
34 0.934731
35 0.997001
36 0.999986
37 0.999893
38 0.984452
39 0.999705
40 0.97381
0 0.538762
1 0.154441
2 0.34902
3 0.34902
4 0.133512
5 0.25098
6 0.25098
7 0.25098
8 0.25098
9 0.25098
10 0.25098
11 0.18467
12 0.556863
13 0.14902
14 0.473797
15 0.603276
16 0.999999
17 0.0243051
18 0.900964
19 0.285411
20 1
21 0.806413
22 0.998038
23 0.999982
24 0.999982
25 0.995638
26 0.999953
27 0.999999
28 0.999997
29 0.999557
30 0.999781
31 0.999983
32 0.999932
33 0.997076
34 0.931638
35 0.99708
36 0.999989
37 0.999896
38 0.987207
39 0.999721
40 0.974297
0 0.232365
1 0.148488
2 0.34902
3 0.34902
4 0.176827
5 0.25098
6 0.25098
7 0.25098
8 0.25098
9 0.25098
10 0.550446
11 0.556863
12 0.556863
13 0.14902
14 0.499465
15 0.571603
16 0.999999
17 0.0193925
18 0.908349
19 0.278893
20 1
21 0.78934
22 0.9981
23 0.999981
24 0.99998
25 0.996364
26 0.999954
27 1
28 0.999997
29 0.9996
30 0.999763
31 0.999983
32 0.99993
33 0.997182
34 0.932417
35 0.997179
36 0.999989
37 0.999899
38 0.9865
39 0.999739
40 0.973789
0 0.330099
1 0.142457
2 0.34902
3 0.360428
4 0.0392157
5 0.25098
6 0.25098
7 0.25098
8 0.25098
9 0.356863
10 0.564349
11 0.556863
12 0.556863
13 0.14902
14 0.615686
15 0.568996
16 1
17 0.015767
18 0.917735
19 0.239364
20 1
21 0.771191
22 0.998168
23 0.999978
24 0.999972
25 0.99683
26 0.999951
27 0.999999
28 0.999997
29 0.999614
30 0.999699
31 0.999982
32 0.999927
33 0.997285
34 0.931677
35 0.997266
36 0.999989
37 0.999892
38 0.985221
39 0.999761
40 0.966657
0 0.494493
1 0.13621
2 0.34902
3 0.194474
4 0.054902
5 0.25098
6 0.25098
7 0.25098
8 0.25098
9 0.354367
10 0.556863
11 0.556863
12 0.556863
13 0.14902
14 0.780749
15 0.528942
16 1
17 0.00789258
18 0.917385
19 0.294829
20 1
21 0.719809
22 0.998434
23 0.999982
24 0.999969
25 0.996434
26 0.999955
27 1
28 0.999997
29 0.999666
30 0.99968
31 0.999985
32 0.999919
33 0.997157
34 0.937245
35 0.99725
36 0.999989
37 0.999889
38 0.979693
39 0.999749
40 0.962586
0 0.739522
1 0.129949
2 0.333155
3 0.141889
4 0.0196078
5 0.25098
6 0.25098
7 0.22139
8 0.658467
9 0.556863
10 0.556863
11 0.556863
12 0.556863
13 0.309804
14 0.717647
15 0.44181
16 0.999999
17 0.00524074
18 0.931176
19 0.489622
20 1
21 0.725816
22 0.997863
23 0.999978
24 0.999952
25 0.995332
26 0.999943
27 1
28 0.999997
29 0.999786
30 0.99974
31 0.999983
32 0.999892
33 0.996168
34 0.956784
35 0.99719
36 0.999992
37 0.999884
38 0.98561
39 0.999762
40 0.969075
0 0.38182
1 0.123586
2 0.213191
3 0.054902
4 0.054902
5 0.265954
6 0.576827
7 0.556863
8 0.556863
9 0.556863
10 0.556863
11 0.556863
12 0.556863
13 0.678431
14 0.784314
15 0.411452
16 0.999999
17 0.00333312
18 0.934997
19 0.471411
20 1
21 0.715689
22 0.997783
23 0.999973
24 0.999937
25 0.995705
26 0.999926
27 1
28 0.999995
29 0.999815
30 0.999637
31 0.999979
32 0.999851
33 0.99602
34 0.971519
35 0.997021
36 0.999991
37 0.999883
38 0.984458
39 0.999771
40 0.965331
0 0.60489
1 0.117206
2 0.0235294
3 0.0235294
4 0.0235294
5 0.556863
6 0.556863
7 0.556863
8 0.556863
9 0.556863
10 0.556863
11 0.556863
12 0.556863
13 0.823529
14 0.823529
15 0.413013
16 0.999999
17 0.00319781
18 0.939023
19 0.504848
20 1
21 0.728801
22 0.997669
23 0.99997
24 0.999929
25 0.995868
26 0.999916
27 1
28 0.999995
29 0.999833
30 0.999642
31 0.999979
32 0.999842
33 0.995972
34 0.976323
35 0.997191
36 0.999992
37 0.999885
38 0.987351
39 0.999787
40 0.970522
0 0.342547
1 0.110931
2 0.0235294
3 0.0235294
4 0.0235294
5 0.556863
6 0.556863
7 0.556863
8 0.556863
9 0.556863
10 0.556863
11 0.556863
12 0.556863
13 0.905882
14 0.905882
15 0.641647
16 0.999999
17 0.0879657
18 0.945402
19 0.0872395
20 0.999999
21 0.672377
22 0.997648
23 0.999943
24 0.999905
25 0.996401
26 0.999834
27 0.999999
28 0.999991
29 0.999658
30 0.999231
31 0.999952
32 0.999901
33 0.997306
34 0.971
35 0.997761
36 0.999988
37 0.999898
38 0.992475
39 0.999828
40 0.979551
0 0.586297
1 0.104642
2 0.0545455
3 0.0499109
4 0.0431373
5 0.12549
6 0.12549
7 0.0228164
8 0.0755793
9 0
10 0
11 0
12 0
13 0.564349
14 0.980392
15 0.732667
16 0.999999
17 0.0351136
18 0.940603
19 0.140191
20 1
21 0.694145
22 0.996032
23 0.999956
24 0.999919
25 0.990834
26 0.999857
27 0.999998
28 0.999992
29 0.999679
30 0.999602
31 0.999974
32 0.999918
33 0.99705
34 0.976887
35 0.998218
36 0.999992
37 0.999899
38 0.992844
39 0.99981
40 0.982499
0 0.293367
1 0.0983151
2 0.10713
3 0.0862745
4 0.125847
5 0.0869875
6 0
7 0
8 0
9 0
10 0.0884135
11 0.486275
12 0.486275
13 0.916578
14 0.715151
15 0.670481
16 0.999999
17 0.02518
18 0.929481
19 0.184092
20 1
21 0.657953
22 0.995767
23 0.999977
24 0.999951
25 0.986868
26 0.999905
27 0.999999
28 0.999994
29 0.999701
30 0.999791
31 0.999978
32 0.999909
33 0.997009
34 0.968966
35 0.998313
36 0.999992
37 0.9999
38 0.990869
39 0.99977
40 0.979302
0 0.666934
1 0.09203
2 0.0862745
3 0.110517
4 0.152941
5 0
6 0
7 0
8 0
9 0.309447
10 0.486275
11 0.486275
12 0.486275
13 0.984314
14 0.410339
15 0.588445
16 1
17 0.0334191
18 0.914203
19 0.150432
20 1
21 0.703412
22 0.998607
23 0.999984
24 0.999984
25 0.996238
26 0.999967
27 1
28 0.999998
29 0.999514
30 0.999812
31 0.999985
32 0.999957
33 0.998259
34 0.931833
35 0.997692
36 0.999989
37 0.999907
38 0.98868
39 0.999764
40 0.977498
0 0.939031
1 0.0858639
2 0
3 0.0627451
4 0.0966132
5 0
6 0
7 0
8 0
9 0.486275
10 0.486275
11 0.486275
12 0.13262
13 0
14 0.380749
15 0.564706
16 1
17 0.0384293
18 0.921063
19 0.230798
20 1
21 0.780098
22 0.998726
23 0.999983
24 0.999989
25 0.997145
26 0.999964
27 1
28 0.999997
29 0.999585
30 0.999869
31 0.999984
32 0.999961
33 0.998357
34 0.950463
35 0.997843
36 0.999991
37 0.99991
38 0.994172
39 0.999788
40 0.987925
0 0.0109513
1 0.0795169
2 0
3 0.072549
4 0.0889483
5 0
6 0
7 0
8 0
9 0.486275
10 0.486275
11 0.442068
12 0
13 0
14 0.488414
15 0.602481
16 1
17 0.045273
18 0.913445
19 0.130744
20 1
21 0.741029
22 0.998695
23 0.999985
24 0.999982
25 0.996997
26 0.99996
27 1
28 0.999997
29 0.99964
30 0.999773
31 0.999986
32 0.999957
33 0.998375
34 0.941279
35 0.997921
36 0.999988
37 0.999914
38 0.990398
39 0.999798
40 0.977757
0 0.869676
1 0.0730778
2 0
3 0.106952
4 0.223529
5 0
6 0
7 0
8 0.0442068
9 0.353654
10 0.486275
11 0.486275
12 0.13262
13 0.0445633
14 0.485918
15 0.704837
16 1
17 0.0255923
18 0.920916
19 0.152938
20 1
21 0.829101
22 0.998433
23 0.999983
24 0.999982
25 0.996244
26 0.999957
27 0.999999
28 0.999997
29 0.999625
30 0.999834
31 0.999987
32 0.999962
33 0.998343
34 0.954599
35 0.998064
36 0.999991
37 0.999915
38 0.991987
39 0.999825
40 0.983457
0 0.325035
1 0.0668169
2 0
3 0.0618538
4 0.236007
5 0
6 0
7 0.0110517
8 0.0816399
9 0.141176
10 0.486275
11 0.486275
12 0.631729
13 0.151159
14 0.619608
15 0.61589
16 1
17 0.0450625
18 0.920645
19 0.13019
20 1
21 0.710684
22 0.998583
23 0.999988
24 0.999987
25 0.995767
26 0.999963
27 1
28 0.999998
29 0.999642
30 0.999827
31 0.999987
32 0.999963
33 0.998358
34 0.952478
35 0.998156
36 0.999992
37 0.999917
38 0.992664
39 0.999809
40 0.985107
0 0.74161
1 0.0604892
2 0.000891266
3 0.084492
4 0.115152
5 0
6 0
7 0.0452763
8 0.00748663
9 0.102317
10 0.456684
11 0.486275
12 0.13262
13 0.195009
14 0.381462
15 0.644468
16 1
17 0.0299763
18 0.925232
19 0.247208
20 1
21 0.842745
22 0.998577
23 0.999988
24 0.999987
25 0.996906
26 0.999966
27 1
28 0.999997
29 0.999666
30 0.999895
31 0.999989
32 0.999957
33 0.998377
34 0.955556
35 0.998226
36 0.999993
37 0.999932
38 0.99388
39 0.999839
40 0.986561
0 0.0710902
1 0.0539596
2 0.0304813
3 0.455793
4 0.288057
5 0
6 0.0106952
7 0.0167558
8 0.160784
9 0.327629
10 0.836007
11 0.486275
12 0.486275
13 0.232086
14 0.653832
15 0.664881
16 1
17 0.023204
18 0.938382
19 0.216354
20 1
21 0.883298
22 0.998087
23 0.999987
24 0.999968
25 0.997086
26 0.999965
27 1
28 0.999997
29 0.999805
30 0.999829
31 0.999994
32 0.999943
33 0.998246
34 0.950209
35 0.998405
36 0.99999
37 0.999928
38 0.987926
39 0.999856
40 0.949698
0 0.863008
1 0.0471863
2 0.0746881
3 0.366488
4 0.929412
5 0.00748663
6 0.0495544
7 0.131551
8 0.083779
9 0.611408
10 0.929412
11 0.929412
12 0.929412
13 0.427094
14 0.935829
15 0.605661
16 1
17 0.0532923
18 0.963757
19 0.0980284
20 1
21 0.554578
22 0.997478
23 0.999972
24 0.999926
25 0.995523
26 0.999894
27 0.999999
28 0.999993
29 0.999794
30 0.999551
31 0.999977
32 0.999931
33 0.997725
34 0.981183
35 0.998637
36 0.999993
37 0.999916
38 0.993787
39 0.999876
40 0.983304
0 0.971841
1 0.0407662
2 0.0196078
3 0.0196078
4 0.0196078
5 0.054902
6 0.054902
7 0.054902
8 0.054902
9 0.054902
10 0.054902
11 0.054902
12 0.054902
13 1
14 1
15 0.644411
16 1
17 0.0973151
18 0.94076
19 0.232407
20 1
21 0.817812
22 0.998415
23 0.999968
24 0.999956
25 0.99705
26 0.999949
27 0.999999
28 0.999996
29 0.999709
30 0.999823
31 0.999987
32 0.999957
33 0.998276
34 0.974117
35 0.998533
36 0.999995
37 0.999928
38 0.994539
39 0.99987
40 0.985293
0 0.268039
1 0.0344199
2 0.16738
3 0.23975
4 0.646346
5 0
6 0.0976827
7 0.361854
8 0.00392157
9 0.345455
10 0.0759358
11 0.0117647
12 0.368271
13 0.482709
14 0.923708
15 0.67596
16 1
17 0.0741487
18 0.941929
19 0.205562
20 1
21 0.831405
22 0.998525
23 0.999985
24 0.999976
25 0.996741
26 0.99995
27 1
28 0.999996
29 0.999749
30 0.999826
31 0.999989
32 0.999958
33 0.998299
34 0.975672
35 0.998504
36 0.999995
37 0.99994
38 0.994944
39 0.999878
40 0.989659
0 0.223926
1 0.0281537
2 0.00855615
3 0.58057
4 0.38467
5 0
6 0.0976827
7 0.145098
8 0.276292
9 0.0117647
10 0.348307
11 0.21426
12 0.466667
13 0.532264
14 0.809269
15 0.661521
16 1
17 0.115019
18 0.928145
19 0.174853
20 1
21 0.767338
22 0.998132
23 0.999983
24 0.999971
25 0.996431
26 0.999945
27 1
28 0.999997
29 0.999766
30 0.999794
31 0.999989
32 0.999958
33 0.998279
34 0.978822
35 0.99878
36 0.999994
37 0.999941
38 0.993948
39 0.999867
40 0.987447
0 0.680458
1 0.0220296
2 0.253476
3 0.591266
4 0.377184
5 0.112299
6 0.083779
7 0.0117647
8 0.00891266
9 0.284848
10 0.16934
11 0.367558
12 0.438859
13 0.631016
14 0.681283
15 0.570317
16 1
17 0.0977531
18 0.932991
19 0.270028
20 1
21 0.702815
22 0.998337
23 0.999984
24 0.999976
25 0.996592
26 0.999949
27 1
28 0.999996
29 0.999785
30 0.999848
31 0.999988
32 0.999952
33 0.998254
34 0.978475
35 0.998982
36 0.999996
37 0.999938
38 0.996454
39 0.999879
40 0.991792
0 0.121251
1 0.015967
2 0.495187
3 0.461497
4 0.141176
5 0.0117647
6 0.083779
7 0.0766488
8 0.117291
9 0.264171
10 0.449554
11 0.441355
12 0.0855615
13 0.722995
14 0.8
15 0.514168
16 1
17 0.0752291
18 0.926542
19 0.356126
20 1
21 0.732033
22 0.998606
23 0.999984
24 0.999975
25 0.997306
26 0.99995
27 1
28 0.999997
29 0.999802
30 0.999828
31 0.999989
32 0.999953
33 0.998181
34 0.984237
35 0.998845
36 0.999996
37 0.999941
38 0.996075
39 0.999878
40 0.991384
0 0.31013
1 0.00977194
2 0.329055
3 0.523351
4 0.230481
5 0.300891
6 0.383601
7 0.188948
8 0.147594
9 0.301248
10 0.310517
11 0.464528
12 0.101604
13 0.68164
14 0.735116
15 0.559646
16 1
17 0.129031
18 0.905515
19 0.237918
20 1
21 0.751237
22 0.998665
23 0.999985
24 0.999978
25 0.997182
26 0.999953
27 1
28 0.999996
29 0.999807
30 0.99986
31 0.999988
32 0.999958
33 0.998464
34 0.97945
35 0.998912
36 0.999996
37 0.999946
38 0.995816
39 0.999874
40 0.99224
end fitness = 4.5555
