brain 22854 fitness=41.7938 numneurons+1=75 maxWeight=8 maxBias=8 redinput=2-14 greeninput=15-30 blueinput=31-34
+0.0000 +0.0000 +0.0000 +0.0000 +0.0000 +0.0000 +0.0000 +0.0000 +0.0000 +0.0000 +0.0000 +0.0000 +0.0000 +0.0000 +0.0000 +0.0000 +0.0000 +0.0000 +0.0000 +0.0000 +0.0000 +0.0000 +0.0000 +0.0000 +0.0000 +0.0000 +0.0000 +0.0000 +0.0000 +0.0000 +0.0000 +0.0000 +0.0000 +0.0000 +0.0000 +0.0000 +0.0000 +0.0000 +0.0000 +0.0000 +0.0000 +0.0000 +0.0000 +0.0000 +0.0000 +0.0000 +0.0000 +0.0000 +0.0000 +0.0000 +0.0000 +0.0000 +0.0000 +0.0000 +0.0000 +0.0000 +0.0000 +0.0000 +0.0000 +0.0000 +0.0000 +0.0000 +0.0000 +0.0000 +0.0000 +0.0000 +0.0000 +0.0000 +0.0000 +0.0000 +0.0000 +0.0000 +0.0000 +0.0000 +0.0000 ;
+0.0000 +0.0000 +0.0000 +0.0000 +0.0000 +0.0000 +0.0000 +0.0000 +0.0000 +0.0000 +0.0000 +0.0000 +0.0000 +0.0000 +0.0000 +0.0000 +0.0000 +0.0000 +0.0000 +0.0000 +0.0000 +0.0000 +0.0000 +0.0000 +0.0000 +0.0000 +0.0000 +0.0000 +0.0000 +0.0000 +0.0000 +0.0000 +0.0000 +0.0000 +0.0000 +0.0000 +0.0000 +0.0000 +0.0000 +0.0000 +0.0000 +0.0000 +0.0000 +0.0000 +0.0000 +0.0000 +0.0000 +0.0000 +0.0000 +0.0000 +0.0000 +0.0000 +0.0000 +0.0000 +0.0000 +0.0000 +0.0000 +0.0000 +0.0000 +0.0000 +0.0000 +0.0000 +0.0000 +0.0000 +0.0000 +0.0000 +0.0000 +0.0000 +0.0000 +0.0000 +0.0000 +0.0000 +0.0000 +0.0000 +0.0000 ;
+0.0000 +0.0000 +0.0000 +0.0000 +0.0000 +0.0000 +0.0000 +0.0000 +0.0000 +0.0000 +0.0000 +0.0000 +0.0000 +0.0000 +0.0000 +0.0000 +0.0000 +0.0000 +0.0000 +0.0000 +0.0000 +0.0000 +0.0000 +0.0000 +0.0000 +0.0000 +0.0000 +0.0000 +0.0000 +0.0000 +0.0000 +0.0000 +0.0000 +0.0000 +0.0000 +0.0000 +0.0000 +0.0000 +0.0000 +0.0000 +0.0000 +0.0000 +0.0000 +0.0000 +0.0000 +0.0000 +0.0000 +0.0000 +0.0000 +0.0000 +0.0000 +0.0000 +0.0000 +0.0000 +0.0000 +0.0000 +0.0000 +0.0000 +0.0000 +0.0000 +0.0000 +0.0000 +0.0000 +0.0000 +0.0000 +0.0000 +0.0000 +0.0000 +0.0000 +0.0000 +0.0000 +0.0000 +0.0000 +0.0000 +0.0000 ;
+0.0000 +0.0000 +0.0000 +0.0000 +0.0000 +0.0000 +0.0000 +0.0000 +0.0000 +0.0000 +0.0000 +0.0000 +0.0000 +0.0000 +0.0000 +0.0000 +0.0000 +0.0000 +0.0000 +0.0000 +0.0000 +0.0000 +0.0000 +0.0000 +0.0000 +0.0000 +0.0000 +0.0000 +0.0000 +0.0000 +0.0000 +0.0000 +0.0000 +0.0000 +0.0000 +0.0000 +0.0000 +0.0000 +0.0000 +0.0000 +0.0000 +0.0000 +0.0000 +0.0000 +0.0000 +0.0000 +0.0000 +0.0000 +0.0000 +0.0000 +0.0000 +0.0000 +0.0000 +0.0000 +0.0000 +0.0000 +0.0000 +0.0000 +0.0000 +0.0000 +0.0000 +0.0000 +0.0000 +0.0000 +0.0000 +0.0000 +0.0000 +0.0000 +0.0000 +0.0000 +0.0000 +0.0000 +0.0000 +0.0000 +0.0000 ;
+0.0000 +0.0000 +0.0000 +0.0000 +0.0000 +0.0000 +0.0000 +0.0000 +0.0000 +0.0000 +0.0000 +0.0000 +0.0000 +0.0000 +0.0000 +0.0000 +0.0000 +0.0000 +0.0000 +0.0000 +0.0000 +0.0000 +0.0000 +0.0000 +0.0000 +0.0000 +0.0000 +0.0000 +0.0000 +0.0000 +0.0000 +0.0000 +0.0000 +0.0000 +0.0000 +0.0000 +0.0000 +0.0000 +0.0000 +0.0000 +0.0000 +0.0000 +0.0000 +0.0000 +0.0000 +0.0000 +0.0000 +0.0000 +0.0000 +0.0000 +0.0000 +0.0000 +0.0000 +0.0000 +0.0000 +0.0000 +0.0000 +0.0000 +0.0000 +0.0000 +0.0000 +0.0000 +0.0000 +0.0000 +0.0000 +0.0000 +0.0000 +0.0000 +0.0000 +0.0000 +0.0000 +0.0000 +0.0000 +0.0000 +0.0000 ;
+0.0000 +0.0000 +0.0000 +0.0000 +0.0000 +0.0000 +0.0000 +0.0000 +0.0000 +0.0000 +0.0000 +0.0000 +0.0000 +0.0000 +0.0000 +0.0000 +0.0000 +0.0000 +0.0000 +0.0000 +0.0000 +0.0000 +0.0000 +0.0000 +0.0000 +0.0000 +0.0000 +0.0000 +0.0000 +0.0000 +0.0000 +0.0000 +0.0000 +0.0000 +0.0000 +0.0000 +0.0000 +0.0000 +0.0000 +0.0000 +0.0000 +0.0000 +0.0000 +0.0000 +0.0000 +0.0000 +0.0000 +0.0000 +0.0000 +0.0000 +0.0000 +0.0000 +0.0000 +0.0000 +0.0000 +0.0000 +0.0000 +0.0000 +0.0000 +0.0000 +0.0000 +0.0000 +0.0000 +0.0000 +0.0000 +0.0000 +0.0000 +0.0000 +0.0000 +0.0000 +0.0000 +0.0000 +0.0000 +0.0000 +0.0000 ;
+0.0000 +0.0000 +0.0000 +0.0000 +0.0000 +0.0000 +0.0000 +0.0000 +0.0000 +0.0000 +0.0000 +0.0000 +0.0000 +0.0000 +0.0000 +0.0000 +0.0000 +0.0000 +0.0000 +0.0000 +0.0000 +0.0000 +0.0000 +0.0000 +0.0000 +0.0000 +0.0000 +0.0000 +0.0000 +0.0000 +0.0000 +0.0000 +0.0000 +0.0000 +0.0000 +0.0000 +0.0000 +0.0000 +0.0000 +0.0000 +0.0000 +0.0000 +0.0000 +0.0000 +0.0000 +0.0000 +0.0000 +0.0000 +0.0000 +0.0000 +0.0000 +0.0000 +0.0000 +0.0000 +0.0000 +0.0000 +0.0000 +0.0000 +0.0000 +0.0000 +0.0000 +0.0000 +0.0000 +0.0000 +0.0000 +0.0000 +0.0000 +0.0000 +0.0000 +0.0000 +0.0000 +0.0000 +0.0000 +0.0000 +0.0000 ;
+0.0000 +0.0000 +0.0000 +0.0000 +0.0000 +0.0000 +0.0000 +0.0000 +0.0000 +0.0000 +0.0000 +0.0000 +0.0000 +0.0000 +0.0000 +0.0000 +0.0000 +0.0000 +0.0000 +0.0000 +0.0000 +0.0000 +0.0000 +0.0000 +0.0000 +0.0000 +0.0000 +0.0000 +0.0000 +0.0000 +0.0000 +0.0000 +0.0000 +0.0000 +0.0000 +0.0000 +0.0000 +0.0000 +0.0000 +0.0000 +0.0000 +0.0000 +0.0000 +0.0000 +0.0000 +0.0000 +0.0000 +0.0000 +0.0000 +0.0000 +0.0000 +0.0000 +0.0000 +0.0000 +0.0000 +0.0000 +0.0000 +0.0000 +0.0000 +0.0000 +0.0000 +0.0000 +0.0000 +0.0000 +0.0000 +0.0000 +0.0000 +0.0000 +0.0000 +0.0000 +0.0000 +0.0000 +0.0000 +0.0000 +0.0000 ;
+0.0000 +0.0000 +0.0000 +0.0000 +0.0000 +0.0000 +0.0000 +0.0000 +0.0000 +0.0000 +0.0000 +0.0000 +0.0000 +0.0000 +0.0000 +0.0000 +0.0000 +0.0000 +0.0000 +0.0000 +0.0000 +0.0000 +0.0000 +0.0000 +0.0000 +0.0000 +0.0000 +0.0000 +0.0000 +0.0000 +0.0000 +0.0000 +0.0000 +0.0000 +0.0000 +0.0000 +0.0000 +0.0000 +0.0000 +0.0000 +0.0000 +0.0000 +0.0000 +0.0000 +0.0000 +0.0000 +0.0000 +0.0000 +0.0000 +0.0000 +0.0000 +0.0000 +0.0000 +0.0000 +0.0000 +0.0000 +0.0000 +0.0000 +0.0000 +0.0000 +0.0000 +0.0000 +0.0000 +0.0000 +0.0000 +0.0000 +0.0000 +0.0000 +0.0000 +0.0000 +0.0000 +0.0000 +0.0000 +0.0000 +0.0000 ;
+0.0000 +0.0000 +0.0000 +0.0000 +0.0000 +0.0000 +0.0000 +0.0000 +0.0000 +0.0000 +0.0000 +0.0000 +0.0000 +0.0000 +0.0000 +0.0000 +0.0000 +0.0000 +0.0000 +0.0000 +0.0000 +0.0000 +0.0000 +0.0000 +0.0000 +0.0000 +0.0000 +0.0000 +0.0000 +0.0000 +0.0000 +0.0000 +0.0000 +0.0000 +0.0000 +0.0000 +0.0000 +0.0000 +0.0000 +0.0000 +0.0000 +0.0000 +0.0000 +0.0000 +0.0000 +0.0000 +0.0000 +0.0000 +0.0000 +0.0000 +0.0000 +0.0000 +0.0000 +0.0000 +0.0000 +0.0000 +0.0000 +0.0000 +0.0000 +0.0000 +0.0000 +0.0000 +0.0000 +0.0000 +0.0000 +0.0000 +0.0000 +0.0000 +0.0000 +0.0000 +0.0000 +0.0000 +0.0000 +0.0000 +0.0000 ;
+0.0000 +0.0000 +0.0000 +0.0000 +0.0000 +0.0000 +0.0000 +0.0000 +0.0000 +0.0000 +0.0000 +0.0000 +0.0000 +0.0000 +0.0000 +0.0000 +0.0000 +0.0000 +0.0000 +0.0000 +0.0000 +0.0000 +0.0000 +0.0000 +0.0000 +0.0000 +0.0000 +0.0000 +0.0000 +0.0000 +0.0000 +0.0000 +0.0000 +0.0000 +0.0000 +0.0000 +0.0000 +0.0000 +0.0000 +0.0000 +0.0000 +0.0000 +0.0000 +0.0000 +0.0000 +0.0000 +0.0000 +0.0000 +0.0000 +0.0000 +0.0000 +0.0000 +0.0000 +0.0000 +0.0000 +0.0000 +0.0000 +0.0000 +0.0000 +0.0000 +0.0000 +0.0000 +0.0000 +0.0000 +0.0000 +0.0000 +0.0000 +0.0000 +0.0000 +0.0000 +0.0000 +0.0000 +0.0000 +0.0000 +0.0000 ;
+0.0000 +0.0000 +0.0000 +0.0000 +0.0000 +0.0000 +0.0000 +0.0000 +0.0000 +0.0000 +0.0000 +0.0000 +0.0000 +0.0000 +0.0000 +0.0000 +0.0000 +0.0000 +0.0000 +0.0000 +0.0000 +0.0000 +0.0000 +0.0000 +0.0000 +0.0000 +0.0000 +0.0000 +0.0000 +0.0000 +0.0000 +0.0000 +0.0000 +0.0000 +0.0000 +0.0000 +0.0000 +0.0000 +0.0000 +0.0000 +0.0000 +0.0000 +0.0000 +0.0000 +0.0000 +0.0000 +0.0000 +0.0000 +0.0000 +0.0000 +0.0000 +0.0000 +0.0000 +0.0000 +0.0000 +0.0000 +0.0000 +0.0000 +0.0000 +0.0000 +0.0000 +0.0000 +0.0000 +0.0000 +0.0000 +0.0000 +0.0000 +0.0000 +0.0000 +0.0000 +0.0000 +0.0000 +0.0000 +0.0000 +0.0000 ;
+0.0000 +0.0000 +0.0000 +0.0000 +0.0000 +0.0000 +0.0000 +0.0000 +0.0000 +0.0000 +0.0000 +0.0000 +0.0000 +0.0000 +0.0000 +0.0000 +0.0000 +0.0000 +0.0000 +0.0000 +0.0000 +0.0000 +0.0000 +0.0000 +0.0000 +0.0000 +0.0000 +0.0000 +0.0000 +0.0000 +0.0000 +0.0000 +0.0000 +0.0000 +0.0000 +0.0000 +0.0000 +0.0000 +0.0000 +0.0000 +0.0000 +0.0000 +0.0000 +0.0000 +0.0000 +0.0000 +0.0000 +0.0000 +0.0000 +0.0000 +0.0000 +0.0000 +0.0000 +0.0000 +0.0000 +0.0000 +0.0000 +0.0000 +0.0000 +0.0000 +0.0000 +0.0000 +0.0000 +0.0000 +0.0000 +0.0000 +0.0000 +0.0000 +0.0000 +0.0000 +0.0000 +0.0000 +0.0000 +0.0000 +0.0000 ;
+0.0000 +0.0000 +0.0000 +0.0000 +0.0000 +0.0000 +0.0000 +0.0000 +0.0000 +0.0000 +0.0000 +0.0000 +0.0000 +0.0000 +0.0000 +0.0000 +0.0000 +0.0000 +0.0000 +0.0000 +0.0000 +0.0000 +0.0000 +0.0000 +0.0000 +0.0000 +0.0000 +0.0000 +0.0000 +0.0000 +0.0000 +0.0000 +0.0000 +0.0000 +0.0000 +0.0000 +0.0000 +0.0000 +0.0000 +0.0000 +0.0000 +0.0000 +0.0000 +0.0000 +0.0000 +0.0000 +0.0000 +0.0000 +0.0000 +0.0000 +0.0000 +0.0000 +0.0000 +0.0000 +0.0000 +0.0000 +0.0000 +0.0000 +0.0000 +0.0000 +0.0000 +0.0000 +0.0000 +0.0000 +0.0000 +0.0000 +0.0000 +0.0000 +0.0000 +0.0000 +0.0000 +0.0000 +0.0000 +0.0000 +0.0000 ;
+0.0000 +0.0000 +0.0000 +0.0000 +0.0000 +0.0000 +0.0000 +0.0000 +0.0000 +0.0000 +0.0000 +0.0000 +0.0000 +0.0000 +0.0000 +0.0000 +0.0000 +0.0000 +0.0000 +0.0000 +0.0000 +0.0000 +0.0000 +0.0000 +0.0000 +0.0000 +0.0000 +0.0000 +0.0000 +0.0000 +0.0000 +0.0000 +0.0000 +0.0000 +0.0000 +0.0000 +0.0000 +0.0000 +0.0000 +0.0000 +0.0000 +0.0000 +0.0000 +0.0000 +0.0000 +0.0000 +0.0000 +0.0000 +0.0000 +0.0000 +0.0000 +0.0000 +0.0000 +0.0000 +0.0000 +0.0000 +0.0000 +0.0000 +0.0000 +0.0000 +0.0000 +0.0000 +0.0000 +0.0000 +0.0000 +0.0000 +0.0000 +0.0000 +0.0000 +0.0000 +0.0000 +0.0000 +0.0000 +0.0000 +0.0000 ;
+0.0000 +0.0000 +0.0000 +0.0000 +0.0000 +0.0000 +0.0000 +0.0000 +0.0000 +0.0000 +0.0000 +0.0000 +0.0000 +0.0000 +0.0000 +0.0000 +0.0000 +0.0000 +0.0000 +0.0000 +0.0000 +0.0000 +0.0000 +0.0000 +0.0000 +0.0000 +0.0000 +0.0000 +0.0000 +0.0000 +0.0000 +0.0000 +0.0000 +0.0000 +0.0000 +0.0000 +0.0000 +0.0000 +0.0000 +0.0000 +0.0000 +0.0000 +0.0000 +0.0000 +0.0000 +0.0000 +0.0000 +0.0000 +0.0000 +0.0000 +0.0000 +0.0000 +0.0000 +0.0000 +0.0000 +0.0000 +0.0000 +0.0000 +0.0000 +0.0000 +0.0000 +0.0000 +0.0000 +0.0000 +0.0000 +0.0000 +0.0000 +0.0000 +0.0000 +0.0000 +0.0000 +0.0000 +0.0000 +0.0000 +0.0000 ;
+0.0000 +0.0000 +0.0000 +0.0000 +0.0000 +0.0000 +0.0000 +0.0000 +0.0000 +0.0000 +0.0000 +0.0000 +0.0000 +0.0000 +0.0000 +0.0000 +0.0000 +0.0000 +0.0000 +0.0000 +0.0000 +0.0000 +0.0000 +0.0000 +0.0000 +0.0000 +0.0000 +0.0000 +0.0000 +0.0000 +0.0000 +0.0000 +0.0000 +0.0000 +0.0000 +0.0000 +0.0000 +0.0000 +0.0000 +0.0000 +0.0000 +0.0000 +0.0000 +0.0000 +0.0000 +0.0000 +0.0000 +0.0000 +0.0000 +0.0000 +0.0000 +0.0000 +0.0000 +0.0000 +0.0000 +0.0000 +0.0000 +0.0000 +0.0000 +0.0000 +0.0000 +0.0000 +0.0000 +0.0000 +0.0000 +0.0000 +0.0000 +0.0000 +0.0000 +0.0000 +0.0000 +0.0000 +0.0000 +0.0000 +0.0000 ;
+0.0000 +0.0000 +0.0000 +0.0000 +0.0000 +0.0000 +0.0000 +0.0000 +0.0000 +0.0000 +0.0000 +0.0000 +0.0000 +0.0000 +0.0000 +0.0000 +0.0000 +0.0000 +0.0000 +0.0000 +0.0000 +0.0000 +0.0000 +0.0000 +0.0000 +0.0000 +0.0000 +0.0000 +0.0000 +0.0000 +0.0000 +0.0000 +0.0000 +0.0000 +0.0000 +0.0000 +0.0000 +0.0000 +0.0000 +0.0000 +0.0000 +0.0000 +0.0000 +0.0000 +0.0000 +0.0000 +0.0000 +0.0000 +0.0000 +0.0000 +0.0000 +0.0000 +0.0000 +0.0000 +0.0000 +0.0000 +0.0000 +0.0000 +0.0000 +0.0000 +0.0000 +0.0000 +0.0000 +0.0000 +0.0000 +0.0000 +0.0000 +0.0000 +0.0000 +0.0000 +0.0000 +0.0000 +0.0000 +0.0000 +0.0000 ;
+0.0000 +0.0000 +0.0000 +0.0000 +0.0000 +0.0000 +0.0000 +0.0000 +0.0000 +0.0000 +0.0000 +0.0000 +0.0000 +0.0000 +0.0000 +0.0000 +0.0000 +0.0000 +0.0000 +0.0000 +0.0000 +0.0000 +0.0000 +0.0000 +0.0000 +0.0000 +0.0000 +0.0000 +0.0000 +0.0000 +0.0000 +0.0000 +0.0000 +0.0000 +0.0000 +0.0000 +0.0000 +0.0000 +0.0000 +0.0000 +0.0000 +0.0000 +0.0000 +0.0000 +0.0000 +0.0000 +0.0000 +0.0000 +0.0000 +0.0000 +0.0000 +0.0000 +0.0000 +0.0000 +0.0000 +0.0000 +0.0000 +0.0000 +0.0000 +0.0000 +0.0000 +0.0000 +0.0000 +0.0000 +0.0000 +0.0000 +0.0000 +0.0000 +0.0000 +0.0000 +0.0000 +0.0000 +0.0000 +0.0000 +0.0000 ;
+0.0000 +0.0000 +0.0000 +0.0000 +0.0000 +0.0000 +0.0000 +0.0000 +0.0000 +0.0000 +0.0000 +0.0000 +0.0000 +0.0000 +0.0000 +0.0000 +0.0000 +0.0000 +0.0000 +0.0000 +0.0000 +0.0000 +0.0000 +0.0000 +0.0000 +0.0000 +0.0000 +0.0000 +0.0000 +0.0000 +0.0000 +0.0000 +0.0000 +0.0000 +0.0000 +0.0000 +0.0000 +0.0000 +0.0000 +0.0000 +0.0000 +0.0000 +0.0000 +0.0000 +0.0000 +0.0000 +0.0000 +0.0000 +0.0000 +0.0000 +0.0000 +0.0000 +0.0000 +0.0000 +0.0000 +0.0000 +0.0000 +0.0000 +0.0000 +0.0000 +0.0000 +0.0000 +0.0000 +0.0000 +0.0000 +0.0000 +0.0000 +0.0000 +0.0000 +0.0000 +0.0000 +0.0000 +0.0000 +0.0000 +0.0000 ;
+0.0000 +0.0000 +0.0000 +0.0000 +0.0000 +0.0000 +0.0000 +0.0000 +0.0000 +0.0000 +0.0000 +0.0000 +0.0000 +0.0000 +0.0000 +0.0000 +0.0000 +0.0000 +0.0000 +0.0000 +0.0000 +0.0000 +0.0000 +0.0000 +0.0000 +0.0000 +0.0000 +0.0000 +0.0000 +0.0000 +0.0000 +0.0000 +0.0000 +0.0000 +0.0000 +0.0000 +0.0000 +0.0000 +0.0000 +0.0000 +0.0000 +0.0000 +0.0000 +0.0000 +0.0000 +0.0000 +0.0000 +0.0000 +0.0000 +0.0000 +0.0000 +0.0000 +0.0000 +0.0000 +0.0000 +0.0000 +0.0000 +0.0000 +0.0000 +0.0000 +0.0000 +0.0000 +0.0000 +0.0000 +0.0000 +0.0000 +0.0000 +0.0000 +0.0000 +0.0000 +0.0000 +0.0000 +0.0000 +0.0000 +0.0000 ;
+0.0000 +0.0000 +0.0000 +0.0000 +0.0000 +0.0000 +0.0000 +0.0000 +0.0000 +0.0000 +0.0000 +0.0000 +0.0000 +0.0000 +0.0000 +0.0000 +0.0000 +0.0000 +0.0000 +0.0000 +0.0000 +0.0000 +0.0000 +0.0000 +0.0000 +0.0000 +0.0000 +0.0000 +0.0000 +0.0000 +0.0000 +0.0000 +0.0000 +0.0000 +0.0000 +0.0000 +0.0000 +0.0000 +0.0000 +0.0000 +0.0000 +0.0000 +0.0000 +0.0000 +0.0000 +0.0000 +0.0000 +0.0000 +0.0000 +0.0000 +0.0000 +0.0000 +0.0000 +0.0000 +0.0000 +0.0000 +0.0000 +0.0000 +0.0000 +0.0000 +0.0000 +0.0000 +0.0000 +0.0000 +0.0000 +0.0000 +0.0000 +0.0000 +0.0000 +0.0000 +0.0000 +0.0000 +0.0000 +0.0000 +0.0000 ;
+0.0000 +0.0000 +0.0000 +0.0000 +0.0000 +0.0000 +0.0000 +0.0000 +0.0000 +0.0000 +0.0000 +0.0000 +0.0000 +0.0000 +0.0000 +0.0000 +0.0000 +0.0000 +0.0000 +0.0000 +0.0000 +0.0000 +0.0000 +0.0000 +0.0000 +0.0000 +0.0000 +0.0000 +0.0000 +0.0000 +0.0000 +0.0000 +0.0000 +0.0000 +0.0000 +0.0000 +0.0000 +0.0000 +0.0000 +0.0000 +0.0000 +0.0000 +0.0000 +0.0000 +0.0000 +0.0000 +0.0000 +0.0000 +0.0000 +0.0000 +0.0000 +0.0000 +0.0000 +0.0000 +0.0000 +0.0000 +0.0000 +0.0000 +0.0000 +0.0000 +0.0000 +0.0000 +0.0000 +0.0000 +0.0000 +0.0000 +0.0000 +0.0000 +0.0000 +0.0000 +0.0000 +0.0000 +0.0000 +0.0000 +0.0000 ;
+0.0000 +0.0000 +0.0000 +0.0000 +0.0000 +0.0000 +0.0000 +0.0000 +0.0000 +0.0000 +0.0000 +0.0000 +0.0000 +0.0000 +0.0000 +0.0000 +0.0000 +0.0000 +0.0000 +0.0000 +0.0000 +0.0000 +0.0000 +0.0000 +0.0000 +0.0000 +0.0000 +0.0000 +0.0000 +0.0000 +0.0000 +0.0000 +0.0000 +0.0000 +0.0000 +0.0000 +0.0000 +0.0000 +0.0000 +0.0000 +0.0000 +0.0000 +0.0000 +0.0000 +0.0000 +0.0000 +0.0000 +0.0000 +0.0000 +0.0000 +0.0000 +0.0000 +0.0000 +0.0000 +0.0000 +0.0000 +0.0000 +0.0000 +0.0000 +0.0000 +0.0000 +0.0000 +0.0000 +0.0000 +0.0000 +0.0000 +0.0000 +0.0000 +0.0000 +0.0000 +0.0000 +0.0000 +0.0000 +0.0000 +0.0000 ;
+0.0000 +0.0000 +0.0000 +0.0000 +0.0000 +0.0000 +0.0000 +0.0000 +0.0000 +0.0000 +0.0000 +0.0000 +0.0000 +0.0000 +0.0000 +0.0000 +0.0000 +0.0000 +0.0000 +0.0000 +0.0000 +0.0000 +0.0000 +0.0000 +0.0000 +0.0000 +0.0000 +0.0000 +0.0000 +0.0000 +0.0000 +0.0000 +0.0000 +0.0000 +0.0000 +0.0000 +0.0000 +0.0000 +0.0000 +0.0000 +0.0000 +0.0000 +0.0000 +0.0000 +0.0000 +0.0000 +0.0000 +0.0000 +0.0000 +0.0000 +0.0000 +0.0000 +0.0000 +0.0000 +0.0000 +0.0000 +0.0000 +0.0000 +0.0000 +0.0000 +0.0000 +0.0000 +0.0000 +0.0000 +0.0000 +0.0000 +0.0000 +0.0000 +0.0000 +0.0000 +0.0000 +0.0000 +0.0000 +0.0000 +0.0000 ;
+0.0000 +0.0000 +0.0000 +0.0000 +0.0000 +0.0000 +0.0000 +0.0000 +0.0000 +0.0000 +0.0000 +0.0000 +0.0000 +0.0000 +0.0000 +0.0000 +0.0000 +0.0000 +0.0000 +0.0000 +0.0000 +0.0000 +0.0000 +0.0000 +0.0000 +0.0000 +0.0000 +0.0000 +0.0000 +0.0000 +0.0000 +0.0000 +0.0000 +0.0000 +0.0000 +0.0000 +0.0000 +0.0000 +0.0000 +0.0000 +0.0000 +0.0000 +0.0000 +0.0000 +0.0000 +0.0000 +0.0000 +0.0000 +0.0000 +0.0000 +0.0000 +0.0000 +0.0000 +0.0000 +0.0000 +0.0000 +0.0000 +0.0000 +0.0000 +0.0000 +0.0000 +0.0000 +0.0000 +0.0000 +0.0000 +0.0000 +0.0000 +0.0000 +0.0000 +0.0000 +0.0000 +0.0000 +0.0000 +0.0000 +0.0000 ;
+0.0000 +0.0000 +0.0000 +0.0000 +0.0000 +0.0000 +0.0000 +0.0000 +0.0000 +0.0000 +0.0000 +0.0000 +0.0000 +0.0000 +0.0000 +0.0000 +0.0000 +0.0000 +0.0000 +0.0000 +0.0000 +0.0000 +0.0000 +0.0000 +0.0000 +0.0000 +0.0000 +0.0000 +0.0000 +0.0000 +0.0000 +0.0000 +0.0000 +0.0000 +0.0000 +0.0000 +0.0000 +0.0000 +0.0000 +0.0000 +0.0000 +0.0000 +0.0000 +0.0000 +0.0000 +0.0000 +0.0000 +0.0000 +0.0000 +0.0000 +0.0000 +0.0000 +0.0000 +0.0000 +0.0000 +0.0000 +0.0000 +0.0000 +0.0000 +0.0000 +0.0000 +0.0000 +0.0000 +0.0000 +0.0000 +0.0000 +0.0000 +0.0000 +0.0000 +0.0000 +0.0000 +0.0000 +0.0000 +0.0000 +0.0000 ;
+0.0000 +0.0000 +0.0000 +0.0000 +0.0000 +0.0000 +0.0000 +0.0000 +0.0000 +0.0000 +0.0000 +0.0000 +0.0000 +0.0000 +0.0000 +0.0000 +0.0000 +0.0000 +0.0000 +0.0000 +0.0000 +0.0000 +0.0000 +0.0000 +0.0000 +0.0000 +0.0000 +0.0000 +0.0000 +0.0000 +0.0000 +0.0000 +0.0000 +0.0000 +0.0000 +0.0000 +0.0000 +0.0000 +0.0000 +0.0000 +0.0000 +0.0000 +0.0000 +0.0000 +0.0000 +0.0000 +0.0000 +0.0000 +0.0000 +0.0000 +0.0000 +0.0000 +0.0000 +0.0000 +0.0000 +0.0000 +0.0000 +0.0000 +0.0000 +0.0000 +0.0000 +0.0000 +0.0000 +0.0000 +0.0000 +0.0000 +0.0000 +0.0000 +0.0000 +0.0000 +0.0000 +0.0000 +0.0000 +0.0000 +0.0000 ;
+0.0000 +0.0000 +0.0000 +0.0000 +0.0000 +0.0000 +0.0000 +0.0000 +0.0000 +0.0000 +0.0000 +0.0000 +0.0000 +0.0000 +0.0000 +0.0000 +0.0000 +0.0000 +0.0000 +0.0000 +0.0000 +0.0000 +0.0000 +0.0000 +0.0000 +0.0000 +0.0000 +0.0000 +0.0000 +0.0000 +0.0000 +0.0000 +0.0000 +0.0000 +0.0000 +0.0000 +0.0000 +0.0000 +0.0000 +0.0000 +0.0000 +0.0000 +0.0000 +0.0000 +0.0000 +0.0000 +0.0000 +0.0000 +0.0000 +0.0000 +0.0000 +0.0000 +0.0000 +0.0000 +0.0000 +0.0000 +0.0000 +0.0000 +0.0000 +0.0000 +0.0000 +0.0000 +0.0000 +0.0000 +0.0000 +0.0000 +0.0000 +0.0000 +0.0000 +0.0000 +0.0000 +0.0000 +0.0000 +0.0000 +0.0000 ;
+0.0000 +0.0000 +0.0000 +0.0000 +0.0000 +0.0000 +0.0000 +0.0000 +0.0000 +0.0000 +0.0000 +0.0000 +0.0000 +0.0000 +0.0000 +0.0000 +0.0000 +0.0000 +0.0000 +0.0000 +0.0000 +0.0000 +0.0000 +0.0000 +0.0000 +0.0000 +0.0000 +0.0000 +0.0000 +0.0000 +0.0000 +0.0000 +0.0000 +0.0000 +0.0000 +0.0000 +0.0000 +0.0000 +0.0000 +0.0000 +0.0000 +0.0000 +0.0000 +0.0000 +0.0000 +0.0000 +0.0000 +0.0000 +0.0000 +0.0000 +0.0000 +0.0000 +0.0000 +0.0000 +0.0000 +0.0000 +0.0000 +0.0000 +0.0000 +0.0000 +0.0000 +0.0000 +0.0000 +0.0000 +0.0000 +0.0000 +0.0000 +0.0000 +0.0000 +0.0000 +0.0000 +0.0000 +0.0000 +0.0000 +0.0000 ;
+0.0000 +0.0000 +0.0000 +0.0000 +0.0000 +0.0000 +0.0000 +0.0000 +0.0000 +0.0000 +0.0000 +0.0000 +0.0000 +0.0000 +0.0000 +0.0000 +0.0000 +0.0000 +0.0000 +0.0000 +0.0000 +0.0000 +0.0000 +0.0000 +0.0000 +0.0000 +0.0000 +0.0000 +0.0000 +0.0000 +0.0000 +0.0000 +0.0000 +0.0000 +0.0000 +0.0000 +0.0000 +0.0000 +0.0000 +0.0000 +0.0000 +0.0000 +0.0000 +0.0000 +0.0000 +0.0000 +0.0000 +0.0000 +0.0000 +0.0000 +0.0000 +0.0000 +0.0000 +0.0000 +0.0000 +0.0000 +0.0000 +0.0000 +0.0000 +0.0000 +0.0000 +0.0000 +0.0000 +0.0000 +0.0000 +0.0000 +0.0000 +0.0000 +0.0000 +0.0000 +0.0000 +0.0000 +0.0000 +0.0000 +0.0000 ;
+0.0000 +0.0000 +0.0000 +0.0000 +0.0000 +0.0000 +0.0000 +0.0000 +0.0000 +0.0000 +0.0000 +0.0000 +0.0000 +0.0000 +0.0000 +0.0000 +0.0000 +0.0000 +0.0000 +0.0000 +0.0000 +0.0000 +0.0000 +0.0000 +0.0000 +0.0000 +0.0000 +0.0000 +0.0000 +0.0000 +0.0000 +0.0000 +0.0000 +0.0000 +0.0000 +0.0000 +0.0000 +0.0000 +0.0000 +0.0000 +0.0000 +0.0000 +0.0000 +0.0000 +0.0000 +0.0000 +0.0000 +0.0000 +0.0000 +0.0000 +0.0000 +0.0000 +0.0000 +0.0000 +0.0000 +0.0000 +0.0000 +0.0000 +0.0000 +0.0000 +0.0000 +0.0000 +0.0000 +0.0000 +0.0000 +0.0000 +0.0000 +0.0000 +0.0000 +0.0000 +0.0000 +0.0000 +0.0000 +0.0000 +0.0000 ;
+0.0000 +0.0000 +0.0000 +0.0000 +0.0000 +0.0000 +0.0000 +0.0000 +0.0000 +0.0000 +0.0000 +0.0000 +0.0000 +0.0000 +0.0000 +0.0000 +0.0000 +0.0000 +0.0000 +0.0000 +0.0000 +0.0000 +0.0000 +0.0000 +0.0000 +0.0000 +0.0000 +0.0000 +0.0000 +0.0000 +0.0000 +0.0000 +0.0000 +0.0000 +0.0000 +0.0000 +0.0000 +0.0000 +0.0000 +0.0000 +0.0000 +0.0000 +0.0000 +0.0000 +0.0000 +0.0000 +0.0000 +0.0000 +0.0000 +0.0000 +0.0000 +0.0000 +0.0000 +0.0000 +0.0000 +0.0000 +0.0000 +0.0000 +0.0000 +0.0000 +0.0000 +0.0000 +0.0000 +0.0000 +0.0000 +0.0000 +0.0000 +0.0000 +0.0000 +0.0000 +0.0000 +0.0000 +0.0000 +0.0000 +0.0000 ;
+0.0000 +0.0000 +0.0000 +0.0000 +0.0000 +0.0000 +0.0000 +0.0000 +0.0000 +0.0000 +0.0000 +0.0000 +0.0000 +0.0000 +0.0000 +0.0000 +0.0000 +0.0000 +0.0000 +0.0000 +0.0000 +0.0000 +0.0000 +0.0000 +0.0000 +0.0000 +0.0000 +0.0000 +0.0000 +0.0000 +0.0000 +0.0000 +0.0000 +0.0000 +0.0000 +0.0000 +0.0000 +0.0000 +0.0000 +0.0000 +0.0000 +0.0000 +0.0000 +0.0000 +0.0000 +0.0000 +0.0000 +0.0000 +0.0000 +0.0000 +0.0000 +0.0000 +0.0000 +0.0000 +0.0000 +0.0000 +0.0000 +0.0000 +0.0000 +0.0000 +0.0000 +0.0000 +0.0000 +0.0000 +0.0000 +0.0000 +0.0000 +0.0000 +0.0000 +0.0000 +0.0000 +0.0000 +0.0000 +0.0000 +0.0000 ;
+0.0000 +0.0000 +0.0000 +0.0000 +0.0000 +0.0000 +0.0000 +0.0000 +0.0000 +0.0000 +0.0000 +0.0000 +0.0000 +0.0000 +0.0000 +0.0000 +0.0000 +0.0000 +0.0000 +0.0000 +0.0000 +0.0000 +0.0000 +0.0000 +0.0000 +0.0000 +0.0000 +0.0000 +0.0000 +0.0000 +0.0000 +0.0000 +0.0000 +0.0000 +0.0000 +0.0000 +0.0000 +0.0000 +0.0000 +0.0000 +0.0000 +0.0000 +0.0000 +0.0000 +0.0000 +0.0000 +0.0000 +0.0000 +0.0000 +0.0000 +0.0000 +0.0000 +0.0000 +0.0000 +0.0000 +0.0000 +0.0000 +0.0000 +0.0000 +0.0000 +0.0000 +0.0000 +0.0000 +0.0000 +0.0000 +0.0000 +0.0000 +0.0000 +0.0000 +0.0000 +0.0000 +0.0000 +0.0000 +0.0000 +0.0000 ;
+0.0000 +0.2913 +0.0000 +0.0000 -0.0000 -0.0000 -0.0000 -0.0000 +0.0000 +0.0000 -0.0000 -0.0000 -0.0000 +0.0000 -0.0000 +0.1576 +0.1449 +0.0000 -0.0000 +0.0000 +0.0086 +0.0881 +0.0000 +0.1392 +0.0396 +0.0001 +0.1814 +0.0001 +0.0001 +0.0000 +0.0000 -0.0000 -0.0000 -0.1494 +0.0000 +0.0000 +0.1138 -0.0002 +0.2641 +0.0000 -0.0619 -0.0010 +0.0000 +0.2380 +0.2314 +0.0730 +0.1325 +0.0000 +0.0000 +0.0000 +0.0000 +0.0000 -0.0010 -0.0065 -0.1969 -0.0001 +0.0000 +0.0000 +0.0000 +0.0000 +0.0000 +0.0000 +0.0000 +0.0000 +0.0000 +0.0000 +0.0985 +0.0004 +0.0003 +0.0062 +0.0000 -0.1365 -0.1440 +0.0000 -0.1922 ;
-0.1880 -0.1917 -0.1916 -0.1755 +0.0000 +0.0000 +0.0000 +0.0000 +0.0000 +0.0000 +0.0000 +0.0000 +0.0000 +0.0000 +0.0000 -0.0554 -0.0815 -0.0000 -0.0722 -0.0000 -0.0000 -0.0717 -0.0716 -0.0000 -0.0000 -0.0973 -0.0386 -0.0300 -0.0222 -0.0003 -0.0486 +0.0000 +0.1358 +0.0000 -0.1232 -0.1440 +0.0000 -0.1264 +0.0756 +0.3329 +0.2178 +0.0177 +0.4318 +0.0000 +0.3841 +0.0000 +0.0000 +0.0000 +0.0000 +0.0000 +0.5154 +0.0000 -0.0321 +0.0000 -0.0640 -0.0002 -0.0080 -0.0998 -0.0659 -0.2088 -0.1549 +0.0000 -0.0008 -0.0550 +0.0000 +0.0000 +0.0839 +0.2951 +0.0000 +0.0000 +0.0000 -0.2895 +0.0000 +0.0000 +0.2784 ;
-0.1033 -0.0517 -0.0410 -0.0228 -0.0203 -0.0381 -0.0333 -0.1082 -0.0689 -0.1059 +0.4974 -0.0363 +0.5463 +0.4208 -0.1317 -0.0548 -0.2624 -0.1390 -0.0149 -0.0948 +0.0415 +0.0240 +0.0000 +0.0000 +0.0000 +0.0000 +0.0000 +0.0000 +0.0000 +0.0000 +0.0000 +0.0000 -0.2624 +0.0000 -0.2122 +0.0000 -0.0027 +0.0000 -0.0002 +0.0534 +0.0000 -0.1701 +0.3839 +0.2560 +0.0000 +0.0000 +0.0000 +0.0000 +0.0000 +0.0000 +0.0000 +0.0000 -0.1402 -0.0000 -0.0000 -0.2428 -0.3529 -0.2363 -0.4981 -0.1858 -0.0000 -0.5323 -0.1079 +0.0000 +0.0000 +0.0000 +0.0000 +0.5284 +0.4459 +0.0000 +0.0000 -0.1957 +0.0000 +0.0000 +0.1843 ;
+0.0000 +0.0000 -0.1626 -0.0331 -0.1702 -0.0820 -0.0875 -0.2014 -0.1626 -0.0857 -0.0000 -0.2161 +0.0000 +0.0000 +0.0000 -0.0000 -0.0000 -0.0000 -0.0000 +0.0000 -0.0000 -0.0000 -0.0000 -0.0000 -0.0000 -0.0008 +0.0000 -0.0008 +0.0000 -0.0008 +0.0000 -0.0000 +0.0000 +0.0000 +0.0000 -0.1443 +0.0000 -0.2207 +0.0000 +0.1619 +0.6084 -0.0115 +0.1802 +0.2297 +0.1561 +0.2700 +0.1769 +0.0303 +0.1662 +0.1608 +0.0000 +0.0000 -0.0017 -0.0806 -0.1722 -0.0002 -0.0004 -0.0008 -0.0004 -0.0944 -0.2239 +0.0000 +0.0000 +0.0000 +0.0000 +0.0000 +0.0000 +0.0000 +0.0000 +0.0000 +0.0000 +0.0000 +0.0000 +0.0000 +0.4039 ;
+0.0000 -0.1321 -0.2360 +0.1578 -0.0437 +0.1032 -0.1131 -0.0971 -0.0215 -0.0776 -0.0800 -0.0532 +0.0000 +0.0000 +0.0000 +0.1628 +0.5213 +0.4550 +0.5503 +0.3363 +0.1208 +0.2034 +0.5051 +0.5268 +0.3110 +0.0000 -0.1118 +0.0000 -0.2702 -0.1168 +0.1506 -0.1775 -0.1473 +0.0368 +0.1611 +0.0044 +0.0000 -0.2267 +0.0563 +0.0000 +0.0000 -0.2119 +0.1658 +0.1332 +0.0638 +0.2415 +0.1695 +0.0000 +0.2397 +0.0000 +0.0000 +0.0000 -0.1143 +0.0000 +0.0000 +0.0000 +0.0000 +0.0000 +0.0000 +0.0000 +0.0000 +0.0000 +0.0000 +0.0000 +0.0000 +0.0000 +0.1774 +0.0000 +0.0000 +0.0000 +0.0000 -0.2889 -0.2046 +0.0000 -0.5003 ;
-0.0583 +0.2870 -0.0000 -0.0000 -0.0000 -0.0000 -0.0000 -0.0000 -0.0000 -0.0000 -0.0000 -0.0000 -0.0000 -0.0000 +0.0000 -0.0000 +0.1986 +0.1193 +0.0666 +0.1472 +0.1707 -0.0663 +0.0958 +0.0644 +0.1028 +0.1163 -0.0002 +0.0000 +0.0000 +0.0000 -0.0031 -0.2082 +0.0000 +0.0000 +0.0000 -0.0884 +0.2835 +0.0000 -0.1859 +0.0002 +0.0000 -0.0252 +0.0000 +0.1744 +0.0000 +0.0000 +0.0000 +0.0000 +0.0000 +0.0000 +0.0000 +0.0000 -0.0012 +0.0000 +0.0000 +0.0000 +0.0000 +0.0000 +0.0000 +0.0000 +0.0000 +0.0000 +0.0000 +0.0000 +0.0000 +0.0000 +0.0000 +0.0001 +0.0000 +0.0021 +0.0025 -0.1201 -0.0791 +0.0000 +0.2627 ;
+0.0000 -0.1102 +0.0223 +0.5200 +0.5169 +0.3413 -0.2782 +0.3464 -0.2631 +0.2308 +0.2380 -0.2015 +0.4330 -0.4983 +0.0000 +0.2399 +0.2903 -0.0518 +0.0000 -0.4143 -0.2929 -0.4057 -0.1804 +0.0000 -0.1547 +0.0000 +0.0000 +0.0000 +0.0000 +0.0000 +0.0000 +0.1593 -0.2686 +0.0000 +0.0000 +0.0000 +0.1986 -0.4829 -0.0003 +0.0811 +0.0000 +0.0000 +0.3932 +0.1951 +0.0000 +0.0000 +0.0000 +0.0000 +0.0000 +0.0000 +0.0000 +0.0000 +0.0000 -0.2021 -0.0321 -0.2416 -0.2857 -0.2103 +0.0000 -0.1699 -0.0182 -0.2911 +0.0000 +0.0000 +0.0000 -0.0409 +0.5527 +0.5860 +0.5777 +0.0000 +0.0000 -0.2080 +0.0000 +0.0000 -0.1137 ;
+0.0000 +0.0000 +0.5528 +0.2791 +0.2634 +0.2040 +0.2958 +0.1907 +0.2284 +0.2823 +0.2505 +0.1405 +0.3885 +0.3760 -0.1571 +0.0898 +0.0838 +0.4808 +0.3170 +0.2665 +0.1689 +0.1795 +0.2414 +0.4358 +0.0000 -0.2104 -0.1592 +0.2765 -0.2285 -0.2059 +0.1235 +0.6056 +0.0000 +0.0000 +0.0000 +0.0000 +0.0000 +0.0000 +0.0000 +0.0000 +0.0077 +0.0000 +0.0000 +0.2733 +0.3775 +0.0000 +0.0000 +0.0000 +0.0000 +0.0000 +0.0000 +0.0000 -0.1574 +0.0000 -0.0239 -0.1679 -0.1685 -0.1046 -0.2113 +0.0000 +0.0000 +0.0000 +0.0000 -0.2396 -0.2055 +0.0000 +0.0896 +0.2134 +0.0000 +0.0000 +0.0000 +0.0000 +0.0000 +0.0000 -0.3569 ;
+0.0000 -0.1242 +0.1235 +0.2777 +0.2705 +0.0266 +0.1871 +0.0959 +0.2588 +0.0670 +0.0325 +0.2342 +0.1206 +0.1129 +0.0000 -0.1833 +0.1162 +0.0000 -0.1363 +0.2109 +0.1757 +0.4114 +0.2407 +0.3070 -0.0258 -0.0542 -0.0316 +0.1648 +0.0217 +0.0871 -0.1022 +0.2023 +0.0000 +0.2723 +0.0000 -0.0086 +0.0540 +0.0000 +0.0508 -0.1413 +0.1727 -0.0500 +0.2747 +0.0000 +0.4758 +0.0000 +0.0000 +0.0000 +0.0000 +0.0000 +0.0000 +0.0000 -0.2107 -0.0180 -0.0560 -0.0481 -0.1432 +0.0000 -0.0539 -0.0627 -0.1469 +0.0000 +0.0000 +0.0000 +0.0000 +0.0000 +0.1087 +0.1910 +0.1665 +0.0000 +0.0000 +0.0000 +0.0000 +0.0000 -0.3569 ;
-0.0117 +0.0000 +0.2169 +0.0867 +0.0183 +0.2562 +0.1661 +0.1289 +0.2136 +0.4321 +0.1324 +0.2651 +0.0897 +0.1360 +0.0000 +0.0000 -0.2609 -0.1696 -0.2990 -0.1904 +0.1371 +0.4061 +0.1529 +0.0727 +0.1806 +0.3047 +0.3623 +0.0833 +0.1556 +0.1998 +0.4370 -0.0722 +0.0000 +0.5654 +0.5866 -0.1078 +0.1996 +0.0000 -0.1807 -0.2286 +0.0435 +0.0000 +0.0000 +0.3120 +0.4584 +0.0000 +0.0000 +0.0000 +0.0000 +0.0000 +0.0000 +0.0000 -0.0135 +0.0000 -0.0315 -0.1310 -0.2262 -0.0822 -0.2497 -0.2147 +0.0000 +0.0000 +0.0000 +0.0000 -0.1971 +0.0000 +0.1592 +0.0747 +0.1960 +0.0000 +0.0000 +0.0000 +0.0000 +0.0000 -0.3569 ;
+0.0000 +0.0893 +0.1982 -0.0726 +0.0255 +0.0689 -0.2283 -0.1187 -0.0569 +0.1034 +0.0876 +0.0419 -0.1413 +0.0063 -0.1022 -0.0771 -0.1525 +0.0422 -0.0445 -0.2078 +0.0000 -0.0139 -0.0916 -0.0672 +0.1235 +0.1284 -0.0761 +0.0390 -0.2025 +0.1025 -0.1016 +0.0000 +0.0000 +0.4651 +0.4497 +0.2383 +0.4504 +0.1929 +0.1040 -0.0454 -0.0091 -0.2935 +0.0000 +0.0000 +0.4013 +0.0000 +0.1623 +0.0000 +0.0000 +0.0000 +0.0000 +0.0000 -0.0012 -0.0009 -0.0011 -0.0533 +0.0000 -0.1577 -0.0201 -0.0409 -0.0954 -0.2033 +0.0000 +0.0000 +0.0000 +0.0000 +0.0703 +0.0272 +0.0000 +0.0000 +0.0000 +0.0000 +0.0000 +0.0000 -0.3569 ;
-0.0861 +0.0000 -0.0310 +0.2175 +0.2549 +0.3085 +0.2650 +0.1047 +0.0832 +0.4454 +0.2986 +0.1841 -0.0074 +0.3698 -0.1133 +0.3288 +0.0000 +0.2259 +0.1794 -0.0946 -0.0857 +0.1407 +0.2894 +0.1238 -0.2779 -0.0696 -0.1888 -0.2293 +0.1520 +0.2069 -0.0303 +0.5327 +0.2955 +0.0000 +0.0000 -0.0221 +0.2625 +0.0000 -0.2412 -0.0486 +0.1150 +0.1100 +0.0000 +0.0000 +0.0000 +0.3190 +0.0000 +0.3074 +0.0000 +0.0000 +0.0000 +0.0000 -0.1920 -0.0000 -0.0460 -0.0599 +0.0000 -0.0401 +0.0000 -0.1878 -0.0145 -0.1090 +0.0000 +0.0000 +0.0000 +0.0000 +0.1606 +0.2049 +0.2407 +0.0000 +0.0000 -0.2520 +0.0000 +0.0000 -0.3569 ;
+0.0000 -0.0233 +0.2519 +0.1401 +0.2838 +0.2692 -0.0171 +0.1379 -0.0271 +0.1225 +0.1222 +0.0279 +0.1330 -0.0331 -0.0476 -0.1327 +0.2936 +0.2601 -0.1917 -0.1781 +0.0539 -0.1555 -0.0923 -0.0017 +0.0046 +0.2360 +0.1983 +0.1455 -0.0279 +0.1446 +0.1736 +0.4031 -0.0981 +0.0000 +0.0000 -0.1406 +0.3455 +0.0000 +0.1006 +0.0000 +0.0553 +0.0000 +0.0000 +0.0000 +0.0000 +0.0000 +0.1267 +0.0000 +0.2430 +0.0000 +0.0000 +0.0000 +0.0000 +0.0000 -0.0012 -0.0351 -0.0651 -0.1997 -0.1418 +0.0000 -0.1766 -0.1145 +0.0000 -0.0960 +0.0000 +0.0000 +0.0000 +0.0819 +0.1128 +0.1790 +0.0000 +0.0000 +0.0000 +0.0000 -0.3569 ;
+0.0000 +0.1108 -0.0621 -0.0511 -0.0000 +0.0000 -0.0919 -0.1142 -0.1303 -0.0249 -0.0847 -0.0776 +0.0449 -0.0914 -0.0341 +0.0000 +0.0000 -0.0000 -0.0000 -0.0739 -0.0236 -0.0287 -0.1005 -0.0000 -0.0000 +0.0007 -0.0923 +0.0007 -0.1451 -0.0006 -0.0058 +0.2454 +0.0000 +0.0000 +0.3427 +0.4128 +0.5718 +0.0388 +0.0000 -0.2302 +0.0386 -0.0374 +0.0000 +0.0000 +0.0000 +0.0000 +0.0000 +0.4094 +0.0000 +0.5225 +0.0000 +0.0000 +0.0000 +0.0000 +0.0000 -0.0002 -0.0004 +0.0000 -0.0004 -0.1935 -0.1320 -0.0026 -0.0912 -0.0499 -0.0969 +0.0000 +0.0000 +0.0000 +0.2013 +0.2201 +0.0000 +0.0000 +0.0000 +0.0000 -0.3569 ;
-0.0109 -0.1653 -0.1631 -0.0369 -0.1649 -0.0918 +0.0000 -0.2016 -0.0000 -0.0659 -0.0000 -0.0980 -0.1965 +0.0176 -0.1379 +0.0000 +0.0000 -0.0360 -0.0000 +0.0000 -0.0940 -0.0769 -0.0078 -0.1399 -0.0000 -0.0325 -0.0969 -0.0921 +0.1340 +0.0257 +0.0516 +0.0000 +0.0000 +0.1914 +0.3901 -0.4241 +0.5782 +0.0000 +0.0917 -0.1781 +0.2926 +0.0000 +0.0000 +0.0000 +0.0000 +0.0000 +0.0000 +0.0000 +0.5837 +0.0000 +0.5912 +0.0000 +0.0000 +0.0000 +0.0000 -0.0002 +0.0000 +0.0000 -0.0004 -0.0324 -0.2084 +0.0000 -0.0292 -0.0197 -0.2310 -0.1913 +0.0000 +0.0000 +0.1117 +0.0922 +0.0594 +0.0000 +0.0000 +0.0000 -0.3569 ;
+0.0000 +0.0000 -0.0948 -0.1745 -0.1129 -0.0922 -0.1815 -0.1535 -0.1668 -0.0930 -0.0000 +0.1144 -0.1592 -0.0933 +0.0396 -0.0000 -0.0938 -0.0000 -0.0336 -0.0237 -0.0837 -0.1358 -0.0237 -0.1254 -0.0000 -0.1771 -0.0894 -0.1333 -0.0103 +0.1708 +0.0551 +0.0000 +0.3772 +0.3151 +0.0000 -0.0186 +0.5493 +0.0000 +0.0000 -0.0664 +0.1403 -0.1427 +0.0000 +0.0000 +0.0000 +0.0000 +0.0000 +0.0000 +0.0000 +0.5570 +0.0000 +0.5848 +0.0000 +0.0000 +0.0000 +0.0000 -0.0003 +0.0000 +0.0000 -0.1758 -0.0909 -0.1442 -0.0879 -0.1532 -0.2142 -0.0981 +0.0000 +0.0000 +0.2156 +0.0144 +0.1336 +0.0000 +0.0000 +0.0000 -0.3569 ;
-0.1836 -0.0118 -0.0896 -0.0331 -0.2060 -0.1998 -0.0404 -0.0847 -0.1463 -0.1295 -0.0552 -0.1135 +0.0082 -0.0323 -0.1511 +0.1012 +0.1431 -0.0110 -0.0000 -0.1658 -0.0611 -0.0000 +0.0539 +0.2069 -0.0733 +0.1802 +0.0644 -0.1449 +0.0103 -0.0018 -0.1551 +0.0000 +0.1895 +0.1271 -0.1388 -0.0195 +0.5534 -0.0820 +0.0300 +0.0360 +0.2833 +0.0344 +0.0000 +0.0000 +0.0000 +0.0000 +0.0000 +0.0000 +0.0000 +0.4402 +0.5694 +0.0000 +0.0000 -0.0698 +0.0000 +0.0000 +0.0000 -0.0717 -0.0102 -0.1496 -0.0854 -0.1352 -0.0124 -0.0833 +0.0000 -0.0653 +0.0000 +0.0000 +0.1629 +0.2259 +0.2185 +0.0000 +0.0000 -0.1963 -0.3569 ;
+0.0000 +0.0000 -0.3530 +0.2690 +0.3503 +0.4278 +0.4833 +0.3822 +0.3360 +0.4822 +0.0000 +0.0000 +0.4694 +0.3947 +0.0000 +0.3208 +0.3650 +0.5669 +0.0000 +0.0000 -0.2840 +0.0000 -0.1806 -0.1597 -0.1336 +0.0000 +0.0000 -0.2242 +0.0000 -0.2545 +0.0000 -0.3227 -0.1617 -0.3021 +0.0000 +0.0000 +0.0000 +0.0000 +0.0000 +0.0000 +0.0000 +0.0000 +0.0000 +0.2069 +0.1762 +0.0448 +0.0000 +0.0000 +0.0000 +0.0000 +0.0000 +0.0000 +0.0000 -0.2205 -0.2116 -0.2000 +0.0000 +0.0000 +0.0000 +0.0000 +0.0000 +0.0000 +0.0000 +0.0000 +0.0000 +0.0000 +0.0000 +0.2153 +0.3370 +0.1981 +0.2894 -0.2587 +0.0000 +0.0000 -0.3569 ;
-0.1275 +0.2307 -0.0374 +0.2457 +0.1417 +0.2147 +0.2503 +0.3412 +0.2529 +0.3475 +0.2178 +0.3513 +0.0000 +0.0000 +0.0000 +0.3008 +0.2595 +0.3663 -0.0741 -0.1054 -0.1262 -0.1496 +0.0000 -0.2479 -0.0248 -0.1369 -0.0983 +0.0000 +0.0000 +0.0000 +0.0000 -0.2614 -0.1428 -0.0573 +0.0000 +0.0000 -0.1134 +0.2459 +0.1929 +0.0354 -0.1230 +0.0000 +0.1299 +0.2754 +0.0920 +0.0000 +0.0000 +0.0000 +0.0000 +0.0000 +0.0000 +0.0000 -0.2552 +0.0000 -0.1732 +0.0000 +0.0000 +0.0000 +0.0000 +0.0000 +0.0000 +0.0000 +0.0000 +0.0000 -0.1066 +0.0000 +0.2184 +0.2420 +0.2326 +0.1127 +0.0525 -0.2614 +0.0000 +0.0000 -0.3569 ;
+0.0000 +0.2572 +0.0690 +0.0077 +0.2805 +0.0000 +0.2675 +0.1083 +0.2115 +0.2939 +0.0000 +0.1757 +0.0000 +0.0000 +0.2728 +0.3298 +0.0975 +0.0673 +0.1772 -0.0941 -0.0721 -0.2369 -0.2376 +0.0000 +0.0000 -0.0634 +0.0000 +0.0000 +0.0000 +0.0000 +0.0000 +0.0796 -0.1974 -0.2004 +0.0000 +0.0000 -0.0876 +0.0952 -0.0172 +0.0000 -0.0139 +0.0000 +0.1513 +0.2881 +0.0913 +0.1118 +0.0000 +0.0000 +0.0000 +0.0000 +0.0000 +0.0000 -0.0728 -0.1742 +0.0000 -0.2034 -0.1953 +0.0000 +0.0000 +0.0000 +0.0000 +0.0000 +0.0000 +0.0000 +0.0000 +0.0000 +0.2594 +0.2238 +0.2476 +0.0000 +0.0422 -0.1544 +0.0000 +0.0000 -0.3569 ;
-0.0607 -0.0317 +0.4975 +0.0673 +0.0486 +0.4907 +0.4850 +0.5416 +0.5221 +0.5379 +0.5119 +0.5390 +0.0000 +0.0000 +0.0000 -0.2356 +0.3940 +0.2958 +0.2946 +0.0000 +0.0000 -0.2908 -0.1047 -0.2372 +0.0000 +0.0000 -0.1832 -0.1923 +0.0000 +0.0000 +0.0000 -0.3727 -0.1974 -0.2955 +0.0000 +0.0000 -0.1642 +0.0000 +0.0521 -0.0369 -0.0891 -0.0865 +0.0000 +0.1318 +0.0907 +0.0000 +0.2574 +0.0000 +0.0000 +0.0000 +0.0000 +0.0000 +0.0000 -0.0716 -0.1639 +0.0000 -0.0525 +0.0000 +0.0000 +0.0000 +0.0000 +0.0000 +0.0000 +0.0000 +0.0000 +0.0000 +0.3332 +0.1963 +0.0911 +0.0997 +0.1037 -0.2967 +0.0000 +0.0000 -0.3569 ;
+0.0000 -0.0313 +0.2550 +0.0000 +0.3877 +0.1573 +0.4708 +0.3643 +0.3587 +0.2826 +0.4262 +0.0000 +0.0000 +0.0000 +0.4853 -0.1579 -0.1843 -0.0972 +0.4120 +0.2899 +0.1488 -0.1045 -0.2969 +0.0000 +0.0000 +0.0000 +0.0000 +0.0000 +0.0000 +0.0000 +0.0000 +0.0846 -0.3127 -0.2282 +0.0000 +0.0000 -0.0907 -0.2080 +0.0196 +0.0000 -0.0057 +0.0000 +0.0000 +0.0000 +0.0793 +0.1383 +0.0000 +0.0000 +0.0000 +0.0000 +0.0000 +0.0548 +0.0000 +0.0000 -0.0025 +0.0000 -0.0257 -0.1242 -0.2409 +0.0000 +0.0000 +0.0000 +0.0000 +0.0000 +0.0000 +0.0000 +0.0695 +0.2391 +0.2063 +0.2184 +0.0000 -0.2380 +0.0000 +0.0000 -0.3569 ;
-0.2125 +0.0601 +0.4231 +0.3632 +0.0000 +0.4280 +0.1640 +0.3988 -0.1429 +0.5171 +0.5073 +0.4404 +0.4674 +0.0000 +0.0000 +0.0000 -0.2967 -0.2544 +0.4186 +0.2402 +0.3618 +0.5582 -0.2105 -0.2035 +0.0000 +0.0000 -0.3093 +0.0000 +0.0000 +0.0000 +0.0000 -0.3636 -0.3042 -0.3450 +0.0000 +0.0000 -0.0339 +0.3046 +0.0150 -0.1917 -0.2363 +0.0000 +0.0000 +0.0000 +0.3073 +0.0819 +0.2648 +0.0930 +0.0000 +0.0000 +0.0000 +0.0000 +0.0000 +0.0000 +0.0000 -0.1359 -0.2180 -0.0521 +0.0000 +0.0000 +0.0000 +0.0000 +0.0000 +0.0000 +0.0000 +0.0000 +0.1912 +0.1072 +0.1453 +0.3022 +0.1273 -0.2713 +0.0000 +0.0000 -0.3569 ;
-0.0050 -0.0215 +0.0000 +0.5592 +0.4381 +0.4620 +0.5411 +0.0000 +0.5553 +0.0276 +0.0385 +0.4038 +0.5546 +0.0000 +0.0000 -0.2663 -0.3650 -0.1674 -0.2048 +0.0000 +0.2171 +0.4265 +0.2302 +0.0000 +0.0000 +0.0000 -0.1911 -0.3096 +0.0000 +0.0000 +0.0000 -0.3748 -0.1055 -0.3114 +0.0000 +0.0000 -0.0000 -0.3799 +0.0269 +0.0000 -0.0956 -0.2578 +0.0000 +0.0816 +0.0000 +0.0338 +0.2376 +0.0000 +0.0000 +0.0000 +0.0000 +0.0000 +0.0000 +0.0000 +0.0000 +0.0000 -0.1356 -0.1292 +0.0000 -0.2466 -0.1718 +0.0000 +0.0000 +0.0000 +0.0000 +0.0000 +0.2961 +0.3067 +0.2509 +0.1782 +0.2465 -0.2843 +0.0000 +0.0000 -0.3569 ;
-0.1541 -0.0993 +0.0000 +0.3010 -0.2247 +0.1783 +0.1737 +0.2024 +0.1676 +0.3558 +0.4256 +0.3320 +0.4590 +0.3575 +0.0000 +0.0000 +0.0000 +0.0000 -0.2518 -0.0839 -0.1413 +0.3343 +0.1923 +0.3030 -0.2986 -0.0729 +0.0000 +0.0000 +0.0000 +0.0000 +0.0000 -0.2116 -0.2463 -0.1344 +0.0000 +0.0000 +0.0000 +0.0000 +0.1586 +0.0185 -0.1116 +0.0000 +0.0000 +0.0000 +0.0000 +0.0000 +0.1482 +0.1077 +0.1943 +0.0000 +0.0000 +0.0000 +0.0000 +0.0000 +0.0000 +0.0000 +0.0000 -0.2387 -0.2333 +0.0000 -0.1895 +0.0000 +0.0000 +0.0000 +0.0000 +0.0000 +0.0000 +0.1961 +0.2377 +0.3297 +0.2706 +0.0000 -0.2661 +0.0000 -0.3569 ;
-0.0044 +0.2620 +0.0000 +0.0000 +0.0005 +0.0005 +0.1429 +0.0005 -0.0723 -0.0989 +0.0943 +0.0003 +0.0003 +0.0000 +0.0000 +0.0000 -0.0002 -0.0002 +0.0000 +0.0000 +0.0000 +0.0000 +0.0231 -0.0826 +0.0001 -0.0000 -0.0000 +0.0000 -0.0210 +0.0000 -0.0590 -0.0007 -0.0958 -0.0005 +0.0000 +0.0000 -0.0150 +0.0000 +0.0191 +0.0000 -0.1593 +0.0000 +0.0000 +0.0000 +0.0000 +0.0000 +0.0492 +0.1987 +0.0000 +0.1134 +0.2116 +0.0000 +0.0000 +0.0000 +0.0000 +0.0000 +0.0000 +0.0000 +0.0000 -0.0438 +0.0000 -0.0293 -0.1643 +0.0000 +0.0000 +0.0000 +0.1819 +0.2506 +0.1936 +0.0895 +0.1964 +0.0000 -0.2529 +0.0000 -0.3569 ;
-0.2074 -0.0087 +0.0000 +0.0000 +0.0000 +0.5326 +0.5355 +0.5760 +0.5713 +0.0509 +0.4941 +0.4857 +0.4434 +0.5408 +0.5419 +0.0000 +0.0000 -0.2077 +0.0000 +0.0000 +0.0000 -0.3328 -0.3822 +0.3675 +0.6127 +0.4412 -0.1540 -0.1649 -0.2018 +0.0000 +0.0000 +0.0000 -0.4193 -0.1657 -0.4329 +0.0000 -0.1793 -0.2216 +0.0988 -0.1790 -0.1431 +0.0000 +0.0000 +0.0000 +0.0000 +0.1258 +0.0000 +0.0216 +0.0000 +0.2167 +0.0000 +0.0000 +0.0000 +0.0000 +0.0000 +0.0000 +0.0000 +0.0000 +0.0000 -0.0630 -0.0476 +0.0000 -0.2564 -0.1570 +0.0000 +0.0000 +0.0000 +0.2363 +0.1997 +0.1567 +0.0742 +0.0000 -0.3744 +0.0000 -0.3569 ;
-0.0016 +0.1448 +0.0000 +0.0000 +0.0000 +0.0000 +0.4840 +0.4014 +0.2684 +0.4579 +0.2958 -0.0053 +0.4715 +0.0081 +0.3406 +0.0000 +0.0000 +0.0000 +0.0000 +0.0000 +0.0000 -0.1592 -0.1896 -0.1096 +0.2985 +0.2701 +0.0793 -0.0696 -0.2747 -0.1299 -0.0781 +0.0000 -0.1823 -0.3107 -0.0879 +0.0000 -0.1838 +0.0000 +0.0489 +0.0000 -0.0413 -0.2136 +0.0000 +0.0000 +0.0000 +0.0000 +0.0000 +0.2118 +0.1949 +0.1172 +0.0000 +0.0000 +0.0000 +0.0000 +0.0000 +0.0000 +0.0000 +0.0000 +0.0000 +0.0000 -0.1903 -0.2562 +0.0000 -0.2300 +0.0000 +0.0000 +0.2598 +0.1374 +0.1144 +0.2681 +0.0714 +0.0000 -0.2763 +0.0000 -0.3569 ;
-0.0969 +0.0321 +0.0000 +0.0000 +0.3955 +0.0000 +0.5303 +0.3991 +0.3979 +0.5362 +0.4365 +0.5129 +0.0366 +0.1629 +0.3245 -0.3310 +0.0000 +0.0000 -0.2108 +0.0000 +0.0000 +0.0000 +0.0000 +0.0000 -0.2488 +0.2220 +0.3078 +0.2581 +0.4329 -0.3304 +0.0000 +0.0000 -0.3805 -0.2997 -0.0234 +0.0000 -0.1649 -0.3050 +0.1298 -0.0453 -0.1518 +0.0000 +0.0000 +0.0000 +0.0000 +0.0000 +0.0000 +0.1782 +0.0000 +0.1055 +0.1328 +0.1472 +0.0000 +0.0000 +0.0000 +0.0000 +0.0000 +0.0000 +0.0000 +0.0000 -0.2037 -0.2849 -0.1366 +0.0000 -0.1822 +0.0000 +0.0000 +0.1186 +0.1865 +0.1454 +0.2313 +0.0000 -0.3525 +0.0000 -0.3569 ;
-0.0027 -0.0556 +0.0000 +0.0000 +0.0000 +0.0000 +0.3314 +0.2059 +0.2307 +0.3115 +0.4283 +0.2010 -0.0037 +0.0481 +0.3636 +0.0000 -0.0603 +0.0000 +0.0000 +0.0000 +0.0000 -0.1678 +0.0000 -0.2125 +0.0000 +0.0000 -0.0641 +0.1352 +0.0722 +0.2022 -0.2337 +0.0000 -0.0795 -0.2179 -0.1562 +0.0000 -0.0192 +0.2933 -0.0340 +0.0000 -0.0446 +0.0000 +0.0000 +0.0000 +0.0000 +0.0000 +0.0000 +0.0000 +0.0000 +0.0954 +0.0850 +0.1751 +0.0000 +0.0000 +0.0000 +0.0000 +0.0000 +0.0000 +0.0000 +0.0000 +0.0000 +0.0000 -0.1146 -0.0679 +0.0000 -0.2457 +0.1872 +0.3282 +0.2354 +0.3429 +0.1006 -0.2458 +0.0000 +0.0000 -0.3569 ;
-0.0277 +0.0988 -0.0290 +0.0000 +0.0000 +0.0275 +0.2074 +0.1625 +0.1357 +0.2170 +0.0799 +0.2372 +0.1838 +0.0206 -0.1056 +0.0000 +0.0000 +0.0000 -0.0735 +0.0000 +0.0000 +0.0000 -0.0899 -0.1505 +0.0000 -0.0152 -0.0682 +0.0169 -0.0909 -0.0522 -0.1707 -0.0008 -0.1257 -0.1662 +0.1309 -0.0696 -0.1153 +0.1902 +0.0286 -0.1239 +0.0766 -0.0775 +0.0000 +0.0000 +0.0000 +0.0000 +0.0000 +0.0000 +0.1392 +0.2731 +0.1099 +0.1913 +0.0000 +0.0000 +0.0000 +0.0000 +0.0000 +0.0000 +0.0000 +0.0000 +0.0000 -0.1543 -0.2341 -0.1131 -0.1508 +0.0000 +0.2469 +0.1367 +0.2934 +0.2865 +0.2405 -0.2989 +0.0000 +0.0000 -0.3569 ;
-0.0026 +0.0000 +0.5902 +0.0532 +0.1172 +0.0520 +0.1396 +0.5527 -0.3224 -0.4236 -0.3207 -0.3757 -0.3590 -0.3521 -0.3429 +0.6028 -0.0124 +0.6110 +0.6074 +0.5674 +0.5893 +0.5618 +0.5721 +0.5989 +0.5193 +0.0000 +0.0000 -0.5415 +0.0000 +0.0000 +0.0000 +0.0316 -0.1061 +0.0000 +0.0000 +0.0000 +0.0000 +0.0000 +0.0000 +0.0000 -0.0000 +0.2104 +0.0000 +0.0000 +0.0000 +0.0000 +0.0000 +0.0000 +0.0000 +0.0000 +0.0000 +0.0000 -0.1733 -0.1133 -0.0239 +0.0000 +0.0000 +0.0000 +0.0000 +0.0000 +0.0000 +0.0000 +0.0000 +0.0000 +0.0000 +0.0000 +0.0000 +0.2293 +0.2558 +0.0000 +0.0000 +0.0000 -0.2517 +0.0000 -0.5001 ;
-0.1597 +0.0000 +0.5552 -0.4100 +0.0840 -0.0004 -0.0206 -0.0170 -0.0684 -0.5401 -0.4809 -0.4412 -0.3391 -0.3121 -0.4556 +0.5974 +0.5999 -0.0102 +0.6024 +0.5993 +0.6006 +0.5882 +0.6018 +0.6047 +0.5905 +0.5785 +0.0000 +0.0000 +0.0000 -0.5369 +0.0000 +0.0458 +0.0852 -0.1257 +0.0000 +0.0000 -0.0000 -0.3999 -0.0000 +0.0000 -0.0000 +0.2347 +0.0000 +0.2918 +0.0000 +0.0000 +0.0000 +0.0000 +0.0000 +0.0000 +0.0000 +0.0000 +0.0000 -0.1964 -0.0265 -0.3005 +0.0000 +0.0000 +0.0000 +0.0000 +0.0000 +0.0000 +0.0000 +0.0000 +0.0000 +0.0000 +0.1700 +0.0000 +0.2567 +0.3439 +0.0000 -0.2225 -0.0635 +0.0000 -0.5001 ;
-0.0018 +0.0000 -0.4121 -0.4023 +0.0158 +0.0980 +0.5909 -0.5414 +0.0135 +0.1512 +0.1230 -0.4902 -0.5164 -0.4448 +0.0000 +0.5915 +0.5912 -0.0187 +0.6077 +0.5964 +0.6109 +0.6120 +0.5948 +0.6103 +0.6013 +0.5482 -0.5980 +0.0000 +0.0000 +0.0000 +0.0000 +0.1046 -0.0421 -0.0321 +0.0000 +0.0000 -0.0713 +0.4903 -0.0000 +0.1694 -0.0000 +0.0315 +0.0000 +0.0000 +0.0000 +0.0000 +0.0000 +0.0000 +0.0000 +0.0000 +0.0000 +0.0000 +0.0000 +0.0000 +0.0000 +0.0000 -0.2343 -0.1579 -0.3713 +0.0000 +0.0000 +0.0000 +0.0000 +0.0000 +0.0000 +0.0000 +0.1669 +0.0000 +0.0000 +0.1805 +0.0000 -0.1770 +0.0000 +0.0000 -0.5001 ;
-0.1406 +0.0000 +0.0000 -0.4281 -0.5247 -0.4665 +0.0480 +0.1892 +0.1901 +0.0168 -0.0020 +0.1725 -0.4065 -0.3798 -0.3770 -0.5619 +0.0000 +0.0000 +0.0000 +0.5614 +0.5749 +0.5685 +0.5836 +0.5744 +0.5838 +0.5789 +0.5939 +0.5571 -0.0675 +0.5762 +0.0000 -0.0842 -0.1552 -0.0060 +0.0000 +0.0000 -0.0358 -0.3678 -0.0060 +0.0000 -0.0003 +0.2589 +0.0000 +0.0000 +0.0000 +0.0000 +0.0000 +0.3297 +0.0000 +0.0000 +0.0000 +0.0000 +0.0000 +0.0000 +0.0000 +0.0000 +0.0000 +0.0000 -0.4708 -0.2090 -0.0867 +0.0000 +0.0000 +0.0000 +0.0000 +0.0000 +0.0000 +0.2589 +0.2236 +0.0000 +0.1532 -0.0427 -0.0504 +0.0000 -0.5001 ;
-0.1877 +0.0686 +0.0000 -0.2841 -0.3101 -0.3549 -0.4581 +0.0105 -0.4446 +0.0292 -0.0327 +0.2466 +0.1826 -0.0165 -0.0658 +0.0000 +0.0000 +0.0000 +0.0000 +0.0000 +0.5184 +0.5255 +0.0029 +0.5931 -0.0070 +0.6045 +0.6092 -0.0126 +0.6134 +0.6136 +0.6020 +0.0000 +0.1203 +0.1663 -0.0456 -0.1262 -0.0828 +0.0786 -0.0002 -0.0840 -0.0001 -0.1865 +0.0000 +0.0000 +0.0000 +0.0000 +0.0000 +0.0000 +0.0000 +0.2367 +0.0000 +0.0000 +0.0000 +0.0000 +0.0000 +0.0000 +0.0000 +0.0000 +0.0000 +0.0000 +0.0000 -0.3946 -0.0231 -0.3183 -0.2278 +0.0000 +0.0000 +0.1238 +0.1543 +0.1569 +0.0000 +0.0000 -0.2157 -0.0433 -0.5001 ;
+0.0000 +0.0000 -0.1486 +0.1188 +0.0000 +0.2548 +0.0646 +0.0451 +0.3785 +0.4067 +0.4014 +0.4380 +0.3879 +0.2581 +0.2089 -0.1668 -0.1972 -0.2376 -0.2023 -0.1274 -0.2016 +0.0822 -0.0592 -0.3803 +0.2850 +0.2784 +0.2560 +0.2293 +0.0000 +0.3109 +0.2593 -0.0653 +0.4055 -0.1762 +0.0000 +0.0970 -0.1887 +0.0112 +0.2469 +0.0000 +0.0000 +0.0000 +0.2863 +0.4030 +0.3809 +0.0000 +0.0000 +0.0000 +0.0000 +0.0000 +0.0000 +0.0000 -0.0547 -0.0109 -0.0141 +0.0000 -0.1546 -0.0937 -0.1767 +0.0000 -0.0061 -0.1527 +0.0000 -0.2169 +0.0000 -0.1583 +0.0000 +0.0000 +0.0000 +0.0000 +0.0000 +0.0000 +0.0000 +0.0000 -0.5001 ;
+0.0000 +0.0000 +0.3428 +0.0000 +0.0895 +0.0654 +0.2029 -0.0646 +0.5005 +0.0000 +0.3800 +0.4897 +0.4596 +0.3832 +0.0436 -0.4592 -0.2973 +0.4779 -0.0955 -0.3388 -0.3012 -0.0491 -0.0982 +0.1640 -0.4418 +0.0000 +0.0000 +0.4194 +0.5494 +0.4542 +0.4781 -0.1733 +0.2965 +0.3724 -0.0359 -0.0939 +0.0035 +0.2207 -0.0445 -0.1441 +0.0183 +0.0000 +0.0000 +0.4229 +0.5212 +0.4484 +0.0000 +0.0000 +0.0000 +0.0000 +0.0000 +0.0000 -0.1802 -0.0057 -0.0099 +0.0000 +0.0000 -0.2908 -0.3562 -0.1290 -0.1006 -0.3701 -0.2061 +0.0000 -0.2560 +0.0000 +0.0000 +0.4547 +0.0000 +0.0000 +0.0000 +0.0000 +0.0000 +0.0000 -0.5001 ;
+0.0000 +0.0741 +0.4482 +0.2600 +0.3987 +0.5123 +0.5228 +0.3248 +0.1688 +0.0911 +0.0933 +0.3618 +0.3341 +0.0000 +0.2142 +0.5291 +0.5085 -0.3991 +0.0000 +0.0000 +0.0162 +0.5176 -0.4214 -0.2109 -0.1562 -0.2484 -0.0376 +0.2286 -0.3268 -0.3631 +0.3157 -0.1970 +0.2717 +0.4324 -0.0218 -0.1672 +0.0442 -0.3579 +0.1012 +0.0963 +0.1172 +0.0000 +0.0000 +0.0000 +0.0000 +0.0000 +0.0000 +0.2734 +0.1939 +0.3207 +0.0000 +0.0000 -0.0418 -0.0000 -0.0000 -0.1208 -0.1601 -0.1763 -0.1334 -0.0933 -0.0139 -0.2991 -0.0008 +0.0000 +0.0000 +0.0000 +0.0000 +0.0000 +0.3818 +0.0000 +0.0000 +0.0000 -0.1850 +0.0000 -0.5001 ;
+0.0000 +0.0000 +0.0000 +0.0000 +0.0000 +0.0000 +0.0000 +0.0000 +0.0000 +0.0000 +0.0000 +0.0000 +0.0000 +0.0000 +0.0000 +0.0000 +0.0000 +0.0000 +0.0000 +0.0000 +0.0000 +0.0000 +0.0000 +0.0000 +0.0000 +0.0000 +0.0000 +0.0000 +0.0000 +0.0000 +0.0000 +0.0000 +0.0000 +0.0000 +0.0000 +0.0000 +0.0000 +0.0000 +0.0000 +0.0000 +0.0000 +0.0000 +0.0000 +0.0000 +0.0000 +0.0000 +0.0000 +0.0000 +0.0000 +0.0000 +0.0000 +0.0000 +0.0000 +0.0000 +0.0000 +0.0000 +0.0000 +0.0000 +0.0000 +0.0000 +0.0000 +0.0000 +0.0000 +0.0000 +0.0000 +0.0000 +0.0000 +0.0000 +0.0000 +0.0000 +0.0000 +0.0000 +0.0000 +0.0000 +0.0000 ;
