brain 22908 fitness=32.8633 numneurons+1=66 maxWeight=8 maxBias=8 redinput=2-15 greeninput=16-24 blueinput=25-27
+0.0000 +0.0000 +0.0000 +0.0000 +0.0000 +0.0000 +0.0000 +0.0000 +0.0000 +0.0000 +0.0000 +0.0000 +0.0000 +0.0000 +0.0000 +0.0000 +0.0000 +0.0000 +0.0000 +0.0000 +0.0000 +0.0000 +0.0000 +0.0000 +0.0000 +0.0000 +0.0000 +0.0000 +0.0000 +0.0000 +0.0000 +0.0000 +0.0000 +0.0000 +0.0000 +0.0000 +0.0000 +0.0000 +0.0000 +0.0000 +0.0000 +0.0000 +0.0000 +0.0000 +0.0000 +0.0000 +0.0000 +0.0000 +0.0000 +0.0000 +0.0000 +0.0000 +0.0000 +0.0000 +0.0000 +0.0000 +0.0000 +0.0000 +0.0000 +0.0000 +0.0000 +0.0000 +0.0000 +0.0000 +0.0000 +0.0000 ;
+0.0000 +0.0000 +0.0000 +0.0000 +0.0000 +0.0000 +0.0000 +0.0000 +0.0000 +0.0000 +0.0000 +0.0000 +0.0000 +0.0000 +0.0000 +0.0000 +0.0000 +0.0000 +0.0000 +0.0000 +0.0000 +0.0000 +0.0000 +0.0000 +0.0000 +0.0000 +0.0000 +0.0000 +0.0000 +0.0000 +0.0000 +0.0000 +0.0000 +0.0000 +0.0000 +0.0000 +0.0000 +0.0000 +0.0000 +0.0000 +0.0000 +0.0000 +0.0000 +0.0000 +0.0000 +0.0000 +0.0000 +0.0000 +0.0000 +0.0000 +0.0000 +0.0000 +0.0000 +0.0000 +0.0000 +0.0000 +0.0000 +0.0000 +0.0000 +0.0000 +0.0000 +0.0000 +0.0000 +0.0000 +0.0000 +0.0000 ;
+0.0000 +0.0000 +0.0000 +0.0000 +0.0000 +0.0000 +0.0000 +0.0000 +0.0000 +0.0000 +0.0000 +0.0000 +0.0000 +0.0000 +0.0000 +0.0000 +0.0000 +0.0000 +0.0000 +0.0000 +0.0000 +0.0000 +0.0000 +0.0000 +0.0000 +0.0000 +0.0000 +0.0000 +0.0000 +0.0000 +0.0000 +0.0000 +0.0000 +0.0000 +0.0000 +0.0000 +0.0000 +0.0000 +0.0000 +0.0000 +0.0000 +0.0000 +0.0000 +0.0000 +0.0000 +0.0000 +0.0000 +0.0000 +0.0000 +0.0000 +0.0000 +0.0000 +0.0000 +0.0000 +0.0000 +0.0000 +0.0000 +0.0000 +0.0000 +0.0000 +0.0000 +0.0000 +0.0000 +0.0000 +0.0000 +0.0000 ;
+0.0000 +0.0000 +0.0000 +0.0000 +0.0000 +0.0000 +0.0000 +0.0000 +0.0000 +0.0000 +0.0000 +0.0000 +0.0000 +0.0000 +0.0000 +0.0000 +0.0000 +0.0000 +0.0000 +0.0000 +0.0000 +0.0000 +0.0000 +0.0000 +0.0000 +0.0000 +0.0000 +0.0000 +0.0000 +0.0000 +0.0000 +0.0000 +0.0000 +0.0000 +0.0000 +0.0000 +0.0000 +0.0000 +0.0000 +0.0000 +0.0000 +0.0000 +0.0000 +0.0000 +0.0000 +0.0000 +0.0000 +0.0000 +0.0000 +0.0000 +0.0000 +0.0000 +0.0000 +0.0000 +0.0000 +0.0000 +0.0000 +0.0000 +0.0000 +0.0000 +0.0000 +0.0000 +0.0000 +0.0000 +0.0000 +0.0000 ;
+0.0000 +0.0000 +0.0000 +0.0000 +0.0000 +0.0000 +0.0000 +0.0000 +0.0000 +0.0000 +0.0000 +0.0000 +0.0000 +0.0000 +0.0000 +0.0000 +0.0000 +0.0000 +0.0000 +0.0000 +0.0000 +0.0000 +0.0000 +0.0000 +0.0000 +0.0000 +0.0000 +0.0000 +0.0000 +0.0000 +0.0000 +0.0000 +0.0000 +0.0000 +0.0000 +0.0000 +0.0000 +0.0000 +0.0000 +0.0000 +0.0000 +0.0000 +0.0000 +0.0000 +0.0000 +0.0000 +0.0000 +0.0000 +0.0000 +0.0000 +0.0000 +0.0000 +0.0000 +0.0000 +0.0000 +0.0000 +0.0000 +0.0000 +0.0000 +0.0000 +0.0000 +0.0000 +0.0000 +0.0000 +0.0000 +0.0000 ;
+0.0000 +0.0000 +0.0000 +0.0000 +0.0000 +0.0000 +0.0000 +0.0000 +0.0000 +0.0000 +0.0000 +0.0000 +0.0000 +0.0000 +0.0000 +0.0000 +0.0000 +0.0000 +0.0000 +0.0000 +0.0000 +0.0000 +0.0000 +0.0000 +0.0000 +0.0000 +0.0000 +0.0000 +0.0000 +0.0000 +0.0000 +0.0000 +0.0000 +0.0000 +0.0000 +0.0000 +0.0000 +0.0000 +0.0000 +0.0000 +0.0000 +0.0000 +0.0000 +0.0000 +0.0000 +0.0000 +0.0000 +0.0000 +0.0000 +0.0000 +0.0000 +0.0000 +0.0000 +0.0000 +0.0000 +0.0000 +0.0000 +0.0000 +0.0000 +0.0000 +0.0000 +0.0000 +0.0000 +0.0000 +0.0000 +0.0000 ;
+0.0000 +0.0000 +0.0000 +0.0000 +0.0000 +0.0000 +0.0000 +0.0000 +0.0000 +0.0000 +0.0000 +0.0000 +0.0000 +0.0000 +0.0000 +0.0000 +0.0000 +0.0000 +0.0000 +0.0000 +0.0000 +0.0000 +0.0000 +0.0000 +0.0000 +0.0000 +0.0000 +0.0000 +0.0000 +0.0000 +0.0000 +0.0000 +0.0000 +0.0000 +0.0000 +0.0000 +0.0000 +0.0000 +0.0000 +0.0000 +0.0000 +0.0000 +0.0000 +0.0000 +0.0000 +0.0000 +0.0000 +0.0000 +0.0000 +0.0000 +0.0000 +0.0000 +0.0000 +0.0000 +0.0000 +0.0000 +0.0000 +0.0000 +0.0000 +0.0000 +0.0000 +0.0000 +0.0000 +0.0000 +0.0000 +0.0000 ;
+0.0000 +0.0000 +0.0000 +0.0000 +0.0000 +0.0000 +0.0000 +0.0000 +0.0000 +0.0000 +0.0000 +0.0000 +0.0000 +0.0000 +0.0000 +0.0000 +0.0000 +0.0000 +0.0000 +0.0000 +0.0000 +0.0000 +0.0000 +0.0000 +0.0000 +0.0000 +0.0000 +0.0000 +0.0000 +0.0000 +0.0000 +0.0000 +0.0000 +0.0000 +0.0000 +0.0000 +0.0000 +0.0000 +0.0000 +0.0000 +0.0000 +0.0000 +0.0000 +0.0000 +0.0000 +0.0000 +0.0000 +0.0000 +0.0000 +0.0000 +0.0000 +0.0000 +0.0000 +0.0000 +0.0000 +0.0000 +0.0000 +0.0000 +0.0000 +0.0000 +0.0000 +0.0000 +0.0000 +0.0000 +0.0000 +0.0000 ;
+0.0000 +0.0000 +0.0000 +0.0000 +0.0000 +0.0000 +0.0000 +0.0000 +0.0000 +0.0000 +0.0000 +0.0000 +0.0000 +0.0000 +0.0000 +0.0000 +0.0000 +0.0000 +0.0000 +0.0000 +0.0000 +0.0000 +0.0000 +0.0000 +0.0000 +0.0000 +0.0000 +0.0000 +0.0000 +0.0000 +0.0000 +0.0000 +0.0000 +0.0000 +0.0000 +0.0000 +0.0000 +0.0000 +0.0000 +0.0000 +0.0000 +0.0000 +0.0000 +0.0000 +0.0000 +0.0000 +0.0000 +0.0000 +0.0000 +0.0000 +0.0000 +0.0000 +0.0000 +0.0000 +0.0000 +0.0000 +0.0000 +0.0000 +0.0000 +0.0000 +0.0000 +0.0000 +0.0000 +0.0000 +0.0000 +0.0000 ;
+0.0000 +0.0000 +0.0000 +0.0000 +0.0000 +0.0000 +0.0000 +0.0000 +0.0000 +0.0000 +0.0000 +0.0000 +0.0000 +0.0000 +0.0000 +0.0000 +0.0000 +0.0000 +0.0000 +0.0000 +0.0000 +0.0000 +0.0000 +0.0000 +0.0000 +0.0000 +0.0000 +0.0000 +0.0000 +0.0000 +0.0000 +0.0000 +0.0000 +0.0000 +0.0000 +0.0000 +0.0000 +0.0000 +0.0000 +0.0000 +0.0000 +0.0000 +0.0000 +0.0000 +0.0000 +0.0000 +0.0000 +0.0000 +0.0000 +0.0000 +0.0000 +0.0000 +0.0000 +0.0000 +0.0000 +0.0000 +0.0000 +0.0000 +0.0000 +0.0000 +0.0000 +0.0000 +0.0000 +0.0000 +0.0000 +0.0000 ;
+0.0000 +0.0000 +0.0000 +0.0000 +0.0000 +0.0000 +0.0000 +0.0000 +0.0000 +0.0000 +0.0000 +0.0000 +0.0000 +0.0000 +0.0000 +0.0000 +0.0000 +0.0000 +0.0000 +0.0000 +0.0000 +0.0000 +0.0000 +0.0000 +0.0000 +0.0000 +0.0000 +0.0000 +0.0000 +0.0000 +0.0000 +0.0000 +0.0000 +0.0000 +0.0000 +0.0000 +0.0000 +0.0000 +0.0000 +0.0000 +0.0000 +0.0000 +0.0000 +0.0000 +0.0000 +0.0000 +0.0000 +0.0000 +0.0000 +0.0000 +0.0000 +0.0000 +0.0000 +0.0000 +0.0000 +0.0000 +0.0000 +0.0000 +0.0000 +0.0000 +0.0000 +0.0000 +0.0000 +0.0000 +0.0000 +0.0000 ;
+0.0000 +0.0000 +0.0000 +0.0000 +0.0000 +0.0000 +0.0000 +0.0000 +0.0000 +0.0000 +0.0000 +0.0000 +0.0000 +0.0000 +0.0000 +0.0000 +0.0000 +0.0000 +0.0000 +0.0000 +0.0000 +0.0000 +0.0000 +0.0000 +0.0000 +0.0000 +0.0000 +0.0000 +0.0000 +0.0000 +0.0000 +0.0000 +0.0000 +0.0000 +0.0000 +0.0000 +0.0000 +0.0000 +0.0000 +0.0000 +0.0000 +0.0000 +0.0000 +0.0000 +0.0000 +0.0000 +0.0000 +0.0000 +0.0000 +0.0000 +0.0000 +0.0000 +0.0000 +0.0000 +0.0000 +0.0000 +0.0000 +0.0000 +0.0000 +0.0000 +0.0000 +0.0000 +0.0000 +0.0000 +0.0000 +0.0000 ;
+0.0000 +0.0000 +0.0000 +0.0000 +0.0000 +0.0000 +0.0000 +0.0000 +0.0000 +0.0000 +0.0000 +0.0000 +0.0000 +0.0000 +0.0000 +0.0000 +0.0000 +0.0000 +0.0000 +0.0000 +0.0000 +0.0000 +0.0000 +0.0000 +0.0000 +0.0000 +0.0000 +0.0000 +0.0000 +0.0000 +0.0000 +0.0000 +0.0000 +0.0000 +0.0000 +0.0000 +0.0000 +0.0000 +0.0000 +0.0000 +0.0000 +0.0000 +0.0000 +0.0000 +0.0000 +0.0000 +0.0000 +0.0000 +0.0000 +0.0000 +0.0000 +0.0000 +0.0000 +0.0000 +0.0000 +0.0000 +0.0000 +0.0000 +0.0000 +0.0000 +0.0000 +0.0000 +0.0000 +0.0000 +0.0000 +0.0000 ;
+0.0000 +0.0000 +0.0000 +0.0000 +0.0000 +0.0000 +0.0000 +0.0000 +0.0000 +0.0000 +0.0000 +0.0000 +0.0000 +0.0000 +0.0000 +0.0000 +0.0000 +0.0000 +0.0000 +0.0000 +0.0000 +0.0000 +0.0000 +0.0000 +0.0000 +0.0000 +0.0000 +0.0000 +0.0000 +0.0000 +0.0000 +0.0000 +0.0000 +0.0000 +0.0000 +0.0000 +0.0000 +0.0000 +0.0000 +0.0000 +0.0000 +0.0000 +0.0000 +0.0000 +0.0000 +0.0000 +0.0000 +0.0000 +0.0000 +0.0000 +0.0000 +0.0000 +0.0000 +0.0000 +0.0000 +0.0000 +0.0000 +0.0000 +0.0000 +0.0000 +0.0000 +0.0000 +0.0000 +0.0000 +0.0000 +0.0000 ;
+0.0000 +0.0000 +0.0000 +0.0000 +0.0000 +0.0000 +0.0000 +0.0000 +0.0000 +0.0000 +0.0000 +0.0000 +0.0000 +0.0000 +0.0000 +0.0000 +0.0000 +0.0000 +0.0000 +0.0000 +0.0000 +0.0000 +0.0000 +0.0000 +0.0000 +0.0000 +0.0000 +0.0000 +0.0000 +0.0000 +0.0000 +0.0000 +0.0000 +0.0000 +0.0000 +0.0000 +0.0000 +0.0000 +0.0000 +0.0000 +0.0000 +0.0000 +0.0000 +0.0000 +0.0000 +0.0000 +0.0000 +0.0000 +0.0000 +0.0000 +0.0000 +0.0000 +0.0000 +0.0000 +0.0000 +0.0000 +0.0000 +0.0000 +0.0000 +0.0000 +0.0000 +0.0000 +0.0000 +0.0000 +0.0000 +0.0000 ;
+0.0000 +0.0000 +0.0000 +0.0000 +0.0000 +0.0000 +0.0000 +0.0000 +0.0000 +0.0000 +0.0000 +0.0000 +0.0000 +0.0000 +0.0000 +0.0000 +0.0000 +0.0000 +0.0000 +0.0000 +0.0000 +0.0000 +0.0000 +0.0000 +0.0000 +0.0000 +0.0000 +0.0000 +0.0000 +0.0000 +0.0000 +0.0000 +0.0000 +0.0000 +0.0000 +0.0000 +0.0000 +0.0000 +0.0000 +0.0000 +0.0000 +0.0000 +0.0000 +0.0000 +0.0000 +0.0000 +0.0000 +0.0000 +0.0000 +0.0000 +0.0000 +0.0000 +0.0000 +0.0000 +0.0000 +0.0000 +0.0000 +0.0000 +0.0000 +0.0000 +0.0000 +0.0000 +0.0000 +0.0000 +0.0000 +0.0000 ;
+0.0000 +0.0000 +0.0000 +0.0000 +0.0000 +0.0000 +0.0000 +0.0000 +0.0000 +0.0000 +0.0000 +0.0000 +0.0000 +0.0000 +0.0000 +0.0000 +0.0000 +0.0000 +0.0000 +0.0000 +0.0000 +0.0000 +0.0000 +0.0000 +0.0000 +0.0000 +0.0000 +0.0000 +0.0000 +0.0000 +0.0000 +0.0000 +0.0000 +0.0000 +0.0000 +0.0000 +0.0000 +0.0000 +0.0000 +0.0000 +0.0000 +0.0000 +0.0000 +0.0000 +0.0000 +0.0000 +0.0000 +0.0000 +0.0000 +0.0000 +0.0000 +0.0000 +0.0000 +0.0000 +0.0000 +0.0000 +0.0000 +0.0000 +0.0000 +0.0000 +0.0000 +0.0000 +0.0000 +0.0000 +0.0000 +0.0000 ;
+0.0000 +0.0000 +0.0000 +0.0000 +0.0000 +0.0000 +0.0000 +0.0000 +0.0000 +0.0000 +0.0000 +0.0000 +0.0000 +0.0000 +0.0000 +0.0000 +0.0000 +0.0000 +0.0000 +0.0000 +0.0000 +0.0000 +0.0000 +0.0000 +0.0000 +0.0000 +0.0000 +0.0000 +0.0000 +0.0000 +0.0000 +0.0000 +0.0000 +0.0000 +0.0000 +0.0000 +0.0000 +0.0000 +0.0000 +0.0000 +0.0000 +0.0000 +0.0000 +0.0000 +0.0000 +0.0000 +0.0000 +0.0000 +0.0000 +0.0000 +0.0000 +0.0000 +0.0000 +0.0000 +0.0000 +0.0000 +0.0000 +0.0000 +0.0000 +0.0000 +0.0000 +0.0000 +0.0000 +0.0000 +0.0000 +0.0000 ;
+0.0000 +0.0000 +0.0000 +0.0000 +0.0000 +0.0000 +0.0000 +0.0000 +0.0000 +0.0000 +0.0000 +0.0000 +0.0000 +0.0000 +0.0000 +0.0000 +0.0000 +0.0000 +0.0000 +0.0000 +0.0000 +0.0000 +0.0000 +0.0000 +0.0000 +0.0000 +0.0000 +0.0000 +0.0000 +0.0000 +0.0000 +0.0000 +0.0000 +0.0000 +0.0000 +0.0000 +0.0000 +0.0000 +0.0000 +0.0000 +0.0000 +0.0000 +0.0000 +0.0000 +0.0000 +0.0000 +0.0000 +0.0000 +0.0000 +0.0000 +0.0000 +0.0000 +0.0000 +0.0000 +0.0000 +0.0000 +0.0000 +0.0000 +0.0000 +0.0000 +0.0000 +0.0000 +0.0000 +0.0000 +0.0000 +0.0000 ;
+0.0000 +0.0000 +0.0000 +0.0000 +0.0000 +0.0000 +0.0000 +0.0000 +0.0000 +0.0000 +0.0000 +0.0000 +0.0000 +0.0000 +0.0000 +0.0000 +0.0000 +0.0000 +0.0000 +0.0000 +0.0000 +0.0000 +0.0000 +0.0000 +0.0000 +0.0000 +0.0000 +0.0000 +0.0000 +0.0000 +0.0000 +0.0000 +0.0000 +0.0000 +0.0000 +0.0000 +0.0000 +0.0000 +0.0000 +0.0000 +0.0000 +0.0000 +0.0000 +0.0000 +0.0000 +0.0000 +0.0000 +0.0000 +0.0000 +0.0000 +0.0000 +0.0000 +0.0000 +0.0000 +0.0000 +0.0000 +0.0000 +0.0000 +0.0000 +0.0000 +0.0000 +0.0000 +0.0000 +0.0000 +0.0000 +0.0000 ;
+0.0000 +0.0000 +0.0000 +0.0000 +0.0000 +0.0000 +0.0000 +0.0000 +0.0000 +0.0000 +0.0000 +0.0000 +0.0000 +0.0000 +0.0000 +0.0000 +0.0000 +0.0000 +0.0000 +0.0000 +0.0000 +0.0000 +0.0000 +0.0000 +0.0000 +0.0000 +0.0000 +0.0000 +0.0000 +0.0000 +0.0000 +0.0000 +0.0000 +0.0000 +0.0000 +0.0000 +0.0000 +0.0000 +0.0000 +0.0000 +0.0000 +0.0000 +0.0000 +0.0000 +0.0000 +0.0000 +0.0000 +0.0000 +0.0000 +0.0000 +0.0000 +0.0000 +0.0000 +0.0000 +0.0000 +0.0000 +0.0000 +0.0000 +0.0000 +0.0000 +0.0000 +0.0000 +0.0000 +0.0000 +0.0000 +0.0000 ;
+0.0000 +0.0000 +0.0000 +0.0000 +0.0000 +0.0000 +0.0000 +0.0000 +0.0000 +0.0000 +0.0000 +0.0000 +0.0000 +0.0000 +0.0000 +0.0000 +0.0000 +0.0000 +0.0000 +0.0000 +0.0000 +0.0000 +0.0000 +0.0000 +0.0000 +0.0000 +0.0000 +0.0000 +0.0000 +0.0000 +0.0000 +0.0000 +0.0000 +0.0000 +0.0000 +0.0000 +0.0000 +0.0000 +0.0000 +0.0000 +0.0000 +0.0000 +0.0000 +0.0000 +0.0000 +0.0000 +0.0000 +0.0000 +0.0000 +0.0000 +0.0000 +0.0000 +0.0000 +0.0000 +0.0000 +0.0000 +0.0000 +0.0000 +0.0000 +0.0000 +0.0000 +0.0000 +0.0000 +0.0000 +0.0000 +0.0000 ;
+0.0000 +0.0000 +0.0000 +0.0000 +0.0000 +0.0000 +0.0000 +0.0000 +0.0000 +0.0000 +0.0000 +0.0000 +0.0000 +0.0000 +0.0000 +0.0000 +0.0000 +0.0000 +0.0000 +0.0000 +0.0000 +0.0000 +0.0000 +0.0000 +0.0000 +0.0000 +0.0000 +0.0000 +0.0000 +0.0000 +0.0000 +0.0000 +0.0000 +0.0000 +0.0000 +0.0000 +0.0000 +0.0000 +0.0000 +0.0000 +0.0000 +0.0000 +0.0000 +0.0000 +0.0000 +0.0000 +0.0000 +0.0000 +0.0000 +0.0000 +0.0000 +0.0000 +0.0000 +0.0000 +0.0000 +0.0000 +0.0000 +0.0000 +0.0000 +0.0000 +0.0000 +0.0000 +0.0000 +0.0000 +0.0000 +0.0000 ;
+0.0000 +0.0000 +0.0000 +0.0000 +0.0000 +0.0000 +0.0000 +0.0000 +0.0000 +0.0000 +0.0000 +0.0000 +0.0000 +0.0000 +0.0000 +0.0000 +0.0000 +0.0000 +0.0000 +0.0000 +0.0000 +0.0000 +0.0000 +0.0000 +0.0000 +0.0000 +0.0000 +0.0000 +0.0000 +0.0000 +0.0000 +0.0000 +0.0000 +0.0000 +0.0000 +0.0000 +0.0000 +0.0000 +0.0000 +0.0000 +0.0000 +0.0000 +0.0000 +0.0000 +0.0000 +0.0000 +0.0000 +0.0000 +0.0000 +0.0000 +0.0000 +0.0000 +0.0000 +0.0000 +0.0000 +0.0000 +0.0000 +0.0000 +0.0000 +0.0000 +0.0000 +0.0000 +0.0000 +0.0000 +0.0000 +0.0000 ;
+0.0000 +0.0000 +0.0000 +0.0000 +0.0000 +0.0000 +0.0000 +0.0000 +0.0000 +0.0000 +0.0000 +0.0000 +0.0000 +0.0000 +0.0000 +0.0000 +0.0000 +0.0000 +0.0000 +0.0000 +0.0000 +0.0000 +0.0000 +0.0000 +0.0000 +0.0000 +0.0000 +0.0000 +0.0000 +0.0000 +0.0000 +0.0000 +0.0000 +0.0000 +0.0000 +0.0000 +0.0000 +0.0000 +0.0000 +0.0000 +0.0000 +0.0000 +0.0000 +0.0000 +0.0000 +0.0000 +0.0000 +0.0000 +0.0000 +0.0000 +0.0000 +0.0000 +0.0000 +0.0000 +0.0000 +0.0000 +0.0000 +0.0000 +0.0000 +0.0000 +0.0000 +0.0000 +0.0000 +0.0000 +0.0000 +0.0000 ;
+0.0000 +0.0000 +0.0000 +0.0000 +0.0000 +0.0000 +0.0000 +0.0000 +0.0000 +0.0000 +0.0000 +0.0000 +0.0000 +0.0000 +0.0000 +0.0000 +0.0000 +0.0000 +0.0000 +0.0000 +0.0000 +0.0000 +0.0000 +0.0000 +0.0000 +0.0000 +0.0000 +0.0000 +0.0000 +0.0000 +0.0000 +0.0000 +0.0000 +0.0000 +0.0000 +0.0000 +0.0000 +0.0000 +0.0000 +0.0000 +0.0000 +0.0000 +0.0000 +0.0000 +0.0000 +0.0000 +0.0000 +0.0000 +0.0000 +0.0000 +0.0000 +0.0000 +0.0000 +0.0000 +0.0000 +0.0000 +0.0000 +0.0000 +0.0000 +0.0000 +0.0000 +0.0000 +0.0000 +0.0000 +0.0000 +0.0000 ;
+0.0000 +0.0000 +0.0000 +0.0000 +0.0000 +0.0000 +0.0000 +0.0000 +0.0000 +0.0000 +0.0000 +0.0000 +0.0000 +0.0000 +0.0000 +0.0000 +0.0000 +0.0000 +0.0000 +0.0000 +0.0000 +0.0000 +0.0000 +0.0000 +0.0000 +0.0000 +0.0000 +0.0000 +0.0000 +0.0000 +0.0000 +0.0000 +0.0000 +0.0000 +0.0000 +0.0000 +0.0000 +0.0000 +0.0000 +0.0000 +0.0000 +0.0000 +0.0000 +0.0000 +0.0000 +0.0000 +0.0000 +0.0000 +0.0000 +0.0000 +0.0000 +0.0000 +0.0000 +0.0000 +0.0000 +0.0000 +0.0000 +0.0000 +0.0000 +0.0000 +0.0000 +0.0000 +0.0000 +0.0000 +0.0000 +0.0000 ;
+0.0000 +0.0000 +0.0000 +0.0000 +0.0000 +0.0000 +0.0000 +0.0000 +0.0000 +0.0000 +0.0000 +0.0000 +0.0000 +0.0000 +0.0000 +0.0000 +0.0000 +0.0000 +0.0000 +0.0000 +0.0000 +0.0000 +0.0000 +0.0000 +0.0000 +0.0000 +0.0000 +0.0000 +0.0000 +0.0000 +0.0000 +0.0000 +0.0000 +0.0000 +0.0000 +0.0000 +0.0000 +0.0000 +0.0000 +0.0000 +0.0000 +0.0000 +0.0000 +0.0000 +0.0000 +0.0000 +0.0000 +0.0000 +0.0000 +0.0000 +0.0000 +0.0000 +0.0000 +0.0000 +0.0000 +0.0000 +0.0000 +0.0000 +0.0000 +0.0000 +0.0000 +0.0000 +0.0000 +0.0000 +0.0000 +0.0000 ;
+0.0000 +0.0000 +0.0000 +0.0000 -0.0000 -0.0000 -0.0495 +0.0000 +0.0000 +0.0000 +0.0000 +0.0000 +0.0000 +0.0000 +0.0000 +0.0000 -0.0000 +0.0000 +0.0000 +0.0028 +0.0000 +0.0000 +0.0263 +0.0000 +0.0000 +0.0000 +0.0041 +0.0031 +0.0000 -0.6634 +0.0000 +0.0000 -0.3231 +0.0000 -0.0951 +0.0000 +0.0000 +0.0000 +0.0000 +0.6112 +0.3652 +0.5077 +0.0000 +0.0000 +0.0000 +0.0000 -0.0000 -0.0000 -0.0000 -0.0000 -0.0048 +0.0000 -0.0000 -0.2915 -0.0000 -0.0470 +0.0000 +0.6250 +0.5888 +0.6570 +0.6668 +0.0000 +0.0000 +0.0000 +0.0000 +0.5028 ;
+0.0000 +0.0125 -0.0000 -0.0000 -0.0000 -0.0000 -0.0000 -0.0000 -0.0000 -0.0000 -0.0000 -0.0000 -0.0000 -0.0000 +0.0000 +0.0000 +0.0000 +0.0000 +0.0000 +0.0000 +0.0000 +0.0000 +0.0000 +0.0000 +0.0000 -0.0483 +0.0232 +0.0042 +0.3055 +0.0000 -0.0000 +0.2572 +0.2375 +0.6336 +0.1671 +0.0529 +0.0000 +0.0000 +0.0000 +0.6777 +0.3681 +0.6571 +0.0000 +0.0000 -0.0000 -0.0000 -0.0000 -0.0000 -0.0000 -0.0000 +0.0000 +0.0000 +0.0000 +0.0000 +0.0000 +0.0000 +0.0000 +0.6309 +0.5680 +0.6183 +0.6365 -0.3052 -0.3736 -0.5714 +0.0000 +0.3412 ;
-0.0327 +0.0000 +0.2501 +0.1106 +0.1731 +0.2098 +0.3126 +0.4899 +0.3763 +0.3214 +0.3677 +0.4538 +0.3638 +0.4394 +0.4081 +0.4479 -0.2480 -0.2561 +0.2243 +0.2467 -0.1680 -0.1385 +0.2571 -0.2799 +0.4418 -0.1324 -0.2694 +0.0000 -0.0000 -0.0000 +0.0000 -0.1852 -0.0000 -0.0000 +0.0000 +0.0000 +0.0000 +0.0000 +0.0000 +0.0000 +0.0000 +0.0000 +0.0000 +0.0000 -0.5970 +0.0000 -0.5991 -0.5761 +0.0000 +0.0000 -0.5748 -0.6110 -0.5296 -0.0596 -0.5454 -0.5562 -0.6102 +0.0000 +0.0000 +0.0000 +0.0000 -0.0000 -0.0000 -0.0000 -0.0778 -0.5097 ;
+0.0000 +0.1323 +0.0959 +0.0000 +0.0114 +0.1349 +0.0000 +0.0000 +0.0000 +0.0000 +0.0000 +0.0000 +0.0000 +0.0000 +0.0000 -0.0000 +0.0340 -0.0000 -0.0000 +0.1038 +0.1062 +0.1164 -0.0000 +0.0000 +0.1164 +0.0000 +0.0000 +0.1143 +0.4757 -0.6818 -0.1078 +0.0000 +0.3577 +0.0000 +0.0000 +0.0000 +0.0000 +0.0000 +0.0000 +0.0000 +0.0000 +0.0000 +0.0000 +0.0000 -0.0000 -0.0000 -0.0000 -0.0000 -0.0000 -0.0000 +0.0000 +0.0000 +0.0000 +0.0000 +0.0000 +0.0000 +0.0000 +0.6307 +0.0000 +0.0000 +0.0000 -0.4794 +0.0000 +0.0000 +0.0000 +0.2784 ;
-0.0868 +0.0000 -0.1758 +0.0432 -0.1655 -0.1644 +0.0000 +0.0000 +0.0000 +0.0000 +0.0000 +0.0000 +0.0000 +0.0000 +0.0000 +0.0000 +0.0051 +0.0000 +0.0000 -0.0000 +0.0000 +0.0000 +0.0000 +0.0000 +0.0000 +0.1279 +0.1588 +0.1124 +0.6049 +0.1275 +0.0000 -0.4983 +0.0000 -0.1000 +0.0000 +0.0000 +0.0415 +0.0000 +0.0000 +0.0000 +0.0000 +0.0000 +0.0000 +0.0000 +0.0000 -0.0000 -0.0000 -0.0000 -0.0000 +0.0000 +0.0000 -0.0000 +0.0000 +0.0000 +0.0000 +0.0000 +0.0000 +0.4818 +0.0000 +0.3402 +0.4059 -0.2862 -0.2948 -0.5472 -0.2717 +0.2078 ;
-0.0277 +0.0780 +0.0465 +0.1072 +0.0899 +0.0095 -0.0000 +0.0634 +0.0000 +0.1297 +0.1613 +0.1382 +0.0813 +0.1197 +0.0000 +0.0000 +0.0494 +0.0510 +0.1176 +0.0251 +0.0789 +0.0110 +0.0000 +0.0000 -0.1714 -0.1582 -0.1842 -0.0315 -0.3856 +0.0644 -0.1395 -0.0047 +0.3336 +0.0000 +0.0000 +0.1136 +0.1963 +0.0550 +0.0000 +0.0000 +0.0000 +0.0000 +0.0000 +0.0000 +0.0000 -0.0000 -0.0000 -0.0000 -0.0000 -0.0000 -0.0000 -0.0000 -0.0000 -0.2347 -0.0000 -0.0000 -0.0000 +0.5228 +0.5359 +0.5766 +0.5701 -0.4444 -0.3607 +0.0000 +0.0000 -0.1137 ;
+0.0000 +0.1751 +0.0314 +0.2151 +0.0187 +0.0339 +0.0664 +0.1054 -0.0013 -0.0652 -0.1164 -0.0943 -0.0015 -0.0519 -0.0024 -0.0113 -0.1131 -0.0902 -0.0060 -0.0015 -0.0011 -0.1146 -0.0471 -0.0010 +0.0000 -0.0446 +0.0000 +0.0000 -0.0531 +0.2674 -0.0702 +0.0000 +0.0738 -0.1618 +0.0000 +0.1172 +0.0013 +0.0722 +0.0427 +0.0000 +0.0000 +0.0000 +0.0000 +0.0000 -0.1089 +0.0000 +0.0000 +0.0000 +0.0000 +0.0000 +0.0000 +0.0000 +0.0000 +0.0000 +0.0000 -0.0896 +0.0000 +0.1536 +0.2218 +0.0000 +0.0000 +0.0000 +0.0000 +0.0000 +0.0000 -0.3490 ;
+0.0000 +0.0000 +0.0016 +0.2223 +0.2304 +0.4048 +0.3612 +0.3681 +0.2789 +0.0000 +0.0000 +0.0000 +0.0000 +0.0000 -0.0694 +0.0000 -0.0286 +0.0612 +0.1796 -0.2819 +0.0811 -0.1390 +0.0000 +0.0000 +0.0000 -0.1408 -0.1150 +0.0000 +0.0000 +0.0000 +0.0000 +0.0000 +0.0000 +0.0000 +0.0000 +0.0000 +0.1520 +0.2047 +0.0044 +0.0000 +0.0000 +0.0000 +0.0000 +0.0000 +0.0000 -0.1317 -0.2277 -0.2296 -0.1040 -0.0894 -0.1451 -0.1656 -0.2199 -0.1220 -0.2077 +0.0000 +0.0000 +0.1427 +0.0000 +0.0000 +0.0000 +0.0000 +0.0000 +0.0000 +0.0000 -0.3569 ;
+0.0000 -0.1206 +0.0319 -0.0137 +0.0023 +0.2511 +0.4171 +0.4039 +0.4336 +0.0000 +0.0000 +0.0000 +0.0000 +0.4139 +0.0000 +0.0000 -0.1726 +0.1597 -0.2824 -0.2150 -0.1381 +0.0840 -0.1506 +0.0000 +0.0000 +0.0921 +0.0467 -0.2821 -0.0000 +0.0000 +0.1940 +0.0000 -0.0000 -0.1712 +0.0070 +0.1075 +0.0000 +0.0217 +0.1179 +0.2219 +0.0000 +0.0000 +0.0000 +0.0000 +0.0000 -0.4275 -0.5169 -0.2556 -0.3070 -0.2810 -0.4880 -0.5128 -0.3982 -0.1390 -0.2791 +0.0000 +0.0000 +0.0352 +0.0000 +0.0000 +0.0000 +0.0000 +0.0000 +0.0000 +0.0000 -0.3569 ;
+0.0000 -0.1066 +0.3832 +0.2665 +0.0507 +0.0842 +0.0363 +0.2714 +0.4120 +0.5192 +0.0000 +0.0000 +0.0000 +0.0000 +0.0000 +0.0000 +0.0723 -0.2177 +0.0012 -0.1636 +0.2021 -0.3544 +0.0000 +0.0000 -0.2359 -0.0108 -0.2591 -0.2266 +0.0000 +0.0000 +0.3786 -0.0000 -0.0000 -0.1640 -0.0278 +0.1343 +0.1560 +0.0000 +0.0988 +0.0000 +0.0000 +0.0000 +0.0000 +0.0000 -0.3860 -0.5514 -0.5506 -0.3702 -0.2492 -0.5101 -0.3650 -0.5174 -0.2518 -0.1305 +0.0000 +0.0000 +0.0000 +0.0225 +0.0000 +0.0000 +0.0000 +0.0000 +0.0000 +0.0000 +0.0000 -0.3569 ;
+0.0000 -0.0890 +0.0000 +0.0000 +0.3007 +0.1514 -0.0233 +0.0131 -0.2288 +0.3795 +0.4169 +0.0000 +0.0000 +0.0000 +0.3735 +0.0000 -0.1491 -0.2082 -0.1056 -0.0445 -0.0154 +0.0260 +0.0000 +0.0000 +0.0000 +0.3144 -0.0383 -0.2150 -0.0000 +0.0000 +0.0813 +0.0000 -0.1588 +0.0000 -0.0605 +0.0000 +0.2046 +0.0151 +0.0000 +0.0597 +0.0332 +0.0000 +0.0000 +0.0000 -0.2878 -0.2994 +0.0000 -0.3272 -0.2773 -0.1805 -0.1783 -0.2443 -0.2879 -0.0000 -0.2547 +0.0000 +0.0000 +0.1609 +0.0000 +0.0000 +0.0000 +0.0000 +0.0000 +0.0000 +0.0000 -0.3569 ;
+0.0000 -0.1464 +0.0000 +0.0000 +0.0000 -0.0000 +0.0000 +0.0000 -0.0154 -0.0897 +0.0000 +0.0000 +0.0000 +0.0000 +0.0000 +0.0000 +0.0000 +0.2174 +0.0938 +0.1095 -0.0034 +0.2416 +0.1506 +0.0000 +0.0000 +0.0321 -0.1203 -0.1125 +0.3787 +0.0000 +0.1163 +0.5603 +0.0000 +0.4933 +0.2368 +0.0000 +0.0000 +0.0043 +0.0206 +0.0000 +0.1461 +0.0000 +0.0000 +0.0000 -0.0000 -0.0000 +0.0000 -0.0000 -0.0000 -0.0000 -0.0000 -0.0000 -0.0000 -0.3437 +0.0000 +0.0000 -0.0000 +0.2486 +0.2800 +0.0000 +0.0000 +0.0000 -0.0999 +0.0000 +0.0000 -0.3569 ;
+0.0000 -0.0684 +0.0000 +0.0002 +0.0000 +0.1373 -0.1043 +0.1658 +0.0000 -0.0533 +0.0908 +0.0004 +0.2259 +0.1875 +0.0000 +0.0000 +0.0000 +0.0000 -0.0405 +0.1525 +0.0079 -0.0238 +0.0816 +0.0000 +0.0000 -0.0193 -0.1688 -0.0000 +0.0397 +0.2371 +0.0849 -0.1856 -0.2330 +0.3709 -0.1299 +0.0000 +0.0000 +0.0000 +0.1791 +0.1729 +0.0000 +0.0982 +0.1296 +0.0000 +0.0000 +0.0000 +0.0000 -0.0003 -0.0003 -0.0967 -0.0847 -0.0870 -0.0003 -0.2063 -0.0987 -0.1462 -0.0004 +0.0000 +0.1006 +0.0000 +0.0000 +0.0000 +0.0000 +0.0000 +0.0000 -0.3569 ;
+0.0000 -0.0261 +0.0000 +0.0000 +0.0000 +0.0000 +0.0000 -0.0055 +0.0000 +0.0000 -0.0176 -0.0982 +0.0000 +0.0127 +0.0000 +0.0000 +0.0000 +0.0000 +0.0000 -0.0000 +0.1449 -0.0000 +0.1615 +0.0729 +0.0000 +0.0000 -0.0795 -0.0034 +0.3997 +0.0000 +0.0843 +0.4849 -0.3434 +0.5747 +0.1725 +0.0000 +0.0000 +0.0000 +0.0000 +0.2293 +0.1577 +0.0000 +0.0148 +0.0000 +0.0000 +0.0000 +0.0000 -0.0000 -0.0114 -0.0000 -0.0000 -0.0000 -0.0000 -0.2908 -0.0000 -0.0000 -0.0000 +0.0000 +0.0000 +0.2697 +0.0000 +0.0000 +0.0000 +0.0000 +0.0000 -0.3569 ;
+0.0000 -0.2213 +0.0000 +0.0000 +0.2759 +0.0000 +0.0000 +0.0000 +0.5151 -0.2801 +0.1623 +0.0223 +0.2439 +0.3886 +0.4946 +0.3742 -0.1993 +0.0000 +0.0000 +0.0000 -0.0780 -0.3552 +0.0761 -0.2157 -0.1206 -0.2554 -0.0220 +0.1386 -0.0000 +0.0000 +0.2908 +0.0000 -0.0307 -0.2240 -0.0189 +0.0000 +0.0000 +0.0000 +0.0000 +0.0000 +0.0514 +0.0735 +0.0116 +0.2207 -0.5575 +0.0000 +0.0000 -0.4958 -0.3634 +0.0000 -0.4139 -0.5540 -0.4645 -0.0708 -0.4486 -0.3079 -0.4670 +0.0000 +0.0000 +0.0000 +0.0000 +0.0000 +0.0000 +0.0000 +0.0000 -0.3569 ;
-0.0565 -0.0100 +0.0000 +0.0000 +0.0000 +0.0000 +0.0000 +0.0000 +0.0000 +0.0000 +0.0000 -0.0658 +0.0000 -0.1074 -0.0000 -0.1088 -0.0013 +0.0000 +0.0000 -0.0000 -0.0047 -0.0140 +0.2339 +0.0146 -0.0704 -0.1036 -0.0310 +0.0056 -0.1524 +0.2199 +0.1442 +0.1326 -0.1369 +0.4743 +0.0153 +0.0000 +0.0000 +0.0000 +0.0000 +0.1246 +0.1686 +0.1139 +0.0623 +0.0000 +0.0000 +0.0000 +0.0000 -0.0000 -0.0000 -0.0000 -0.0000 -0.0000 -0.0000 -0.1325 -0.0000 -0.0356 -0.0000 +0.0000 +0.0000 +0.2958 +0.2391 +0.0000 +0.0000 +0.0000 -0.0935 -0.3569 ;
+0.0000 +0.0977 -0.2914 +0.0000 +0.0000 +0.0000 +0.0000 +0.0000 +0.0000 +0.0000 +0.0000 +0.0000 +0.0000 +0.0000 +0.0000 +0.0000 +0.0000 -0.3356 +0.0000 -0.2912 -0.3224 -0.4152 +0.0000 +0.0000 -0.2262 -0.0920 -0.1572 +0.0000 +0.0000 +0.0000 +0.0000 +0.0000 +0.0000 +0.0000 +0.0000 +0.1125 +0.1691 +0.2808 +0.2048 +0.0000 +0.0000 +0.0695 +0.0000 +0.0000 +0.0000 +0.0000 +0.0000 +0.0000 +0.0000 +0.0000 +0.0000 +0.0000 +0.0000 +0.0000 +0.0000 +0.0000 +0.0000 +0.0000 +0.0000 +0.0000 +0.0000 -0.0319 +0.0000 +0.0000 +0.0000 -0.3569 ;
+0.0000 +0.1006 +0.1490 +0.0000 +0.0000 -0.2873 +0.0000 +0.0000 +0.0000 +0.0000 +0.0000 +0.0000 +0.0000 +0.0000 +0.0000 +0.0000 +0.0000 -0.3505 -0.3148 +0.0000 -0.3903 -0.3033 -0.3868 -0.2987 +0.0000 -0.0560 +0.0000 -0.2294 +0.0000 -0.0000 +0.5800 -0.0000 -0.0000 -0.1677 +0.0000 +0.1385 +0.1202 +0.2739 +0.2837 +0.0000 +0.0000 +0.0000 +0.0000 +0.0000 +0.0000 +0.0000 +0.0000 +0.0000 +0.0000 +0.0000 +0.0000 +0.0000 +0.0000 +0.0000 +0.0000 +0.0000 +0.0000 +0.0000 +0.0000 +0.0000 +0.0000 +0.0000 +0.0000 -0.0000 +0.0000 -0.3569 ;
-0.1308 +0.1715 +0.0000 +0.1501 +0.0000 +0.0000 -0.2080 +0.0000 +0.0000 +0.0000 +0.0000 +0.0000 +0.0000 +0.0000 +0.0000 +0.0000 -0.4437 -0.3185 -0.2773 -0.3426 -0.2721 +0.0000 +0.0000 +0.0000 -0.4416 -0.2627 +0.0000 -0.2787 +0.0000 -0.0000 -0.3222 -0.0000 -0.0000 -0.2315 +0.0000 +0.2429 +0.0000 +0.2760 +0.0887 +0.0000 +0.1411 +0.1324 +0.0000 +0.0000 +0.0000 +0.0000 +0.0000 +0.0000 +0.0000 +0.0000 +0.0000 +0.0000 +0.0000 +0.0000 +0.0000 +0.0000 +0.0000 +0.0000 +0.0000 +0.0000 +0.0000 +0.0000 +0.0000 -0.0000 +0.0000 -0.3569 ;
+0.0000 +0.1709 +0.2348 +0.0000 -0.2851 -0.1188 +0.0000 +0.0000 +0.0000 +0.0000 +0.0000 +0.0000 +0.0000 +0.0000 +0.0000 +0.0000 -0.2851 +0.0000 +0.0000 -0.3463 -0.3830 -0.3349 -0.4187 +0.0000 -0.2896 +0.0744 -0.1422 -0.2795 +0.0000 -0.0000 +0.5837 -0.0000 +0.0607 -0.1212 +0.1252 +0.1029 +0.0000 +0.2341 +0.1498 +0.1322 +0.0000 +0.0232 +0.0000 +0.0000 +0.0000 +0.0000 +0.0000 +0.0000 +0.0000 +0.0000 +0.0000 -0.5529 +0.0000 +0.0000 +0.0000 +0.0000 +0.0000 +0.0000 +0.0000 +0.0000 +0.0000 +0.0000 +0.0000 +0.0000 -0.1031 -0.3569 ;
-0.1640 +0.0831 +0.0000 +0.0000 +0.0000 +0.1853 +0.0000 -0.0742 -0.2615 +0.0000 +0.0000 +0.0000 +0.0000 +0.0000 +0.0000 +0.0000 -0.3418 -0.1737 -0.0504 -0.1615 +0.0000 +0.0000 +0.0000 -0.2963 +0.0000 +0.0654 -0.0367 +0.0000 +0.0000 -0.1071 +0.3466 -0.0000 +0.0000 -0.0936 +0.0000 +0.0000 +0.2628 +0.2523 +0.1431 +0.0985 +0.1877 +0.0790 +0.0000 +0.0000 +0.0000 +0.0000 +0.0000 +0.0000 +0.0000 +0.0000 +0.0000 +0.0000 +0.0000 +0.0000 +0.0000 +0.0000 +0.0000 +0.0000 +0.0000 +0.0000 +0.0000 +0.0000 -0.0000 +0.0000 +0.0000 -0.3569 ;
+0.0000 +0.2063 +0.0000 +0.0000 +0.0000 +0.0000 -0.0337 +0.0000 +0.0000 -0.3172 +0.0000 +0.0000 +0.0000 +0.0000 +0.0000 +0.0000 -0.2741 -0.2572 +0.0000 -0.4049 -0.2331 -0.2841 +0.0000 -0.3291 +0.0000 -0.2002 +0.0000 -0.2427 +0.0000 -0.0000 +0.0000 -0.0000 +0.0179 -0.0044 +0.0000 +0.2563 +0.3117 +0.2524 +0.1161 +0.0164 +0.0000 +0.0000 +0.0000 +0.0000 +0.0000 +0.0000 +0.0000 +0.0000 +0.0000 +0.0000 +0.0000 +0.0000 +0.0000 +0.0000 +0.0000 +0.0000 +0.0000 +0.0000 +0.0000 +0.0000 +0.0000 +0.0000 -0.0045 +0.0000 +0.0000 -0.3569 ;
-0.0154 -0.0440 +0.0000 +0.0000 +0.0000 +0.0000 +0.0000 -0.1385 +0.0000 +0.0000 -0.1834 +0.0000 +0.0000 +0.0000 +0.0000 +0.0000 +0.0000 -0.2980 +0.0000 -0.3981 -0.4096 -0.2280 -0.3747 -0.2544 +0.0000 -0.1718 -0.1340 -0.1471 +0.0000 +0.0000 +0.1295 -0.0000 -0.0000 +0.0000 -0.0161 +0.0000 +0.0000 +0.2379 +0.2371 +0.0926 +0.2126 +0.0931 +0.1822 +0.0000 +0.0000 +0.0000 +0.0000 +0.0000 +0.0000 -0.4064 +0.0000 +0.0000 +0.0000 +0.0000 +0.0000 +0.0000 +0.0000 +0.0000 +0.0000 +0.0000 +0.0000 +0.0000 -0.0000 -0.0000 +0.0000 -0.3569 ;
+0.0000 +0.2345 +0.0000 +0.0000 +0.0000 +0.0000 -0.3703 -0.2854 +0.4303 +0.0000 +0.0000 +0.0000 +0.0000 +0.0000 +0.0000 +0.0000 -0.4558 -0.3363 -0.4370 -0.4433 -0.3655 -0.3372 +0.0000 +0.0000 +0.0000 -0.1658 +0.0000 -0.1637 +0.0000 -0.0087 +0.0000 -0.0000 -0.0000 -0.1891 +0.0000 +0.0000 +0.3039 +0.2834 +0.2756 +0.0000 +0.0168 +0.0000 +0.0000 +0.0000 +0.0000 +0.0000 +0.0000 +0.0000 +0.0000 +0.0000 +0.0000 +0.0000 +0.0000 +0.0000 +0.0000 +0.0000 +0.0000 +0.0000 +0.0000 +0.0000 +0.0000 +0.0000 -0.0000 +0.0000 +0.0000 -0.3569 ;
-0.1654 +0.0555 +0.0000 +0.0000 +0.0000 +0.0000 +0.0000 +0.0000 +0.0000 +0.0000 +0.0988 -0.1597 +0.0000 +0.0000 +0.0000 +0.0000 +0.0000 -0.3451 +0.0000 -0.3358 -0.2062 +0.3005 -0.1700 -0.1628 +0.0000 -0.1499 +0.1072 +0.0000 +0.0000 -0.0590 +0.1594 -0.0000 +0.0000 -0.0428 +0.0000 +0.0000 +0.0000 +0.2911 +0.2577 +0.1720 +0.0318 +0.1626 +0.2567 +0.0000 +0.0000 +0.0000 +0.0000 +0.0000 +0.0000 +0.0000 +0.0000 +0.0000 +0.0000 +0.0000 +0.0000 +0.0000 +0.0000 +0.0000 +0.0000 +0.0000 +0.0000 +0.0000 -0.0000 +0.0000 +0.0000 -0.3569 ;
+0.0000 +0.1398 +0.0000 +0.0000 +0.0000 +0.0000 +0.0000 +0.0000 +0.0000 +0.0000 +0.0000 +0.0178 +0.0000 -0.0747 +0.0000 +0.0000 +0.0000 -0.0000 +0.0000 -0.0000 -0.1394 +0.0000 -0.1085 -0.0595 -0.0000 -0.0026 +0.0422 -0.0842 +0.1467 -0.0680 +0.0000 +0.0127 +0.1612 +0.2051 +0.2370 +0.0000 +0.0000 +0.0000 +0.2276 +0.0611 +0.1984 +0.1225 +0.1859 +0.0000 +0.0000 +0.0000 +0.0000 +0.0000 +0.0000 +0.0000 -0.0563 +0.0000 +0.0000 +0.0000 +0.0000 +0.0000 +0.0000 +0.0000 +0.0000 +0.0000 +0.0000 +0.0000 +0.0000 +0.0000 -0.2247 -0.3569 ;
-0.0976 +0.2111 +0.0000 +0.0000 +0.0000 +0.0000 +0.0000 +0.0000 +0.0000 -0.2032 +0.0000 +0.0000 +0.0908 +0.0000 +0.0000 +0.0000 +0.0000 -0.2040 -0.1848 +0.0000 +0.0000 -0.1753 -0.3561 -0.3326 -0.2682 +0.0000 -0.1225 -0.2645 +0.0000 -0.0000 -0.3408 -0.0000 -0.0000 -0.0229 +0.0000 +0.0000 +0.0000 +0.0000 +0.1332 +0.0703 +0.0177 +0.1865 +0.2920 +0.0138 +0.0000 +0.0000 +0.0000 +0.0000 +0.0000 +0.0000 +0.0000 +0.0000 +0.0000 +0.0000 +0.0000 +0.0000 +0.0000 +0.0000 +0.0000 +0.0000 +0.0000 +0.0000 +0.0000 -0.0000 +0.0000 -0.3569 ;
+0.0000 +0.0760 +0.0000 +0.0000 +0.0000 +0.0000 +0.0000 +0.0000 +0.0000 -0.2218 +0.0000 +0.0000 +0.0000 +0.0521 +0.0000 +0.0000 +0.0000 -0.1795 +0.0000 +0.0000 -0.1851 -0.2986 -0.3010 -0.3081 -0.1694 -0.1415 -0.1862 +0.1289 +0.0000 -0.0000 +0.5447 -0.0000 +0.0782 -0.0878 +0.0000 +0.0000 +0.0000 +0.2717 +0.0000 +0.0532 +0.0401 +0.1100 +0.0864 +0.0000 +0.0000 +0.0000 +0.0000 +0.0000 +0.0000 +0.0000 +0.0000 +0.0000 +0.0000 +0.0000 +0.0000 +0.0000 +0.0000 +0.0000 +0.0000 +0.0000 +0.0000 +0.0000 -0.0000 +0.0000 +0.0000 -0.3569 ;
-0.1236 -0.0317 +0.0000 +0.0000 +0.0000 +0.0000 +0.0000 +0.0000 +0.0000 +0.0000 +0.0000 -0.3123 +0.0000 +0.0000 +0.0473 +0.0000 +0.0000 +0.0000 +0.0000 -0.3428 -0.2461 -0.2537 -0.3324 +0.1557 -0.4499 -0.2107 -0.2096 -0.1020 -0.0000 -0.0000 +0.1588 -0.0000 +0.0533 -0.2009 +0.0374 +0.0000 +0.0000 +0.1855 +0.0000 +0.0000 +0.0264 +0.0000 +0.2748 +0.0721 +0.0000 +0.0000 +0.0000 +0.0000 +0.0000 +0.0000 +0.0000 +0.0000 +0.0000 +0.0000 +0.0000 -0.5564 +0.0000 +0.0000 +0.0000 +0.0000 +0.0000 +0.0000 -0.0235 +0.0000 -0.0000 -0.3569 ;
+0.0000 +0.0000 -0.0000 -0.0214 +0.1101 -0.0000 -0.0000 +0.0702 -0.0216 +0.0390 +0.0409 +0.0000 +0.0000 +0.0000 +0.0000 +0.0000 -0.0000 +0.0872 +0.1849 +0.1021 +0.1268 +0.1349 +0.0968 +0.0061 +0.1646 -0.0445 +0.1020 +0.0000 +0.0000 -0.3667 +0.0000 +0.0000 +0.0000 +0.0000 +0.0000 +0.0687 +0.0000 +0.0000 +0.0000 +0.0000 +0.0000 +0.0000 +0.0000 +0.0000 +0.0000 +0.0000 +0.0000 +0.0000 +0.0000 +0.0000 +0.0000 +0.0000 +0.0000 +0.0000 +0.0000 +0.0000 -0.0479 +0.0000 +0.3351 +0.4417 +0.0000 -0.2672 +0.0000 -0.2851 -0.1888 +0.5074 ;
-0.1436 +0.1296 -0.0000 -0.0616 -0.0001 -0.0498 +0.0185 +0.1325 +0.0290 +0.1315 +0.0001 +0.0001 +0.0492 +0.0001 +0.1104 +0.0000 +0.0055 +0.0321 +0.1955 +0.0000 +0.0301 +0.1002 +0.1196 +0.0000 +0.1606 +0.0804 +0.0001 +0.1099 +0.3649 -0.2381 +0.0000 -0.3447 -0.4436 +0.0000 +0.2685 +0.0002 +0.0002 +0.0003 +0.0002 +0.0000 +0.0000 +0.0000 +0.0000 +0.0000 +0.0000 +0.0000 -0.0000 +0.0000 +0.0000 +0.0000 +0.0000 +0.0000 +0.0000 +0.0000 +0.0000 +0.0000 +0.0000 +0.2394 +0.0000 +0.3352 +0.0000 -0.1462 -0.2434 -0.3760 -0.1211 +0.5074 ;
+0.0000 +0.0000 +0.0000 +0.0000 +0.0000 +0.0000 -0.0000 +0.1012 +0.0910 +0.0005 +0.0592 -0.0000 +0.0000 +0.0632 +0.0000 +0.0000 +0.0000 +0.0522 +0.1830 +0.0630 +0.0533 +0.1060 +0.0000 +0.0282 +0.1041 +0.0594 -0.0263 +0.0085 +0.0000 -0.1704 +0.0000 -0.3923 +0.0000 +0.0000 -0.1220 +0.0000 +0.0000 +0.0000 +0.0000 +0.6150 +0.3383 +0.0000 +0.0000 +0.0000 +0.0000 +0.0000 +0.0000 +0.0000 +0.0000 +0.0000 -0.0000 +0.0000 +0.0000 +0.0000 +0.0000 +0.0000 +0.0000 +0.0000 +0.4337 +0.0000 +0.3893 -0.2962 -0.2500 -0.3693 -0.2886 +0.5074 ;
-0.0310 +0.1882 +0.0000 -0.0000 +0.0000 +0.0000 +0.0000 +0.0000 +0.0000 +0.0259 +0.0070 +0.0000 -0.0000 -0.0000 +0.0815 +0.0866 +0.1490 +0.0162 +0.0000 +0.1563 +0.0904 +0.1841 +0.0137 +0.1497 +0.1267 +0.0089 +0.0320 +0.0033 +0.0764 -0.3270 +0.1211 +0.1382 -0.3556 -0.0555 +0.2303 +0.0000 +0.0000 +0.0000 +0.0000 +0.6605 +0.3565 +0.6452 +0.0000 +0.0000 +0.0000 +0.0000 +0.0000 +0.0000 +0.0000 +0.0000 +0.0000 +0.0000 +0.0000 +0.0000 +0.0000 -0.0000 +0.0000 +0.3332 +0.3897 +0.5407 +0.0000 -0.1478 -0.3073 -0.2815 -0.2874 +0.5074 ;
+0.0000 +0.0000 -0.0632 -0.1338 -0.0319 -0.1140 -0.1577 -0.0000 +0.0184 +0.0000 +0.0000 +0.0000 +0.0000 +0.0000 +0.0446 +0.0000 -0.0000 -0.1077 -0.0000 +0.0000 +0.0000 -0.1030 -0.0000 +0.0000 +0.0000 -0.0902 -0.0599 +0.0000 +0.0000 +0.0000 +0.0000 +0.0000 +0.0000 +0.0000 +0.0000 +0.0000 +0.0000 +0.0000 +0.0000 +0.0000 +0.0000 +0.0000 +0.0000 +0.0000 -0.0000 +0.0000 +0.0000 -0.0000 +0.0000 +0.0000 +0.0000 +0.0000 +0.0000 +0.0000 -0.0000 +0.0000 +0.0000 +0.0000 +0.0000 +0.0000 +0.0000 +0.0000 +0.0000 +0.0000 +0.0000 +0.5074 ;
-0.0003 +0.0242 -0.0550 +0.0118 -0.1462 -0.1078 -0.1662 -0.0909 +0.0000 +0.0306 +0.0000 +0.0000 +0.0000 +0.0000 +0.0000 +0.0000 -0.1321 -0.0247 -0.0197 -0.1569 -0.0140 +0.0000 +0.0000 +0.0000 +0.0000 -0.0004 -0.0656 +0.0000 -0.1281 -0.2934 +0.1160 -0.1791 -0.1074 +0.0000 +0.1508 +0.0000 +0.0000 +0.0341 +0.0000 +0.0000 +0.0000 +0.0000 +0.0000 +0.0000 +0.0000 -0.0000 +0.0000 -0.0000 +0.0000 +0.0000 +0.0000 +0.0000 +0.0000 +0.0000 +0.0000 -0.0000 +0.0000 +0.0000 +0.0000 +0.0000 +0.5424 -0.2315 +0.0000 +0.0000 +0.0000 +0.5074 ;
+0.0000 +0.0000 +0.0000 +0.0000 +0.0000 +0.0000 +0.0000 -0.0000 -0.1165 -0.0000 -0.0254 -0.0000 -0.0000 +0.0000 +0.0000 +0.0000 +0.0000 +0.0000 -0.0736 -0.0226 -0.0000 +0.0000 -0.0593 -0.0000 +0.0000 -0.0020 +0.0062 -0.0054 -0.1506 +0.0000 +0.1874 -0.6405 +0.5068 +0.0000 +0.1715 +0.0000 +0.0000 +0.0000 +0.0000 +0.0000 +0.0000 +0.5628 +0.0000 +0.0000 +0.0000 +0.0000 +0.0000 +0.0000 -0.0000 -0.0000 -0.0000 +0.0000 +0.0000 +0.0000 +0.0000 +0.0000 +0.0000 +0.0000 +0.5866 +0.0000 +0.0000 +0.0000 +0.0000 +0.0000 +0.0000 +0.5074 ;
-0.1355 +0.0484 +0.0000 +0.0000 +0.0000 +0.0000 +0.0000 +0.1821 +0.1239 +0.0829 -0.1299 -0.0993 +0.0516 -0.0434 -0.0153 -0.0105 +0.0000 -0.1899 +0.0000 +0.0000 -0.0515 -0.0111 -0.1173 +0.0000 -0.0541 -0.0027 +0.0782 -0.1393 +0.1765 -0.2340 +0.1977 -0.2781 -0.0868 -0.2651 +0.1118 +0.0000 +0.0000 +0.0000 +0.0000 +0.0000 +0.2019 +0.3430 +0.0000 +0.0000 +0.0000 +0.0000 +0.0000 +0.0000 +0.0000 +0.0000 -0.0000 +0.0000 +0.0000 -0.2455 -0.0392 +0.0000 +0.0000 +0.0000 +0.0000 +0.3740 +0.0000 +0.0000 +0.0000 -0.2848 +0.0000 +0.5074 ;
+0.0000 +0.0000 +0.0000 +0.0000 +0.0000 +0.0000 +0.0000 +0.0000 +0.0000 +0.0000 +0.0000 +0.0000 +0.0000 +0.0000 +0.0000 +0.0000 +0.0000 +0.0000 +0.0000 +0.0000 +0.0000 +0.0000 +0.0000 +0.0000 +0.0000 +0.0000 +0.0000 +0.0000 +0.0000 +0.0000 +0.0000 +0.0000 +0.0000 +0.0000 +0.0000 +0.0000 +0.0000 +0.0000 +0.0000 +0.0000 +0.0000 +0.0000 +0.0000 +0.0000 +0.0000 +0.0000 +0.0000 +0.0000 +0.0000 +0.0000 +0.0000 +0.0000 +0.0000 +0.0000 +0.0000 +0.0000 +0.0000 +0.0000 +0.0000 +0.0000 +0.0000 +0.0000 +0.0000 +0.0000 +0.0000 +0.0000 ;
