brainFunction 22873 71 35 1685 24781 2-14 15-30 31-34
0 0.733368
1 0.555493
2 0.778075
3 0.516399
4 0.840642
5 0.563636
6 0.162567
7 0.156863
8 0.57451
9 0.301604
10 0.686987
11 0.588235
12 0.388414
13 0.377184
14 0.335472
15 0.288057
16 0.509804
17 0.204635
18 0.22959
19 0.301961
20 0.816756
21 0.555793
22 0.14795
23 0.449198
24 0.295187
25 0.292335
26 0.637433
27 0.604991
28 0.418895
29 0.48877
30 0.284135
31 0.300535
32 0.593583
33 0.520499
34 0.377897
35 0.970422
36 0.999963
37 0.508379
38 0.983932
39 0.597284
40 0.999952
41 0.000334367
42 0.0673632
43 0.108079
44 0.100275
45 0.0918553
46 0.523576
47 0.0214308
48 0.0625192
49 0.311975
50 0.0327408
51 0.696801
52 0.829586
53 0.0261107
54 0.87439
55 0.616356
56 0.046234
57 0.0645947
58 0.32621
59 0.207669
60 0.703915
61 0.74064
62 0.566863
63 0.999028
64 0.99978
65 0.999621
66 0.999406
67 0.999766
68 0.228895
69 0.557432
70 0.0286446
0 0.00786462
1 0.51703
2 1
3 1
4 1
5 1
6 1
7 1
8 1
9 1
10 1
11 1
12 1
13 1
14 0.999999
15 1
16 1
17 1
18 1
19 1
20 1
21 1
22 1
23 1
24 1
25 1
26 1
27 1
28 1
29 1
30 1
31 1
32 1
33 1
34 1
35 0.970385
36 0.999987
37 0.32353
38 0.974344
39 0.616624
40 0.999949
41 0.000296912
42 0.0637931
43 0.0932189
44 0.0728465
45 0.0482538
46 0.329487
47 0.0192446
48 0.0799429
49 0.267977
50 0.016911
51 0.656177
52 0.835478
53 0.0210075
54 0.945707
55 0.697576
56 0.0651246
57 0.100659
58 0.363722
59 0.260472
60 0.728492
61 0.738717
62 0.605384
63 0.998962
64 0.999814
65 0.999755
66 0.999472
67 0.999814
68 0.305227
69 0.59282
70 0.03035
0 0.069796
1 0.508999
2 0.996078
3 0.996078
4 0.996079
5 0.996078
6 0.996078
7 0.996079
8 0.996078
9 0.996078
10 0.996078
11 0.996078
12 0.996079
13 0.996079
14 0.996078
15 0.996078
16 0.996078
17 0.996078
18 0.996078
19 0.996078
20 0.996078
21 0.996078
22 0.996078
23 0.996078
24 0.996078
25 0.996078
26 0.996078
27 0.996078
28 0.996078
29 0.996078
30 0.996078
31 0.996078
32 0.996078
33 0.996078
34 0.996078
35 0.0969516
36 0.989567
37 0.0879014
38 0.0328489
39 0.0112686
40 0.964559
41 0.0482013
42 0.0223369
43 0.0316704
44 0.00867378
45 0.0132378
46 0.0112123
47 0.00550069
48 0.0173483
49 0.0323106
50 0.00248652
51 0.0694973
52 0.703768
53 0.0942622
54 0.906971
55 0.711225
56 0.0893445
57 0.275192
58 0.452955
59 0.532602
60 0.5744
61 0.455821
62 0.56524
63 0.0748365
64 0.689525
65 0.906897
66 0.485265
67 0.481323
68 0.13182
69 0.539274
70 0.00804156
0 0.577559
1 0.498879
2 0.411765
3 0.411765
4 0.411765
5 0.411765
6 0.411765
7 0.411765
8 0.411765
9 0.411765
10 0.411765
11 0.411765
12 0.411765
13 0.411765
14 0.411764
15 0
16 0
17 0
18 0
19 0
20 0
21 0
22 0
23 0
24 0
25 0
26 0
27 0
28 0
29 0
30 0
31 0.976471
32 0.976471
33 0.976471
34 0.976471
35 0.450575
36 0.997587
37 0.0819305
38 0.287835
39 0.216526
40 0.977137
41 0.0281456
42 0.0460376
43 0.0832502
44 0.0718168
45 0.0372164
46 0.184763
47 0.0431818
48 0.0623758
49 0.113402
50 0.0293026
51 0.181809
52 0.300361
53 0.0453214
54 0.186182
55 0.347176
56 0.0227037
57 0.0463773
58 0.0241773
59 0.0339059
60 0.304711
61 0.213701
62 0.0525518
63 0.890025
64 0.814236
65 0.863359
66 0.896413
67 0.966229
68 0.0885818
69 0.271238
70 0.029324
0 0.635388
1 0.48989
2 0.2
3 0.2
4 0.2
5 0.2
6 0.2
7 0.2
8 0.2
9 0.2
10 0.2
11 0.2
12 0.2
13 0.2
14 0.2
15 0.6
16 0.6
17 0.6
18 0.6
19 0.6
20 0.6
21 0.6
22 0.6
23 0.6
24 0.6
25 0.6
26 0.6
27 0.6
28 0.6
29 0.6
30 0.6
31 0.2
32 0.2
33 0.2
34 0.2
35 0.713484
36 0.998785
37 0.55128
38 0.441823
39 0.344141
40 0.998992
41 0.0524147
42 0.253556
43 0.300234
44 0.288992
45 0.295138
46 0.407826
47 0.147038
48 0.37113
49 0.379346
50 0.158973
51 0.588588
52 0.513743
53 0.0723558
54 0.572382
55 0.631527
56 0.0522416
57 0.16159
58 0.11569
59 0.162913
60 0.560567
61 0.33598
62 0.113545
63 0.888951
64 0.950248
65 0.984382
66 0.888741
67 0.960081
68 0.129387
69 0.446203
70 0.0396552
0 0.0733679
1 0.483006
2 0.2
3 0.2
4 0.211408
5 0.336898
6 0.0272727
7 0.136364
8 0.2
9 0.2
10 0.2
11 0.2
12 0.2
13 0.2
14 0.0910872
15 0.6
16 0.6
17 0.6
18 0.387522
19 0.387522
20 0.0545455
21 0.272727
22 0.6
23 0.6
24 0.6
25 0.6
26 0.6
27 0.6
28 0.6
29 0.6
30 0.175045
31 0.264528
32 0.1918
33 0.2
34 0.198574
35 0.888641
36 0.999569
37 0.424671
38 0.650536
39 0.280482
40 0.997943
41 0.100942
42 0.164081
43 0.182417
44 0.126331
45 0.129218
46 0.394477
47 0.0939097
48 0.270898
49 0.314577
50 0.088628
51 0.499758
52 0.345393
53 0.0880886
54 0.722879
55 0.720175
56 0.0731364
57 0.326642
58 0.0922728
59 0.204155
60 0.670791
61 0.569114
62 0.169941
63 0.925994
64 0.922103
65 0.978486
66 0.908051
67 0.988046
68 0.189629
69 0.476921
70 0.0645622
0 0.23347
1 0.473746
2 0.0864528
3 0.0818182
4 0.2
5 0.2
6 0.2
7 0.2
8 0.2
9 0.2
10 0.2
11 0.2
12 0.2
13 0.173619
14 0.0549019
15 0.200713
16 0.272727
17 0.490909
18 0.6
19 0.6
20 0.6
21 0.6
22 0.6
23 0.6
24 0.6
25 0.6
26 0.6
27 0.6
28 0.6
29 0.334403
30 0.0156863
31 0.258467
32 0.2
33 0.2
34 0.209982
35 0.735529
36 0.998792
37 0.0815389
38 0.314291
39 0.1004
40 0.977327
41 0.173633
42 0.125707
43 0.0902122
44 0.0872427
45 0.122722
46 0.260675
47 0.0483125
48 0.129498
49 0.197535
50 0.0559346
51 0.346502
52 0.501429
53 0.0651829
54 0.844458
55 0.696484
56 0.0688611
57 0.394824
58 0.0730537
59 0.227288
60 0.624464
61 0.487915
62 0.216486
63 0.718147
64 0.878496
65 0.938949
66 0.891646
67 0.967404
68 0.0747138
69 0.524
70 0.0249434
0 0.618188
1 0.466537
2 0.2
3 0.2
4 0.2
5 0.2
6 0.2
7 0.2
8 0.2
9 0.136364
10 0
11 0
12 0.235829
13 0.247059
14 0.101069
15 0.6
16 0.6
17 0.6
18 0.6
19 0.6
20 0.6
21 0.6
22 0.6
23 0.6
24 0.272727
25 0
26 0
27 0
28 0
29 0
30 0.0114082
31 0.2
32 0.2
33 0.0727273
34 0.727986
35 0.956357
36 0.999917
37 0.664476
38 0.984706
39 0.568198
40 0.999936
41 0.000271924
42 0.0610431
43 0.0690786
44 0.077129
45 0.058612
46 0.569732
47 0.0297908
48 0.0694266
49 0.340868
50 0.0288127
51 0.899551
52 0.824979
53 0.042367
54 0.798446
55 0.659234
56 0.0289879
57 0.0719014
58 0.339596
59 0.216554
60 0.694965
61 0.698989
62 0.617465
63 0.998875
64 0.999354
65 0.999335
66 0.99919
67 0.999786
68 0.297758
69 0.488003
70 0.0294817
0 0.0170261
1 0.460113
2 0.2
3 0.848128
4 0.992157
5 0.992157
6 0.992157
7 0.992157
8 0.992157
9 0.992157
10 0.992157
11 0.992157
12 0.992157
13 0.992157
14 0.992156
15 0.6
16 0.813904
17 0.992157
18 0.992157
19 0.992157
20 0.992157
21 0.992157
22 0.992157
23 0.992157
24 0.992157
25 0.992157
26 0.992157
27 0.992157
28 0.992157
29 0.992157
30 0.992157
31 0.7041
32 0.992157
33 0.992157
34 0.992157
35 0.0801255
36 0.98685
37 0.0688075
38 0.0128367
39 0.032424
40 0.95756
41 0.202767
42 0.0675306
43 0.120156
44 0.0458921
45 0.0468468
46 0.0451801
47 0.0538267
48 0.159122
49 0.0633837
50 0.0190241
51 0.153475
52 0.583649
53 0.192555
54 0.904894
55 0.859198
56 0.150661
57 0.637649
58 0.265109
59 0.534835
60 0.689352
61 0.47892
62 0.396971
63 0.0585685
64 0.20374
65 0.761333
66 0.290804
67 0.448068
68 0.147615
69 0.48081
70 0.0210192
0 0.255183
1 0.452323
2 0
3 0
4 0
5 0
6 0
7 0
8 0
9 0
10 0
11 0
12 0
13 0
14 0
15 0.0156863
16 0.0156863
17 0.0156863
18 0.0156863
19 0.0156863
20 0.0156863
21 0.0156863
22 0.0156863
23 0.0156863
24 0.0156863
25 0.0156863
26 0.0156863
27 0.0156863
28 0.0156863
29 0.0156863
30 0.0156863
31 0
32 0
33 0
34 0
35 0.0298746
36 0.839594
37 0.0383758
38 0.0114243
39 0.020006
40 0.489277
41 0.246455
42 0.0245303
43 0.0225887
44 0.0226202
45 0.0140327
46 0.03775
47 0.0279818
48 0.0220591
49 0.0250021
50 0.012812
51 0.0423908
52 0.29761
53 0.168536
54 0.238217
55 0.434045
56 0.0582873
57 0.177962
58 0.0775412
59 0.162173
60 0.29885
61 0.201751
62 0.126178
63 0.0360747
64 0.0382182
65 0.106129
66 0.0789376
67 0.184345
68 0.0890344
69 0.18966
70 0.0171628
0 0.637108
1 0.446103
2 0
3 0
4 0
5 0
6 0
7 0
8 0
9 0
10 0
11 0
12 0
13 0
14 0
15 0.0156863
16 0.0156863
17 0.0156863
18 0.0156863
19 0.0156863
20 0.0156863
21 0.0156863
22 0.0156863
23 0.0156863
24 0.0156863
25 0.0156863
26 0.0156863
27 0.0156863
28 0.0156863
29 0.0156863
30 0.0156863
31 0.0117647
32 0.0117647
33 0.0117647
34 0.0117647
35 0.0389608
36 0.788115
37 0.363815
38 0.0293097
39 0.0486509
40 0.686022
41 0.338182
42 0.0949152
43 0.0881623
44 0.0973072
45 0.0624836
46 0.0862918
47 0.0870526
48 0.0945174
49 0.119008
50 0.0681105
51 0.123232
52 0.219012
53 0.125619
54 0.17694
55 0.296
56 0.0957718
57 0.141619
58 0.123333
59 0.194632
60 0.195769
61 0.171811
62 0.129687
63 0.0422427
64 0.0569758
65 0.119946
66 0.0782011
67 0.140808
68 0.0915823
69 0.16749
70 0.0548744
0 0.145002
1 0.439882
2 0
3 0
4 0
5 0
6 0
7 0
8 0
9 0
10 0
11 0
12 0
13 0
14 0
15 0
16 0
17 0
18 0
19 0
20 0
21 0
22 0
23 0
24 0
25 0
26 0
27 0
28 0
29 0
30 0
31 0
32 0
33 0
34 0
35 0.058664
36 0.847188
37 0.388914
38 0.0383029
39 0.0292482
40 0.621396
41 0.362175
42 0.0986081
43 0.105
44 0.129505
45 0.0771241
46 0.110409
47 0.102798
48 0.129404
49 0.142744
50 0.0736314
51 0.0971779
52 0.225814
53 0.170485
54 0.126151
55 0.303092
56 0.0711664
57 0.242836
58 0.070437
59 0.210899
60 0.140967
61 0.215465
62 0.0871086
63 0.049836
64 0.061654
65 0.142134
66 0.0718175
67 0.152205
68 0.106076
69 0.173019
70 0.0433841
0 0.957507
1 0.433263
2 0
3 0
4 0
5 0
6 0
7 0
8 0
9 0
10 0
11 0
12 0
13 0
14 0
15 0
16 0
17 0
18 0
19 0
20 0
21 0
22 0
23 0
24 0
25 0
26 0
27 0
28 0
29 0
30 0
31 0
32 0
33 0
34 0
35 0.0315443
36 0.865395
37 0.315749
38 0.053775
39 0.0949468
40 0.65168
41 0.144385
42 0.0644191
43 0.097896
44 0.126968
45 0.0755335
46 0.120598
47 0.063145
48 0.13892
49 0.188686
50 0.0911128
51 0.289002
52 0.228405
53 0.15194
54 0.260252
55 0.388153
56 0.0828657
57 0.256143
58 0.244424
59 0.250188
60 0.175023
61 0.226315
62 0.198843
63 0.0768218
64 0.0552352
65 0.257635
66 0.202123
67 0.187962
68 0.0966462
69 0.150062
70 0.0235969
0 0.153188
1 0.426682
2 0
3 0
4 0
5 0
6 0
7 0
8 0
9 0
10 0
11 0
12 0.191087
13 0.576828
14 0.807843
15 0
16 0
17 0
18 0
19 0
20 0
21 0
22 0
23 0
24 0
25 0
26 0
27 0
28 0.481283
29 0.28877
30 0
31 0
32 0
33 0
34 0.721569
35 0.0450103
36 0.68222
37 0.593542
38 0.232036
39 0.107313
40 0.838637
41 0.0113702
42 0.0383834
43 0.0345503
44 0.0748754
45 0.0457843
46 0.0436008
47 0.0114088
48 0.0690681
49 0.150598
50 0.0384072
51 0.483142
52 0.302876
53 0.284997
54 0.549916
55 0.481106
56 0.148088
57 0.280863
58 0.448146
59 0.547799
60 0.186513
61 0.451215
62 0.301019
63 0.50037
64 0.291676
65 0.855208
66 0.492878
67 0.14607
68 0.304552
69 0.0697963
70 0.013227
0 0.594446
1 0.420276
2 0
3 0
4 0
5 0
6 0
7 0
8 0
9 0.857932
10 0.839216
11 0.839216
12 0.839216
13 0.839216
14 0.839215
15 0
16 0
17 0
18 0
19 0
20 0
21 0
22 0
23 0.272727
24 0.454545
25 0
26 0
27 0
28 0
29 0
30 0
31 0
32 0
33 0.818182
34 1
35 0.306825
36 0.981968
37 0.530619
38 0.234644
39 0.0975956
40 0.969326
41 0.0106677
42 0.0297323
43 0.0417376
44 0.0311716
45 0.021055
46 0.0543462
47 0.00728289
48 0.0502758
49 0.114041
50 0.0216943
51 0.280796
52 0.167496
53 0.0721224
54 0.514298
55 0.385662
56 0.0783079
57 0.162767
58 0.293011
59 0.300077
60 0.295072
61 0.46133
62 0.305388
63 0.881534
64 0.911117
65 0.966574
66 0.912509
67 0.774956
68 0.141788
69 0.108544
70 0.0145784
0 0.0662246
1 0.413408
2 0.196078
3 0.196078
4 0.196257
5 0.2
6 0.145455
7 0
8 0
9 0.684492
10 0.752941
11 0.752941
12 0.752941
13 0.752941
14 0.752941
15 0
16 0
17 0
18 0.218182
19 0.6
20 0.490909
21 0
22 0
23 0.144385
24 0.529412
25 0.529412
26 0.529412
27 0.529412
28 0.529412
29 0.529412
30 0.529412
31 0.927273
32 0.0909091
33 0.811765
34 0.992157
35 0.50243
36 0.996381
37 0.48905
38 0.186434
39 0.0687712
40 0.996456
41 0.0338063
42 0.0527723
43 0.115192
44 0.0482605
45 0.114593
46 0.153477
47 0.0170555
48 0.111026
49 0.157573
50 0.0225828
51 0.383579
52 0.354099
53 0.123022
54 0.353343
55 0.562004
56 0.0231115
57 0.160407
58 0.106557
59 0.160229
60 0.227611
61 0.246134
62 0.0786456
63 0.7788
64 0.949587
65 0.981712
66 0.890648
67 0.843162
68 0.183341
69 0.299871
70 0.0166024
0 0.692902
1 0.406577
2 0.054902
3 0.192157
4 0.383244
5 0
6 0.162567
7 0.204278
8 0.364706
9 0.364706
10 0.364706
11 0.364706
12 0.364706
13 0.119251
14 0.0470588
15 0
16 0
17 0.483779
18 0.0324421
19 0
20 0.0534759
21 0.0588235
22 0.40107
23 0.529412
24 0.529412
25 0.529412
26 0.529412
27 0.529412
28 0.537255
29 0.572549
30 0.572549
31 0.736542
32 0.715151
33 0.992157
34 0.996435
35 0.831419
36 0.999359
37 0.892579
38 0.92495
39 0.665312
40 0.999832
41 0.00142474
42 0.0729539
43 0.176758
44 0.111551
45 0.181398
46 0.394147
47 0.0201905
48 0.227635
49 0.490584
50 0.0806692
51 0.833074
52 0.327871
53 0.045914
54 0.437572
55 0.495992
56 0.0198238
57 0.0335683
58 0.138525
59 0.195502
60 0.340889
61 0.467285
62 0.145057
63 0.99782
64 0.997691
65 0.999204
66 0.996576
67 0.99466
68 0.213502
69 0.269739
70 0.00845882
0 0.542989
1 0.399894
2 0.0941176
3 0.0941176
4 0.0941177
5 0.0941176
6 0.0941176
7 0.0941177
8 0.547059
9 1
10 1
11 1
12 1
13 1
14 0.914259
15 0.572549
16 0.572549
17 0.572549
18 0.572549
19 0.572549
20 0.572549
21 0.572549
22 0.572549
23 1
24 1
25 1
26 1
27 1
28 1
29 1
30 0.286988
31 1
32 1
33 1
34 1
35 0.730374
36 0.999757
37 0.310091
38 0.253998
39 0.0974188
40 0.994308
41 0.10059
42 0.0665274
43 0.102753
44 0.0475526
45 0.107522
46 0.106815
47 0.019905
48 0.152329
49 0.156883
50 0.0272648
51 0.377184
52 0.108082
53 0.0362396
54 0.446683
55 0.357708
56 0.0217263
57 0.138738
58 0.0473265
59 0.0637209
60 0.295338
61 0.131054
62 0.0637663
63 0.564036
64 0.969207
65 0.985089
66 0.822549
67 0.910853
68 0.160587
69 0.529257
70 0.0262468
0 0.516928
1 0.392222
2 0.0641711
3 0.156863
4 0.156863
5 0.156863
6 0.156863
7 0.0686275
8 0.027451
9 0.027451
10 0.027451
11 0.027451
12 0.027451
13 0.027451
14 0.027451
15 0.030303
16 0.0588235
17 0.0588235
18 0.0588235
19 0.0588235
20 0.0588235
21 0.292335
22 0.572549
23 0.572549
24 0.572549
25 0.572549
26 0.572549
27 0.572549
28 0.572549
29 0.572549
30 0.572549
31 0.918717
32 0.995009
33 1
34 1
35 0.967093
36 0.999733
37 0.922663
38 0.95647
39 0.295528
40 0.99994
41 0.00360096
42 0.171188
43 0.145889
44 0.107348
45 0.110241
46 0.720949
47 0.0982584
48 0.145116
49 0.49674
50 0.106392
51 0.734523
52 0.323833
53 0.119007
54 0.48862
55 0.396785
56 0.028402
57 0.0386302
58 0.0483529
59 0.0732658
60 0.449613
61 0.482753
62 0.166251
63 0.994758
64 0.998652
65 0.993583
66 0.97422
67 0.998924
68 0.691517
69 0.686548
70 0.036519
0 0.442535
1 0.385697
2 0.126203
3 0.223529
4 0.223529
5 0.576471
6 1
7 1
8 1
9 1
10 1
11 0.563636
12 0.068984
13 0.0627451
14 0.0627451
15 0.115508
16 0.266667
17 0.266667
18 0.266667
19 0.733333
20 1
21 1
22 1
23 1
24 1
25 1
26 0.828877
27 0.556863
28 0.572549
29 0.572549
30 0.572549
31 0.771123
32 0.993583
33 0.999644
34 0.999644
35 0.908786
36 0.999946
37 0.089508
38 0.621585
39 0.287992
40 0.998089
41 0.0631667
42 0.143682
43 0.192528
44 0.177259
45 0.331351
46 0.24267
47 0.0266358
48 0.18222
49 0.250392
50 0.0708757
51 0.274045
52 0.524586
53 0.0191829
54 0.830407
55 0.552271
56 0.0464791
57 0.103286
58 0.0745734
59 0.126603
60 0.418346
61 0.281287
62 0.18254
63 0.907592
64 0.99826
65 0.997123
66 0.981325
67 0.986869
68 0.0583102
69 0.429481
70 0.0126873
0 0.457688
1 0.378087
2 1
3 0.844029
4 0.313726
5 0.313725
6 0.313725
7 0.313726
8 0.313725
9 0.313725
10 0.313725
11 0.313725
12 0.313726
13 0.313726
14 0.313725
15 1
16 1
17 0.614973
18 0.529412
19 0.529412
20 0.529412
21 0.529412
22 0.529412
23 0.529412
24 0.529412
25 0.529412
26 0.529412
27 0.529412
28 0.529412
29 0.529412
30 0.529412
31 1
32 1
33 1
34 1
35 0.838656
36 0.999489
37 0.637241
38 0.873155
39 0.251003
40 0.999678
41 0.00519398
42 0.0936699
43 0.119272
44 0.0636308
45 0.0958978
46 0.275166
47 0.0227831
48 0.0736489
49 0.218427
50 0.0233651
51 0.513517
52 0.845635
53 0.069107
54 0.872572
55 0.730963
56 0.0859774
57 0.235448
58 0.459573
59 0.510026
60 0.658257
61 0.665596
62 0.649594
63 0.971372
64 0.997145
65 0.997778
66 0.993489
67 0.996197
68 0.221852
69 0.619276
70 0.012485
0 0.758818
1 0.371397
2 0.796078
3 0.796078
4 0.796079
5 0.796078
6 0.796078
7 0.796079
8 0.796078
9 0.796078
10 0.796078
11 0.796078
12 0.796079
13 0.796079
14 0.796078
15 0.529412
16 0.529412
17 0.529412
18 0.529412
19 0.529412
20 0.529412
21 0.529412
22 0.529412
23 0.529412
24 0.529412
25 0.529412
26 0.529412
27 0.529412
28 0.529412
29 0.529412
30 0.529412
31 0.996078
32 0.996078
33 0.996078
34 0.996078
35 0.575476
36 0.997893
37 0.0314106
38 0.0620605
39 0.0606353
40 0.989623
41 0.328812
42 0.0567959
43 0.116666
44 0.0317516
45 0.0460979
46 0.0770828
47 0.0183103
48 0.0623179
49 0.0600066
50 0.0189657
51 0.0750667
52 0.554328
53 0.0161146
54 0.822649
55 0.773495
56 0.133228
57 0.43647
58 0.125273
59 0.146867
60 0.601215
61 0.491743
62 0.204844
63 0.562183
64 0.897137
65 0.896298
66 0.822267
67 0.956576
68 0.0403837
69 0.625001
70 0.0275299
0 0.341806
1 0.363213
2 0.847059
3 0.815865
4 0.2
5 0.2
6 0.2
7 0.2
8 0.152941
9 0.105882
10 0.105882
11 0.105882
12 0.105882
13 0.0467023
14 0.0862745
15 0.219251
16 0.0659537
17 0.490909
18 0.6
19 0.6
20 0.6
21 0.6
22 0.6
23 0.0196078
24 0.0196078
25 0.0196078
26 0.0196078
27 0.0196078
28 0.0181818
29 0.00641711
30 0
31 0.596435
32 0.2
33 0.0901961
34 0.391087
35 0.14152
36 0.984419
37 0.109439
38 0.0919671
39 0.127034
40 0.995021
41 0.0293696
42 0.0994053
43 0.0715038
44 0.079138
45 0.0719127
46 0.160141
47 0.0340932
48 0.0543809
49 0.132438
50 0.0255516
51 0.28805
52 0.874465
53 0.346983
54 0.822455
55 0.738947
56 0.0817457
57 0.254665
58 0.410606
59 0.418778
60 0.6986
61 0.479542
62 0.43349
63 0.508925
64 0.718867
65 0.912259
66 0.727046
67 0.879533
68 0.116482
69 0.319064
70 0.0129665
0 0.0344319
1 0.356787
2 0.234759
3 0.2
4 0.377184
5 0.478431
6 0.363993
7 0.0187166
8 0.229412
9 0.458823
10 0.378966
11 0.34902
12 0.34902
13 0.260963
14 0.196078
15 0.343316
16 0.6
17 0.547237
18 0.0196078
19 0.0196078
20 0.0160428
21 0
22 0
23 0.372549
24 0.372549
25 0.273084
26 0.25098
27 0.25098
28 0.314438
29 0.441355
30 0.105526
31 0.325134
32 0.237433
33 0.0677362
34 0.290196
35 0.299121
36 0.997171
37 0.0737566
38 0.205387
39 0.205728
40 0.987067
41 0.0109229
42 0.045357
43 0.0436173
44 0.052037
45 0.0304149
46 0.0948688
47 0.0155293
48 0.0212913
49 0.0737946
50 0.0181844
51 0.163157
52 0.501494
53 0.164671
54 0.589216
55 0.599863
56 0.0746081
57 0.135009
58 0.130188
59 0.10854
60 0.467403
61 0.27111
62 0.0975347
63 0.729786
64 0.856058
65 0.964732
66 0.792
67 0.910469
68 0.177346
69 0.256805
70 0.00833368
0 0.0165751
1 0.349889
2 0.34902
3 0.34902
4 0.34902
5 0.34902
6 0.34902
7 0.34902
8 0.34902
9 0.55615
10 0.301248
11 0.0392157
12 0.0392157
13 0.0392157
14 0.0392157
15 0.25098
16 0.25098
17 0.25098
18 0.25098
19 0.25098
20 0.25098
21 0.25098
22 0.25098
23 0.25098
24 0.659537
25 0.650267
26 0.572549
27 0.572549
28 0.572549
29 0.572549
30 0.572549
31 0.14902
32 0.14902
33 0.690553
34 1
35 0.867344
36 0.99859
37 0.832736
38 0.84111
39 0.372798
40 0.999638
41 0.0109893
42 0.0826118
43 0.0694339
44 0.0486495
45 0.114074
46 0.339677
47 0.0135416
48 0.048195
49 0.182071
50 0.040467
51 0.306557
52 0.324086
53 0.0551806
54 0.532288
55 0.292992
56 0.0349521
57 0.0225471
58 0.0366991
59 0.068365
60 0.368825
61 0.480688
62 0.0189702
63 0.996406
64 0.997126
65 0.995449
66 0.953036
67 0.993125
68 0.379662
69 0.225017
70 0.013875
0 0.964186
1 0.344015
2 0.0509804
3 0.0509804
4 0.0509804
5 0.0509804
6 0.0509804
7 0.137255
8 1
9 1
10 0.991444
11 0.988235
12 0.190909
13 0.152941
14 0.152941
15 0.572549
16 0.572549
17 0.572549
18 0.572549
19 0.572549
20 0.572549
21 0.572549
22 0.883422
23 1
24 1
25 0.990374
26 0.988235
27 0.359358
28 0
29 0
30 0
31 1
32 1
33 0.994652
34 0.99893
35 0.242904
36 0.993167
37 0.355225
38 0.051303
39 0.0268724
40 0.988523
41 0.240078
42 0.0767685
43 0.119382
44 0.034838
45 0.128269
46 0.0565773
47 0.0185018
48 0.0907891
49 0.0937573
50 0.0246958
51 0.243466
52 0.415842
53 0.0938999
54 0.859953
55 0.515329
56 0.0722921
57 0.305628
58 0.292206
59 0.315752
60 0.475069
61 0.260376
62 0.316126
63 0.128726
64 0.817507
65 0.940312
66 0.634903
67 0.611906
68 0.0803097
69 0.447612
70 0.01993
0 0.0191275
1 0.336795
2 0.164706
3 0.164706
4 0.164706
5 0.164706
6 0.164706
7 0.164706
8 0.164706
9 0.164706
10 0.164706
11 0.164706
12 0.164706
13 0.164706
14 0.164706
15 0
16 0
17 0
18 0
19 0
20 0
21 0
22 0
23 0
24 0
25 0
26 0
27 0
28 0
29 0
30 0
31 0.992157
32 0.992157
33 0.992157
34 0.992157
35 0.0818827
36 0.984335
37 0.210738
38 0.036189
39 0.0439919
40 0.922984
41 0.291938
42 0.0207853
43 0.0509935
44 0.0192422
45 0.029291
46 0.0283466
47 0.013388
48 0.0174999
49 0.0374186
50 0.0120028
51 0.137068
52 0.169033
53 0.0813851
54 0.205238
55 0.338504
56 0.0199035
57 0.0442034
58 0.0852122
59 0.0652232
60 0.249314
61 0.106019
62 0.155696
63 0.0876327
64 0.309738
65 0.597055
66 0.333108
67 0.499119
68 0.0483633
69 0.255307
70 0.0159994
0 0.218176
1 0.330691
2 0.0196078
3 0.0196078
4 0.0196078
5 0.0196078
6 0.0228164
7 0.0313726
8 0.0313725
9 0.0213904
10 0
11 0.00855615
12 0.0156863
13 0.167202
14 0.211765
15 0
16 0
17 0
18 0
19 0
20 0
21 0
22 0
23 0
24 0.134759
25 0.234225
26 0.244207
27 0.266667
28 0.256684
29 0.211765
30 0.211765
31 0.988235
32 0.988235
33 0.944742
34 0.368627
35 0.228745
36 0.967499
37 0.781219
38 0.188097
39 0.0809384
40 0.987149
41 0.115211
42 0.104154
43 0.164366
44 0.158875
45 0.0835051
46 0.256206
47 0.064584
48 0.130597
49 0.261902
50 0.0854503
51 0.415483
52 0.202032
53 0.0481153
54 0.170727
55 0.250456
56 0.03546
57 0.0924154
58 0.0918855
59 0.127801
60 0.297205
61 0.200006
62 0.156453
63 0.516544
64 0.463893
65 0.682232
66 0.5986
67 0.804858
68 0.110599
69 0.346711
70 0.0375959
0 0.378171
1 0.324823
2 0.203922
3 0.217291
4 0.220321
5 0.265597
6 0.0643494
7 0.0429591
8 0.32549
9 0.32549
10 0.140998
11 0.34902
12 0.34902
13 0.34902
14 0.260962
15 0
16 0
17 0.183244
18 0.196078
19 0.231016
20 0.0762923
21 0.247415
22 0.309447
23 0.32549
24 0.32549
25 0.275936
26 0.25098
27 0.25098
28 0.25098
29 0.25098
30 0.504813
31 0.772193
32 0.418538
33 0.349376
34 0.158289
35 0.299386
36 0.9938
37 0.782648
38 0.29499
39 0.257142
40 0.992878
41 0.0167396
42 0.0954122
43 0.24117
44 0.311209
45 0.180093
46 0.347764
47 0.0995444
48 0.431871
49 0.230184
50 0.237657
51 0.765382
52 0.325412
53 0.137416
54 0.324542
55 0.596085
56 0.0201361
57 0.214412
58 0.163543
59 0.239707
60 0.272981
61 0.328861
62 0.30822
63 0.689463
64 0.755954
65 0.890651
66 0.917171
67 0.936721
68 0.147194
69 0.355731
70 0.0155867
0 0.962086
1 0.318268
2 0.0536542
3 0.0235294
4 0.0235294
5 0.0235294
6 0.0235294
7 0.245455
8 0.34902
9 0.34902
10 0.260963
11 0.267736
12 0.2
13 0.818182
14 0.999999
15 0.126916
16 0.266667
17 0.266667
18 0.266667
19 0.266667
20 0.266667
21 0.259537
22 0.25098
23 0.25098
24 0.25098
25 0.504813
26 0.377897
27 0.6
28 0.672727
29 1
30 1
31 0.510873
32 0.440998
33 0.162923
34 0.636364
35 0.856515
36 0.999077
37 0.315526
38 0.604454
39 0.471835
40 0.99917
41 0.123411
42 0.137046
43 0.368751
44 0.265349
45 0.302013
46 0.549443
47 0.129494
48 0.399061
49 0.33532
50 0.19317
51 0.459712
52 0.350598
53 0.100228
54 0.634617
55 0.535567
56 0.0940268
57 0.30872
58 0.0998419
59 0.118252
60 0.559441
61 0.471062
62 0.189655
63 0.83107
64 0.978087
65 0.971734
66 0.896856
67 0.966783
68 0.17831
69 0.437598
70 0.0702877
0 0.203381
1 0.311569
2 0.724421
3 0.34902
4 0.34902
5 0.281283
6 0.2
7 0.2
8 0.2
9 0.2
10 0.2
11 0.2
12 0.2
13 0.2
14 0.081818
15 0.784314
16 0.25098
17 0.25098
18 0.25098
19 0.473084
20 0.6
21 0.6
22 0.6
23 0.6
24 0.6
25 0.6
26 0.6
27 0.6
28 0.6
29 0.6
30 0.163636
31 0.300891
32 0.195365
33 0.2
34 0.163636
35 0.876373
36 0.999227
37 0.489751
38 0.681438
39 0.27727
40 0.999091
41 0.195295
42 0.142219
43 0.0991096
44 0.0506866
45 0.0568334
46 0.301519
47 0.0753623
48 0.0974187
49 0.161576
50 0.0658723
51 0.45369
52 0.212507
53 0.0621533
54 0.733732
55 0.480824
56 0.0695831
57 0.184083
58 0.0933637
59 0.167864
60 0.771523
61 0.480679
62 0.224137
63 0.836669
64 0.967839
65 0.965375
66 0.754486
67 0.989096
68 0.196627
69 0.611945
70 0.0759075
0 0.0210856
1 0.305283
2 0.00784314
3 0.00784314
4 0.00784314
5 0.448128
6 0.305882
7 0.2
8 0.2
9 0.2
10 0.2
11 0.2
12 0.00909094
13 0.0363638
14 0.081818
15 0.25098
16 0.25098
17 0.25098
18 0.25098
19 0.712656
20 0.634225
21 0.6
22 0.6
23 0.6
24 0.6
25 0.6
26 0.6
27 0.218182
28 0
29 0.272727
30 0.163636
31 0.823529
32 0.397861
33 0.2
34 0.0545455
35 0.695237
36 0.996608
37 0.166665
38 0.156492
39 0.0502856
40 0.995522
41 0.143097
42 0.140923
43 0.139869
44 0.0525579
45 0.0960381
46 0.207331
47 0.0441138
48 0.176822
49 0.109249
50 0.0702283
51 0.291842
52 0.43271
53 0.033249
54 0.61676
55 0.645595
56 0.0377975
57 0.282627
58 0.0403801
59 0.102472
60 0.437397
61 0.447201
62 0.09463
63 0.604027
64 0.836051
65 0.809925
66 0.789953
67 0.959669
68 0.0530645
69 0.641003
70 0.024759
0 0.863093
1 0.298658
2 0.00784314
3 0.00784314
4 0.130125
5 0.2
6 0.2
7 0.2
8 0.0999999
9 0
10 0.0272727
11 0.2
12 0.00909094
13 0.437968
14 0.0208556
15 0.25098
16 0.25098
17 0.282709
18 0.6
19 0.6
20 0.6
21 0.6
22 0.6
23 0
24 0
25 0.0545455
26 0.6
27 0.218182
28 0.131907
29 0.418895
30 0.0139037
31 0.565062
32 0.2
33 0.0545455
34 0.202139
35 0.289695
36 0.990225
37 0.415724
38 0.241156
39 0.0321013
40 0.979003
41 0.0331111
42 0.118067
43 0.0992469
44 0.0691837
45 0.0604823
46 0.223966
47 0.0511144
48 0.124334
49 0.28014
50 0.0332091
51 0.453614
52 0.233469
53 0.065848
54 0.295283
55 0.690662
56 0.0217764
57 0.173528
58 0.0328383
59 0.238528
60 0.188018
61 0.252342
62 0.115281
63 0.525688
64 0.394645
65 0.890203
66 0.839057
67 0.812423
68 0.0615666
69 0.451387
70 0.00436808
0 0.895316
1 0.292904
2 0
3 0
4 0.127273
5 0.2
6 0.151872
7 0.0680929
8 0.513725
9 0.0729054
10 0.0823529
11 0.0823529
12 0.320499
13 0.617469
14 0.0784313
15 0
16 0
17 0.0545455
18 0.6
19 0.6
20 0.500178
21 0.0509804
22 0.387522
23 0.373619
24 0.0278075
25 0.0509804
26 0.0509804
27 0.0509804
28 0.674866
29 0.409269
30 0.0156863
31 0.0545455
32 0.274153
33 0.639929
34 0.855971
35 0.242188
36 0.984259
37 0.880151
38 0.21377
39 0.182036
40 0.997037
41 0.0198599
42 0.0520082
43 0.0949488
44 0.0800048
45 0.0786413
46 0.203843
47 0.0422172
48 0.237438
49 0.0629469
50 0.0701609
51 0.614847
52 0.698951
53 0.191255
54 0.856621
55 0.667609
56 0.110287
57 0.149752
58 0.423253
59 0.3231
60 0.514185
61 0.734432
62 0.229435
63 0.776942
64 0.906639
65 0.943244
66 0.745579
67 0.810838
68 0.202497
69 0.118352
70 0.0191504
0 0.118438
1 0.286701
2 0.027451
3 0.027451
4 0.43672
5 0.390731
6 0.054902
7 0.041533
8 0.376471
9 0.717647
10 0.922995
11 1
12 0.0454547
13 0.442425
14 0.572549
15 0.0509804
16 0.0509804
17 0.107308
18 0.670588
19 0.253832
20 0.0156863
21 0.0156863
22 0.0156863
23 0.0156863
24 0.0156863
25 0.821034
26 1
27 0.363636
28 0.00285205
29 0.0156863
30 0.0156863
31 0.536542
32 0.562923
33 0.863102
34 0.334759
35 0.330321
36 0.991151
37 0.0699841
38 0.0333014
39 0.0427028
40 0.994351
41 0.205256
42 0.0665957
43 0.149592
44 0.0443698
45 0.101065
46 0.155867
47 0.0400137
48 0.0600586
49 0.0362858
50 0.0326055
51 0.142122
52 0.941268
53 0.203714
54 0.842264
55 0.868625
56 0.0637939
57 0.732519
58 0.653458
59 0.444589
60 0.637677
61 0.498556
62 0.768841
63 0.269693
64 0.571718
65 0.741206
66 0.802731
67 0.956036
68 0.0163002
69 0.308419
70 0.0754956
0 0.0496873
1 0.2799
2 0.333333
3 0.878788
4 0.954545
5 0.27451
6 0.603921
7 0.603922
8 0.301961
9 0
10 0
11 0
12 0
13 0.154546
14 0.2
15 0.0156863
16 0.552585
17 1
18 0.636364
19 0.00998217
20 0.0156863
21 0.0156863
22 0.0156863
23 0
24 0
25 0
26 0
27 0
28 0.109091
29 0.6
30 0.6
31 0.843494
32 0.449198
33 0
34 0.109091
35 0.0507061
36 0.985664
37 0.0908328
38 0.0949177
39 0.0821487
40 0.938817
41 0.0187764
42 0.0125878
43 0.0226058
44 0.0358969
45 0.00564237
46 0.0711259
47 0.0139481
48 0.0255483
49 0.0333638
50 0.0195336
51 0.445008
52 0.160154
53 0.0813958
54 0.240241
55 0.456358
56 0.0208126
57 0.206538
58 0.0963939
59 0.142526
60 0.27831
61 0.200754
62 0.272908
63 0.219615
64 0.419995
65 0.482239
66 0.769778
67 0.792892
68 0.090983
69 0.625442
70 0.018961
0 0.699008
1 0.27426
2 0.329055
3 0
4 0
5 0.0909091
6 0.2
7 0.2
8 0.2
9 0.0269162
10 0.027451
11 0.027451
12 0.027451
13 0.775936
14 0.996078
15 0.0114082
16 0
17 0
18 0
19 0.381818
20 0.6
21 0.6
22 0.6
23 0.436364
24 0.00855615
25 0.0156863
26 0.0156863
27 0.0156863
28 0.193939
29 0.996078
30 0.996078
31 0.0784314
32 0.181818
33 0.0713012
34 0.568271
35 0.146435
36 0.949698
37 0.58386
38 0.362979
39 0.305455
40 0.997476
41 0.00119054
42 0.0832635
43 0.125991
44 0.121251
45 0.0961943
46 0.174284
47 0.0361253
48 0.510893
49 0.292487
50 0.101272
51 0.872722
52 0.46367
53 0.165665
54 0.412655
55 0.690366
56 0.0575358
57 0.0679461
58 0.298494
59 0.187739
60 0.159552
61 0.245583
62 0.0923924
63 0.827603
64 0.816835
65 0.978678
66 0.830733
67 0.358516
68 0.421236
69 0.151094
70 0.00568283
0 0.32103
1 0.268684
2 0
3 0
4 0.00249554
5 0.00392157
6 0.00392157
7 0.00392157
8 0.00392157
9 0.319608
10 0.996078
11 0.996078
12 0.996079
13 0.996079
14 0.407486
15 0
16 0
17 0.00142602
18 0.0156863
19 0.0156863
20 0.0156863
21 0.0156863
22 0.0156863
23 0.0156863
24 0.550446
25 0.996078
26 0.996078
27 0.996078
28 0.996078
29 0.996078
30 0.271658
31 0.00534759
32 0.0196078
33 0.640998
34 0.814973
35 0.985709
36 0.998836
37 0.8497
38 0.94273
39 0.0868892
40 0.999824
41 0.156104
42 0.162304
43 0.227972
44 0.0905802
45 0.0930283
46 0.730824
47 0.280233
48 0.053623
49 0.323038
50 0.136251
51 0.174828
52 0.430645
53 0.0747692
54 0.388194
55 0.337129
56 0.0375232
57 0.392985
58 0.0469937
59 0.117522
60 0.686403
61 0.648884
62 0.594795
63 0.979162
64 0.982966
65 0.938806
66 0.867147
67 0.999337
68 0.170459
69 0.448673
70 0.185809
0 0.882646
1 0.2623
2 0
3 0.226381
4 0.996079
5 0.996078
6 0.996078
7 0.996079
8 0.996078
9 0.996078
10 0.271658
11 0
12 0
13 0
14 0
15 0.0156863
16 0.0156863
17 0.817825
18 0.996078
19 0.996078
20 0.996078
21 0.996078
22 0.996078
23 0.996078
24 0.996078
25 0.181105
26 0
27 0
28 0
29 0
30 0
31 0.45918
32 0.996078
33 0.543316
34 0
35 0.151443
36 0.991895
37 0.201425
38 0.0962936
39 0.0484518
40 0.991845
41 0.274468
42 0.0413788
43 0.0841395
44 0.0378614
45 0.0793927
46 0.049388
47 0.0546922
48 0.0845466
49 0.0454949
50 0.0239196
51 0.325562
52 0.431429
53 0.216267
54 0.82676
55 0.776815
56 0.0932566
57 0.459173
58 0.148184
59 0.420322
60 0.564172
61 0.286939
62 0.257779
63 0.0922567
64 0.588865
65 0.890068
66 0.434266
67 0.448806
68 0.153344
69 0.391439
70 0.0147749
0 0.0836276
1 0.255349
2 0
3 0
4 0
5 0
6 0.111765
7 0.129412
8 0.129412
9 0.129412
10 0.129412
11 0.0588235
12 0
13 0
14 0
15 0.0156863
16 0.0156863
17 0.0156863
18 0.0156863
19 0.0156863
20 0.0513369
21 0.054902
22 0.054902
23 0.054902
24 0.054902
25 0.054902
26 0.0349376
27 0
28 0
29 0
30 0
31 0.133333
32 0.729412
33 0.86631
34 0
35 0.0509256
36 0.941655
37 0.113774
38 0.0113416
39 0.0289615
40 0.88208
41 0.438303
42 0.027675
43 0.048346
44 0.0236596
45 0.0309432
46 0.0593905
47 0.016048
48 0.0213811
49 0.0337056
50 0.0220699
51 0.113404
52 0.315841
53 0.0954444
54 0.449632
55 0.411517
56 0.0642866
57 0.184746
58 0.186236
59 0.131247
60 0.480198
61 0.243637
62 0.328345
63 0.0762977
64 0.085832
65 0.241725
66 0.19825
67 0.590575
68 0.0563556
69 0.318775
70 0.0230847
0 0.00970062
1 0.249725
2 0.105882
3 0.105882
4 0.105882
5 0.057754
6 0
7 0
8 0
9 0
10 0
11 0
12 0
13 0
14 0.303565
15 0.054902
16 0.054902
17 0.054902
18 0.054902
19 0.0199643
20 0
21 0
22 0
23 0
24 0
25 0
26 0
27 0
28 0
29 0
30 0.385027
31 0.94902
32 0.0862745
33 0
34 0.178966
35 0.0374347
36 0.949224
37 0.164416
38 0.0530869
39 0.0797634
40 0.808908
41 0.0326204
42 0.0703212
43 0.046574
44 0.0750456
45 0.0328249
46 0.0895611
47 0.0237015
48 0.112982
49 0.141615
50 0.0247786
51 0.272644
52 0.2354
53 0.10361
54 0.162334
55 0.340532
56 0.0377311
57 0.0860229
58 0.0560535
59 0.0711937
60 0.0894011
61 0.116823
62 0.0270304
63 0.171601
64 0.194962
65 0.54527
66 0.273177
67 0.145388
68 0.115359
69 0.146704
70 0.0101911
0 0.586015
1 0.243838
2 0
3 0
4 0
5 0
6 0
7 0
8 0
9 0
10 0.2082
11 0.286274
12 0.286275
13 0.286275
14 0.117112
15 0
16 0
17 0
18 0
19 0
20 0
21 0
22 0
23 0
24 0
25 0.433155
26 0.529412
27 0.529412
28 0.529412
29 0.529412
30 0.144385
31 0
32 0
33 0.452763
34 0.995365
35 0.143323
36 0.981448
37 0.661592
38 0.271427
39 0.171198
40 0.940048
41 0.0187488
42 0.117797
43 0.0925305
44 0.163395
45 0.112265
46 0.224889
47 0.0563572
48 0.219151
49 0.308755
50 0.082919
51 0.523047
52 0.0856877
53 0.156927
54 0.103017
55 0.287773
56 0.028879
57 0.0733569
58 0.0417876
59 0.110366
60 0.0814753
61 0.105739
62 0.0434433
63 0.527761
64 0.469065
65 0.896402
66 0.527346
67 0.350051
68 0.246138
69 0.103015
70 0.00904283
0 0.643008
1 0.238013
2 0
3 0
4 0
5 0
6 0
7 0
8 0.135294
9 0.270588
10 0.270588
11 0.270588
12 0.270588
13 0.270588
14 0.270588
15 0
16 0
17 0
18 0
19 0
20 0
21 0
22 0
23 0.529412
24 0.529412
25 0.529412
26 0.529412
27 0.529412
28 0.529412
29 0.529412
30 0.529412
31 0
32 0
33 0.996078
34 0.996078
35 0.770768
36 0.99758
37 0.732503
38 0.714504
39 0.240982
40 0.995305
41 0.0361758
42 0.100967
43 0.152476
44 0.210026
45 0.187528
46 0.432755
47 0.0882347
48 0.333949
49 0.351693
50 0.122775
51 0.571846
52 0.0709518
53 0.0692382
54 0.176215
55 0.245749
56 0.0192077
57 0.118833
58 0.0324859
59 0.0420085
60 0.138193
61 0.114472
62 0.0613506
63 0.81971
64 0.935672
65 0.945929
66 0.833376
67 0.908344
68 0.146115
69 0.230313
70 0.0371826
0 0.648459
1 0.230552
2 0
3 0
4 0.127273
5 0.110873
6 0.203743
7 0.235294
8 0.235294
9 0.235294
10 0.235294
11 0.235294
12 0.235294
13 0.235294
14 0.235294
15 0
16 0
17 0.0545455
18 0.6
19 0.218182
20 0.481283
21 0.529412
22 0.529412
23 0.529412
24 0.529412
25 0.529412
26 0.529412
27 0.529412
28 0.529412
29 0.529412
30 0.529412
31 0.0545455
32 0.92656
33 1
34 1
35 0.895766
36 0.998556
37 0.776055
38 0.834636
39 0.0837084
40 0.999662
41 0.0648485
42 0.129091
43 0.252721
44 0.0785285
45 0.214103
46 0.481387
47 0.0542741
48 0.303055
49 0.440639
50 0.11402
51 0.572928
52 0.345841
53 0.0757187
54 0.580661
55 0.446574
56 0.0620402
57 0.26367
58 0.089289
59 0.231879
60 0.44337
61 0.394287
62 0.204274
63 0.901575
64 0.990994
65 0.992071
66 0.9356
67 0.968363
68 0.346464
69 0.603171
70 0.0248577
0 0.788833
1 0.224043
2 0.158824
3 0.388235
4 0.388235
5 0.436364
6 0.494118
7 0.494118
8 0.494118
9 0.494118
10 0.494118
11 0.494118
12 0.494118
13 0.41426
14 0.0549019
15 0
16 0
17 0
18 0
19 0.336898
20 0.529412
21 0.529412
22 0.529412
23 0.529412
24 0.529412
25 0.529412
26 0.529412
27 0.529412
28 0.529412
29 0.28877
30 0
31 0.998574
32 0.996435
33 0.996078
34 0.997504
35 0.726482
36 0.998695
37 0.539065
38 0.586729
39 0.15692
40 0.998903
41 0.0399523
42 0.0763204
43 0.129304
44 0.0442029
45 0.11287
46 0.274344
47 0.0225721
48 0.160869
49 0.237152
50 0.065074
51 0.714908
52 0.124619
53 0.05756
54 0.685615
55 0.499288
56 0.0401772
57 0.169613
58 0.0699467
59 0.16879
60 0.434625
61 0.360353
62 0.206727
63 0.857265
64 0.974477
65 0.99009
66 0.941622
67 0.970159
68 0.337786
69 0.507232
70 0.0105689
0 0.183514
1 0.217432
2 0.00392157
3 0.00392157
4 0.00374332
5 0.0909091
6 0.2
7 0.306952
8 0.356863
9 0.356863
10 0.356863
11 0.356863
12 0.356863
13 0.356863
14 0.356862
15 0
16 0
17 0
18 0
19 0.381818
20 0.6
21 0.567914
22 0.529412
23 0.529412
24 0.529412
25 0.529412
26 0.529412
27 0.529412
28 0.529412
29 0.529412
30 0.529412
31 0.909091
32 0.471301
33 0.996078
34 0.996078
35 0.620986
36 0.999047
37 0.283371
38 0.471145
39 0.194178
40 0.997296
41 0.035801
42 0.0685948
43 0.158267
44 0.10734
45 0.219336
46 0.278631
47 0.052041
48 0.226579
49 0.215111
50 0.0479918
51 0.541055
52 0.161095
53 0.0749587
54 0.319751
55 0.464821
56 0.0176009
57 0.0955624
58 0.0226621
59 0.04999
60 0.238352
61 0.157407
62 0.0750155
63 0.630459
64 0.979317
65 0.977084
66 0.888915
67 0.889609
68 0.240604
69 0.423038
70 0.0114486
0 0.98862
1 0.21104
2 0.118182
3 0
4 0
5 0.0944742
6 0.207843
7 0.207843
8 0.207843
9 0.207843
10 0.207843
11 0.207843
12 0.207843
13 0.207843
14 0.207843
15 0.436364
16 0
17 0
18 0
19 0.336898
20 0.529412
21 0.529412
22 0.529412
23 0.529412
24 0.529412
25 0.529412
26 0.529412
27 0.529412
28 0.529412
29 0.529412
30 0.529412
31 0.0363636
32 0.909091
33 1
34 1
35 0.335881
36 0.992991
37 0.410854
38 0.183886
39 0.0301108
40 0.993458
41 0.24592
42 0.0756819
43 0.122506
44 0.0467615
45 0.129302
46 0.0931381
47 0.0244057
48 0.0911005
49 0.132498
50 0.0408712
51 0.281089
52 0.482614
53 0.0961347
54 0.655956
55 0.562391
56 0.061329
57 0.2012
58 0.218398
59 0.247443
60 0.412719
61 0.25724
62 0.37316
63 0.236843
64 0.84754
65 0.935098
66 0.675241
67 0.718332
68 0.0845961
69 0.521887
70 0.0155594
0 0.6449
1 0.204761
2 0.247059
3 0.247059
4 0.247059
5 0.247059
6 0.247059
7 0.247059
8 0.247059
9 0.247059
10 0.247059
11 0.247059
12 0.247059
13 0.247059
14 0.247059
15 0.0588235
16 0.0588235
17 0.0588235
18 0.0588235
19 0.0588235
20 0.0588235
21 0.0588235
22 0.0588235
23 0.0588235
24 0.0588235
25 0.0588235
26 0.0588235
27 0.0588235
28 0.0588235
29 0.0588235
30 0.0588235
31 1
32 1
33 1
34 1
35 0.106301
36 0.98498
37 0.156913
38 0.0630889
39 0.0389213
40 0.965028
41 0.244375
42 0.0280916
43 0.0536731
44 0.0242211
45 0.0398288
46 0.0393248
47 0.00990068
48 0.0222069
49 0.0587569
50 0.0128947
51 0.16098
52 0.313064
53 0.102233
54 0.477939
55 0.387895
56 0.033922
57 0.0908595
58 0.137564
59 0.0756584
60 0.284515
61 0.139096
62 0.198284
63 0.139487
64 0.554662
65 0.772818
66 0.465954
67 0.582354
68 0.0504171
69 0.313954
70 0.0154107
0 0.199974
1 0.197385
2 0.156863
3 0.156863
4 0.156863
5 0.156863
6 0.156863
7 0.156863
8 0.156863
9 0.156863
10 0.156863
11 0.156863
12 0.156863
13 0.156863
14 0.156863
15 0.0588235
16 0.0588235
17 0.0588235
18 0.0588235
19 0.0588235
20 0.0588235
21 0.0588235
22 0.0588235
23 0.0588235
24 0.0588235
25 0.0588235
26 0.0588235
27 0.0588235
28 0.0588235
29 0.0588235
30 0.0588235
31 0.996078
32 0.996078
33 0.996078
34 0.996078
35 0.949155
36 0.998813
37 0.482196
38 0.948286
39 0.498879
40 0.999106
41 0.186082
42 0.255855
43 0.179946
44 0.202887
45 0.215468
46 0.74307
47 0.0789396
48 0.0346421
49 0.39644
50 0.147502
51 0.282634
52 0.689254
53 0.0195649
54 0.625052
55 0.16462
56 0.0356676
57 0.0708626
58 0.0583814
59 0.033927
60 0.445962
61 0.337721
62 0.288177
63 0.987606
64 0.995215
65 0.963553
66 0.982801
67 0.998661
68 0.020371
69 0.32369
70 0.0522748
0 0.202503
1 0.191679
2 1
3 1
4 1
5 1
6 1
7 1
8 1
9 0.779144
10 0.305882
11 0.305882
12 0.305882
13 0.305882
14 0.305882
15 1
16 1
17 1
18 1
19 1
20 1
21 1
22 1
23 1
24 0.486631
25 0.0588235
26 0.0588235
27 0.0588235
28 0.0588235
29 0.0588235
30 0.0588235
31 1
32 1
33 0.997504
34 0.996078
35 0.863919
36 0.999529
37 0.641281
38 0.92078
39 0.465785
40 0.999817
41 0.018814
42 0.15862
43 0.171532
44 0.0872999
45 0.147753
46 0.322737
47 0.0363362
48 0.113899
49 0.240006
50 0.0488886
51 0.586048
52 0.760381
53 0.0611657
54 0.912014
55 0.711295
56 0.109954
57 0.295187
58 0.315872
59 0.363543
60 0.646391
61 0.481884
62 0.441046
63 0.971959
64 0.997061
65 0.998315
66 0.991632
67 0.996139
68 0.149945
69 0.530237
70 0.0146161
0 0.560862
1 0.183385
2 0.639216
3 0.639216
4 0.639216
5 0.639216
6 0.639216
7 0.639216
8 0.639216
9 0.639216
10 0.639216
11 0.639216
12 0.639216
13 0.639216
14 0.639215
15 0.529412
16 0.529412
17 0.529412
18 0.529412
19 0.529412
20 0.529412
21 0.529412
22 0.529412
23 0.529412
24 0.529412
25 0.529412
26 0.529412
27 0.529412
28 0.529412
29 0.529412
30 0.529412
31 0.996078
32 0.996078
33 0.996078
34 0.996078
35 0.263721
36 0.996389
37 0.0716646
38 0.14646
39 0.105061
40 0.997829
41 0.0389407
42 0.0292096
43 0.0596034
44 0.0114717
45 0.0293248
46 0.019333
47 0.00499192
48 0.187918
49 0.108013
50 0.00345183
51 0.137853
52 0.701992
53 0.109349
54 0.941714
55 0.675032
56 0.0820544
57 0.308783
58 0.402421
59 0.211658
60 0.721924
61 0.550359
62 0.33612
63 0.557459
64 0.892961
65 0.983636
66 0.865081
67 0.788168
68 0.0632392
69 0.355844
70 0.0101612
0 0.234947
1 0.176313
2 0.027451
3 0.027451
4 0.0222817
5 0.270588
6 0.206239
7 0.196079
8 0.196078
9 0.13369
10 0.135829
11 0.996078
12 0.996079
13 0.362745
14 0.17647
15 0.266667
16 0.266667
17 0.242424
18 0.0898396
19 0.247059
20 0.0402852
21 0.0196078
22 0.0196078
23 0.0196078
24 0.00891266
25 0.0905526
26 0.996078
27 0.996078
28 0.814973
29 0
30 0
31 0.803922
32 0.98574
33 0.628164
34 0.996078
35 0.230852
36 0.983973
37 0.166205
38 0.0704968
39 0.0763472
40 0.995698
41 0.172551
42 0.0271527
43 0.164341
44 0.0426556
45 0.090811
46 0.0967512
47 0.0120634
48 0.0268546
49 0.0476765
50 0.0147341
51 0.0455052
52 0.540714
53 0.0597051
54 0.37577
55 0.382859
56 0.0690823
57 0.122932
58 0.102653
59 0.128836
60 0.497667
61 0.277953
62 0.156296
63 0.276073
64 0.862447
65 0.737038
66 0.495008
67 0.863526
68 0.0982065
69 0.553858
70 0.0294102
0 0.618978
1 0.170536
2 0.728877
3 0.337255
4 0.337255
5 0.18574
6 0.00392157
7 0.0352942
8 0.34902
9 0.34902
10 0.34902
11 0.34902
12 0.079501
13 0.0666667
14 0.0666666
15 0.727273
16 0
17 0
18 0
19 0.157219
20 0.247059
21 0.247059
22 0.249911
23 0.25098
24 0.25098
25 0.25098
26 0.25098
27 0.238503
28 0.231373
29 0.231373
30 0.231373
31 1
32 0.845276
33 0.14902
34 0.252406
35 0.452533
36 0.995281
37 0.291437
38 0.380919
39 0.0747377
40 0.993366
41 0.301501
42 0.149997
43 0.15796
44 0.144582
45 0.0720693
46 0.218213
47 0.0707221
48 0.0930348
49 0.103866
50 0.0272304
51 0.189504
52 0.756891
53 0.0176954
54 0.243517
55 0.539848
56 0.0156824
57 0.139889
58 0.0493011
59 0.0449763
60 0.3662
61 0.158042
62 0.134938
63 0.596607
64 0.835492
65 0.896589
66 0.827339
67 0.924285
68 0.00402082
69 0.230956
70 0.0533585
0 0.565592
1 0.164818
2 0.34902
3 0.49697
4 1
5 1
6 0.173618
7 0.0431373
8 0.0431373
9 0.0431373
10 0.265597
11 0.34902
12 0.34902
13 0.209626
14 0.0666666
15 0.25098
16 0.25098
17 0.863815
18 1
19 1
20 0.108734
21 0.0196078
22 0.0196078
23 0.0196078
24 0.0196078
25 0.208913
26 0.25098
27 0.25098
28 0.314438
29 0.327273
30 0
31 0.535829
32 1
33 0.613191
34 0.166845
35 0.22321
36 0.986648
37 0.540875
38 0.135222
39 0.0676697
40 0.997458
41 0.19578
42 0.161174
43 0.197028
44 0.07627
45 0.0870732
46 0.133692
47 0.0509974
48 0.093314
49 0.186476
50 0.0864733
51 0.445154
52 0.499176
53 0.129723
54 0.626573
55 0.559564
56 0.04307
57 0.310422
58 0.177074
59 0.227502
60 0.533017
61 0.282812
62 0.404962
63 0.283747
64 0.506193
65 0.783806
66 0.756117
67 0.912346
68 0.0508319
69 0.562936
70 0.0383691
0 0.514098
1 0.158868
2 0.0156863
3 0.0445633
4 0.0509804
5 0.330838
6 0.392335
7 0.335472
8 0.0980392
9 0.0980392
10 0.0980392
11 0.0766488
12 0.131907
13 0.321925
14 0.288057
15 0.0196078
16 0.135116
17 0.231373
18 0.231373
19 0.0966132
20 0.229947
21 0.302674
22 0.0994652
23 0
24 0
25 0
26 0
27 0.157219
28 0.250624
29 0.409626
30 0.346168
31 0.93262
32 0.415686
33 0.25098
34 0.390018
35 0.201218
36 0.982909
37 0.17797
38 0.167275
39 0.107967
40 0.990054
41 0.0854892
42 0.0402316
43 0.0759685
44 0.131543
45 0.0728152
46 0.15786
47 0.0335477
48 0.096998
49 0.130478
50 0.0454447
51 0.36048
52 0.21318
53 0.18657
54 0.298211
55 0.374765
56 0.0279281
57 0.125422
58 0.0581821
59 0.0590938
60 0.319207
61 0.134003
62 0.125581
63 0.265369
64 0.698765
65 0.68175
66 0.492876
67 0.739157
68 0.23097
69 0.2364
70 0.0330532
0 0.813241
1 0.152821
2 0.0823529
3 0.0823529
4 0.082353
5 0.0449198
6 0.118182
7 0
8 0
9 0.181818
10 0.308378
11 0.310517
12 0.0224599
13 0.162389
14 0.203208
15 0
16 0
17 0
18 0
19 0
20 0.478431
21 0.231373
22 0.231373
23 0.331907
24 0.6
25 0.314438
26 0.260963
27 0.258467
28 0.253476
29 0.266667
30 0.509091
31 0.137255
32 0.744742
33 0.32549
34 0.438146
35 0.447161
36 0.988559
37 0.485064
38 0.259045
39 0.12097
40 0.989523
41 0.112321
42 0.114364
43 0.121504
44 0.103648
45 0.150352
46 0.361387
47 0.0452031
48 0.085327
49 0.123329
50 0.153678
51 0.422877
52 0.312123
53 0.0709499
54 0.346578
55 0.318257
56 0.0501526
57 0.082987
58 0.0347834
59 0.0632683
60 0.165508
61 0.157862
62 0.0295355
63 0.74859
64 0.794336
65 0.908213
66 0.621067
67 0.828408
68 0.13869
69 0.228909
70 0.012554
0 0.974559
1 0.147295
2 0.0196078
3 0.0338681
4 0.163993
5 0.265241
6 0.0461675
7 0.0431373
8 0.27451
9 0.267914
10 0.621569
11 0.0705882
12 0.0705883
13 0.0705883
14 0.0705882
15 0.231373
16 0.231373
17 0.156506
18 0.473084
19 0.196078
20 0.239572
21 0.247059
22 0.503743
23 0.25098
24 0.259537
25 0.770053
26 0
27 0
28 0
29 0
30 0
31 0.6082
32 0.45205
33 0.594296
34 0.992157
35 0.261203
36 0.98923
37 0.801062
38 0.404396
39 0.234016
40 0.998602
41 0.012539
42 0.0717391
43 0.264703
44 0.149086
45 0.292343
46 0.130842
47 0.0310547
48 0.177491
49 0.223766
50 0.0665068
51 0.656648
52 0.461795
53 0.185613
54 0.481417
55 0.611692
56 0.0450017
57 0.137112
58 0.321434
59 0.352049
60 0.328293
61 0.236211
62 0.372033
63 0.577049
64 0.936979
65 0.980655
66 0.894517
67 0.77421
68 0.188507
69 0.372859
70 0.0125788
0 0.55402
1 0.141424
2 0.179144
3 0.14902
4 0.14902
5 0.14902
6 0.14902
7 0.14902
8 0.14902
9 0.576827
10 0.619608
11 0.619608
12 0.619608
13 0.686632
14 0.522459
15 0.436364
16 0
17 0
18 0
19 0
20 0
21 0
22 0
23 0.136898
24 0.501961
25 0.501961
26 0.501961
27 0.501961
28 0.501961
29 0.722995
30 0.705882
31 0.851337
32 0.996078
33 0.989661
34 0.84492
35 0.687793
36 0.998744
37 0.297052
38 0.478175
39 0.156631
40 0.997893
41 0.178041
42 0.0433195
43 0.136168
44 0.0701805
45 0.0872089
46 0.207549
47 0.0230233
48 0.108273
49 0.154521
50 0.0536003
51 0.34873
52 0.0926738
53 0.0261583
54 0.27566
55 0.268713
56 0.0218073
57 0.109805
58 0.0388427
59 0.0203984
60 0.233407
61 0.121406
62 0.0711569
63 0.752433
64 0.979252
65 0.976442
66 0.897611
67 0.957189
68 0.0935617
69 0.435205
70 0.0273489
0 0.349532
1 0.13493
2 0.309804
3 0.309804
4 0.302496
5 0.14902
6 0.14902
7 0.14902
8 0.14902
9 0.14902
10 0.14902
11 0.14902
12 0.14902
13 0.14902
14 0.14902
15 0.0156863
16 0.0156863
17 0.0156863
18 0.192513
19 0.501961
20 0.501961
21 0.501961
22 0.501961
23 0.501961
24 0.501961
25 0.501961
26 0.501961
27 0.501961
28 0.501961
29 0.501961
30 0.501961
31 0.9918
32 0.988235
33 0.988235
34 0.988235
35 0.907264
36 0.997455
37 0.857871
38 0.903719
39 0.327879
40 0.999959
41 0.0497694
42 0.192676
43 0.277306
44 0.139525
45 0.30876
46 0.673054
47 0.119498
48 0.326064
49 0.482254
50 0.156686
51 0.770744
52 0.748969
53 0.0441835
54 0.800973
55 0.544658
56 0.0598817
57 0.104735
58 0.13399
59 0.10177
60 0.600138
61 0.511813
62 0.168484
63 0.986382
64 0.994353
65 0.996182
66 0.974022
67 0.993143
68 0.152189
69 0.33672
70 0.0185927
0 0.100275
1 0.127942
2 0.0185383
3 0.593048
4 0.639038
5 0.494118
6 0.494118
7 0.494118
8 0.494118
9 0.494118
10 0.76221
11 0.862745
12 0.542068
13 0.185383
14 0
15 0.262389
16 0.646702
17 0.31123
18 0.818895
19 0.501961
20 0.501961
21 0.501961
22 0.501961
23 0.501961
24 0.501961
25 0.797148
26 0.862745
27 0.535829
28 0.624955
29 0
30 0
31 0.87451
32 0.992157
33 0.933333
34 0.290196
35 0.909888
36 0.999914
37 0.142886
38 0.764488
39 0.745213
40 0.999206
41 0.123288
42 0.203139
43 0.19435
44 0.16535
45 0.310057
46 0.218153
47 0.0247197
48 0.108057
49 0.186101
50 0.0667204
51 0.264623
52 0.263034
53 0.0179547
54 0.726164
55 0.554657
56 0.0463943
57 0.119402
58 0.0299942
59 0.0658343
60 0.368787
61 0.179689
62 0.0926997
63 0.933834
64 0.997518
65 0.997122
66 0.986437
67 0.994877
68 0.0338039
69 0.352571
70 0.0129028
0 0.646985
1 0.121018
2 1
3 0.342246
4 0.196078
5 0.196078
6 0.196078
7 0.196079
8 0.196078
9 0.196078
10 0.196078
11 0.196078
12 0.196079
13 0.196079
14 0.196078
15 1
16 0.766845
17 0.572549
18 0.572549
19 0.572549
20 0.572549
21 0.572549
22 0.572549
23 0.572549
24 0.572549
25 0.572549
26 0.572549
27 0.572549
28 0.572549
29 0.572549
30 0.572549
31 1
32 1
33 1
34 1
35 0.927292
36 0.999742
37 0.512993
38 0.820191
39 0.265249
40 0.999547
41 0.108203
42 0.333176
43 0.105308
44 0.066138
45 0.0496207
46 0.326693
47 0.0944205
48 0.13658
49 0.336737
50 0.0488689
51 0.55776
52 0.222923
53 0.0325304
54 0.518317
55 0.235053
56 0.0187603
57 0.109745
58 0.0290967
59 0.0476293
60 0.528842
61 0.203683
62 0.166737
63 0.897141
64 0.994706
65 0.99046
66 0.973655
67 0.994198
68 0.0679017
69 0.540428
70 0.0429885
0 0.835599
1 0.114085
2 0.0901961
3 0.189661
4 0.222104
5 1
6 1
7 0.332799
8 0.160784
9 0.160784
10 0.160784
11 0.160784
12 0.160784
13 0.160784
14 0.160784
15 0.266667
16 0.23672
17 0.197861
18 0.40107
19 1
20 1
21 0.545455
22 0.365062
23 0.501961
24 0.501961
25 0.501961
26 0.501961
27 0.501961
28 0.501961
29 0.501961
30 0.501961
31 0.68057
32 0.811765
33 0.964706
34 0.964706
35 0.852378
36 0.999658
37 0.0603303
38 0.222793
39 0.408307
40 0.998307
41 0.180036
42 0.336192
43 0.267846
44 0.4149
45 0.579792
46 0.308422
47 0.0327924
48 0.243418
49 0.170732
50 0.166139
51 0.27927
52 0.753655
53 0.02174
54 0.855778
55 0.740095
56 0.0613076
57 0.215947
58 0.0672344
59 0.0635322
60 0.380699
61 0.243733
62 0.0727538
63 0.871492
64 0.989921
65 0.996267
66 0.957081
67 0.987779
68 0.0175192
69 0.345154
70 0.00210717
0 0.759266
1 0.107431
2 0.996078
3 0.769697
4 0.626382
5 0.536898
6 0
7 0.0181819
8 0.0999999
9 0.027451
10 0.0862745
11 0.0862745
12 0.0862745
13 0.0862745
14 0.0862745
15 0.996078
16 0.996078
17 0.453119
18 0.984314
19 0.357932
20 0
21 0
22 0.436364
23 0
24 0.273797
25 0.501961
26 0.501961
27 0.501961
28 0.501961
29 0.501961
30 0.501961
31 0.96221
32 0.125847
33 0.623886
34 0.980392
35 0.679629
36 0.997853
37 0.0769084
38 0.359186
39 0.400854
40 0.999075
41 0.262084
42 0.362966
43 0.0914686
44 0.110525
45 0.239263
46 0.124219
47 0.0187345
48 0.0491977
49 0.235635
50 0.0483753
51 0.328904
52 0.93428
53 0.229217
54 0.857555
55 0.884995
56 0.174995
57 0.52394
58 0.41301
59 0.515359
60 0.44409
61 0.335535
62 0.45492
63 0.857052
64 0.983962
65 0.987122
66 0.980255
67 0.985117
68 0.0447331
69 0.37594
70 0.0289126
0 0.848826
1 0.101458
2 0.671658
3 0.996078
4 0.36221
5 0
6 0.583957
7 0
8 0
9 0.315686
10 0.809626
11 0.336898
12 0.17148
13 0.120677
14 0.141176
15 0.596791
16 0.996078
17 0.928342
18 0.25098
19 0.25098
20 0.741533
21 0
22 0
23 0
24 0.541176
25 0.180392
26 0
27 0.00998217
28 0.129768
29 0.501961
30 0.501961
31 0.781818
32 0.336898
33 0.509804
34 0.82139
35 0.350939
36 0.997824
37 0.0570306
38 0.348712
39 0.331935
40 0.999098
41 0.0968238
42 0.0332568
43 0.017524
44 0.01274
45 0.0322471
46 0.0959667
47 0.00538491
48 0.0325941
49 0.0409489
50 0.0139261
51 0.171191
52 0.939229
53 0.13454
54 0.933185
55 0.695605
56 0.110907
57 0.276089
58 0.46839
59 0.276861
60 0.713527
61 0.786635
62 0.272487
63 0.913745
64 0.973457
65 0.989246
66 0.96782
67 0.969615
68 0.0367131
69 0.272983
70 0.00885227
0 0.445474
1 0.0949921
2 0.606061
3 0.983066
4 0.336542
5 0
6 0.26738
7 0.311943
8 0.498039
9 0.584135
10 0.285918
11 0.992157
12 0.134938
13 0.527451
14 0.654901
15 0.515152
16 1
17 0.877718
18 0.25098
19 0.25098
20 0.383601
21 0.534759
22 0
23 0.724421
24 0
25 0.101604
26 0.992157
27 0.393226
28 0.0445633
29 0.0156863
30 0.0156863
31 0.841711
32 0.593583
33 0.766845
34 0.773975
35 0.554942
36 0.996528
37 0.377437
38 0.370669
39 0.222897
40 0.999145
41 0.0206657
42 0.0825131
43 0.0486114
44 0.0157842
45 0.0119773
46 0.100152
47 0.0330213
48 0.00740361
49 0.0272246
50 0.0276568
51 0.338487
52 0.603481
53 0.0541255
54 0.685406
55 0.575224
56 0.0333657
57 0.0838359
58 0.123913
59 0.122544
60 0.536395
61 0.266024
62 0.287847
63 0.866956
64 0.972848
65 0.974101
66 0.93305
67 0.988257
68 0.0309734
69 0.160104
70 0.0137177
0 0.122641
1 0.0883911
2 0.0117647
3 0.0117647
4 0.633155
5 0.988235
6 0.928342
7 0.244563
8 0
9 0.405882
10 0.850089
11 0
12 0
13 0.641533
14 0.278431
15 0.25098
16 0.25098
17 0.318004
18 0.988235
19 0.988235
20 0.808556
21 0
22 0
23 0.00427807
24 0.544029
25 0.899465
26 0.0509804
27 0.0509804
28 0.223529
29 0.552585
30 0.0156863
31 0.862745
32 0.617469
33 0.59893
34 0.742959
35 0.212479
36 0.986355
37 0.270583
38 0.101577
39 0.0488974
40 0.995782
41 0.156926
42 0.052281
43 0.138562
44 0.0349315
45 0.145155
46 0.142817
47 0.0152393
48 0.111619
49 0.0663962
50 0.0281077
51 0.521455
52 0.836151
53 0.093584
54 0.729605
55 0.80498
56 0.0505975
57 0.473588
58 0.279966
59 0.208238
60 0.355398
61 0.319415
62 0.227153
63 0.536942
64 0.797139
65 0.95999
66 0.930892
67 0.822224
68 0.0315521
69 0.187327
70 0.033458
0 0.871124
1 0.0822723
2 0
3 0.223708
4 0.940285
5 0.0156863
6 0.0156863
7 0.0156863
8 0.0156863
9 0.152406
10 0.47451
11 0.47451
12 0.47451
13 0.47451
14 0.474509
15 0
16 0
17 0.805348
18 0.64492
19 0.0509804
20 0.0509804
21 0.0509804
22 0.0509804
23 0.0370766
24 0.00855615
25 0.0156863
26 0.0156863
27 0.0156863
28 0.0156863
29 0.0156863
30 0.0156863
31 0.436364
32 0.862745
33 0.733333
34 0.905882
35 0.128533
36 0.989184
37 0.231413
38 0.108945
39 0.0311093
40 0.981053
41 0.0564714
42 0.0475771
43 0.115604
44 0.121448
45 0.0531767
46 0.0934043
47 0.0141468
48 0.0446633
49 0.0956021
50 0.0314523
51 0.406766
52 0.414991
53 0.0192696
54 0.236453
55 0.654503
56 0.0376567
57 0.370965
58 0.217002
59 0.225209
60 0.299704
61 0.216907
62 0.417842
63 0.407646
64 0.700372
65 0.9592
66 0.950542
67 0.868689
68 0.0171371
69 0.40228
70 0.00698775
0 0.720903
1 0.0764985
2 0.819608
3 0.819608
4 0.827808
5 0.559715
6 0.00427807
7 0
8 0.00588236
9 0.0117647
10 0.0117647
11 0.0117647
12 0.752941
13 0.788236
14 0.788235
15 0.0156863
16 0.0156863
17 0.0156863
18 0.373619
19 0.396078
20 0.00463458
21 0
22 0
23 0.0156863
24 0.0156863
25 0.0156863
26 0.0156863
27 0.507308
28 0.788235
29 0.788235
30 0.788235
31 0.942959
32 0.197148
33 0.717647
34 0.781818
35 0.231565
36 0.97473
37 0.645143
38 0.258917
39 0.175843
40 0.999361
41 0.0559643
42 0.0359075
43 0.0912755
44 0.0591576
45 0.0795988
46 0.0771402
47 0.03725
48 0.118277
49 0.134594
50 0.0559798
51 0.377978
52 0.387723
53 0.224764
54 0.480843
55 0.504948
56 0.0739099
57 0.0675983
58 0.173536
59 0.0875428
60 0.514026
61 0.297226
62 0.127259
63 0.699362
64 0.912011
65 0.960696
66 0.594895
67 0.779631
68 0.308146
69 0.205142
70 0.0141204
0 0.586229
1 0.0707094
2 0.00392157
3 0.00392157
4 0.00392157
5 0.00392157
6 0.00392157
7 0.00392157
8 0.00392157
9 0.606417
10 0.666667
11 0.666667
12 0.424243
13 0
14 0
15 0.0156863
16 0.0156863
17 0.0156863
18 0.0156863
19 0.0156863
20 0.0156863
21 0.0156863
22 0.0156863
23 0.193226
24 0.666667
25 0.666667
26 0.666667
27 0.666667
28 0.0606061
29 0
30 0
31 0.788235
32 0.788235
33 0.68877
34 0.181818
35 0.508608
36 0.980594
37 0.898222
38 0.371024
39 0.224333
40 0.99986
41 0.0201307
42 0.0615083
43 0.145299
44 0.0829102
45 0.223186
46 0.365045
47 0.03942
48 0.141272
49 0.120774
50 0.0695568
51 0.328946
52 0.324895
53 0.317302
54 0.566198
55 0.401218
56 0.0866464
57 0.139063
58 0.157231
59 0.160748
60 0.461496
61 0.539577
62 0.0849803
63 0.941191
64 0.94803
65 0.974829
66 0.508344
67 0.919178
68 0.709324
69 0.226473
70 0.0244762
0 0.283491
1 0.0641636
2 0.00784314
3 0.00784314
4 0.00784314
5 0.00784314
6 0.00784314
7 0.0848488
8 0.854902
9 0.854902
10 0.854902
11 0.854902
12 0.0388593
13 0
14 0
15 0.0156863
16 0.0156863
17 0.0156863
18 0.0156863
19 0.0156863
20 0.0156863
21 0.0156863
22 0.626025
23 0.854902
24 0.854902
25 0.854902
26 0.854902
27 0.310873
28 0.0142602
29 0.0156863
30 0.0156863
31 0.796078
32 0.806774
33 0.854902
34 0.0891266
35 0.189434
36 0.983001
37 0.331005
38 0.0936115
39 0.0354592
40 0.997508
41 0.0161582
42 0.04544
43 0.160573
44 0.0781113
45 0.121747
46 0.0892951
47 0.0124902
48 0.359374
49 0.120246
50 0.0274595
51 0.377074
52 0.388913
53 0.123285
54 0.494831
55 0.519349
56 0.0316548
57 0.475208
58 0.28459
59 0.361564
60 0.326363
61 0.409707
62 0.229315
63 0.353272
64 0.729795
65 0.949528
66 0.848434
67 0.604083
68 0.0615406
69 0.378227
70 0.0218449
0 0.989362
1 0.057042
2 0.0235294
3 0.0235294
4 0.0235294
5 0.0235294
6 0.0235294
7 0.0235294
8 0.0235294
9 0.0235294
10 0.116578
11 0.705882
12 0.705883
13 0.705883
14 0.705882
15 0.0156863
16 0.0156863
17 0.0156863
18 0.0156863
19 0.0156863
20 0.0156863
21 0.0156863
22 0.0156863
23 0.0156863
24 0.0156863
25 0.0784314
26 0.705882
27 0.705882
28 0.705882
29 0.705882
30 0.705882
31 0.654902
32 0.654902
33 0.668806
34 0.705882
35 0.0744104
36 0.978985
37 0.241985
38 0.0594748
39 0.0531653
40 0.978565
41 0.0719419
42 0.0189116
43 0.0588841
44 0.0460308
45 0.0477671
46 0.048887
47 0.017044
48 0.0478442
49 0.0261203
50 0.0526836
51 0.465611
52 0.210281
53 0.126345
54 0.203206
55 0.471735
56 0.011163
57 0.136349
58 0.168393
59 0.127734
60 0.171078
61 0.123111
62 0.37779
63 0.0977117
64 0.511327
65 0.745443
66 0.63133
67 0.644752
68 0.0469622
69 0.371032
70 0.0127273
0 0.702509
1 0.0508091
2 0.0156863
3 0.0156863
4 0.0156863
5 0.0156863
6 0.0156863
7 0.0156863
8 0.0156863
9 0.0156863
10 0.0156863
11 0.0156863
12 0.0156863
13 0.65205
14 0.839215
15 0.0156863
16 0.0156863
17 0.0156863
18 0.0156863
19 0.0156863
20 0.0156863
21 0.0156863
22 0.0156863
23 0.0156863
24 0.0156863
25 0.0156863
26 0.0156863
27 0.0156863
28 0.165419
29 0.839216
30 0.839216
31 0.733333
32 0.733333
33 0.733333
34 0.791087
35 0.112346
36 0.965647
37 0.581835
38 0.0696737
39 0.0594971
40 0.994354
41 0.219025
42 0.0536455
43 0.120397
44 0.0591904
45 0.0644758
46 0.13183
47 0.0696241
48 0.131146
49 0.0639201
50 0.0802315
51 0.372881
52 0.313697
53 0.129867
54 0.201397
55 0.35238
56 0.0401605
57 0.0462876
58 0.0666718
59 0.0666462
60 0.17188
61 0.163043
62 0.0701443
63 0.218504
64 0.558259
65 0.598849
66 0.295242
67 0.406725
68 0.146837
69 0.198249
70 0.0370075
0 0.683136
1 0.0446896
2 0.0352941
3 0.0352941
4 0.0352941
5 0.0352941
6 0.0352941
7 0.0352941
8 0.0352941
9 0.0352941
10 0.560071
11 0.344029
12 0
13 0
14 0
15 0.0156863
16 0.0156863
17 0.0156863
18 0.0156863
19 0.0156863
20 0.0156863
21 0.0156863
22 0.0156863
23 0.0156863
24 0.0156863
25 0.622103
26 0.48164
27 0
28 0
29 0
30 0
31 0.756863
32 0.756863
33 0.688057
34 0
35 0.127512
36 0.976441
37 0.41582
38 0.0804245
39 0.0421182
40 0.979001
41 0.0792595
42 0.093708
43 0.242911
44 0.155084
45 0.132674
46 0.158746
47 0.0298278
48 0.29931
49 0.271611
50 0.0640924
51 0.246755
52 0.286448
53 0.088563
54 0.188464
55 0.312996
56 0.0219774
57 0.190352
58 0.101148
59 0.0840876
60 0.176062
61 0.184575
62 0.131083
63 0.223721
64 0.428262
65 0.683483
66 0.50011
67 0.590108
68 0.0539061
69 0.392633
70 0.0374825
0 0.887836
1 0.0381685
2 0.105882
3 0.105882
4 0.105882
5 0.105882
6 0.105882
7 0.0336898
8 0
9 0
10 0.0502674
11 0.368627
12 0.368628
13 0.368628
14 0.368627
15 0.0156863
16 0.0156863
17 0.0156863
18 0.0156863
19 0.0156863
20 0.0156863
21 0.00855615
22 0
23 0
24 0
25 0.0481283
26 0.529412
27 0.529412
28 0.529412
29 0.529412
30 0.529412
31 0.92549
32 0.588948
33 0.265241
34 0.972549
35 0.85551
36 0.993607
37 0.831947
38 0.95766
39 0.795787
40 0.999761
41 0.00534725
42 0.193434
43 0.193448
44 0.291726
45 0.168514
46 0.431827
47 0.0601887
48 0.284616
49 0.640515
50 0.282248
51 0.844129
52 0.490991
53 0.0635263
54 0.50599
55 0.373494
56 0.0456517
57 0.0505615
58 0.129223
59 0.0570951
60 0.357656
61 0.290307
62 0.108803
63 0.996037
64 0.992998
65 0.996548
66 0.985644
67 0.987808
68 0.189231
69 0.117883
70 0.0203933
0 0.0312575
1 0.0317754
2 0.144385
3 0.352941
4 0.352941
5 0.352941
6 0.352941
7 0.232264
8 0.147059
9 0.934046
10 1
11 1
12 1
13 0.515152
14 0.372549
15 0.144385
16 0.529412
17 0.529412
18 0.529412
19 0.529412
20 0.529412
21 0.561497
22 0.206417
23 0.272727
24 1
25 1
26 1
27 1
28 0.922282
29 0.572549
30 0.572549
31 0.805348
32 0.844563
33 0.999287
34 1
35 0.574908
36 0.997827
37 0.489667
38 0.363167
39 0.158287
40 0.99915
41 0.0332654
42 0.097733
43 0.120303
44 0.0664653
45 0.143043
46 0.0643402
47 0.0346329
48 0.148091
49 0.183714
50 0.0663446
51 0.440993
52 0.349538
53 0.199011
54 0.829887
55 0.660205
56 0.160076
57 0.440738
58 0.201242
59 0.289493
60 0.627438
61 0.404977
62 0.220221
63 0.804289
64 0.941528
65 0.996477
66 0.894695
67 0.914496
68 0.387642
69 0.31255
70 0.0113383
0 0.952665
1 0.0240946
2 0.0196078
3 0.0196078
4 0.0196078
5 0.0196078
6 0.0196078
7 0.0196079
8 0.0196078
9 0.668806
10 0.392157
11 0.392157
12 0.392157
13 0.298218
14 0.119964
15 0.0156863
16 0.0156863
17 0.0156863
18 0.0156863
19 0.0156863
20 0.0156863
21 0.0156863
22 0.0156863
23 0.261676
24 0.705882
25 0.529412
26 0.529412
27 0.529412
28 0.44385
29 0.0588235
30 0.432442
31 0.682353
32 0.682353
33 0.924777
34 0.996791
35 0.84158
36 0.998297
37 0.665793
38 0.889551
39 0.7293
40 0.999913
41 0.0010144
42 0.0537363
43 0.0728348
44 0.096367
45 0.0975105
46 0.239957
47 0.0121324
48 0.158427
49 0.219404
50 0.128965
51 0.875657
52 0.323413
53 0.0258178
54 0.438101
55 0.487697
56 0.0128345
57 0.0531647
58 0.115549
59 0.0636915
60 0.321723
61 0.313005
62 0.121821
63 0.998592
64 0.998459
65 0.999364
66 0.997381
67 0.996775
68 0.1452
69 0.181845
70 0.00503857
0 0.757928
1 0.0174137
2 0.0657754
3 0.109804
4 0.109804
5 0.109804
6 0.109804
7 0.109804
8 0.109804
9 0.919073
10 1
11 1
12 1
13 1
14 0.999999
15 0.167558
16 0.572549
17 0.572549
18 0.572549
19 0.572549
20 0.572549
21 0.572549
22 0.572549
23 0.689127
24 1
25 1
26 1
27 1
28 1
29 1
30 1
31 0.957219
32 1
33 1
34 1
35 0.917313
36 0.999859
37 0.326083
38 0.568375
39 0.598628
40 0.999798
41 0.185163
42 0.243996
43 0.215592
44 0.104907
45 0.255279
46 0.253345
47 0.0707338
48 0.24021
49 0.303039
50 0.141069
51 0.595155
52 0.113167
53 0.0081855
54 0.417039
55 0.27341
56 0.010695
57 0.0460633
58 0.00959331
59 0.00896057
60 0.248522
61 0.0661653
62 0.0335749
63 0.946653
64 0.995816
65 0.997353
66 0.986687
67 0.995445
68 0.0271828
69 0.323911
70 0.0208645
0 0.628933
1 0.00999089
2 0.0392157
3 0.0392157
4 0.0392157
5 0.0392157
6 0.0392157
7 0.0392157
8 0.0392157
9 0.0392157
10 0.0392157
11 0.0392157
12 0.0392157
13 0.0392157
14 0.0392157
15 0.572549
16 0.572549
17 0.572549
18 0.572549
19 0.572549
20 0.572549
21 0.572549
22 0.572549
23 0.572549
24 0.572549
25 0.572549
26 0.572549
27 0.572549
28 0.572549
29 0.572549
30 0.572549
31 1
32 1
33 1
34 1
35 0.308748
36 0.992457
37 0.340676
38 0.0869734
39 0.0639503
40 0.997304
41 0.281099
42 0.207152
43 0.139678
44 0.108513
45 0.19355
46 0.159307
47 0.0980024
48 0.263631
49 0.175347
50 0.0874653
51 0.541478
52 0.507464
53 0.308259
54 0.785488
55 0.811692
56 0.157531
57 0.634269
58 0.210103
59 0.329792
60 0.504792
61 0.366467
62 0.250275
63 0.196078
64 0.531958
65 0.953782
66 0.58681
67 0.702247
68 0.17159
69 0.459671
70 0.0203659
end fitness = 2.39695
