brainFunction 22850 19 12 111 24762 2-5 6-8 9-11
0 0.728739
1 0.134942
2 0.538324
3 0.42139
4 0.43672
5 0.627094
6 0.54795
7 0.498217
8 0.66025
9 0.593405
10 0.343316
11 0.586809
12 0.753674
13 0.858574
14 0.197735
15 0.390265
16 0.511878
17 0.0836111
18 0.972825
0 0.565632
1 0.212607
2 0.286631
3 0.0641711
4 0.459537
5 0.260606
6 0.275758
7 0.0839572
8 0.4082
9 0.740107
10 0.937968
11 0.972192
12 0.673297
13 0.855317
14 0.319616
15 0.406808
16 0.552657
17 0.0758688
18 0.96703
0 0.0120477
1 0.204321
2 0.0516934
3 0.267023
4 0.121925
5 0.554724
6 0.200535
7 0.160428
8 0.524599
9 0.627273
10 0.731551
11 0.753476
12 0.710686
13 0.861066
14 0.281624
15 0.381649
16 0.55087
17 0.0749308
18 0.966526
0 0.254239
1 0.195797
2 0.0231729
3 0.331194
4 0.215686
5 0.535829
6 0.227986
7 0.321212
8 0.446524
9 0.639572
10 0.884492
11 0.847059
12 0.705236
13 0.834919
14 0.232929
15 0.482633
16 0.522287
17 0.0998237
18 0.966909
0 0.291391
1 0.187425
2 0
3 0.223173
4 0.295544
5 0.202139
6 0.0663102
7 0.231551
8 0.335829
9 0.743316
10 0.661319
11 0.556328
12 0.725841
13 0.853202
14 0.255934
15 0.509754
16 0.482583
17 0.0904935
18 0.966145
0 0.0570041
1 0.179229
2 0
3 0.0420677
4 0.28984
5 0.199287
6 0
7 0.214795
8 0.257398
9 0.819608
10 0.690553
11 0.595187
12 0.658297
13 0.847205
14 0.173987
15 0.579029
16 0.508351
17 0.0476567
18 0.954113
0 0.813823
1 0.171083
2 0
3 0
4 0.0385027
5 0.310873
6 0
7 0.0181818
8 0.398396
9 0.835294
10 0.736007
11 0.484848
12 0.726909
13 0.894591
14 0.145568
15 0.652999
16 0.492628
17 0.0460809
18 0.952532
0 0.650601
1 0.163063
2 0
3 0
4 0
5 0
6 0
7 0
8 0
9 0.87451
10 0.87451
11 0.87451
12 0.910339
13 0.789112
14 0.0693561
15 0.389054
16 0.633024
17 0.0691825
18 0.95352
0 0.966996
1 0.154933
2 0.727273
3 0.425668
4 0.0976827
5 0.0149733
6 0.775401
7 0.511586
8 0.0172905
9 1
10 0.827986
11 0.811586
12 0.797385
13 0.870961
14 0.135406
15 0.520529
16 0.687234
17 0.0646375
18 0.967021
0 0.897404
1 0.147143
2 0.00392157
3 0.348307
4 0.0442068
5 0.0499109
6 0.575045
7 0.35508
8 0.0848485
9 0.979323
10 0.982531
11 0.779323
12 0.746214
13 0.897734
14 0.157199
15 0.539851
16 0.600762
17 0.0549702
18 0.966114
0 0.681868
1 0.13915
2 0.0352941
3 0.0352941
4 0.0352941
5 0.0352941
6 0.301961
7 0.301961
8 0.301961
9 0.988235
10 0.988235
11 0.988235
12 0.679621
13 0.880366
14 0.240288
15 0.404657
16 0.557533
17 0.0499409
18 0.962329
0 0.45704
1 0.131143
2 0.141889
3 0.137611
4 0.00392157
5 0.547237
6 0.262389
7 0.197148
8 0.552763
9 0.696078
10 0.72139
11 0.97451
12 0.718605
13 0.828695
14 0.208618
15 0.52134
16 0.507276
17 0.120999
18 0.973038
0 0.284399
1 0.123187
2 0.0491979
3 0.138324
4 0.408913
5 0.13369
6 0.280036
7 0.109269
8 0.295187
9 0.774866
10 0.645811
11 0.515151
12 0.699521
13 0.801855
14 0.17484
15 0.550575
16 0.517308
17 0.0803943
18 0.96
0 0.715678
1 0.115062
2 0.0185383
3 0.185383
4 0.217112
5 0.259893
6 0.212478
7 0.103743
8 0.292335
9 0.851693
10 0.543672
11 0.269875
12 0.706219
13 0.758148
14 0.167007
15 0.517421
16 0.544359
17 0.0908543
18 0.955431
0 0.800789
1 0.107004
2 0.0360071
3 0.468806
4 0.198574
5 0.321925
6 0.346168
7 0.12959
8 0.266488
9 0.801426
10 0.395187
11 0.142424
12 0.72281
13 0.793861
14 0.14819
15 0.454402
16 0.503896
17 0.0837006
18 0.953493
0 0.909151
1 0.0991703
2 0.0399287
3 0.320856
4 0.20713
5 0.233512
6 0.204813
7 0.213725
8 0.237077
9 0.557754
10 0.661319
11 0.222103
12 0.740906
13 0.826262
14 0.218684
15 0.489163
16 0.532389
17 0.115889
18 0.96312
0 0.0980837
1 0.0913561
2 0.0634581
3 0.263815
4 0.137968
5 0.129412
6 0.202139
7 0.22139
8 0.168984
9 0.559537
10 0.55811
11 0.479144
12 0.720918
13 0.851259
14 0.197351
15 0.495269
16 0.490672
17 0.0997722
18 0.962591
0 0.23965
1 0.0832264
2 0.0516934
3 0.157219
4 0.183957
5 0.0634581
6 0.0983957
7 0.173619
8 0.159537
9 0.487522
10 0.493048
11 0.724777
12 0.732064
13 0.846956
14 0.136909
15 0.502908
16 0.516684
17 0.0623469
18 0.953198
0 0.820203
1 0.0751684
2 0.134759
3 0.0777184
4 0.00392157
5 0.129412
6 0.0983957
7 0.173084
8 0.173975
9 0.517647
10 0.646881
11 0.625312
12 0.778924
13 0.824909
14 0.194953
15 0.440795
16 0.544721
17 0.0971512
18 0.963302
0 0.1138
1 0.0672842
2 0.427451
3 0.0652406
4 0.00392157
5 0.25918
6 0.31016
7 0.157576
8 0.237077
9 0.65615
10 0.816399
11 0.587879
12 0.632219
13 0.868168
14 0.337794
15 0.491604
16 0.512457
17 0.0948674
18 0.969863
0 0.0611081
1 0.0594328
2 0.00392157
3 0.00392157
4 0.358289
5 0.560784
6 0.0431373
7 0.160784
8 0.560784
9 1
10 0.900178
11 0.560784
12 0.702092
13 0.906173
14 0.183415
15 0.705138
16 0.536428
17 0.0734595
18 0.959708
0 0.369195
1 0.0514921
2 0.00784314
3 0.00784314
4 0.00784314
5 0.00784314
6 0.0431373
7 0.0431373
8 0.0431373
9 0.996078
10 0.996078
11 0.996078
12 0.717346
13 0.866497
14 0.11735
15 0.468692
16 0.443913
17 0.055914
18 0.951095
0 0.866211
1 0.0433197
2 0.0991087
3 0
4 0.109804
5 0.0606061
6 0.0461676
7 0.231373
8 0.297861
9 0.404813
10 0.810873
11 0.668271
12 0.749008
13 0.871015
14 0.110611
15 0.442066
16 0.463978
17 0.0755744
18 0.956799
0 0.902435
1 0.0355965
2 0.225668
3 0.0552585
4 0.290909
5 0.0235294
6 0.045098
7 0.252941
8 0.283244
9 0.437433
10 0.791266
11 0.763815
12 0.741864
13 0.876144
14 0.143574
15 0.426753
16 0.500324
17 0.0717157
18 0.957395
0 0.622644
1 0.0279562
2 0.250624
3 0.100891
4 0.030303
5 0.170053
6 0.138324
7 0.119251
8 0.101783
9 0.247594
10 0.879323
11 0.823886
12 0.721232
13 0.848119
14 0.143349
15 0.438977
16 0.512968
17 0.0935724
18 0.957574
0 0.565817
1 0.0203769
2 0.239929
3 0.184314
4 0.00606061
5 0.083066
6 0.138324
7 0.132086
8 0.165954
9 0.21836
10 0.761676
11 0.645098
12 0.72345
13 0.86512
14 0.105086
15 0.425778
16 0.497075
17 0.0854245
18 0.952481
0 0.942803
1 0.0127032
2 0.238503
3 0.276292
4 0.0809269
5 0.00392157
6 0.148307
7 0.172549
8 0.174332
9 0.170945
10 0.838503
11 0.793226
12 0.679371
13 0.863049
14 0.171014
15 0.342175
16 0.469704
17 0.086996
18 0.959876
end fitness = 0.712257
