brain 22903 fitness=11.6602 numneurons+1=54 maxWeight=8 maxBias=8 redinput=2-12 greeninput=13-18 blueinput=19-20
+0.0000 +0.0000 +0.0000 +0.0000 +0.0000 +0.0000 +0.0000 +0.0000 +0.0000 +0.0000 +0.0000 +0.0000 +0.0000 +0.0000 +0.0000 +0.0000 +0.0000 +0.0000 +0.0000 +0.0000 +0.0000 +0.0000 +0.0000 +0.0000 +0.0000 +0.0000 +0.0000 +0.0000 +0.0000 +0.0000 +0.0000 +0.0000 +0.0000 +0.0000 +0.0000 +0.0000 +0.0000 +0.0000 +0.0000 +0.0000 +0.0000 +0.0000 +0.0000 +0.0000 +0.0000 +0.0000 +0.0000 +0.0000 +0.0000 +0.0000 +0.0000 +0.0000 +0.0000 +0.0000 ;
+0.0000 +0.0000 +0.0000 +0.0000 +0.0000 +0.0000 +0.0000 +0.0000 +0.0000 +0.0000 +0.0000 +0.0000 +0.0000 +0.0000 +0.0000 +0.0000 +0.0000 +0.0000 +0.0000 +0.0000 +0.0000 +0.0000 +0.0000 +0.0000 +0.0000 +0.0000 +0.0000 +0.0000 +0.0000 +0.0000 +0.0000 +0.0000 +0.0000 +0.0000 +0.0000 +0.0000 +0.0000 +0.0000 +0.0000 +0.0000 +0.0000 +0.0000 +0.0000 +0.0000 +0.0000 +0.0000 +0.0000 +0.0000 +0.0000 +0.0000 +0.0000 +0.0000 +0.0000 +0.0000 ;
+0.0000 +0.0000 +0.0000 +0.0000 +0.0000 +0.0000 +0.0000 +0.0000 +0.0000 +0.0000 +0.0000 +0.0000 +0.0000 +0.0000 +0.0000 +0.0000 +0.0000 +0.0000 +0.0000 +0.0000 +0.0000 +0.0000 +0.0000 +0.0000 +0.0000 +0.0000 +0.0000 +0.0000 +0.0000 +0.0000 +0.0000 +0.0000 +0.0000 +0.0000 +0.0000 +0.0000 +0.0000 +0.0000 +0.0000 +0.0000 +0.0000 +0.0000 +0.0000 +0.0000 +0.0000 +0.0000 +0.0000 +0.0000 +0.0000 +0.0000 +0.0000 +0.0000 +0.0000 +0.0000 ;
+0.0000 +0.0000 +0.0000 +0.0000 +0.0000 +0.0000 +0.0000 +0.0000 +0.0000 +0.0000 +0.0000 +0.0000 +0.0000 +0.0000 +0.0000 +0.0000 +0.0000 +0.0000 +0.0000 +0.0000 +0.0000 +0.0000 +0.0000 +0.0000 +0.0000 +0.0000 +0.0000 +0.0000 +0.0000 +0.0000 +0.0000 +0.0000 +0.0000 +0.0000 +0.0000 +0.0000 +0.0000 +0.0000 +0.0000 +0.0000 +0.0000 +0.0000 +0.0000 +0.0000 +0.0000 +0.0000 +0.0000 +0.0000 +0.0000 +0.0000 +0.0000 +0.0000 +0.0000 +0.0000 ;
+0.0000 +0.0000 +0.0000 +0.0000 +0.0000 +0.0000 +0.0000 +0.0000 +0.0000 +0.0000 +0.0000 +0.0000 +0.0000 +0.0000 +0.0000 +0.0000 +0.0000 +0.0000 +0.0000 +0.0000 +0.0000 +0.0000 +0.0000 +0.0000 +0.0000 +0.0000 +0.0000 +0.0000 +0.0000 +0.0000 +0.0000 +0.0000 +0.0000 +0.0000 +0.0000 +0.0000 +0.0000 +0.0000 +0.0000 +0.0000 +0.0000 +0.0000 +0.0000 +0.0000 +0.0000 +0.0000 +0.0000 +0.0000 +0.0000 +0.0000 +0.0000 +0.0000 +0.0000 +0.0000 ;
+0.0000 +0.0000 +0.0000 +0.0000 +0.0000 +0.0000 +0.0000 +0.0000 +0.0000 +0.0000 +0.0000 +0.0000 +0.0000 +0.0000 +0.0000 +0.0000 +0.0000 +0.0000 +0.0000 +0.0000 +0.0000 +0.0000 +0.0000 +0.0000 +0.0000 +0.0000 +0.0000 +0.0000 +0.0000 +0.0000 +0.0000 +0.0000 +0.0000 +0.0000 +0.0000 +0.0000 +0.0000 +0.0000 +0.0000 +0.0000 +0.0000 +0.0000 +0.0000 +0.0000 +0.0000 +0.0000 +0.0000 +0.0000 +0.0000 +0.0000 +0.0000 +0.0000 +0.0000 +0.0000 ;
+0.0000 +0.0000 +0.0000 +0.0000 +0.0000 +0.0000 +0.0000 +0.0000 +0.0000 +0.0000 +0.0000 +0.0000 +0.0000 +0.0000 +0.0000 +0.0000 +0.0000 +0.0000 +0.0000 +0.0000 +0.0000 +0.0000 +0.0000 +0.0000 +0.0000 +0.0000 +0.0000 +0.0000 +0.0000 +0.0000 +0.0000 +0.0000 +0.0000 +0.0000 +0.0000 +0.0000 +0.0000 +0.0000 +0.0000 +0.0000 +0.0000 +0.0000 +0.0000 +0.0000 +0.0000 +0.0000 +0.0000 +0.0000 +0.0000 +0.0000 +0.0000 +0.0000 +0.0000 +0.0000 ;
+0.0000 +0.0000 +0.0000 +0.0000 +0.0000 +0.0000 +0.0000 +0.0000 +0.0000 +0.0000 +0.0000 +0.0000 +0.0000 +0.0000 +0.0000 +0.0000 +0.0000 +0.0000 +0.0000 +0.0000 +0.0000 +0.0000 +0.0000 +0.0000 +0.0000 +0.0000 +0.0000 +0.0000 +0.0000 +0.0000 +0.0000 +0.0000 +0.0000 +0.0000 +0.0000 +0.0000 +0.0000 +0.0000 +0.0000 +0.0000 +0.0000 +0.0000 +0.0000 +0.0000 +0.0000 +0.0000 +0.0000 +0.0000 +0.0000 +0.0000 +0.0000 +0.0000 +0.0000 +0.0000 ;
+0.0000 +0.0000 +0.0000 +0.0000 +0.0000 +0.0000 +0.0000 +0.0000 +0.0000 +0.0000 +0.0000 +0.0000 +0.0000 +0.0000 +0.0000 +0.0000 +0.0000 +0.0000 +0.0000 +0.0000 +0.0000 +0.0000 +0.0000 +0.0000 +0.0000 +0.0000 +0.0000 +0.0000 +0.0000 +0.0000 +0.0000 +0.0000 +0.0000 +0.0000 +0.0000 +0.0000 +0.0000 +0.0000 +0.0000 +0.0000 +0.0000 +0.0000 +0.0000 +0.0000 +0.0000 +0.0000 +0.0000 +0.0000 +0.0000 +0.0000 +0.0000 +0.0000 +0.0000 +0.0000 ;
+0.0000 +0.0000 +0.0000 +0.0000 +0.0000 +0.0000 +0.0000 +0.0000 +0.0000 +0.0000 +0.0000 +0.0000 +0.0000 +0.0000 +0.0000 +0.0000 +0.0000 +0.0000 +0.0000 +0.0000 +0.0000 +0.0000 +0.0000 +0.0000 +0.0000 +0.0000 +0.0000 +0.0000 +0.0000 +0.0000 +0.0000 +0.0000 +0.0000 +0.0000 +0.0000 +0.0000 +0.0000 +0.0000 +0.0000 +0.0000 +0.0000 +0.0000 +0.0000 +0.0000 +0.0000 +0.0000 +0.0000 +0.0000 +0.0000 +0.0000 +0.0000 +0.0000 +0.0000 +0.0000 ;
+0.0000 +0.0000 +0.0000 +0.0000 +0.0000 +0.0000 +0.0000 +0.0000 +0.0000 +0.0000 +0.0000 +0.0000 +0.0000 +0.0000 +0.0000 +0.0000 +0.0000 +0.0000 +0.0000 +0.0000 +0.0000 +0.0000 +0.0000 +0.0000 +0.0000 +0.0000 +0.0000 +0.0000 +0.0000 +0.0000 +0.0000 +0.0000 +0.0000 +0.0000 +0.0000 +0.0000 +0.0000 +0.0000 +0.0000 +0.0000 +0.0000 +0.0000 +0.0000 +0.0000 +0.0000 +0.0000 +0.0000 +0.0000 +0.0000 +0.0000 +0.0000 +0.0000 +0.0000 +0.0000 ;
+0.0000 +0.0000 +0.0000 +0.0000 +0.0000 +0.0000 +0.0000 +0.0000 +0.0000 +0.0000 +0.0000 +0.0000 +0.0000 +0.0000 +0.0000 +0.0000 +0.0000 +0.0000 +0.0000 +0.0000 +0.0000 +0.0000 +0.0000 +0.0000 +0.0000 +0.0000 +0.0000 +0.0000 +0.0000 +0.0000 +0.0000 +0.0000 +0.0000 +0.0000 +0.0000 +0.0000 +0.0000 +0.0000 +0.0000 +0.0000 +0.0000 +0.0000 +0.0000 +0.0000 +0.0000 +0.0000 +0.0000 +0.0000 +0.0000 +0.0000 +0.0000 +0.0000 +0.0000 +0.0000 ;
+0.0000 +0.0000 +0.0000 +0.0000 +0.0000 +0.0000 +0.0000 +0.0000 +0.0000 +0.0000 +0.0000 +0.0000 +0.0000 +0.0000 +0.0000 +0.0000 +0.0000 +0.0000 +0.0000 +0.0000 +0.0000 +0.0000 +0.0000 +0.0000 +0.0000 +0.0000 +0.0000 +0.0000 +0.0000 +0.0000 +0.0000 +0.0000 +0.0000 +0.0000 +0.0000 +0.0000 +0.0000 +0.0000 +0.0000 +0.0000 +0.0000 +0.0000 +0.0000 +0.0000 +0.0000 +0.0000 +0.0000 +0.0000 +0.0000 +0.0000 +0.0000 +0.0000 +0.0000 +0.0000 ;
+0.0000 +0.0000 +0.0000 +0.0000 +0.0000 +0.0000 +0.0000 +0.0000 +0.0000 +0.0000 +0.0000 +0.0000 +0.0000 +0.0000 +0.0000 +0.0000 +0.0000 +0.0000 +0.0000 +0.0000 +0.0000 +0.0000 +0.0000 +0.0000 +0.0000 +0.0000 +0.0000 +0.0000 +0.0000 +0.0000 +0.0000 +0.0000 +0.0000 +0.0000 +0.0000 +0.0000 +0.0000 +0.0000 +0.0000 +0.0000 +0.0000 +0.0000 +0.0000 +0.0000 +0.0000 +0.0000 +0.0000 +0.0000 +0.0000 +0.0000 +0.0000 +0.0000 +0.0000 +0.0000 ;
+0.0000 +0.0000 +0.0000 +0.0000 +0.0000 +0.0000 +0.0000 +0.0000 +0.0000 +0.0000 +0.0000 +0.0000 +0.0000 +0.0000 +0.0000 +0.0000 +0.0000 +0.0000 +0.0000 +0.0000 +0.0000 +0.0000 +0.0000 +0.0000 +0.0000 +0.0000 +0.0000 +0.0000 +0.0000 +0.0000 +0.0000 +0.0000 +0.0000 +0.0000 +0.0000 +0.0000 +0.0000 +0.0000 +0.0000 +0.0000 +0.0000 +0.0000 +0.0000 +0.0000 +0.0000 +0.0000 +0.0000 +0.0000 +0.0000 +0.0000 +0.0000 +0.0000 +0.0000 +0.0000 ;
+0.0000 +0.0000 +0.0000 +0.0000 +0.0000 +0.0000 +0.0000 +0.0000 +0.0000 +0.0000 +0.0000 +0.0000 +0.0000 +0.0000 +0.0000 +0.0000 +0.0000 +0.0000 +0.0000 +0.0000 +0.0000 +0.0000 +0.0000 +0.0000 +0.0000 +0.0000 +0.0000 +0.0000 +0.0000 +0.0000 +0.0000 +0.0000 +0.0000 +0.0000 +0.0000 +0.0000 +0.0000 +0.0000 +0.0000 +0.0000 +0.0000 +0.0000 +0.0000 +0.0000 +0.0000 +0.0000 +0.0000 +0.0000 +0.0000 +0.0000 +0.0000 +0.0000 +0.0000 +0.0000 ;
+0.0000 +0.0000 +0.0000 +0.0000 +0.0000 +0.0000 +0.0000 +0.0000 +0.0000 +0.0000 +0.0000 +0.0000 +0.0000 +0.0000 +0.0000 +0.0000 +0.0000 +0.0000 +0.0000 +0.0000 +0.0000 +0.0000 +0.0000 +0.0000 +0.0000 +0.0000 +0.0000 +0.0000 +0.0000 +0.0000 +0.0000 +0.0000 +0.0000 +0.0000 +0.0000 +0.0000 +0.0000 +0.0000 +0.0000 +0.0000 +0.0000 +0.0000 +0.0000 +0.0000 +0.0000 +0.0000 +0.0000 +0.0000 +0.0000 +0.0000 +0.0000 +0.0000 +0.0000 +0.0000 ;
+0.0000 +0.0000 +0.0000 +0.0000 +0.0000 +0.0000 +0.0000 +0.0000 +0.0000 +0.0000 +0.0000 +0.0000 +0.0000 +0.0000 +0.0000 +0.0000 +0.0000 +0.0000 +0.0000 +0.0000 +0.0000 +0.0000 +0.0000 +0.0000 +0.0000 +0.0000 +0.0000 +0.0000 +0.0000 +0.0000 +0.0000 +0.0000 +0.0000 +0.0000 +0.0000 +0.0000 +0.0000 +0.0000 +0.0000 +0.0000 +0.0000 +0.0000 +0.0000 +0.0000 +0.0000 +0.0000 +0.0000 +0.0000 +0.0000 +0.0000 +0.0000 +0.0000 +0.0000 +0.0000 ;
+0.0000 +0.0000 +0.0000 +0.0000 +0.0000 +0.0000 +0.0000 +0.0000 +0.0000 +0.0000 +0.0000 +0.0000 +0.0000 +0.0000 +0.0000 +0.0000 +0.0000 +0.0000 +0.0000 +0.0000 +0.0000 +0.0000 +0.0000 +0.0000 +0.0000 +0.0000 +0.0000 +0.0000 +0.0000 +0.0000 +0.0000 +0.0000 +0.0000 +0.0000 +0.0000 +0.0000 +0.0000 +0.0000 +0.0000 +0.0000 +0.0000 +0.0000 +0.0000 +0.0000 +0.0000 +0.0000 +0.0000 +0.0000 +0.0000 +0.0000 +0.0000 +0.0000 +0.0000 +0.0000 ;
+0.0000 +0.0000 +0.0000 +0.0000 +0.0000 +0.0000 +0.0000 +0.0000 +0.0000 +0.0000 +0.0000 +0.0000 +0.0000 +0.0000 +0.0000 +0.0000 +0.0000 +0.0000 +0.0000 +0.0000 +0.0000 +0.0000 +0.0000 +0.0000 +0.0000 +0.0000 +0.0000 +0.0000 +0.0000 +0.0000 +0.0000 +0.0000 +0.0000 +0.0000 +0.0000 +0.0000 +0.0000 +0.0000 +0.0000 +0.0000 +0.0000 +0.0000 +0.0000 +0.0000 +0.0000 +0.0000 +0.0000 +0.0000 +0.0000 +0.0000 +0.0000 +0.0000 +0.0000 +0.0000 ;
+0.0000 +0.0000 +0.0000 +0.0000 +0.0000 +0.0000 +0.0000 +0.0000 +0.0000 +0.0000 +0.0000 +0.0000 +0.0000 +0.0000 +0.0000 +0.0000 +0.0000 +0.0000 +0.0000 +0.0000 +0.0000 +0.0000 +0.0000 +0.0000 +0.0000 +0.0000 +0.0000 +0.0000 +0.0000 +0.0000 +0.0000 +0.0000 +0.0000 +0.0000 +0.0000 +0.0000 +0.0000 +0.0000 +0.0000 +0.0000 +0.0000 +0.0000 +0.0000 +0.0000 +0.0000 +0.0000 +0.0000 +0.0000 +0.0000 +0.0000 +0.0000 +0.0000 +0.0000 +0.0000 ;
-0.2268 +0.2290 +0.0000 -0.0000 -0.0000 +0.0000 +0.0000 +0.0000 +0.0000 +0.0000 -0.0000 +0.0000 +0.0000 -0.0000 -0.0535 -0.1065 -0.0000 +0.1000 +0.0000 +0.0000 +0.0000 +0.0000 +0.0000 -0.0000 -0.1504 +0.0000 -0.0000 +0.0896 +0.1551 +0.1837 +0.1264 +0.0862 +0.1104 +0.0805 +0.0000 +0.0000 +0.1904 +0.0000 +0.0000 +0.0000 -0.0531 -0.0000 -0.0779 -0.0104 -0.0000 -0.0864 -0.0000 -0.0018 -0.0000 +0.0000 +0.0000 +0.0000 +0.0000 +0.5066 ;
+0.0000 +0.0000 -0.0196 +0.0442 +0.0000 +0.0603 -0.0917 -0.0040 -0.0972 +0.0000 -0.1383 -0.0501 -0.0000 +0.0070 +0.0144 +0.0063 +0.0715 +0.1097 +0.0000 +0.1434 +0.2764 +0.3199 +0.0000 -0.0000 +0.2878 -0.0000 -0.0000 +0.2146 +0.0174 +0.1527 +0.0000 +0.1293 +0.1691 +0.1023 +0.0326 +0.0438 +0.1291 +0.1486 +0.0416 +0.2094 -0.0000 -0.0000 -0.0000 +0.0000 +0.0000 +0.0000 +0.0000 +0.0000 +0.0000 +0.0000 +0.0000 +0.0000 +0.0000 +0.3412 ;
-0.0149 +0.0000 +0.1324 +0.1049 -0.0290 +0.0626 +0.1325 +0.2451 -0.0835 -0.0600 +0.0060 +0.0962 +0.1098 +0.1928 -0.3760 -0.1087 -0.2752 -0.3301 -0.3083 -0.0256 +0.0259 -0.0000 -0.0000 +0.0000 -0.0483 -0.3539 +0.2768 -0.0573 +0.0000 +0.0000 +0.0000 +0.0000 +0.5225 +0.0000 +0.0000 +0.0000 +0.0000 +0.0000 +0.0000 +0.0000 -0.1387 -0.3683 -0.1754 -0.3444 -0.2145 -0.3281 -0.3989 -0.2071 -0.3765 -0.3987 -0.3225 -0.2013 +0.0000 -0.5185 ;
-0.0387 +0.0578 +0.0993 +0.0698 +0.1687 +0.1835 +0.0000 +0.0402 +0.0000 -0.0000 +0.0000 -0.0000 +0.0329 -0.0000 +0.0018 +0.1794 +0.0998 +0.0000 +0.0000 -0.0730 -0.0300 +0.2543 +0.0000 -0.0000 +0.0000 +0.0397 +0.0000 +0.1046 +0.0000 +0.0000 +0.0000 +0.0000 +0.0000 +0.0000 +0.0000 +0.0000 +0.0000 +0.0000 +0.0000 +0.0000 -0.0000 -0.1414 -0.0695 -0.1671 -0.1519 +0.0000 +0.0000 +0.0000 +0.0000 +0.0000 +0.0000 +0.0000 +0.0000 +0.2627 ;
-0.0651 +0.0173 +0.1558 +0.0000 -0.1677 -0.2161 -0.2485 -0.2982 -0.3020 +0.0071 -0.1363 -0.2711 +0.0000 +0.2669 -0.0375 +0.1376 +0.1935 +0.1542 +0.0000 +0.0000 +0.0000 +0.1580 -0.0000 +0.3442 +0.2130 +0.0000 -0.2407 +0.0000 +0.0000 +0.4178 +0.0000 +0.4250 +0.4729 +0.4687 +0.0000 +0.0000 +0.5190 +0.5286 +0.0000 +0.0000 -0.1734 +0.0000 +0.0000 +0.0000 +0.0000 +0.0000 -0.2155 -0.1973 -0.3757 -0.4555 +0.0000 +0.0000 +0.0000 -0.5082 ;
-0.0184 -0.2901 +0.0562 -0.0764 -0.1176 -0.0908 -0.3808 -0.2601 -0.4745 -0.4049 -0.3777 -0.3741 +0.0000 -0.2133 +0.1856 +0.0216 +0.0382 +0.2603 +0.0000 -0.1896 -0.1345 -0.0000 +0.0000 +0.5387 +0.0000 -0.2623 +0.0000 +0.1833 +0.0000 +0.0000 +0.0000 +0.0000 +0.0000 +0.0000 +0.0000 +0.0000 +0.0000 +0.0000 +0.0000 +0.0000 -0.1973 -0.1933 -0.2348 -0.0645 -0.0623 -0.1367 -0.1274 -0.0794 +0.0000 +0.0000 +0.0000 +0.0000 +0.0000 -0.2471 ;
+0.0000 +0.0244 -0.0654 +0.1584 -0.0602 +0.1993 +0.0000 +0.0000 +0.0000 +0.0000 +0.0000 +0.0000 +0.0000 -0.0491 +0.0499 +0.0000 +0.0420 +0.0000 -0.2225 -0.1738 +0.0799 -0.0681 +0.0464 -0.1426 +0.0000 +0.0973 +0.1366 +0.0000 +0.2307 +0.0308 +0.1817 +0.0981 +0.2341 +0.1840 +0.0000 +0.0000 +0.0000 +0.0000 +0.0000 +0.0000 -0.1276 -0.1608 -0.0083 -0.0391 -0.1977 -0.1680 -0.0292 +0.0000 +0.0000 +0.0000 +0.0000 +0.0000 +0.0000 -0.0039 ;
+0.0000 +0.0000 -0.3447 +0.0000 +0.0000 +0.0000 +0.0000 +0.0000 +0.0000 +0.0000 +0.0000 +0.0000 +0.0000 -0.0792 -0.1962 -0.2620 +0.2548 +0.0000 +0.0000 -0.0975 +0.0000 +0.0000 +0.0000 +0.0762 +0.0000 -0.3828 +0.0000 +0.0000 +0.0000 +0.2423 +0.0422 +0.2397 +0.0621 +0.0440 +0.2053 +0.0000 +0.0000 +0.0000 +0.0000 +0.0000 -0.1754 -0.2274 +0.0000 -0.2589 -0.3225 -0.3234 -0.2862 +0.0000 +0.0000 +0.0000 +0.0000 -0.3574 +0.0000 -0.5292 ;
+0.0000 +0.1284 -0.2752 +0.0000 +0.0000 +0.0000 +0.0000 +0.0000 +0.0000 +0.0000 +0.0000 +0.0000 +0.0000 -0.4451 -0.2527 -0.1102 +0.3207 +0.0000 +0.2889 -0.0753 -0.1578 +0.0666 +0.1078 +0.1437 -0.0000 -0.4592 +0.2706 +0.0232 +0.0000 +0.0000 +0.2231 +0.2121 +0.0335 +0.1134 +0.0000 +0.1306 +0.0000 +0.1188 +0.0000 +0.0000 -0.3262 -0.2327 -0.3483 -0.3910 -0.2501 -0.2954 -0.3607 +0.0000 +0.0000 +0.0000 +0.0000 +0.0000 +0.0000 -0.5292 ;
-0.0549 +0.0000 +0.0000 -0.0450 +0.0000 +0.0000 +0.0000 +0.0000 +0.0000 +0.0000 +0.0000 +0.0000 +0.0000 +0.1031 +0.0565 -0.2175 +0.0000 +0.0000 +0.3951 -0.2227 +0.1778 +0.2041 +0.0000 +0.2137 -0.0000 -0.2252 -0.0976 -0.0643 +0.0000 +0.2573 +0.0080 +0.0111 +0.2294 +0.0000 +0.0446 +0.0000 +0.0000 +0.0000 +0.0000 +0.0363 +0.0000 +0.0000 -0.1701 -0.3833 -0.2875 +0.0000 -0.2087 +0.0000 -0.3767 +0.0000 +0.0000 -0.2638 -0.3522 -0.5292 ;
+0.0000 +0.1798 +0.0000 +0.0000 -0.2175 +0.0000 +0.0000 +0.0000 +0.0000 +0.0000 +0.0000 +0.0000 +0.0000 -0.0765 -0.2006 -0.2067 +0.3717 +0.0000 +0.3385 +0.1537 -0.2360 +0.0363 +0.1086 +0.2161 -0.0000 -0.4267 +0.3496 +0.1132 +0.1756 +0.0000 +0.0237 +0.0000 +0.1899 +0.0295 +0.0587 +0.1232 +0.0000 +0.0000 +0.0000 +0.0769 +0.0000 +0.0000 +0.0000 -0.3608 -0.2629 -0.2433 -0.3720 -0.3000 -0.2065 -0.3555 +0.0000 -0.3829 +0.0000 -0.5292 ;
+0.0000 +0.0000 +0.0000 +0.0000 +0.0000 -0.0463 +0.0000 +0.0000 +0.0000 +0.0000 +0.0000 +0.0000 +0.0000 -0.0131 +0.0000 -0.1136 -0.3304 +0.3527 +0.0000 -0.1035 +0.0000 +0.1731 +0.0000 +0.1407 -0.0000 -0.2887 +0.3619 +0.0740 +0.0000 +0.1861 +0.1247 +0.2190 +0.0000 +0.2156 +0.0718 +0.0670 +0.0000 +0.0000 +0.0000 +0.0000 +0.0000 -0.2504 -0.3353 +0.0000 +0.0000 -0.3767 -0.3569 -0.2776 -0.2570 +0.0000 +0.0000 -0.3983 +0.0000 -0.5292 ;
-0.1208 -0.1893 +0.0000 +0.0000 +0.0000 -0.4064 -0.2145 +0.0000 +0.0000 +0.0000 +0.0000 +0.0000 +0.0000 +0.1611 -0.4583 -0.2417 +0.1027 +0.4544 +0.2491 +0.0876 -0.0421 +0.0725 -0.0000 +0.1729 -0.0000 -0.4622 -0.1702 -0.1374 +0.0000 +0.0000 +0.0860 +0.0835 +0.1519 +0.0000 +0.2362 +0.1125 +0.2571 +0.0000 +0.0000 +0.0000 +0.0000 -0.3731 +0.0000 -0.4118 -0.3076 -0.2055 -0.3780 -0.1530 +0.0000 +0.0000 +0.0000 +0.0000 -0.2957 -0.5292 ;
+0.0000 +0.1949 +0.0000 +0.0000 +0.0000 +0.0000 +0.0000 -0.2184 +0.0000 +0.0000 +0.0000 +0.0000 +0.0000 -0.3761 +0.3300 +0.0890 -0.3769 +0.0000 +0.4330 -0.0020 +0.0000 +0.0000 +0.1439 +0.1919 -0.0000 -0.3149 +0.4239 +0.0000 +0.0000 +0.0000 +0.0000 +0.0849 +0.1591 +0.1761 +0.0000 +0.1768 +0.1616 +0.1586 +0.0000 +0.0000 +0.0000 -0.1754 +0.0000 +0.0000 -0.2869 -0.3025 +0.0000 +0.0000 -0.3065 -0.2506 -0.3788 -0.2303 +0.0000 -0.5292 ;
+0.0000 -0.0389 +0.0000 +0.0000 +0.0000 +0.0000 +0.0000 +0.0505 +0.0000 +0.0000 +0.0000 +0.0000 +0.0000 +0.0000 +0.2615 +0.0678 -0.3907 -0.2803 +0.4370 -0.1203 -0.1923 +0.2157 -0.0000 +0.2572 -0.0000 -0.2678 +0.3826 +0.0610 +0.0000 +0.0000 +0.0000 +0.0982 +0.0000 +0.2154 +0.0971 +0.0101 +0.2554 +0.2308 +0.0277 +0.0000 -0.1431 +0.0000 -0.4235 -0.2222 +0.0000 -0.1881 +0.0000 -0.1831 -0.2526 -0.4086 -0.2299 +0.0000 +0.0000 -0.5292 ;
-0.1780 +0.0597 +0.0000 +0.0000 +0.0000 +0.0000 +0.0000 +0.0000 -0.3293 +0.0000 +0.0000 +0.0000 +0.0000 +0.0000 +0.0000 +0.0039 -0.0125 +0.2812 -0.3942 -0.0205 +0.0431 +0.0000 +0.0000 +0.1978 -0.0000 -0.4676 +0.0016 +0.0392 +0.0000 +0.0000 +0.0000 +0.0000 +0.0000 +0.0000 +0.1866 +0.0279 +0.0116 +0.1022 +0.1098 +0.2156 +0.0000 +0.0000 +0.0000 +0.0000 +0.0000 -0.3578 -0.2170 -0.3498 -0.2648 -0.4440 +0.0000 -0.2035 -0.2142 -0.5292 ;
+0.0000 -0.2402 +0.0000 +0.0000 +0.0000 +0.0000 +0.0000 +0.0000 +0.0000 -0.3146 +0.0000 +0.0000 +0.0000 +0.0000 +0.0000 +0.0000 -0.0303 +0.0918 -0.0975 -0.1028 -0.1746 +0.0439 -0.0000 +0.2684 -0.0000 -0.3504 +0.3906 +0.2729 +0.0000 +0.0000 +0.0000 +0.0000 +0.0000 +0.0000 +0.1374 +0.2492 +0.1223 +0.0118 +0.0289 +0.1740 +0.0000 +0.0000 +0.0000 +0.0000 -0.2981 -0.3872 -0.2944 +0.0000 +0.0000 -0.2429 -0.2510 -0.3707 -0.4219 -0.5292 ;
+0.0000 +0.1284 +0.0000 +0.0000 +0.0000 +0.0000 +0.0000 +0.0000 +0.0000 +0.0000 -0.2720 +0.0000 +0.0000 +0.0000 +0.0000 +0.2532 -0.4055 +0.0933 -0.0170 +0.0000 -0.1016 +0.1609 +0.0131 +0.2565 -0.0000 -0.4321 +0.3077 -0.1061 +0.0000 +0.0000 +0.0000 +0.0000 +0.0000 +0.0000 +0.0710 +0.0989 +0.2009 +0.2122 +0.0110 +0.0566 +0.0000 +0.0000 +0.0000 +0.0000 +0.0000 +0.0000 -0.2270 -0.3256 -0.3281 -0.2767 -0.2864 -0.1954 -0.3884 -0.5292 ;
-0.1030 +0.0082 +0.0000 +0.0000 +0.0000 +0.0000 +0.0000 +0.0000 +0.0000 +0.0000 +0.0000 -0.0900 -0.2394 +0.3459 +0.2704 +0.0397 +0.0262 -0.2292 -0.3967 -0.0694 -0.0393 +0.0412 +0.1029 -0.4019 -0.0000 -0.4143 -0.2957 -0.0987 +0.0000 +0.0000 +0.0000 +0.0000 +0.0419 +0.2239 +0.0487 +0.2244 +0.1984 +0.1870 +0.1951 +0.0000 +0.0000 +0.0000 +0.0000 +0.0000 +0.0000 -0.3771 -0.3720 -0.3226 -0.3602 -0.2350 -0.2548 -0.2892 -0.3389 -0.5292 ;
-0.2125 +0.0000 -0.0437 +0.0000 +0.2950 +0.2748 +0.2687 +0.2912 +0.1827 +0.1931 +0.1132 +0.1248 +0.1861 -0.3451 -0.3358 -0.1794 +0.0000 +0.0000 +0.0000 -0.0177 +0.0000 +0.0000 +0.0000 +0.0000 +0.0000 +0.0000 +0.2708 +0.0000 +0.0000 +0.1504 +0.2159 +0.2645 +0.1909 +0.2420 +0.0000 +0.0000 +0.0000 +0.0000 +0.0000 +0.0000 +0.0000 +0.0000 +0.0000 +0.0000 +0.0000 +0.0000 +0.0000 +0.0000 +0.0000 +0.0000 -0.1534 +0.0000 +0.0000 -0.5292 ;
-0.0145 +0.0000 +0.1947 +0.0000 +0.0000 +0.1333 +0.2768 +0.1631 +0.2656 +0.2449 +0.1610 +0.2976 +0.1087 +0.0262 -0.3592 -0.2050 +0.0000 +0.0000 +0.0000 -0.1555 -0.0467 -0.0000 -0.0000 +0.2792 -0.0000 -0.1672 +0.0389 +0.2599 +0.1276 +0.1688 +0.0000 +0.0969 +0.1841 +0.0000 +0.0000 +0.0000 +0.0000 +0.0000 +0.0000 +0.2932 -0.2989 +0.0000 +0.0000 +0.0000 +0.0000 +0.0000 +0.0000 +0.0000 +0.0000 +0.0000 +0.0000 +0.0000 -0.1667 -0.5292 ;
-0.1817 -0.0415 +0.1342 +0.1355 +0.0000 +0.1319 +0.1731 +0.0000 +0.1112 +0.2058 +0.2435 +0.2464 -0.0206 +0.0964 -0.4503 -0.4641 +0.0000 +0.0000 +0.0000 -0.2052 +0.0000 +0.0000 -0.0000 +0.0089 -0.0000 -0.3337 +0.1516 +0.0000 +0.0000 +0.0000 +0.1018 +0.1996 +0.1508 +0.0000 +0.2343 +0.0000 +0.0000 +0.0000 +0.1975 +0.0000 +0.0000 -0.3423 +0.0000 -0.2924 +0.0000 +0.0000 +0.0000 +0.0000 +0.0000 +0.0000 +0.0000 +0.0000 +0.0000 -0.5292 ;
-0.1464 +0.0000 +0.1076 +0.2303 +0.1786 -0.1887 +0.2994 +0.0000 +0.2387 +0.2919 +0.1187 +0.2960 +0.0000 -0.3394 -0.2804 -0.4502 +0.0000 +0.0000 +0.0000 -0.0657 -0.0828 -0.0000 -0.0000 +0.2804 -0.0000 -0.3219 +0.1215 +0.0424 +0.0000 +0.2567 +0.2208 +0.1816 +0.1884 +0.2270 +0.0000 +0.0000 +0.0000 +0.0000 +0.0000 +0.0000 +0.0000 +0.0000 +0.0000 +0.0000 +0.0000 +0.0000 +0.0000 -0.3841 -0.3964 +0.0000 +0.0000 +0.0000 +0.0000 -0.5292 ;
-0.2334 +0.3042 +0.0000 -0.0398 +0.3128 +0.1593 +0.1995 +0.0952 +0.1834 +0.0753 +0.1730 +0.2828 +0.0000 -0.2978 -0.1271 -0.2983 +0.0000 +0.0000 +0.0000 -0.1588 +0.0000 +0.0000 -0.0000 +0.0254 -0.0000 +0.0000 +0.1999 +0.0000 +0.0000 +0.0000 +0.0000 +0.0000 +0.0000 +0.1805 +0.2964 +0.3041 +0.0000 +0.0000 +0.2428 +0.2380 -0.3254 +0.0000 +0.0000 +0.0000 +0.0000 -0.1861 +0.0000 +0.0000 +0.0000 +0.0000 +0.0000 +0.0000 +0.0000 -0.5292 ;
-0.0298 -0.1886 +0.0000 +0.0267 +0.0974 +0.2002 +0.1306 +0.2776 +0.2694 +0.2947 +0.0865 +0.2634 +0.0000 -0.4124 -0.0092 -0.4309 +0.0000 +0.0000 +0.0000 -0.0937 -0.0644 -0.0000 -0.0000 +0.2917 -0.0000 -0.2887 +0.0220 +0.2404 +0.3024 +0.0000 +0.1099 +0.0000 +0.0000 +0.0000 +0.1346 +0.3028 +0.0783 +0.0000 +0.0000 +0.0000 +0.0000 +0.0000 +0.0000 -0.2795 +0.0000 +0.0000 +0.0000 +0.0000 +0.0000 -0.2919 +0.0000 +0.0000 +0.0000 -0.5292 ;
-0.0614 +0.2078 +0.0752 +0.0876 +0.0000 +0.3001 +0.2391 +0.2416 -0.1430 +0.2277 +0.0323 +0.3212 +0.3233 +0.0000 -0.3766 -0.3450 -0.2504 +0.0000 +0.0000 -0.0778 +0.0000 +0.0000 +0.0000 -0.1850 -0.0000 -0.3215 +0.3007 -0.2575 +0.0000 +0.0000 +0.1592 +0.0869 +0.0000 +0.1688 +0.0000 +0.0000 +0.2534 +0.2504 +0.2827 +0.0000 -0.2528 +0.0000 +0.0000 +0.0000 +0.0000 +0.0000 +0.0000 +0.0000 +0.0000 +0.0000 +0.0000 +0.0000 +0.0000 -0.5292 ;
-0.1294 -0.2071 +0.2920 +0.2412 +0.0000 +0.2334 -0.2565 +0.2887 +0.1598 +0.2725 +0.3111 +0.3155 +0.1712 +0.0000 -0.2299 +0.0438 -0.3891 +0.0000 +0.0000 -0.0276 -0.0851 +0.0181 -0.0000 +0.3249 -0.0000 -0.2006 +0.0811 +0.1197 +0.0000 +0.0000 +0.2250 +0.0000 +0.0965 +0.2219 +0.2329 +0.2577 +0.0000 +0.0000 +0.0000 +0.0000 +0.0000 -0.2890 +0.0000 +0.0000 +0.0000 +0.0000 +0.0000 +0.0000 -0.1252 +0.0000 +0.0000 +0.0000 +0.0000 -0.5292 ;
-0.1138 +0.1918 +0.0000 +0.0000 +0.0873 +0.2619 +0.1065 +0.2687 +0.2348 +0.1068 +0.1330 +0.1652 +0.2474 +0.0000 +0.0000 -0.4244 -0.0282 -0.2603 +0.0000 +0.0000 -0.0380 +0.0489 -0.0254 +0.0157 -0.0000 +0.0000 -0.0355 +0.0000 +0.0000 +0.0000 +0.0000 +0.0000 +0.3136 +0.0962 +0.2094 +0.1401 +0.2259 +0.0000 +0.0000 +0.0000 +0.0000 +0.0000 +0.0000 +0.0000 -0.3340 +0.0000 +0.0000 +0.0000 +0.0000 +0.0000 +0.0000 -0.3366 +0.0000 -0.5292 ;
-0.0431 +0.0000 +0.1379 +0.1176 +0.1823 +0.3050 +0.1693 +0.0000 +0.0000 +0.0621 +0.2756 +0.1133 +0.1969 +0.0000 +0.0000 -0.2701 -0.4730 -0.4680 +0.0000 -0.2047 -0.1219 -0.0000 -0.0000 +0.4481 -0.0000 -0.4797 -0.0478 +0.0031 +0.0000 +0.0000 +0.0000 +0.0000 +0.0000 +0.0000 +0.0000 +0.1061 +0.1837 +0.3227 +0.3389 +0.0963 +0.0000 +0.0000 +0.0000 +0.0000 +0.0000 +0.0000 +0.0000 +0.0000 -0.3101 +0.0000 -0.3089 +0.0000 +0.0000 -0.5292 ;
-0.0925 +0.0240 +0.0927 +0.1555 +0.2392 +0.1383 +0.1561 +0.1600 +0.2548 +0.1724 +0.1030 +0.0000 +0.0000 +0.0000 +0.0000 +0.0000 -0.3715 -0.0061 -0.4241 -0.0291 +0.0000 +0.0000 -0.0000 +0.1066 -0.0000 -0.2461 -0.0174 +0.0000 +0.0000 +0.0000 +0.0000 +0.0000 +0.0000 +0.0000 +0.0652 +0.3163 +0.0974 +0.2929 +0.0944 +0.0000 +0.0000 +0.0000 +0.0000 +0.0000 +0.0000 +0.0000 +0.0000 +0.0000 +0.0000 -0.2275 +0.0000 -0.1799 +0.0000 -0.5292 ;
-0.1725 +0.0000 +0.1391 +0.2006 +0.1095 +0.2920 +0.1590 +0.0000 +0.2019 +0.1446 +0.0000 +0.1059 +0.0876 +0.0000 +0.0000 +0.0000 -0.3617 -0.1175 -0.2417 -0.0798 -0.0094 -0.0000 -0.0000 +0.2525 -0.0000 -0.3506 -0.1483 +0.1683 +0.0000 +0.0000 +0.0000 +0.0000 +0.0000 +0.0000 +0.1924 +0.0861 +0.0000 +0.2644 +0.1974 +0.2430 +0.0000 +0.0000 -0.2756 +0.0000 +0.0000 +0.0000 -0.3751 +0.0000 +0.0000 +0.0000 +0.0000 +0.0000 +0.0000 -0.5292 ;
-0.2347 -0.0340 +0.2448 +0.0791 +0.0499 +0.1473 +0.2005 +0.0000 +0.0977 +0.3048 +0.2149 +0.0780 +0.1341 +0.0000 +0.0000 -0.2167 -0.4592 -0.3224 -0.1873 -0.0815 +0.1732 -0.0000 -0.0000 +0.0331 -0.0000 -0.2294 +0.1479 -0.0572 +0.0000 +0.2685 +0.0000 +0.0000 +0.0000 +0.0000 +0.2577 +0.2130 +0.2236 +0.0962 +0.1316 +0.0000 +0.0000 +0.0000 +0.0000 +0.0000 +0.0000 +0.0000 -0.4208 +0.0000 +0.0000 +0.0000 -0.3835 +0.0000 +0.0000 -0.5292 ;
+0.0000 +0.0000 +0.0000 +0.0000 +0.0000 +0.0000 +0.0000 +0.0000 +0.0000 +0.0000 +0.0000 +0.0000 +0.0000 +0.0000 +0.0000 +0.0000 +0.0000 +0.0000 +0.0000 +0.0000 +0.0000 +0.0000 +0.0000 +0.0000 +0.0000 +0.0000 +0.0000 +0.0000 +0.0000 +0.0000 +0.0000 +0.0000 +0.0000 +0.0000 +0.0000 +0.0000 +0.0000 +0.0000 +0.0000 +0.0000 +0.0000 +0.0000 +0.0000 +0.0000 +0.0000 +0.0000 +0.0000 +0.0000 +0.0000 +0.0000 +0.0000 +0.0000 +0.0000 +0.0000 ;
