brainFunction 22864 39 21 504 24776 2-9 10-16 17-20
0 0.480223
1 0.206479
2 0.56328
3 0.423529
4 0.35508
5 0.546168
6 0.872014
7 0.492692
8 0.64492
9 0.400357
10 0.434759
11 0.35098
12 0.437433
13 0.61729
14 0.388057
15 0.561676
16 0.268093
17 0.485918
18 0.400357
19 0.543316
20 0.352228
21 0.215907
22 0.971127
23 0.182726
24 0.45296
25 0.55972
26 0.0947365
27 0.596408
28 0.328163
29 0.229683
30 0.0904531
31 0.0344822
32 0.144886
33 0.0789118
34 0.0235376
35 0.0267605
36 0.0249606
37 0.0394883
38 0.0444014
0 0.0540088
1 0.702977
2 0.34902
3 0.34902
4 0.336898
5 0.140107
6 0.00784314
7 0.00784314
8 0.00784314
9 0.00784314
10 0.25098
11 0.25098
12 0.234938
13 0.241355
14 0.247059
15 0.247059
16 0.247059
17 0.14902
18 0.32656
19 0.992157
20 0.992157
21 0.171606
22 0.965503
23 0.098287
24 0.494677
25 0.442483
26 0.0647546
27 0.488734
28 0.261279
29 0.125805
30 0.0827896
31 0.0243111
32 0.10702
33 0.0599202
34 0.0132142
35 0.027018
36 0.0111054
37 0.0400585
38 0.0274606
0 0.772243
1 0.6955
2 0.34902
3 0.33262
4 0.0534759
5 0.00784314
6 0.00784314
7 0.00784314
8 0.00784314
9 0.00784314
10 0.25098
11 0.253119
12 0.247059
13 0.247059
14 0.247059
15 0.247059
16 0.247059
17 0.159002
18 0.92549
19 0.992157
20 0.992157
21 0.218571
22 0.938648
23 0.0309966
24 0.519425
25 0.461913
26 0.0261354
27 0.41328
28 0.222254
29 0.107503
30 0.0752223
31 0.0442573
32 0.0426709
33 0.0415888
34 0.0187219
35 0.0231229
36 0.00921591
37 0.0246261
38 0.0306471
0 0.993419
1 0.687932
2 0.0117647
3 0.0117647
4 0.0117647
5 0.0117647
6 0.0117647
7 0.0117647
8 0.0424242
9 0.34902
10 0.247059
11 0.247059
12 0.247059
13 0.247059
14 0.247059
15 0.247059
16 0.250802
17 0.992157
18 0.992157
19 0.992157
20 0.532264
21 0.199468
22 0.926522
23 0.0477613
24 0.390098
25 0.475031
26 0.0344678
27 0.296835
28 0.314499
29 0.0910051
30 0.0768035
31 0.0665218
32 0.0604829
33 0.0717616
34 0.0350196
35 0.06322
36 0.015161
37 0.0292029
38 0.038334
0 0.571434
1 0.680984
2 0.0156863
3 0.0156863
4 0.0156863
5 0.0156863
6 0.34902
7 0.34902
8 0.34902
9 0.34902
10 0.247059
11 0.247059
12 0.247059
13 0.24902
14 0.25098
15 0.25098
16 0.25098
17 0.992157
18 0.992157
19 0.14902
20 0.14902
21 0.143427
22 0.947832
23 0.121286
24 0.209961
25 0.3976
26 0.145098
27 0.347426
28 0.390367
29 0.190123
30 0.0761296
31 0.0611627
32 0.161433
33 0.0862514
34 0.0428304
35 0.0537947
36 0.0100483
37 0.0493126
38 0.024468
0 0.925815
1 0.674224
2 0.34902
3 0.34902
4 0.34902
5 0.34902
6 0.34902
7 0.34902
8 0.34902
9 0.34902
10 0.25098
11 0.25098
12 0.25098
13 0.25098
14 0.25098
15 0.25098
16 0.25098
17 0.14902
18 0.14902
19 0.14902
20 0.14902
21 0.17384
22 0.936354
23 0.183712
24 0.222834
25 0.402911
26 0.100747
27 0.393294
28 0.274934
29 0.116619
30 0.0660193
31 0.0561163
32 0.124049
33 0.102957
34 0.0733788
35 0.113853
36 0.0455964
37 0.0711413
38 0.0600765
0 0.217701
1 0.667628
2 0.105526
3 0.12549
4 0.12549
5 0.12549
6 0.12549
7 0.12549
8 0.12549
9 0.12549
10 0.0955437
11 0.12549
12 0.12549
13 0.12549
14 0.12549
15 0.12549
16 0.12549
17 0.26025
18 0.12549
19 0.12549
20 0.12549
21 0.177718
22 0.931451
23 0.108641
24 0.438414
25 0.313525
26 0.0219352
27 0.458055
28 0.176579
29 0.0738821
30 0.0710903
31 0.0315508
32 0.0512635
33 0.0345241
34 0.0274717
35 0.0454748
36 0.0180296
37 0.0383539
38 0.0390111
0 0.849083
1 0.661125
2 0.0392157
3 0.0392157
4 0.0392157
5 0.0392157
6 0.0392157
7 0.0392157
8 0.0392157
9 0.0392157
10 0.0313726
11 0.0313726
12 0.0313726
13 0.0313725
14 0.0313725
15 0.0313726
16 0.0313725
17 0.87451
18 0.87451
19 0.87451
20 0.87451
21 0.199073
22 0.928725
23 0.160783
24 0.493019
25 0.348546
26 0.0221945
27 0.517074
28 0.188481
29 0.0783934
30 0.0655739
31 0.0341363
32 0.0533106
33 0.0495024
34 0.0246255
35 0.0321363
36 0.0245768
37 0.0333496
38 0.0422842
0 0.214611
1 0.65446
2 0.0745098
3 0.0745098
4 0.0745098
5 0.0745098
6 0.0745098
7 0.0745098
8 0.0745098
9 0.0745098
10 0.0313726
11 0.0313726
12 0.0313726
13 0.0313725
14 0.0313725
15 0.0313726
16 0.0313725
17 0.894118
18 0.894118
19 0.894118
20 0.894118
21 0.140707
22 0.944355
23 0.171799
24 0.222862
25 0.418193
26 0.148423
27 0.370808
28 0.397495
29 0.176061
30 0.0667849
31 0.0630523
32 0.183528
33 0.124449
34 0.0402813
35 0.0483123
36 0.0169073
37 0.0515998
38 0.0252632
0 0.311427
1 0.647654
2 0.34902
3 0.34902
4 0.34902
5 0.34902
6 0.34902
7 0.34902
8 0.34902
9 0.34902
10 0.25098
11 0.25098
12 0.25098
13 0.25098
14 0.25098
15 0.25098
16 0.25098
17 0.14902
18 0.14902
19 0.14902
20 0.14902
21 0.151334
22 0.950597
23 0.156573
24 0.229622
25 0.437984
26 0.170185
27 0.381815
28 0.413963
29 0.223208
30 0.0882525
31 0.0703123
32 0.196985
33 0.112551
34 0.0403685
35 0.0598816
36 0.0206021
37 0.054799
38 0.028632
0 0.489253
1 0.640522
2 0.34902
3 0.34902
4 0.34902
5 0.34902
6 0.34902
7 0.34902
8 0.34902
9 0.34902
10 0.25098
11 0.25098
12 0.25098
13 0.25098
14 0.25098
15 0.25098
16 0.25098
17 0.14902
18 0.14902
19 0.14902
20 0.14902
21 0.154289
22 0.952364
23 0.161996
24 0.239866
25 0.449229
26 0.167392
27 0.389839
28 0.423473
29 0.226211
30 0.0889968
31 0.0706568
32 0.195301
33 0.117117
34 0.0409631
35 0.0625095
36 0.0234979
37 0.0550383
38 0.0313202
0 0.4021
1 0.633162
2 0.34902
3 0.34902
4 0.34902
5 0.34902
6 0.34902
7 0.34902
8 0.34902
9 0.34902
10 0.25098
11 0.25098
12 0.25098
13 0.25098
14 0.25098
15 0.25098
16 0.25098
17 0.14902
18 0.14902
19 0.14902
20 0.14902
21 0.153678
22 0.952282
23 0.167682
24 0.238522
25 0.460726
26 0.166973
27 0.393524
28 0.424454
29 0.227195
30 0.0886944
31 0.0702831
32 0.193903
33 0.12446
34 0.0411841
35 0.0639022
36 0.0270164
37 0.0552092
38 0.0340779
0 0.235038
1 0.625605
2 0.34902
3 0.34902
4 0.34902
5 0.34902
6 0.34902
7 0.34902
8 0.34902
9 0.34902
10 0.25098
11 0.25098
12 0.25098
13 0.25098
14 0.25098
15 0.25098
16 0.25098
17 0.14902
18 0.14902
19 0.14902
20 0.14902
21 0.151795
22 0.951961
23 0.145384
24 0.235738
25 0.436584
26 0.165585
27 0.368796
28 0.424827
29 0.227174
30 0.089142
31 0.0700732
32 0.192527
33 0.107884
34 0.0413451
35 0.0640841
36 0.0179475
37 0.0544862
38 0.0281442
0 0.680854
1 0.618075
2 0.34902
3 0.34902
4 0.34902
5 0.34902
6 0.34902
7 0.34902
8 0.34902
9 0.34902
10 0.25098
11 0.25098
12 0.25098
13 0.25098
14 0.25098
15 0.25098
16 0.25098
17 0.14902
18 0.14902
19 0.14902
20 0.14902
21 0.15497
22 0.950934
23 0.165431
24 0.241791
25 0.456683
26 0.165036
27 0.391999
28 0.425432
29 0.233883
30 0.0918896
31 0.073589
32 0.197237
33 0.125338
34 0.0409287
35 0.0624191
36 0.0260262
37 0.0548198
38 0.0339492
0 0.292232
1 0.610451
2 0.34902
3 0.34902
4 0.34902
5 0.34902
6 0.34902
7 0.34902
8 0.34902
9 0.34902
10 0.25098
11 0.25098
12 0.25098
13 0.25098
14 0.25098
15 0.25098
16 0.25098
17 0.14902
18 0.14902
19 0.14902
20 0.14902
21 0.152204
22 0.951426
23 0.144821
24 0.241689
25 0.451242
26 0.17064
27 0.357193
28 0.426914
29 0.230141
30 0.0911481
31 0.0712282
32 0.202208
33 0.118867
34 0.0416853
35 0.064098
36 0.0230446
37 0.0550149
38 0.0307951
0 0.423473
1 0.603331
2 0.34902
3 0.34902
4 0.34902
5 0.34902
6 0.34902
7 0.34902
8 0.34902
9 0.240642
10 0.25098
11 0.25098
12 0.25098
13 0.25098
14 0.25098
15 0.25098
16 0.473084
17 0.14902
18 0.14902
19 0.14902
20 0.167558
21 0.141356
22 0.951046
23 0.128115
24 0.243369
25 0.448874
26 0.170584
27 0.317164
28 0.426504
29 0.23463
30 0.0932745
31 0.0730611
32 0.208808
33 0.115449
34 0.0410485
35 0.0580793
36 0.0227098
37 0.049626
38 0.0317275
0 0.434787
1 0.596074
2 0.34902
3 0.34902
4 0.34902
5 0.34902
6 0.34902
7 0.34902
8 0.281283
9 0.2
10 0.25098
11 0.25098
12 0.25098
13 0.25098
14 0.25098
15 0.346168
16 0.6
17 0.14902
18 0.14902
19 0.14902
20 0.186096
21 0.115493
22 0.950504
23 0.0890842
24 0.263985
25 0.478044
26 0.174065
27 0.274501
28 0.427524
29 0.224299
30 0.091708
31 0.0657692
32 0.217479
33 0.137044
34 0.0404401
35 0.0498093
36 0.0215443
37 0.0385544
38 0.032928
0 0.395528
1 0.588693
2 0.34902
3 0.34902
4 0.34902
5 0.34902
6 0.34902
7 0.213547
8 0.2
9 0.2
10 0.25098
11 0.25098
12 0.25098
13 0.25098
14 0.441355
15 0.6
16 0.6
17 0.14902
18 0.14902
19 0.172193
20 0.2
21 0.116586
22 0.9504
23 0.0637336
24 0.281432
25 0.552877
26 0.171509
27 0.268729
28 0.382012
29 0.211252
30 0.093288
31 0.0814617
32 0.201005
33 0.136523
34 0.0378865
35 0.0413245
36 0.0157822
37 0.0359155
38 0.0363112
0 0.390713
1 0.582242
2 0.34902
3 0.34902
4 0.34902
5 0.294831
6 0.2
7 0.2
8 0.2
9 0.2
10 0.25098
11 0.25098
12 0.25098
13 0.536542
14 0.6
15 0.6
16 0.6
17 0.14902
18 0.158289
19 0.2
20 0.2
21 0.113048
22 0.951543
23 0.0557828
24 0.239055
25 0.610531
26 0.167582
27 0.224339
28 0.355744
29 0.197559
30 0.0994489
31 0.0878659
32 0.231635
33 0.142551
34 0.0376671
35 0.0327539
36 0.0144211
37 0.0319775
38 0.0430181
0 0.213156
1 0.575888
2 0.34902
3 0.34902
4 0.281283
5 0.2
6 0.2
7 0.2
8 0.2
9 0.2
10 0.25098
11 0.25098
12 0.520677
13 0.6
14 0.6
15 0.6
16 0.6
17 0.14902
18 0.186096
19 0.2
20 0.2
21 0.108076
22 0.951189
23 0.0533555
24 0.217698
25 0.630402
26 0.173739
27 0.216242
28 0.351983
29 0.194947
30 0.109188
31 0.0870879
32 0.239027
33 0.153989
34 0.0378427
35 0.0322401
36 0.0171378
37 0.0323144
38 0.0533635
0 0.0025519
1 0.569464
2 0.34902
3 0.34902
4 0.227094
5 0.2
6 0.2
7 0.2
8 0.2
9 0.2
10 0.25098
11 0.282709
12 0.6
13 0.6
14 0.6
15 0.6
16 0.6
17 0.14902
18 0.195365
19 0.2
20 0.2
21 0.106453
22 0.951016
23 0.0486441
24 0.253974
25 0.520734
26 0.184565
27 0.23647
28 0.380944
29 0.200773
30 0.102415
31 0.0790223
32 0.182313
33 0.123217
34 0.039398
35 0.0434314
36 0.011261
37 0.0341549
38 0.036023
0 0.686875
1 0.563041
2 0.34902
3 0.34902
4 0.34902
5 0.294831
6 0.2
7 0.2
8 0.2
9 0.2
10 0.25098
11 0.25098
12 0.25098
13 0.536542
14 0.6
15 0.6
16 0.6
17 0.14902
18 0.158289
19 0.2
20 0.2
21 0.113751
22 0.949427
23 0.0611887
24 0.269827
25 0.569364
26 0.173569
27 0.256341
28 0.372704
29 0.21349
30 0.10144
31 0.0915658
32 0.203298
33 0.144182
34 0.0368395
35 0.0380717
36 0.0166891
37 0.0332378
38 0.040369
0 0.213823
1 0.556727
2 0.34902
3 0.34902
4 0.34902
5 0.240642
6 0.2
7 0.2
8 0.2
9 0.2
10 0.25098
11 0.25098
12 0.298574
13 0.6
14 0.6
15 0.6
16 0.6
17 0.14902
18 0.167558
19 0.2
20 0.2
21 0.11142
22 0.949696
23 0.0599869
24 0.270678
25 0.545542
26 0.177589
27 0.260841
28 0.384993
29 0.209009
30 0.100483
31 0.0823692
32 0.194191
33 0.144126
34 0.0388249
35 0.0425463
36 0.0158164
37 0.0347499
38 0.0400082
0 0.346624
1 0.550505
2 0.34902
3 0.34902
4 0.34902
5 0.294831
6 0.2
7 0.2
8 0.2
9 0.2
10 0.25098
11 0.25098
12 0.25098
13 0.536542
14 0.6
15 0.6
16 0.6
17 0.14902
18 0.158289
19 0.2
20 0.2
21 0.112605
22 0.948908
23 0.0771819
24 0.265433
25 0.49241
26 0.179945
27 0.276937
28 0.419816
29 0.22564
30 0.0994282
31 0.0701922
32 0.210255
33 0.157716
34 0.0404273
35 0.0472276
36 0.022608
37 0.0343553
38 0.03918
0 0.218471
1 0.544062
2 0.34902
3 0.34902
4 0.34902
5 0.34902
6 0.308378
7 0.2
8 0.2
9 0.2
10 0.25098
11 0.25098
12 0.25098
13 0.25098
14 0.552406
15 0.6
16 0.6
17 0.14902
18 0.14902
19 0.181462
20 0.2
21 0.144011
22 0.952618
23 0.0311549
24 0.235126
25 0.660748
26 0.161922
27 0.27497
28 0.449635
29 0.260653
30 0.127381
31 0.0872526
32 0.25336
33 0.154792
34 0.035353
35 0.0366673
36 0.0196805
37 0.0325882
38 0.0505508
0 0.102788
1 0.537648
2 0.254189
3 0.2
4 0.2
5 0.2
6 0.2
7 0.2
8 0.2
9 0.2
10 0.488948
11 0.6
12 0.6
13 0.6
14 0.6
15 0.6
16 0.6
17 0.190731
18 0.2
19 0.2
20 0.2
21 0.118943
22 0.95121
23 0.0488394
24 0.23401
25 0.641132
26 0.171438
27 0.207549
28 0.366581
29 0.212269
30 0.117094
31 0.0884916
32 0.229073
33 0.151635
34 0.0409394
35 0.0373361
36 0.014455
37 0.0339356
38 0.0532396
0 0.293467
1 0.531371
2 0.34902
3 0.34902
4 0.227094
5 0.2
6 0.2
7 0.2
8 0.2
9 0.2
10 0.25098
11 0.282709
12 0.6
13 0.6
14 0.6
15 0.6
16 0.6
17 0.14902
18 0.195365
19 0.2
20 0.2
21 0.106349
22 0.948686
23 0.0740256
24 0.227304
25 0.439031
26 0.178778
27 0.241558
28 0.433185
29 0.237262
30 0.112314
31 0.0739215
32 0.191497
33 0.121615
34 0.0427728
35 0.0516057
36 0.0175609
37 0.0348239
38 0.0397733
0 0.604276
1 0.525036
2 0.34902
3 0.34902
4 0.34902
5 0.34902
6 0.34902
7 0.267736
8 0.2
9 0.2
10 0.25098
11 0.25098
12 0.25098
13 0.25098
14 0.330303
15 0.6
16 0.6
17 0.14902
18 0.14902
19 0.162923
20 0.2
21 0.15164
22 0.952668
23 0.0262873
24 0.258572
25 0.658302
26 0.154939
27 0.291224
28 0.471453
29 0.285097
30 0.136983
31 0.093449
32 0.265613
33 0.149295
34 0.0364464
35 0.0376426
36 0.0179577
37 0.0333639
38 0.0496359
0 0.265991
1 0.518966
2 0.2
3 0.2
4 0.2
5 0.2
6 0.2
7 0.2
8 0.2
9 0.2
10 0.6
11 0.6
12 0.6
13 0.6
14 0.6
15 0.6
16 0.6
17 0.2
18 0.2
19 0.2
20 0.2
21 0.122836
22 0.949836
23 0.0568509
24 0.280992
25 0.515476
26 0.182223
27 0.251538
28 0.424594
29 0.232734
30 0.108736
31 0.0720309
32 0.189854
33 0.147926
34 0.0449016
35 0.0556316
36 0.0142909
37 0.0373317
38 0.0396407
0 0.72584
1 0.512921
2 0.34902
3 0.34902
4 0.34902
5 0.34902
6 0.254189
7 0.2
8 0.2
9 0.2
10 0.25098
11 0.25098
12 0.25098
13 0.314438
14 0.6
15 0.6
16 0.6
17 0.14902
18 0.14902
19 0.190731
20 0.2
21 0.115621
22 0.946157
23 0.0657118
24 0.274968
25 0.586582
26 0.166503
27 0.262854
28 0.379711
29 0.230463
30 0.108504
31 0.0989511
32 0.206512
33 0.163187
34 0.0378001
35 0.0404544
36 0.0205047
37 0.0347706
38 0.0455784
0 0.0843748
1 0.506991
2 0.34902
3 0.34902
4 0.34902
5 0.240642
6 0.2
7 0.2
8 0.2
9 0.2
10 0.25098
11 0.25098
12 0.298574
13 0.6
14 0.6
15 0.6
16 0.6
17 0.14902
18 0.167558
19 0.2
20 0.2
21 0.122872
22 0.946432
23 0.0836876
24 0.233501
25 0.413092
26 0.167396
27 0.263312
28 0.438372
29 0.254944
30 0.116825
31 0.0839179
32 0.204516
33 0.107729
34 0.04365
35 0.0533192
36 0.013513
37 0.0395772
38 0.0316788
0 0.975081
1 0.500955
2 0.34902
3 0.34902
4 0.34902
5 0.34902
6 0.34902
7 0.34902
8 0.227094
9 0.2
10 0.25098
11 0.25098
12 0.25098
13 0.25098
14 0.25098
15 0.457219
16 0.6
17 0.14902
18 0.14902
19 0.14902
20 0.195365
21 0.154108
22 0.950242
23 0.0218133
24 0.266354
25 0.635999
26 0.149141
27 0.271705
28 0.475882
29 0.293229
30 0.144032
31 0.0982309
32 0.27718
33 0.137313
34 0.0372236
35 0.0381931
36 0.0116335
37 0.0352154
38 0.0396993
0 0.792272
1 0.495024
2 0.2
3 0.2
4 0.2
5 0.2
6 0.2
7 0.2
8 0.2
9 0.2
10 0.6
11 0.6
12 0.6
13 0.6
14 0.6
15 0.6
16 0.6
17 0.2
18 0.2
19 0.2
20 0.2
21 0.162745
22 0.946461
23 0.106772
24 0.252119
25 0.452116
26 0.172541
27 0.323353
28 0.452644
29 0.276268
30 0.124102
31 0.086358
32 0.191842
33 0.13575
34 0.0472486
35 0.070303
36 0.0181399
37 0.0532523
38 0.0383695
0 0.813884
1 0.489056
2 0.34902
3 0.34902
4 0.34902
5 0.34902
6 0.34902
7 0.34902
8 0.335472
9 0.2
10 0.25098
11 0.25098
12 0.25098
13 0.25098
14 0.25098
15 0.25098
16 0.584135
17 0.14902
18 0.14902
19 0.14902
20 0.176827
21 0.117028
22 0.943096
23 0.0870834
24 0.288857
25 0.506255
26 0.168831
27 0.28643
28 0.431165
29 0.2495
30 0.111187
31 0.0800804
32 0.233739
33 0.180128
34 0.0429584
35 0.0547222
36 0.0272432
37 0.041262
38 0.0403112
0 0.260082
1 0.483216
2 0.34902
3 0.34902
4 0.34902
5 0.34902
6 0.308378
7 0.2
8 0.2
9 0.2
10 0.25098
11 0.25098
12 0.25098
13 0.25098
14 0.552406
15 0.6
16 0.6
17 0.14902
18 0.14902
19 0.181462
20 0.2
21 0.113206
22 0.943134
23 0.0695399
24 0.282715
25 0.510831
26 0.168867
27 0.279151
28 0.414771
29 0.239928
30 0.110164
31 0.0827173
32 0.219128
33 0.171491
34 0.0422207
35 0.0485381
36 0.0210531
37 0.0383076
38 0.0402387
0 0.416438
1 0.477338
2 0.34902
3 0.34902
4 0.34902
5 0.34902
6 0.254189
7 0.2
8 0.2
9 0.2
10 0.25098
11 0.25098
12 0.25098
13 0.314438
14 0.6
15 0.6
16 0.6
17 0.14902
18 0.14902
19 0.190731
20 0.2
21 0.114081
22 0.942403
23 0.0633922
24 0.276992
25 0.464689
26 0.168084
27 0.260607
28 0.428028
29 0.247468
30 0.112104
31 0.0801438
32 0.222656
33 0.150528
34 0.0423791
35 0.0478184
36 0.0146053
37 0.0362167
38 0.0311234
0 0.855297
1 0.471603
2 0.34902
3 0.34902
4 0.34902
5 0.34902
6 0.308378
7 0.2
8 0.2
9 0.2
10 0.25098
11 0.25098
12 0.25098
13 0.25098
14 0.552406
15 0.6
16 0.6
17 0.14902
18 0.14902
19 0.181462
20 0.2
21 0.152198
22 0.948863
23 0.0208665
24 0.262453
25 0.635101
26 0.147013
27 0.268338
28 0.476701
29 0.297769
30 0.147092
31 0.0999943
32 0.269234
33 0.147707
34 0.0376098
35 0.037507
36 0.0122429
37 0.0339766
38 0.043497
0 0.752477
1 0.4659
2 0.2
3 0.2
4 0.2
5 0.2
6 0.2
7 0.2
8 0.2
9 0.2
10 0.6
11 0.6
12 0.6
13 0.6
14 0.6
15 0.6
16 0.6
17 0.2
18 0.2
19 0.2
20 0.2
21 0.162078
22 0.944058
23 0.158412
24 0.252955
25 0.494227
26 0.168939
27 0.39838
28 0.455166
29 0.286987
30 0.132628
31 0.0931575
32 0.184798
33 0.193046
34 0.0482146
35 0.0752596
36 0.0409845
37 0.0565916
38 0.0626706
0 0.0216972
1 0.460068
2 0.34902
3 0.34902
4 0.34902
5 0.34902
6 0.34902
7 0.34902
8 0.34902
9 0.34902
10 0.25098
11 0.25098
12 0.25098
13 0.25098
14 0.25098
15 0.25098
16 0.25098
17 0.14902
18 0.14902
19 0.14902
20 0.14902
21 0.14429
22 0.941045
23 0.145166
24 0.249922
25 0.45086
26 0.153978
27 0.37916
28 0.444835
29 0.267874
30 0.119846
31 0.0895688
32 0.205092
33 0.151667
34 0.0473899
35 0.0744781
36 0.0271444
37 0.0589004
38 0.0382075
0 0.515205
1 0.454112
2 0.34902
3 0.34902
4 0.34902
5 0.34902
6 0.34902
7 0.34902
8 0.34902
9 0.34902
10 0.25098
11 0.25098
12 0.25098
13 0.25098
14 0.25098
15 0.25098
16 0.25098
17 0.14902
18 0.14902
19 0.14902
20 0.14902
21 0.147085
22 0.93842
23 0.121702
24 0.253037
25 0.422115
26 0.153297
27 0.349064
28 0.441076
29 0.274182
30 0.122246
31 0.0940126
32 0.218164
33 0.136112
34 0.0451553
35 0.0674311
36 0.0174213
37 0.0579755
38 0.0297272
0 0.963244
1 0.448188
2 0.34902
3 0.34902
4 0.34902
5 0.34902
6 0.34902
7 0.34902
8 0.34902
9 0.294831
10 0.25098
11 0.25098
12 0.25098
13 0.25098
14 0.25098
15 0.25098
16 0.362032
17 0.14902
18 0.14902
19 0.14902
20 0.158289
21 0.115672
22 0.938275
23 0.0865455
24 0.297026
25 0.499582
26 0.16699
27 0.288299
28 0.431727
29 0.255608
30 0.118465
31 0.0851639
32 0.245034
33 0.199614
34 0.0439218
35 0.0546243
36 0.0285462
37 0.0441776
38 0.040983
0 0.30876
1 0.442319
2 0.34902
3 0.34902
4 0.34902
5 0.34902
6 0.308378
7 0.2
8 0.2
9 0.2
10 0.25098
11 0.25098
12 0.25098
13 0.25098
14 0.552406
15 0.6
16 0.6
17 0.14902
18 0.14902
19 0.181462
20 0.2
21 0.112191
22 0.939019
23 0.053093
24 0.289162
25 0.503266
26 0.159802
27 0.259873
28 0.403249
29 0.242696
30 0.11843
31 0.0947985
32 0.218377
33 0.153927
34 0.0426764
35 0.0459673
36 0.0132626
37 0.0395479
38 0.0354945
0 0.91098
1 0.436551
2 0.34902
3 0.34902
4 0.34902
5 0.34902
6 0.2
7 0.2
8 0.2
9 0.2
10 0.25098
11 0.25098
12 0.25098
13 0.42549
14 0.6
15 0.6
16 0.6
17 0.14902
18 0.14902
19 0.2
20 0.2
21 0.147892
22 0.946507
23 0.0197783
24 0.261814
25 0.632673
26 0.145802
27 0.264014
28 0.477357
29 0.299133
30 0.156762
31 0.103899
32 0.269
33 0.161616
34 0.038586
35 0.0386492
36 0.0134322
37 0.0344265
38 0.0486121
0 0.679772
1 0.430826
2 0.2
3 0.2
4 0.2
5 0.2
6 0.2
7 0.2
8 0.2
9 0.2
10 0.6
11 0.6
12 0.6
13 0.6
14 0.6
15 0.6
16 0.6
17 0.2
18 0.2
19 0.2
20 0.2
21 0.160341
22 0.940583
23 0.140622
24 0.255142
25 0.474164
26 0.165108
27 0.383823
28 0.456729
29 0.296861
30 0.141852
31 0.100727
32 0.189245
33 0.186152
34 0.0498
35 0.0760859
36 0.0327821
37 0.0574221
38 0.0570817
0 0.345743
1 0.424996
2 0.34902
3 0.34902
4 0.34902
5 0.34902
6 0.34902
7 0.34902
8 0.34902
9 0.34902
10 0.25098
11 0.25098
12 0.25098
13 0.25098
14 0.25098
15 0.25098
16 0.25098
17 0.14902
18 0.14902
19 0.14902
20 0.14902
21 0.146125
22 0.937007
23 0.147134
24 0.259299
25 0.448515
26 0.150842
27 0.38489
28 0.447956
29 0.281769
30 0.13017
31 0.0995898
32 0.214328
33 0.165256
34 0.0485291
35 0.074927
36 0.0292678
37 0.0610561
38 0.0406515
0 0.536153
1 0.419326
2 0.34902
3 0.34902
4 0.34902
5 0.34902
6 0.34902
7 0.34902
8 0.34902
9 0.34902
10 0.25098
11 0.25098
12 0.25098
13 0.25098
14 0.25098
15 0.25098
16 0.25098
17 0.14902
18 0.14902
19 0.14902
20 0.14902
21 0.145477
22 0.935171
23 0.128883
24 0.261211
25 0.434153
26 0.153926
27 0.352122
28 0.444579
29 0.281728
30 0.13005
31 0.100383
32 0.228599
33 0.157549
34 0.0471622
35 0.0711454
36 0.0239061
37 0.0614763
38 0.0352433
0 0.738608
1 0.413731
2 0.34902
3 0.34902
4 0.34902
5 0.34902
6 0.34902
7 0.34902
8 0.34902
9 0.240642
10 0.25098
11 0.25098
12 0.25098
13 0.25098
14 0.25098
15 0.25098
16 0.473084
17 0.14902
18 0.14902
19 0.14902
20 0.167558
21 0.112153
22 0.935836
23 0.0843287
24 0.303968
25 0.531402
26 0.163924
27 0.29793
28 0.419648
29 0.254079
30 0.125136
31 0.0946984
32 0.244324
33 0.227142
34 0.0448344
35 0.0556499
36 0.0367828
37 0.0467117
38 0.0517703
0 0.033553
1 0.408085
2 0.34902
3 0.34902
4 0.34902
5 0.34902
6 0.254189
7 0.2
8 0.2
9 0.2
10 0.25098
11 0.25098
12 0.25098
13 0.314438
14 0.6
15 0.6
16 0.6
17 0.14902
18 0.14902
19 0.190731
20 0.2
21 0.107086
22 0.936789
23 0.0795607
24 0.259059
25 0.440141
26 0.155607
27 0.262159
28 0.442159
29 0.271189
30 0.126899
31 0.0926091
32 0.219398
33 0.158353
34 0.0467859
35 0.0529217
36 0.0229359
37 0.0398607
38 0.0419853
0 0.687499
1 0.402454
2 0.34902
3 0.34902
4 0.34902
5 0.34902
6 0.34902
7 0.267736
8 0.2
9 0.2
10 0.25098
11 0.25098
12 0.25098
13 0.25098
14 0.330303
15 0.6
16 0.6
17 0.14902
18 0.14902
19 0.162923
20 0.2
21 0.148083
22 0.943208
23 0.0252295
24 0.278757
25 0.671839
26 0.141483
27 0.300753
28 0.483477
29 0.316638
30 0.172147
31 0.115216
32 0.285702
33 0.209533
34 0.0402058
35 0.041849
36 0.0290516
37 0.0383358
38 0.0681404
0 0.0118792
1 0.396965
2 0.2
3 0.2
4 0.2
5 0.2
6 0.2
7 0.2
8 0.2
9 0.2
10 0.6
11 0.6
12 0.6
13 0.6
14 0.6
15 0.6
16 0.6
17 0.2
18 0.2
19 0.2
20 0.2
21 0.15621
22 0.939085
23 0.136203
24 0.258198
25 0.478073
26 0.161281
27 0.387167
28 0.460169
29 0.296038
30 0.145654
31 0.101981
32 0.183705
33 0.20021
34 0.0544867
35 0.0820698
36 0.0381747
37 0.0600035
38 0.063557
0 0.293699
1 0.391303
2 0.34902
3 0.34902
4 0.34902
5 0.34902
6 0.34902
7 0.34902
8 0.34902
9 0.34902
10 0.25098
11 0.25098
12 0.25098
13 0.25098
14 0.25098
15 0.25098
16 0.25098
17 0.14902
18 0.14902
19 0.14902
20 0.14902
21 0.142453
22 0.93417
23 0.148164
24 0.259509
25 0.45422
26 0.145966
27 0.390276
28 0.447653
29 0.288625
30 0.136074
31 0.105554
32 0.214985
33 0.18082
34 0.049701
35 0.0760201
36 0.0353662
37 0.0615889
38 0.045252
0 0.370506
1 0.385831
2 0.34902
3 0.34902
4 0.34902
5 0.34902
6 0.34902
7 0.34902
8 0.34902
9 0.34902
10 0.25098
11 0.25098
12 0.25098
13 0.25098
14 0.25098
15 0.25098
16 0.25098
17 0.14902
18 0.14902
19 0.14902
20 0.14902
21 0.142108
22 0.932441
23 0.129312
24 0.262268
25 0.434665
26 0.147971
27 0.365573
28 0.446726
29 0.289618
30 0.137869
31 0.107226
32 0.226744
33 0.170893
34 0.048988
35 0.0728787
36 0.0263549
37 0.062969
38 0.0380465
0 0.694819
1 0.380232
2 0.34902
3 0.34902
4 0.34902
5 0.34902
6 0.34902
7 0.34902
8 0.34902
9 0.294831
10 0.25098
11 0.25098
12 0.25098
13 0.25098
14 0.25098
15 0.25098
16 0.362032
17 0.14902
18 0.14902
19 0.14902
20 0.158289
21 0.110555
22 0.931956
23 0.0675662
24 0.301763
25 0.471035
26 0.157401
27 0.267882
28 0.435632
29 0.268611
30 0.131324
31 0.0957985
32 0.252039
33 0.193228
34 0.047406
35 0.0574504
36 0.0209733
37 0.0461177
38 0.0366159
0 0.784752
1 0.374652
2 0.34902
3 0.34902
4 0.34902
5 0.34902
6 0.308378
7 0.2
8 0.2
9 0.2
10 0.25098
11 0.25098
12 0.25098
13 0.25098
14 0.552406
15 0.6
16 0.6
17 0.14902
18 0.14902
19 0.181462
20 0.2
21 0.145736
22 0.941225
23 0.0189778
24 0.276652
25 0.642448
26 0.134697
27 0.274486
28 0.482703
29 0.323305
30 0.174517
31 0.120494
32 0.284662
33 0.192283
34 0.0413211
35 0.0409198
36 0.0188193
37 0.0380399
38 0.0580992
0 0.533696
1 0.369131
2 0.2
3 0.2
4 0.2
5 0.2
6 0.2
7 0.2
8 0.2
9 0.2
10 0.6
11 0.6
12 0.6
13 0.6
14 0.6
15 0.6
16 0.6
17 0.2
18 0.2
19 0.2
20 0.2
21 0.157905
22 0.935269
23 0.134486
24 0.263862
25 0.472653
26 0.16041
27 0.388189
28 0.462687
29 0.312993
30 0.158147
31 0.114388
32 0.194933
33 0.209968
34 0.054927
35 0.0815379
36 0.0377213
37 0.0619297
38 0.0640175
0 0.373545
1 0.363422
2 0.34902
3 0.34902
4 0.34902
5 0.34902
6 0.34902
7 0.34902
8 0.34902
9 0.34902
10 0.25098
11 0.25098
12 0.25098
13 0.25098
14 0.25098
15 0.25098
16 0.25098
17 0.14902
18 0.14902
19 0.14902
20 0.14902
21 0.142186
22 0.931734
23 0.166564
24 0.268401
25 0.472397
26 0.146747
27 0.413087
28 0.451482
29 0.298689
30 0.144724
31 0.113641
32 0.221883
33 0.21522
34 0.052262
35 0.0802791
36 0.0534373
37 0.0658724
38 0.0568639
0 0.0382133
1 0.357751
2 0.34902
3 0.34902
4 0.34902
5 0.34902
6 0.34902
7 0.34902
8 0.34902
9 0.34902
10 0.25098
11 0.25098
12 0.25098
13 0.25098
14 0.25098
15 0.25098
16 0.25098
17 0.14902
18 0.14902
19 0.14902
20 0.14902
21 0.134779
22 0.930998
23 0.146723
24 0.264475
25 0.463885
26 0.150052
27 0.379879
28 0.447984
29 0.289054
30 0.140915
31 0.108178
32 0.229964
33 0.207688
34 0.0518402
35 0.0793104
36 0.0484229
37 0.0667631
38 0.0516703
0 0.125362
1 0.351929
2 0.34902
3 0.34902
4 0.34902
5 0.34902
6 0.34902
7 0.34902
8 0.34902
9 0.240642
10 0.25098
11 0.25098
12 0.25098
13 0.25098
14 0.25098
15 0.25098
16 0.473084
17 0.14902
18 0.14902
19 0.14902
20 0.167558
21 0.104374
22 0.930709
23 0.107489
24 0.265566
25 0.45495
26 0.149419
27 0.282995
28 0.446148
29 0.289793
30 0.142042
31 0.107524
32 0.237102
33 0.187835
34 0.0502536
35 0.063579
36 0.0430683
37 0.0495089
38 0.056248
0 0.226703
1 0.346123
2 0.34902
3 0.34902
4 0.34902
5 0.34902
6 0.34902
7 0.321925
8 0.2
9 0.2
10 0.25098
11 0.25098
12 0.25098
13 0.25098
14 0.25098
15 0.568271
16 0.6
17 0.14902
18 0.14902
19 0.153654
20 0.2
21 0.105068
22 0.929243
23 0.0581298
24 0.311448
25 0.556986
26 0.149686
27 0.280215
28 0.401411
29 0.265903
30 0.146731
31 0.125974
32 0.233385
33 0.216747
34 0.0455583
35 0.0503032
36 0.028458
37 0.0457252
38 0.0545407
0 0.266445
1 0.340409
2 0.34902
3 0.34902
4 0.34902
5 0.294831
6 0.2
7 0.2
8 0.2
9 0.2
10 0.25098
11 0.25098
12 0.25098
13 0.536542
14 0.6
15 0.6
16 0.6
17 0.14902
18 0.158289
19 0.2
20 0.2
21 0.10758
22 0.931546
23 0.0935143
24 0.260803
25 0.441448
26 0.155545
27 0.2792
28 0.447783
29 0.298467
30 0.15148
31 0.115567
32 0.22843
33 0.186701
34 0.0507394
35 0.0575064
36 0.0361762
37 0.0434021
38 0.0589886
0 0.34293
1 0.334707
2 0.34902
3 0.34902
4 0.34902
5 0.34902
6 0.34902
7 0.321925
8 0.2
9 0.2
10 0.25098
11 0.25098
12 0.25098
13 0.25098
14 0.25098
15 0.568271
16 0.6
17 0.14902
18 0.14902
19 0.153654
20 0.2
21 0.140293
22 0.937653
23 0.0161554
24 0.291445
25 0.634098
26 0.130176
27 0.270635
28 0.490598
29 0.33387
30 0.196111
31 0.131135
32 0.300186
33 0.186389
34 0.0445321
35 0.0448458
36 0.0173554
37 0.0408612
38 0.0540874
0 0.744542
1 0.32921
2 0.2
3 0.2
4 0.2
5 0.2
6 0.2
7 0.2
8 0.2
9 0.2
10 0.6
11 0.6
12 0.6
13 0.6
14 0.6
15 0.6
16 0.6
17 0.2
18 0.2
19 0.2
20 0.2
21 0.155265
22 0.931507
23 0.142525
24 0.272286
25 0.483318
26 0.159081
27 0.402424
28 0.465132
29 0.329013
30 0.169137
31 0.127932
32 0.203037
33 0.244899
34 0.0577773
35 0.0859452
36 0.05146
37 0.0665134
38 0.0776324
0 0.148027
1 0.323699
2 0.34902
3 0.34902
4 0.34902
5 0.34902
6 0.34902
7 0.34902
8 0.34902
9 0.34902
10 0.25098
11 0.25098
12 0.25098
13 0.25098
14 0.25098
15 0.25098
16 0.25098
17 0.14902
18 0.14902
19 0.14902
20 0.14902
21 0.13415
22 0.928354
23 0.13141
24 0.271949
25 0.44659
26 0.142411
27 0.383638
28 0.454424
29 0.303279
30 0.152833
31 0.118838
32 0.22853
33 0.19565
34 0.0564556
35 0.0831761
36 0.0395633
37 0.0672519
38 0.0482561
0 0.473247
1 0.318081
2 0.34902
3 0.34902
4 0.34902
5 0.34902
6 0.34902
7 0.34902
8 0.34902
9 0.294831
10 0.25098
11 0.25098
12 0.25098
13 0.25098
14 0.25098
15 0.25098
16 0.362032
17 0.14902
18 0.14902
19 0.14902
20 0.158289
21 0.104874
22 0.926614
23 0.101603
24 0.276055
25 0.445881
26 0.146097
27 0.281709
28 0.449321
29 0.303375
30 0.150854
31 0.117773
32 0.246205
33 0.191818
34 0.0520211
35 0.0642709
36 0.0398782
37 0.0509039
38 0.0548989
0 0.383472
1 0.312489
2 0.34902
3 0.34902
4 0.34902
5 0.34902
6 0.34902
7 0.321925
8 0.2
9 0.2
10 0.25098
11 0.25098
12 0.25098
13 0.25098
14 0.25098
15 0.568271
16 0.6
17 0.14902
18 0.14902
19 0.153654
20 0.2
21 0.112581
22 0.925484
23 0.037128
24 0.255866
25 0.648987
26 0.141901
27 0.242693
28 0.411941
29 0.294352
30 0.200344
31 0.149245
32 0.309067
33 0.241543
34 0.0425653
35 0.0417458
36 0.033108
37 0.045217
38 0.0693927
0 0.0881469
1 0.306844
2 0.34902
3 0.267736
4 0.2
5 0.2
6 0.2
7 0.2
8 0.2
9 0.2
10 0.25098
11 0.504813
12 0.6
13 0.6
14 0.6
15 0.6
16 0.6
17 0.162923
18 0.2
19 0.2
20 0.2
21 0.13541
22 0.929596
23 0.126206
24 0.258126
25 0.451398
26 0.160802
27 0.399
28 0.455798
29 0.316473
30 0.179356
31 0.132976
32 0.206448
33 0.240878
34 0.0607627
35 0.0839429
36 0.0524424
37 0.0677954
38 0.0753356
0 0.227133
1 0.300934
2 0.34902
3 0.34902
4 0.34902
5 0.34902
6 0.34902
7 0.34902
8 0.34902
9 0.34902
10 0.25098
11 0.25098
12 0.25098
13 0.25098
14 0.25098
15 0.25098
16 0.25098
17 0.14902
18 0.14902
19 0.14902
20 0.14902
21 0.13326
22 0.924753
23 0.156903
24 0.282376
25 0.460131
26 0.141315
27 0.423687
28 0.45222
29 0.311368
30 0.158783
31 0.128785
32 0.231108
33 0.23293
34 0.0571419
35 0.0822329
36 0.0617399
37 0.0700518
38 0.0603948
0 0.0858118
1 0.295082
2 0.34902
3 0.34902
4 0.34902
5 0.34902
6 0.34902
7 0.34902
8 0.34902
9 0.34902
10 0.25098
11 0.25098
12 0.25098
13 0.25098
14 0.25098
15 0.25098
16 0.25098
17 0.14902
18 0.14902
19 0.14902
20 0.14902
21 0.127825
22 0.924352
23 0.14095
24 0.278422
25 0.462529
26 0.147186
27 0.378065
28 0.45086
29 0.304059
30 0.153604
31 0.121442
32 0.243546
33 0.230848
34 0.0555449
35 0.0811107
36 0.0600423
37 0.07053
38 0.0571669
0 0.0437018
1 0.289131
2 0.34902
3 0.34902
4 0.34902
5 0.34902
6 0.34902
7 0.34902
8 0.335472
9 0.2
10 0.25098
11 0.25098
12 0.25098
13 0.25098
14 0.25098
15 0.25098
16 0.584135
17 0.14902
18 0.14902
19 0.14902
20 0.176827
21 0.09501
22 0.924251
23 0.0699157
24 0.279111
25 0.433118
26 0.140582
27 0.261671
28 0.449294
29 0.297989
30 0.151671
31 0.114272
32 0.246262
33 0.184103
34 0.053335
35 0.0618355
36 0.0279491
37 0.0483627
38 0.044479
0 0.746243
1 0.283255
2 0.34902
3 0.34902
4 0.34902
5 0.34902
6 0.34902
7 0.267736
8 0.2
9 0.2
10 0.25098
11 0.25098
12 0.25098
13 0.25098
14 0.330303
15 0.6
16 0.6
17 0.14902
18 0.14902
19 0.162923
20 0.2
21 0.137857
22 0.931905
23 0.0145096
24 0.299035
25 0.632198
26 0.124781
27 0.272262
28 0.491003
29 0.355016
30 0.212135
31 0.148223
32 0.309523
33 0.205075
34 0.0450123
35 0.0430944
36 0.0193228
37 0.0410468
38 0.0594553
0 0.67235
1 0.277565
2 0.2
3 0.2
4 0.2
5 0.2
6 0.2
7 0.2
8 0.2
9 0.2
10 0.6
11 0.6
12 0.6
13 0.6
14 0.6
15 0.6
16 0.6
17 0.2
18 0.2
19 0.2
20 0.2
21 0.15109
22 0.92661
23 0.125468
24 0.285061
25 0.476087
26 0.161944
27 0.38229
28 0.470804
29 0.344226
30 0.185818
31 0.141955
32 0.221457
33 0.248072
34 0.0629548
35 0.0908742
36 0.0542422
37 0.070251
38 0.079577
0 0.235333
1 0.271786
2 0.34902
3 0.34902
4 0.34902
5 0.34902
6 0.34902
7 0.34902
8 0.34902
9 0.240642
10 0.25098
11 0.25098
12 0.25098
13 0.25098
14 0.25098
15 0.25098
16 0.473084
17 0.14902
18 0.14902
19 0.14902
20 0.167558
21 0.0988234
22 0.923424
23 0.0842909
24 0.282395
25 0.431917
26 0.136824
27 0.275735
28 0.457054
29 0.314513
30 0.164359
31 0.12796
32 0.248167
33 0.176961
34 0.0591636
35 0.0714213
36 0.0362843
37 0.0527858
38 0.0541531
0 0.657886
1 0.266041
2 0.34902
3 0.34902
4 0.34902
5 0.34902
6 0.34902
7 0.321925
8 0.2
9 0.2
10 0.25098
11 0.25098
12 0.25098
13 0.25098
14 0.25098
15 0.568271
16 0.6
17 0.14902
18 0.14902
19 0.153654
20 0.2
21 0.132543
22 0.930008
23 0.0126176
24 0.301361
25 0.620473
26 0.118781
27 0.262258
28 0.492493
29 0.354368
30 0.216797
31 0.15022
32 0.312762
33 0.192076
34 0.0469831
35 0.04557
36 0.0162044
37 0.0429371
38 0.0550853
0 0.910542
1 0.260275
2 0.2
3 0.2
4 0.2
5 0.2
6 0.2
7 0.2
8 0.2
9 0.2
10 0.6
11 0.6
12 0.6
13 0.6
14 0.6
15 0.6
16 0.6
17 0.2
18 0.2
19 0.2
20 0.2
21 0.14965
22 0.92368
23 0.132239
24 0.284188
25 0.471181
26 0.156289
27 0.404385
28 0.47024
29 0.353365
30 0.192022
31 0.151517
32 0.216427
33 0.259398
34 0.0632209
35 0.0903847
36 0.0536608
37 0.072127
38 0.0823915
0 0.283845
1 0.254302
2 0.34902
3 0.34902
4 0.34902
5 0.34902
6 0.34902
7 0.34902
8 0.34902
9 0.34902
10 0.25098
11 0.25098
12 0.25098
13 0.25098
14 0.25098
15 0.25098
16 0.25098
17 0.14902
18 0.14902
19 0.14902
20 0.14902
21 0.12772
22 0.920963
23 0.138997
24 0.291191
25 0.461451
26 0.143886
27 0.388012
28 0.458952
29 0.322476
30 0.171239
31 0.136726
32 0.251484
33 0.233357
34 0.0622477
35 0.090019
36 0.0685738
37 0.0743233
38 0.0639271
0 0.0903203
1 0.248157
2 0.34902
3 0.34902
4 0.34902
5 0.34902
6 0.34902
7 0.34902
8 0.335472
9 0.2
10 0.25098
11 0.25098
12 0.25098
13 0.25098
14 0.25098
15 0.25098
16 0.584135
17 0.14902
18 0.14902
19 0.14902
20 0.176827
21 0.0926253
22 0.919659
23 0.0714417
24 0.277004
25 0.409806
26 0.131678
27 0.260125
28 0.451784
29 0.314088
30 0.164328
31 0.130262
32 0.249514
33 0.167843
34 0.0570534
35 0.0662476
36 0.0271556
37 0.0523374
38 0.0464799
0 0.929767
1 0.242009
2 0.34902
3 0.34902
4 0.34902
5 0.34902
6 0.34902
7 0.321925
8 0.2
9 0.2
10 0.25098
11 0.25098
12 0.25098
13 0.25098
14 0.25098
15 0.568271
16 0.6
17 0.14902
18 0.14902
19 0.153654
20 0.2
21 0.134377
22 0.927157
23 0.0176388
24 0.314135
25 0.652104
26 0.124198
27 0.295427
28 0.493735
29 0.367899
30 0.2297
31 0.162704
32 0.324165
33 0.250276
34 0.0469995
35 0.0468107
36 0.034175
37 0.0458066
38 0.0815211
0 0.215271
1 0.235932
2 0.2
3 0.2
4 0.2
5 0.2
6 0.2
7 0.2
8 0.2
9 0.2
10 0.6
11 0.6
12 0.6
13 0.6
14 0.6
15 0.6
16 0.6
17 0.2
18 0.2
19 0.2
20 0.2
21 0.143955
22 0.922982
23 0.101328
24 0.287013
25 0.44572
26 0.152029
27 0.375291
28 0.472447
29 0.347616
30 0.193029
31 0.148832
32 0.21498
33 0.224231
34 0.0696253
35 0.0934716
36 0.038875
37 0.0720053
38 0.0685386
0 0.725794
1 0.229733
2 0.34902
3 0.34902
4 0.34902
5 0.34902
6 0.34902
7 0.34902
8 0.34902
9 0.294831
10 0.25098
11 0.25098
12 0.25098
13 0.25098
14 0.25098
15 0.25098
16 0.362032
17 0.14902
18 0.14902
19 0.14902
20 0.158289
21 0.0976739
22 0.917411
23 0.0923981
24 0.305313
25 0.46083
26 0.140256
27 0.295659
28 0.456816
29 0.324104
30 0.170845
31 0.13602
32 0.262387
33 0.231371
34 0.0592989
35 0.0710477
36 0.056798
37 0.0539245
38 0.0679621
0 0.223585
1 0.223549
2 0.34902
3 0.34902
4 0.34902
5 0.34902
6 0.34902
7 0.267736
8 0.2
9 0.2
10 0.25098
11 0.25098
12 0.25098
13 0.25098
14 0.330303
15 0.6
16 0.6
17 0.14902
18 0.14902
19 0.162923
20 0.2
21 0.119952
22 0.92406
23 0.0140516
24 0.288008
25 0.616841
26 0.118026
27 0.250653
28 0.474944
29 0.345618
30 0.228055
31 0.159274
32 0.312322
33 0.203902
34 0.0490997
35 0.04675
36 0.0199207
37 0.0447832
38 0.0588749
0 0.82265
1 0.217352
2 0.254189
3 0.2
4 0.2
5 0.2
6 0.2
7 0.2
8 0.2
9 0.2
10 0.488948
11 0.6
12 0.6
13 0.6
14 0.6
15 0.6
16 0.6
17 0.190731
18 0.2
19 0.2
20 0.2
21 0.141446
22 0.918957
23 0.112167
24 0.283246
25 0.442847
26 0.153255
27 0.389933
28 0.46801
29 0.362508
30 0.206277
31 0.166511
32 0.223147
33 0.244048
34 0.0659249
35 0.0898158
36 0.0436111
37 0.0729018
38 0.0740117
0 0.583478
1 0.211121
2 0.34902
3 0.34902
4 0.34902
5 0.34902
6 0.34902
7 0.34902
8 0.34902
9 0.34902
10 0.25098
11 0.25098
12 0.25098
13 0.25098
14 0.25098
15 0.25098
16 0.25098
17 0.14902
18 0.14902
19 0.14902
20 0.14902
21 0.118432
22 0.914906
23 0.09366
24 0.301557
25 0.41218
26 0.13596
27 0.329542
28 0.461069
29 0.340722
30 0.186598
31 0.154933
32 0.268863
33 0.187392
34 0.0645268
35 0.0817403
36 0.034338
37 0.0679394
38 0.0470595
0 0.90895
1 0.204935
2 0.34902
3 0.34902
4 0.34902
5 0.34902
6 0.34902
7 0.34902
8 0.281283
9 0.2
10 0.25098
11 0.25098
12 0.25098
13 0.25098
14 0.25098
15 0.346168
16 0.6
17 0.14902
18 0.14902
19 0.14902
20 0.186096
21 0.12857
22 0.924029
23 0.0164375
24 0.325249
25 0.644433
26 0.116827
27 0.289222
28 0.495341
29 0.368302
30 0.23135
31 0.166314
32 0.333022
33 0.258123
34 0.0514682
35 0.0529618
36 0.0359825
37 0.0519037
38 0.0849101
0 0.329602
1 0.198566
2 0.2
3 0.2
4 0.2
5 0.2
6 0.2
7 0.2
8 0.2
9 0.2
10 0.6
11 0.6
12 0.6
13 0.6
14 0.6
15 0.6
16 0.6
17 0.2
18 0.2
19 0.2
20 0.2
21 0.138769
22 0.9183
23 0.127942
24 0.289066
25 0.466414
26 0.150544
27 0.4126
28 0.471147
29 0.357658
30 0.201336
31 0.160219
32 0.213744
33 0.275158
34 0.0714218
35 0.0966073
36 0.0679113
37 0.0770167
38 0.0945968
0 0.230872
1 0.192165
2 0.34902
3 0.34902
4 0.34902
5 0.34902
6 0.34902
7 0.34902
8 0.34902
9 0.34902
10 0.25098
11 0.25098
12 0.25098
13 0.25098
14 0.25098
15 0.25098
16 0.25098
17 0.14902
18 0.14902
19 0.14902
20 0.14902
21 0.118225
22 0.913391
23 0.144512
24 0.294039
25 0.45403
26 0.133347
27 0.415921
28 0.457943
29 0.333783
30 0.183064
31 0.151382
32 0.245129
33 0.251844
34 0.0656867
35 0.0929499
36 0.0796616
37 0.0771574
38 0.0727288
0 0.0473044
1 0.185956
2 0.34902
3 0.34902
4 0.34902
5 0.34902
6 0.34902
7 0.34902
8 0.34902
9 0.294831
10 0.25098
11 0.25098
12 0.25098
13 0.25098
14 0.25098
15 0.25098
16 0.362032
17 0.14902
18 0.14902
19 0.14902
20 0.158289
21 0.113194
22 0.911467
23 0.12455
24 0.285346
25 0.429135
26 0.127989
27 0.402466
28 0.453394
29 0.331461
30 0.179669
31 0.150703
32 0.239953
33 0.236583
34 0.0618259
35 0.0844909
36 0.0531515
37 0.0755572
38 0.0591125
0 0.409809
1 0.179392
2 0.34902
3 0.34902
4 0.34902
5 0.34902
6 0.34902
7 0.34902
8 0.34902
9 0.34902
10 0.25098
11 0.25098
12 0.25098
13 0.25098
14 0.25098
15 0.25098
16 0.25098
17 0.14902
18 0.14902
19 0.14902
20 0.14902
21 0.12152
22 0.909857
23 0.126937
24 0.294119
25 0.424785
26 0.133475
27 0.406036
28 0.454937
29 0.344807
30 0.187203
31 0.160577
32 0.249848
33 0.239499
34 0.0609163
35 0.0804002
36 0.0497911
37 0.0742468
38 0.0564443
0 0.477887
1 0.172725
2 0.34902
3 0.34902
4 0.34902
5 0.34902
6 0.34902
7 0.34902
8 0.34902
9 0.34902
10 0.25098
11 0.25098
12 0.25098
13 0.25098
14 0.25098
15 0.25098
16 0.25098
17 0.14902
18 0.14902
19 0.14902
20 0.14902
21 0.122937
22 0.909424
23 0.145103
24 0.302212
25 0.440608
26 0.13616
27 0.42317
28 0.458271
29 0.350062
30 0.191356
31 0.165327
32 0.256909
33 0.268383
34 0.0625538
35 0.0848184
36 0.0684578
37 0.0790946
38 0.0677781
0 0.216632
1 0.166802
2 0.34902
3 0.34902
4 0.34902
5 0.34902
6 0.34902
7 0.34902
8 0.34902
9 0.34902
10 0.25098
11 0.25098
12 0.25098
13 0.25098
14 0.25098
15 0.25098
16 0.25098
17 0.14902
18 0.14902
19 0.14902
20 0.14902
21 0.1162
22 0.909449
23 0.125134
24 0.29746
25 0.427029
26 0.129893
27 0.408973
28 0.457897
29 0.342254
30 0.188515
31 0.159943
32 0.251851
33 0.246047
34 0.0652927
35 0.0868645
36 0.0560484
37 0.0794759
38 0.0605681
0 0.464646
1 0.160724
2 0.34902
3 0.34902
4 0.34902
5 0.34902
6 0.34902
7 0.34902
8 0.34902
9 0.34902
10 0.25098
11 0.25098
12 0.25098
13 0.25098
14 0.25098
15 0.25098
16 0.25098
17 0.14902
18 0.14902
19 0.14902
20 0.14902
21 0.119332
22 0.907812
23 0.109533
24 0.297539
25 0.4091
26 0.127791
27 0.393748
28 0.456164
29 0.349007
30 0.191029
31 0.165736
32 0.253897
33 0.225268
34 0.0632777
35 0.081112
36 0.040498
37 0.0755712
38 0.0511112
0 0.755469
1 0.1546
2 0.34902
3 0.34902
4 0.34902
5 0.34902
6 0.34902
7 0.34902
8 0.34902
9 0.34902
10 0.25098
11 0.25098
12 0.25098
13 0.25098
14 0.25098
15 0.25098
16 0.25098
17 0.14902
18 0.14902
19 0.14902
20 0.14902
21 0.125028
22 0.906209
23 0.11008
24 0.305913
25 0.405686
26 0.130019
27 0.395054
28 0.459047
29 0.360332
30 0.198868
31 0.175558
32 0.263615
33 0.228757
34 0.0629899
35 0.080054
36 0.0383851
37 0.0765967
38 0.0504472
0 0.836593
1 0.14856
2 0.34902
3 0.34902
4 0.34902
5 0.34902
6 0.34902
7 0.34902
8 0.34902
9 0.34902
10 0.25098
11 0.25098
12 0.25098
13 0.25098
14 0.25098
15 0.25098
16 0.25098
17 0.14902
18 0.14902
19 0.14902
20 0.14902
21 0.125825
22 0.905752
23 0.156066
24 0.316145
25 0.447987
26 0.135973
27 0.438727
28 0.461358
29 0.364239
30 0.202593
31 0.179656
32 0.268893
33 0.297583
34 0.0650045
35 0.0876502
36 0.0871463
37 0.0847191
38 0.0799378
0 0.0626727
1 0.142383
2 0.34902
3 0.34902
4 0.34902
5 0.34902
6 0.34902
7 0.34902
8 0.34902
9 0.34902
10 0.25098
11 0.25098
12 0.25098
13 0.25098
14 0.25098
15 0.25098
16 0.25098
17 0.14902
18 0.14902
19 0.14902
20 0.14902
21 0.109394
22 0.906836
23 0.097836
24 0.299417
25 0.401493
26 0.120773
27 0.388972
28 0.459288
29 0.340312
30 0.192196
31 0.161461
32 0.252036
33 0.218147
34 0.0705075
35 0.0893348
36 0.0400862
37 0.081432
38 0.0511491
0 0.914195
1 0.136089
2 0.34902
3 0.34902
4 0.34902
5 0.34902
6 0.34902
7 0.34902
8 0.34902
9 0.34902
10 0.25098
11 0.25098
12 0.25098
13 0.25098
14 0.25098
15 0.25098
16 0.25098
17 0.14902
18 0.14902
19 0.14902
20 0.14902
21 0.122512
22 0.90297
23 0.116003
24 0.306661
25 0.410946
26 0.127702
27 0.401939
28 0.455233
29 0.363625
30 0.19984
31 0.180467
32 0.262185
33 0.243164
34 0.0624801
35 0.0791083
36 0.0469136
37 0.0765776
38 0.0570309
0 0.631686
1 0.129858
2 0.34902
3 0.34902
4 0.34902
5 0.34902
6 0.34902
7 0.34902
8 0.34902
9 0.34902
10 0.25098
11 0.25098
12 0.25098
13 0.25098
14 0.25098
15 0.25098
16 0.25098
17 0.14902
18 0.14902
19 0.14902
20 0.14902
21 0.121551
22 0.903519
23 0.130764
24 0.315644
25 0.425706
26 0.131721
27 0.419799
28 0.462045
29 0.364464
30 0.206892
31 0.181668
32 0.269119
33 0.270009
34 0.066981
35 0.0869978
36 0.0644173
37 0.0835554
38 0.0680079
0 0.416879
1 0.123542
2 0.34902
3 0.34902
4 0.34902
5 0.34902
6 0.34902
7 0.34902
8 0.34902
9 0.34902
10 0.25098
11 0.25098
12 0.25098
13 0.25098
14 0.25098
15 0.25098
16 0.25098
17 0.14902
18 0.14902
19 0.14902
20 0.14902
21 0.114663
22 0.903578
23 0.134027
24 0.312269
25 0.433451
26 0.127635
27 0.425211
28 0.459964
29 0.356513
30 0.201575
31 0.176019
32 0.262399
33 0.278807
34 0.0694832
35 0.0912639
36 0.0786863
37 0.0859567
38 0.0757761
0 0.246328
1 0.117273
2 0.34902
3 0.34902
4 0.34902
5 0.34902
6 0.34902
7 0.34902
8 0.34902
9 0.34902
10 0.25098
11 0.25098
12 0.25098
13 0.25098
14 0.25098
15 0.25098
16 0.25098
17 0.14902
18 0.14902
19 0.14902
20 0.14902
21 0.109611
22 0.902785
23 0.107424
24 0.304574
25 0.409217
26 0.121134
27 0.400588
28 0.457189
29 0.349863
30 0.198428
31 0.171364
32 0.254862
33 0.240279
34 0.069181
35 0.0871886
36 0.0520687
37 0.0811242
38 0.0600022
0 0.641881
1 0.111333
2 0.34902
3 0.34902
4 0.34902
5 0.34902
6 0.34902
7 0.34902
8 0.34902
9 0.34902
10 0.25098
11 0.25098
12 0.25098
13 0.25098
14 0.25098
15 0.25098
16 0.25098
17 0.14902
18 0.14902
19 0.14902
20 0.14902
21 0.117328
22 0.900706
23 0.112616
24 0.310854
25 0.408875
26 0.125623
27 0.403195
28 0.457434
29 0.36487
30 0.205864
31 0.183946
32 0.264002
33 0.248464
34 0.0658794
35 0.0825369
36 0.0512237
37 0.0791937
38 0.0602964
0 0.616301
1 0.10549
2 0.34902
3 0.34902
4 0.34902
5 0.34902
6 0.34902
7 0.34902
8 0.34902
9 0.34902
10 0.25098
11 0.25098
12 0.25098
13 0.25098
14 0.25098
15 0.25098
16 0.25098
17 0.14902
18 0.14902
19 0.14902
20 0.14902
21 0.118533
22 0.900118
23 0.101404
24 0.315976
25 0.395676
26 0.124593
27 0.393866
28 0.461501
29 0.368984
30 0.211666
31 0.188163
32 0.270838
33 0.235029
34 0.0685944
35 0.0847156
36 0.0414699
37 0.0815853
38 0.0543983
0 0.909236
1 0.0997083
2 0.34902
3 0.34902
4 0.34902
5 0.34902
6 0.34902
7 0.34902
8 0.34902
9 0.34902
10 0.25098
11 0.25098
12 0.25098
13 0.25098
14 0.25098
15 0.25098
16 0.25098
17 0.14902
18 0.14902
19 0.14902
20 0.14902
21 0.121863
22 0.898403
23 0.1091
24 0.322012
25 0.401841
26 0.125169
27 0.403001
28 0.461786
29 0.3762
30 0.215436
31 0.195612
32 0.276732
33 0.250693
34 0.0687646
35 0.0857073
36 0.0484234
37 0.0843285
38 0.060325
0 0.788618
1 0.0938701
2 0.34902
3 0.34902
4 0.34902
5 0.34902
6 0.34902
7 0.34902
8 0.34902
9 0.34902
10 0.25098
11 0.25098
12 0.25098
13 0.25098
14 0.25098
15 0.25098
16 0.25098
17 0.14902
18 0.14902
19 0.14902
20 0.14902
21 0.119749
22 0.897656
23 0.105615
24 0.32304
25 0.398192
26 0.12334
27 0.401366
28 0.462585
29 0.373497
30 0.216228
31 0.1942
32 0.276488
33 0.24817
34 0.0713449
35 0.0883943
36 0.0479119
37 0.0866593
38 0.0603487
0 0.855847
1 0.0878214
2 0.34902
3 0.34902
4 0.34902
5 0.34902
6 0.34902
7 0.34902
8 0.34902
9 0.34902
10 0.25098
11 0.25098
12 0.25098
13 0.25098
14 0.25098
15 0.25098
16 0.25098
17 0.14902
18 0.14902
19 0.14902
20 0.14902
21 0.119597
22 0.899587
23 0.158388
24 0.324516
25 0.432041
26 0.116832
27 0.44792
28 0.461198
29 0.367172
30 0.213783
31 0.185838
32 0.312616
33 0.277277
34 0.0711309
35 0.113892
36 0.0868603
37 0.0861991
38 0.110753
0 0.173385
1 0.081576
2 0.34902
3 0.34902
4 0.34902
5 0.34902
6 0.34902
7 0.34902
8 0.34902
9 0.0994652
10 0.25098
11 0.25098
12 0.25098
13 0.25098
14 0.25098
15 0.25098
16 0.129946
17 0.14902
18 0.14902
19 0.14902
20 0.233155
21 0.0903109
22 0.901793
23 0.127173
24 0.305847
25 0.425459
26 0.106623
27 0.359426
28 0.457821
29 0.333153
30 0.197953
31 0.155584
32 0.303173
33 0.247869
34 0.0729194
35 0.103385
36 0.083315
37 0.0780723
38 0.108583
0 0.181967
1 0.075218
2 0.34902
3 0.34902
4 0.34902
5 0.34902
6 0.34902
7 0.34902
8 0.190374
9 0.0684492
10 0.25098
11 0.25098
12 0.25098
13 0.25098
14 0.25098
15 0.38574
16 0.323351
17 0.14902
18 0.14902
19 0.14902
20 0.304456
21 0.0908661
22 0.898579
23 0.103906
24 0.293273
25 0.412079
26 0.11019
27 0.340344
28 0.45282
29 0.349716
30 0.207566
31 0.171594
32 0.291761
33 0.222225
34 0.0656539
35 0.0935801
36 0.0633964
37 0.0698428
38 0.0988034
0 0.348598
1 0.0688228
2 0.34902
3 0.34902
4 0.34902
5 0.34902
6 0.34902
7 0.34902
8 0.190374
9 0.0484848
10 0.25098
11 0.25098
12 0.25098
13 0.25098
14 0.25098
15 0.38574
16 0.348306
17 0.14902
18 0.14902
19 0.14902
20 0.257398
21 0.0892949
22 0.899947
23 0.114056
24 0.302764
25 0.402604
26 0.101715
27 0.332192
28 0.459407
29 0.34304
30 0.211276
31 0.162728
32 0.284393
33 0.247956
34 0.0670153
35 0.0668259
36 0.0515093
37 0.0618767
38 0.0753299
0 0.55145
1 0.0624536
2 0.34902
3 0.34902
4 0.34902
5 0.34902
6 0.34902
7 0.292692
8 0.0213904
9 0.375045
10 0.25098
11 0.25098
12 0.25098
13 0.25098
14 0.25098
15 0.49697
16 0.043672
17 0.14902
18 0.14902
19 0.145455
20 0.353654
21 0.115038
22 0.903613
23 0.0958491
24 0.322894
25 0.404997
26 0.0973565
27 0.380826
28 0.461104
29 0.281431
30 0.173856
31 0.105352
32 0.28378
33 0.351995
34 0.0690072
35 0.0355188
36 0.0296603
37 0.0668491
38 0.0176311
0 0.904762
1 0.0562125
2 0.34902
3 0.34902
4 0.34902
5 0.34902
6 0.34902
7 0.0317291
8 0.44385
9 0.655615
10 0.25098
11 0.25098
12 0.25098
13 0.25098
14 0.351159
15 0.26631
16 0.487344
17 0.14902
18 0.14902
19 0.148307
20 0.604635
21 0.149797
22 0.902269
23 0.181983
24 0.320881
25 0.42216
26 0.0924711
27 0.452782
28 0.389242
29 0.380117
30 0.225869
31 0.210624
32 0.3031
33 0.20936
34 0.0558399
35 0.0559792
36 0.0548566
37 0.0681273
38 0.10473
0 0.26143
1 0.0499684
2 0.34902
3 0.34902
4 0.34902
5 0.34902
6 0.128342
7 0.427807
8 0.310873
9 0.11836
10 0.25098
11 0.25098
12 0.25098
13 0.34082
14 0.111408
15 0.162923
16 0.162923
17 0.14902
18 0.14902
19 0.309804
20 0.539394
21 0.160456
22 0.91216
23 0.157291
24 0.505435
25 0.426987
26 0.0444125
27 0.522534
28 0.508595
29 0.52911
30 0.261671
31 0.09546
32 0.463767
33 0.303761
34 0.034947
35 0.0235995
36 0.0261718
37 0.0392457
38 0.0565717
0 0.782519
1 0.0437386
2 0.34902
3 0.34902
4 0.34902
5 0.34902
6 0.630303
7 0.109804
8 0.109804
9 0.109804
10 0.25098
11 0.25098
12 0.25098
13 0.442781
14 0.219251
15 0.247059
16 0.247059
17 0.14902
18 0.14902
19 0.995009
20 1
21 0.21351
22 0.911098
23 0.100276
24 0.682632
25 0.452292
26 0.0354933
27 0.591774
28 0.440274
29 0.468287
30 0.319004
31 0.158196
32 0.322898
33 0.283127
34 0.0271222
35 0.0338042
36 0.0519111
37 0.070741
38 0.0924173
0 0.874659
1 0.0374868
2 0.34902
3 0.34902
4 0.334403
5 0.188235
6 0.188235
7 0.188235
8 0.188235
9 0.188235
10 0.25098
11 0.25098
12 0.249198
13 0.247059
14 0.247059
15 0.247059
16 0.247059
17 0.14902
18 0.613191
19 1
20 1
21 0.232861
22 0.900597
23 0.267858
24 0.714233
25 0.480429
26 0.0630787
27 0.774811
28 0.834337
29 0.850318
30 0.553284
31 0.359683
32 0.621567
33 0.483575
34 0.016776
35 0.0978712
36 0.0885231
37 0.0519239
38 0.118958
0 0.0457468
1 0.0311561
2 0.34902
3 0.34902
4 0.862389
5 0.976471
6 0.976471
7 0.976471
8 0.1918
9 0.151159
10 0.25098
11 0.250624
12 0.247059
13 0.247059
14 0.247059
15 0.111765
16 0.134046
17 0.14902
18 0.922638
19 1
20 0.317647
21 0.251988
22 0.907658
23 0.0992842
24 0.78092
25 0.570353
26 0.0422454
27 0.753177
28 0.443626
29 0.468876
30 0.2935
31 0.18242
32 0.255089
33 0.356295
34 0.110699
35 0.2256
36 0.33849
37 0.287163
38 0.412568
0 0.516598
1 0.0247077
2 0.34902
3 0.34902
4 0.34902
5 0.12656
6 0.0431373
7 0.0431373
8 0.0470588
9 0.0292335
10 0.25098
11 0.25098
12 0.250446
13 0.247059
14 0.247059
15 0.124599
16 0.0588235
17 0.14902
18 0.458467
19 1
20 0.58574
21 0.0945658
22 0.913706
23 0.142453
24 0.58099
25 0.375242
26 0.0137669
27 0.673707
28 0.621895
29 0.32457
30 0.134188
31 0.0212717
32 0.297052
33 0.303375
34 0.0360113
35 0.0431997
36 0.0526296
37 0.0414086
38 0.067394
0 0.243078
1 0.0182621
2 0.34902
3 0.34902
4 0.34902
5 0.82246
6 0.734759
7 0.027451
8 0.027451
9 0.027451
10 0.25098
11 0.25098
12 0.222638
13 0.0381462
14 0.215508
15 0.247059
16 0.247059
17 0.14902
18 0.458467
19 1
20 1
21 0.240075
22 0.907856
23 0.174547
24 0.586607
25 0.438949
26 0.0422834
27 0.586498
28 0.50375
29 0.468679
30 0.168084
31 0.0741161
32 0.329914
33 0.299721
34 0.022851
35 0.0320194
36 0.0272268
37 0.0418573
38 0.0330543
0 0.602878
1 0.0120056
2 0.34902
3 0.34902
4 0.34902
5 0.300535
6 0.513012
7 0.028877
8 0.00748663
9 0.00677362
10 0.25098
11 0.25098
12 0.222638
13 0.207843
14 0.229055
15 0.0431373
16 0.108021
17 0.14902
18 0.458467
19 0.823886
20 0.948663
21 0.229936
22 0.908105
23 0.0985633
24 0.629033
25 0.347928
26 0.0510646
27 0.641298
28 0.478209
29 0.415677
30 0.276079
31 0.149189
32 0.181705
33 0.249708
34 0.0179947
35 0.0608339
36 0.050385
37 0.103428
38 0.0451809
end fitness = 5.32716
