brainFunction 22871 74 25 2307 24781 2-8 9-23 24-24
0 0.223701
1 0.0916267
2 0.718895
3 0.506061
4 0.572371
5 0.482709
6 0.617825
7 0.450802
8 0.73779
9 0.380036
10 0.544742
11 0.0869875
12 0.225847
13 0.317647
14 0.66025
15 0.24082
16 0.476471
17 0.374688
18 0.86631
19 0.865775
20 0.173262
21 0.458111
22 0.76827
23 0.346881
24 0.413547
25 0.99945
26 0.946118
27 0.049578
28 0.331672
29 0.859231
30 0.9816
31 0.953258
32 0.999832
33 0.79473
34 0.934731
35 0.850006
36 0.627679
37 0.97918
38 0.803861
39 0.816474
40 0.96976
41 0.987767
42 0.26043
43 0.976959
44 0.97051
45 0.64614
46 0.99154
47 0.649674
48 0.860503
49 0.774611
50 0.38112
51 0.187419
52 0.269482
53 0.272623
54 0.444172
55 0.396293
56 0.872246
57 0.533194
58 0.760194
59 0.893589
60 0.983957
61 0.879913
62 0.726925
63 0.956366
64 0.296087
65 0.850925
66 0.992081
67 0.572932
68 0.917077
69 0.950047
70 0.970017
71 0.94654
72 0.986908
73 0.855967
0 0.222338
1 0.378755
2 0.0941176
3 0.578253
4 0.0122995
5 0.0188948
6 0.0914438
7 0.0941177
8 0.170232
9 0.505882
10 0.505882
11 0.604278
12 0.866667
13 0.299822
14 0.243137
15 0.261854
16 0.243137
17 0.277362
18 0.413904
19 0.317647
20 0.317647
21 0.317647
22 0.230659
23 0.196078
24 0.898396
25 0.999883
26 0.941841
27 0.0274376
28 0.299086
29 0.927526
30 0.94883
31 0.976274
32 0.999757
33 0.946616
34 0.947607
35 0.960749
36 0.798944
37 0.996622
38 0.941745
39 0.921684
40 0.988032
41 0.99234
42 0.447543
43 0.992741
44 0.968789
45 0.864801
46 0.99561
47 0.624863
48 0.789372
49 0.782214
50 0.281218
51 0.264217
52 0.406849
53 0.332908
54 0.296246
55 0.338903
56 0.871799
57 0.450059
58 0.905685
59 0.875118
60 0.991299
61 0.721231
62 0.820848
63 0.969883
64 0.240229
65 0.775206
66 0.987832
67 0.575401
68 0.924909
69 0.947947
70 0.95117
71 0.939125
72 0.988946
73 0.839773
0 0.267416
1 0.371161
2 0.65205
3 0.399287
4 0.500178
5 0.183779
6 0.163458
7 0.0714795
8 0.098574
9 1
10 0.685561
11 0.505882
12 0.746881
13 0.913725
14 0.54795
15 0.243137
16 0.243137
17 0.75918
18 0.243137
19 0.291265
20 0.658645
21 0.486096
22 0.317647
23 0.317647
24 0.971658
25 0.99988
26 0.928734
27 0.00993966
28 0.471567
29 0.977267
30 0.967905
31 0.961109
32 0.999886
33 0.975541
34 0.985931
35 0.979849
36 0.821837
37 0.998507
38 0.903991
39 0.969526
40 0.991113
41 0.996491
42 0.671668
43 0.993768
44 0.962681
45 0.716205
46 0.989767
47 0.537982
48 0.831698
49 0.858054
50 0.441634
51 0.301317
52 0.130011
53 0.286403
54 0.330358
55 0.490192
56 0.719384
57 0.447003
58 0.854957
59 0.761935
60 0.961875
61 0.815818
62 0.889058
63 0.921275
64 0.0720081
65 0.58679
66 0.979657
67 0.497492
68 0.900381
69 0.893014
70 0.788223
71 0.856177
72 0.973049
73 0.902048
0 0.143476
1 0.363417
2 0.45098
3 0.980036
4 0.972549
5 0.486274
6 0.46631
7 0.368271
8 0.123708
9 0.506417
10 0.747594
11 0.992513
12 0.972549
13 0.972549
14 0.972549
15 0.972549
16 0.607843
17 0.243137
18 0.521212
19 0.854902
20 0.604635
21 0.243137
22 0.160428
23 0.0156863
24 0.932442
25 0.999073
26 0.965028
27 0.0256465
28 0.230729
29 0.681466
30 0.972581
31 0.873478
32 0.999467
33 0.612663
34 0.906647
35 0.775594
36 0.598072
37 0.98042
38 0.629176
39 0.425975
40 0.902028
41 0.957663
42 0.0861008
43 0.960386
44 0.935475
45 0.684558
46 0.990833
47 0.431478
48 0.549423
49 0.494982
50 0.378013
51 0.138633
52 0.300528
53 0.254447
54 0.24133
55 0.229633
56 0.644845
57 0.277813
58 0.657959
59 0.757707
60 0.980644
61 0.764078
62 0.722454
63 0.941825
64 0.237832
65 0.763282
66 0.987583
67 0.437548
68 0.841616
69 0.894467
70 0.926609
71 0.834365
72 0.969564
73 0.454944
0 0.682242
1 0.355369
2 0
3 0
4 0
5 0
6 0
7 0
8 0
9 0.243137
10 0.243137
11 0.243137
12 0.243137
13 0.243137
14 0.243137
15 0.243137
16 0.243137
17 0.243137
18 0.243137
19 0.243137
20 0.243137
21 0.243137
22 0.243137
23 0.243137
24 0.933333
25 0.999617
26 0.963671
27 0.0212684
28 0.393901
29 0.71431
30 0.984995
31 0.906313
32 0.999553
33 0.900077
34 0.96592
35 0.943372
36 0.904499
37 0.996265
38 0.858664
39 0.922592
40 0.975555
41 0.989348
42 0.498338
43 0.980191
44 0.950868
45 0.803788
46 0.987574
47 0.607767
48 0.816438
49 0.847831
50 0.359393
51 0.101854
52 0.178613
53 0.275908
54 0.200086
55 0.288529
56 0.841473
57 0.330341
58 0.887639
59 0.900983
60 0.987049
61 0.911066
62 0.822782
63 0.959309
64 0.379376
65 0.749831
66 0.994155
67 0.743536
68 0.952264
69 0.944752
70 0.956699
71 0.925968
72 0.995335
73 0.679389
0 0.945936
1 0.347986
2 0.0392157
3 0.0392157
4 0.0392157
5 0.0327986
6 0.115865
7 0.193226
8 0.397683
9 0.505882
10 0.505882
11 0.505882
12 0.505882
13 0.505882
14 0.505882
15 0.505882
16 0.505883
17 0.155615
18 0.247415
19 0.275579
20 0.6
21 0.26631
22 0.105169
23 0.236007
24 0.771836
25 0.999725
26 0.975901
27 0.0369048
28 0.416964
29 0.894043
30 0.985328
31 0.916726
32 0.99982
33 0.830984
34 0.949746
35 0.87075
36 0.830956
37 0.991148
38 0.776939
39 0.787313
40 0.974658
41 0.986578
42 0.267058
43 0.983964
44 0.979912
45 0.817185
46 0.994868
47 0.605186
48 0.813044
49 0.813723
50 0.499763
51 0.226751
52 0.40082
53 0.279913
54 0.361291
55 0.411223
56 0.819747
57 0.502722
58 0.761268
59 0.832083
60 0.983042
61 0.887139
62 0.786806
63 0.963121
64 0.305598
65 0.760484
66 0.98932
67 0.461421
68 0.922936
69 0.925945
70 0.950295
71 0.922572
72 0.988693
73 0.590501
0 0.101943
1 0.340515
2 0.0313726
3 0.0313726
4 0.0313726
5 0.254724
6 0.0531194
7 0.120856
8 0.127273
9 0.505882
10 0.505882
11 0.505882
12 0.505882
13 0.505882
14 0.505882
15 0.468806
16 0.527451
17 0.303209
18 0.289126
19 0.0620321
20 0.209269
21 0.217469
22 0.372905
23 0.6
24 0.852406
25 0.99969
26 0.964033
27 0.0254697
28 0.256049
29 0.788993
30 0.978381
31 0.854153
32 0.999524
33 0.816738
34 0.948053
35 0.9408
36 0.728011
37 0.99439
38 0.729992
39 0.800737
40 0.938851
41 0.984941
42 0.32992
43 0.970844
44 0.944771
45 0.744948
46 0.993287
47 0.503423
48 0.794029
49 0.737756
50 0.393319
51 0.187245
52 0.319457
53 0.156921
54 0.315893
55 0.4389
56 0.703535
57 0.396907
58 0.663026
59 0.8187
60 0.971939
61 0.919846
62 0.839667
63 0.970567
64 0.27218
65 0.876939
66 0.988788
67 0.696521
68 0.951605
69 0.940908
70 0.952533
71 0.948684
72 0.986899
73 0.765864
0 0.191155
1 0.332726
2 0.0636364
3 0
4 0.136364
5 0.46738
6 0.230838
7 0.113547
8 0.0413547
9 0.409091
10 0
11 0.137968
12 0.505882
13 0.505882
14 0.505882
15 0.796435
16 0.25098
17 0.25098
18 0.151159
19 0.240463
20 0.380571
21 0.290909
22 0.0680926
23 0.0431373
24 0.575936
25 0.999677
26 0.981342
27 0.0393961
28 0.345384
29 0.870444
30 0.980392
31 0.768197
32 0.99927
33 0.511307
34 0.920859
35 0.896856
36 0.818215
37 0.992283
38 0.851894
39 0.663828
40 0.938236
41 0.980649
42 0.24685
43 0.954516
44 0.919805
45 0.749356
46 0.996334
47 0.463906
48 0.873896
49 0.783436
50 0.636421
51 0.214911
52 0.609058
53 0.333973
54 0.395876
55 0.136697
56 0.398412
57 0.395776
58 0.765007
59 0.767812
60 0.975336
61 0.845363
62 0.730414
63 0.962731
64 0.244507
65 0.941805
66 0.997106
67 0.87138
68 0.959262
69 0.961978
70 0.973339
71 0.933722
72 0.982674
73 0.85068
0 0.0174294
1 0.325391
2 0
3 0
4 0.00356506
5 0.00784314
6 0.233333
7 0.255081
8 0.086631
9 0
10 0
11 0
12 0
13 0
14 0.173262
15 0.351871
16 0.505883
17 0.505883
18 0.505882
19 0.819608
20 0.249376
21 0.116043
22 0.491622
23 0.301961
24 0.550267
25 0.999469
26 0.976453
27 0.0376748
28 0.318658
29 0.831727
30 0.963782
31 0.900649
32 0.998924
33 0.556412
34 0.84463
35 0.789178
36 0.599104
37 0.975934
38 0.8304
39 0.685923
40 0.919362
41 0.985964
42 0.318823
43 0.962236
44 0.892278
45 0.719092
46 0.990929
47 0.403188
48 0.879386
49 0.755192
50 0.406111
51 0.078998
52 0.299114
53 0.314067
54 0.303058
55 0.201483
56 0.543036
57 0.415538
58 0.861338
59 0.910849
60 0.990498
61 0.914182
62 0.877777
63 0.955347
64 0.566412
65 0.956632
66 0.995747
67 0.799209
68 0.966162
69 0.978354
70 0.993361
71 0.976358
72 0.972323
73 0.603871
0 0.590443
1 0.317708
2 0.34902
3 0.206239
4 0.0636364
5 0.00142602
6 0.193939
7 0.34902
8 0.0196078
9 0.25098
10 0.25098
11 0.25098
12 0.102674
13 0.136364
14 0.272727
15 0
16 0
17 0.259893
18 0.287344
19 0.25098
20 0.25098
21 0.262567
22 0.505882
23 0.505883
24 0.302139
25 0.999646
26 0.987303
27 0.0525682
28 0.448892
29 0.707799
30 0.987857
31 0.923551
32 0.999308
33 0.705657
34 0.922885
35 0.850875
36 0.71582
37 0.982798
38 0.843208
39 0.793519
40 0.913714
41 0.974155
42 0.282502
43 0.983259
44 0.950996
45 0.857573
46 0.986438
47 0.47918
48 0.871619
49 0.8282
50 0.407708
51 0.123821
52 0.175323
53 0.351417
54 0.208226
55 0.312632
56 0.685098
57 0.270565
58 0.943556
59 0.959167
60 0.996808
61 0.965477
62 0.95309
63 0.984721
64 0.704551
65 0.946294
66 0.995547
67 0.851575
68 0.981126
69 0.981393
70 0.994375
71 0.973838
72 0.975015
73 0.503725
0 0.989119
1 0.310237
2 0.263458
3 0.135116
4 0.301426
5 0
6 0.0793226
7 0.0395723
8 0.406417
9 0.25098
10 0.293405
11 0.317647
12 0.317647
13 0.257041
14 0.25098
15 0.0342246
16 0
17 0
18 0
19 0.2
20 0.317647
21 0.111408
22 0.25098
23 0.0798575
24 0.325668
25 0.999765
26 0.990098
27 0.0497006
28 0.508543
29 0.787922
30 0.986952
31 0.917826
32 0.999691
33 0.706855
34 0.917158
35 0.854498
36 0.736422
37 0.986791
38 0.791507
39 0.768981
40 0.91321
41 0.973088
42 0.322763
43 0.987387
44 0.955978
45 0.869318
46 0.987976
47 0.506436
48 0.850267
49 0.854836
50 0.383272
51 0.172979
52 0.195537
53 0.361302
54 0.261669
55 0.366613
56 0.67804
57 0.248396
58 0.942345
59 0.965609
60 0.995568
61 0.974202
62 0.946626
63 0.9819
64 0.678294
65 0.936973
66 0.995291
67 0.823585
68 0.978862
69 0.968347
70 0.990782
71 0.97336
72 0.965167
73 0.406794
0 0.830126
1 0.302675
2 0.34902
3 0.327629
4 0.220677
5 0.17451
6 0
7 0.206239
8 0.131907
9 0.25098
10 0.25098
11 0.25098
12 0.25098
13 0.311586
14 0.281283
15 0.25098
16 0.12549
17 0
18 0
19 0
20 0.102674
21 0.25098
22 0.275223
23 0.317647
24 0.238859
25 0.999827
26 0.988432
27 0.0769038
28 0.465562
29 0.840967
30 0.990768
31 0.877316
32 0.9997
33 0.674504
34 0.938797
35 0.850467
36 0.687869
37 0.986556
38 0.799005
39 0.696275
40 0.894792
41 0.96888
42 0.352243
43 0.984955
44 0.948936
45 0.863966
46 0.99388
47 0.423472
48 0.849269
49 0.85283
50 0.410412
51 0.236299
52 0.311598
53 0.423331
54 0.262781
55 0.445825
56 0.603971
57 0.291188
58 0.936616
59 0.962095
60 0.994065
61 0.974684
62 0.927372
63 0.982064
64 0.621537
65 0.96563
66 0.995779
67 0.898024
68 0.983336
69 0.980792
70 0.993212
71 0.980743
72 0.976374
73 0.542685
0 0.371283
1 0.294955
2 0.34902
3 0.34902
4 0.318004
5 0.162923
6 0.158645
7 0
8 0
9 0.25098
10 0.25098
11 0.25098
12 0.25098
13 0.25098
14 0.25098
15 0.308556
16 0.317647
17 0.263102
18 0.136898
19 0
20 0
21 0
22 0
23 0
24 0.177718
25 0.999878
26 0.988605
27 0.0414884
28 0.420212
29 0.823783
30 0.987925
31 0.870993
32 0.999591
33 0.726127
34 0.944378
35 0.90459
36 0.707249
37 0.989909
38 0.850402
39 0.744559
40 0.917779
41 0.978936
42 0.430912
43 0.983484
44 0.929022
45 0.836994
46 0.988078
47 0.432606
48 0.854421
49 0.8717
50 0.360853
51 0.146462
52 0.195962
53 0.34035
54 0.21737
55 0.307325
56 0.492352
57 0.294047
58 0.935491
59 0.947309
60 0.994132
61 0.963597
62 0.944899
63 0.978326
64 0.517665
65 0.953446
66 0.99565
67 0.922083
68 0.983684
69 0.984143
70 0.99116
71 0.970226
72 0.976738
73 0.594442
0 0.842774
1 0.286864
2 0.34902
3 0.34902
4 0.34902
5 0.34902
6 0.152585
7 0.233155
8 0
9 0.25098
10 0.25098
11 0.25098
12 0.25098
13 0.25098
14 0.25098
15 0.25098
16 0.25098
17 0.260071
18 0.317647
19 0.311586
20 0.25098
21 0.0684491
22 0
23 0
24 0.204813
25 0.999894
26 0.990294
27 0.0622082
28 0.535978
29 0.943623
30 0.985729
31 0.891359
32 0.999524
33 0.709221
34 0.931988
35 0.891363
36 0.762868
37 0.991081
38 0.814779
39 0.751469
40 0.941218
41 0.984907
42 0.451055
43 0.985862
44 0.966302
45 0.845276
46 0.994957
47 0.562183
48 0.940059
49 0.888403
50 0.537023
51 0.253849
52 0.390311
53 0.466207
54 0.418266
55 0.420087
56 0.60187
57 0.420691
58 0.926325
59 0.954547
60 0.993947
61 0.972016
62 0.944587
63 0.984001
64 0.609077
65 0.966508
66 0.996962
67 0.877639
68 0.98437
69 0.984179
70 0.992549
71 0.985143
72 0.968958
73 0.728338
0 0.0303819
1 0.279002
2 0.34902
3 0.34902
4 0.34902
5 0.34902
6 0.34902
7 0.34902
8 0.128164
9 0.25098
10 0.25098
11 0.25098
12 0.25098
13 0.25098
14 0.25098
15 0.25098
16 0.25098
17 0.25098
18 0.25098
19 0.25098
20 0.25098
21 0.254011
22 0.317647
23 0.317647
24 0.230838
25 0.999867
26 0.990824
27 0.0457075
28 0.368076
29 0.893121
30 0.976225
31 0.848487
32 0.999459
33 0.701064
34 0.93879
35 0.892029
36 0.711607
37 0.98951
38 0.824362
39 0.742602
40 0.928891
41 0.984734
42 0.432196
43 0.983165
44 0.946771
45 0.79586
46 0.993108
47 0.412249
48 0.906565
49 0.855985
50 0.470785
51 0.154725
52 0.260499
53 0.350189
54 0.335473
55 0.327092
56 0.574342
57 0.287974
58 0.911529
59 0.935664
60 0.993276
61 0.964968
62 0.938467
63 0.974825
64 0.490231
65 0.963033
66 0.995636
67 0.872823
68 0.979136
69 0.976913
70 0.993079
71 0.973786
72 0.968937
73 0.648881
0 0.527531
1 0.271191
2 0.294118
3 0.34902
4 0.34902
5 0.34902
6 0.34902
7 0.34902
8 0.34902
9 0.200178
10 0.25098
11 0.25098
12 0.25098
13 0.25098
14 0.25098
15 0.25098
16 0.25098
17 0.25098
18 0.25098
19 0.25098
20 0.25098
21 0.25098
22 0.25098
23 0.25098
24 0.150267
25 0.999871
26 0.991223
27 0.0554872
28 0.40182
29 0.859244
30 0.987235
31 0.818985
32 0.999522
33 0.686874
34 0.939497
35 0.87573
36 0.768425
37 0.988713
38 0.807346
39 0.73229
40 0.942098
41 0.982799
42 0.35835
43 0.980625
44 0.964986
45 0.816808
46 0.994197
47 0.53216
48 0.899601
49 0.879826
50 0.489663
51 0.127846
52 0.306074
53 0.322867
54 0.342592
55 0.277673
56 0.660083
57 0.400837
58 0.889139
59 0.916589
60 0.9937
61 0.958184
62 0.925214
63 0.982014
64 0.529558
65 0.956561
66 0.996596
67 0.877704
68 0.980939
69 0.977893
70 0.991629
71 0.97282
72 0.982468
73 0.621674
0 0.608146
1 0.263649
2 0.0196078
3 0.0196078
4 0.118182
5 0.34902
6 0.34902
7 0.34902
8 0.34902
9 0.243137
10 0.243137
11 0.243137
12 0.243137
13 0.243137
14 0.213191
15 0.242424
16 0.25098
17 0.25098
18 0.25098
19 0.25098
20 0.25098
21 0.25098
22 0.25098
23 0.25098
24 0.450267
25 0.999774
26 0.990972
27 0.0706639
28 0.318232
29 0.735153
30 0.991687
31 0.828073
32 0.999819
33 0.672642
34 0.936871
35 0.86601
36 0.758896
37 0.988063
38 0.814677
39 0.727221
40 0.934605
41 0.982347
42 0.232785
43 0.9835
44 0.959418
45 0.841407
46 0.993991
47 0.593219
48 0.798285
49 0.861582
50 0.467572
51 0.156159
52 0.371202
53 0.250563
54 0.309809
55 0.270136
56 0.715478
57 0.39592
58 0.886699
59 0.893156
60 0.994959
61 0.930472
62 0.875289
63 0.982571
64 0.476852
65 0.929244
66 0.997369
67 0.835396
68 0.972301
69 0.980416
70 0.988904
71 0.958196
72 0.984469
73 0.591164
0 0.781334
1 0.256164
2 0.0196078
3 0.0196078
4 0.0196078
5 0.0196078
6 0.0196078
7 0.0645277
8 0.289127
9 0.243137
10 0.243137
11 0.243137
12 0.243137
13 0.243137
14 0.243137
15 0.243137
16 0.243137
17 0.243137
18 0.243137
19 0.243137
20 0.243137
21 0.200357
22 0.208556
23 0.25098
24 0.826025
25 0.99975
26 0.989252
27 0.0975998
28 0.324928
29 0.790067
30 0.994581
31 0.848934
32 0.999842
33 0.666737
34 0.926204
35 0.853782
36 0.742721
37 0.988261
38 0.81521
39 0.718113
40 0.929786
41 0.981566
42 0.212812
43 0.984505
44 0.958433
45 0.84368
46 0.994088
47 0.636241
48 0.765293
49 0.842501
50 0.478342
51 0.201555
52 0.449942
53 0.232391
54 0.380757
55 0.293386
56 0.691806
57 0.47778
58 0.885322
59 0.893891
60 0.994857
61 0.922195
62 0.856746
63 0.983428
64 0.465822
65 0.920073
66 0.997842
67 0.826072
68 0.969159
69 0.982153
70 0.985121
71 0.965541
72 0.985746
73 0.647215
0 0.461689
1 0.249035
2 0.0156863
3 0.0156863
4 0.0156863
5 0.0156863
6 0.0156863
7 0.0156863
8 0.0156863
9 0.243137
10 0.243137
11 0.243137
12 0.243137
13 0.243137
14 0.243137
15 0.243137
16 0.243137
17 0.243137
18 0.243137
19 0.243137
20 0.243137
21 0.243137
22 0.243137
23 0.243137
24 0.972549
25 0.999795
26 0.990338
27 0.0297832
28 0.44186
29 0.851858
30 0.980978
31 0.790824
32 0.999474
33 0.777483
34 0.935041
35 0.850052
36 0.766202
37 0.990761
38 0.865621
39 0.760816
40 0.931475
41 0.985696
42 0.507595
43 0.979959
44 0.930478
45 0.802704
46 0.992548
47 0.371156
48 0.872757
49 0.851613
50 0.430867
51 0.0976664
52 0.212448
53 0.281708
54 0.275694
55 0.231271
56 0.481315
57 0.316133
58 0.891273
59 0.899768
60 0.990753
61 0.951165
62 0.940458
63 0.972908
64 0.527298
65 0.951828
66 0.994721
67 0.867163
68 0.981194
69 0.97546
70 0.991166
71 0.962317
72 0.974775
73 0.381357
0 0.821234
1 0.241674
2 0.103743
3 0.05918
4 0.220321
5 0.34902
6 0.34902
7 0.34902
8 0.34902
9 0.113725
10 0.355793
11 0.0636363
12 0.0176471
13 0.545455
14 0.6
15 0.298574
16 0.25098
17 0.25098
18 0.25098
19 0.25098
20 0.25098
21 0.25098
22 0.25098
23 0.25098
24 0.258111
25 0.999974
26 0.9875
27 0.0456298
28 0.368506
29 0.851468
30 0.978038
31 0.699043
32 0.999845
33 0.773603
34 0.87833
35 0.854704
36 0.826564
37 0.991217
38 0.654206
39 0.763974
40 0.931162
41 0.985151
42 0.389271
43 0.989914
44 0.969907
45 0.881545
46 0.99462
47 0.540992
48 0.897155
49 0.922057
50 0.2915
51 0.109266
52 0.399729
53 0.450133
54 0.313859
55 0.288254
56 0.721394
57 0.545429
58 0.917953
59 0.921228
60 0.993289
61 0.931434
62 0.814131
63 0.960431
64 0.380708
65 0.95517
66 0.997588
67 0.916147
68 0.984707
69 0.969202
70 0.987685
71 0.977515
72 0.982848
73 0.595246
0 0.655837
1 0.234244
2 0.326025
3 0.0967914
4 0.173975
5 0.372549
6 0.34902
7 0.34902
8 0.34902
9 0.505882
10 0.820321
11 0.348663
12 0.16934
13 0.0515151
14 0
15 0.790909
16 0.6
17 0.314439
18 0.25098
19 0.25098
20 0.25098
21 0.25098
22 0.25098
23 0.25098
24 0.445989
25 0.999992
26 0.991465
27 0.00647254
28 0.618011
29 0.998453
30 0.898914
31 0.899509
32 0.999949
33 0.990187
34 0.993859
35 0.995387
36 0.991887
37 0.999767
38 0.965983
39 0.99557
40 0.999155
41 0.99976
42 0.9751
43 0.998331
44 0.991037
45 0.810964
46 0.996634
47 0.802676
48 0.979608
49 0.987627
50 0.79458
51 0.529923
52 0.385792
53 0.340808
54 0.614588
55 0.410698
56 0.824099
57 0.662541
58 0.926409
59 0.811198
60 0.980692
61 0.930948
62 0.940693
63 0.97089
64 0.0619195
65 0.854183
66 0.996785
67 0.725983
68 0.970415
69 0.970105
70 0.942531
71 0.94318
72 0.988757
73 0.987173
0 0.151322
1 0.227084
2 0.36221
3 0.996078
4 0.996078
5 0.996078
6 0.996078
7 0.996079
8 0.996078
9 0.243137
10 0.722282
11 0.996078
12 0.996078
13 0.996078
14 0.996078
15 0.996078
16 0.996079
17 0.996079
18 0.996078
19 0.996078
20 0.996079
21 0.996079
22 0.996077
23 0.996079
24 0.995009
25 0.999466
26 0.975745
27 0.0370397
28 0.134512
29 0.634033
30 0.959321
31 0.752685
32 0.999664
33 0.556185
34 0.846004
35 0.729663
36 0.405797
37 0.970118
38 0.570548
39 0.348088
40 0.885182
41 0.965882
42 0.145214
43 0.971694
44 0.900881
45 0.555333
46 0.992321
47 0.310235
48 0.590421
49 0.518922
50 0.250049
51 0.125586
52 0.230004
53 0.167071
54 0.331201
55 0.300058
56 0.690506
57 0.248455
58 0.550567
59 0.760707
60 0.974951
61 0.803526
62 0.775676
63 0.905554
64 0.187824
65 0.844929
66 0.980691
67 0.329391
68 0.89552
69 0.885572
70 0.956443
71 0.867632
72 0.957908
73 0.426416
0 0.975083
1 0.219374
2 0.0304813
3 0.222816
4 0.223529
5 0.0395722
6 0.0714795
7 0.0573975
8 0.0971479
9 0.301961
10 0.301961
11 0.276292
12 0.6
13 0.277362
14 0.287344
15 0.31123
16 0.141177
17 0.345989
18 0.0666666
19 0.0666666
20 0.169341
21 0.317647
22 0.317647
23 0.111765
24 0.645276
25 0.999562
26 0.980661
27 0.160305
28 0.464078
29 0.895758
30 0.988289
31 0.951966
32 0.999539
33 0.755032
34 0.95668
35 0.918614
36 0.809268
37 0.992116
38 0.864324
39 0.90108
40 0.966575
41 0.983316
42 0.500239
43 0.987823
44 0.951697
45 0.816212
46 0.986498
47 0.682806
48 0.830878
49 0.876012
50 0.453753
51 0.306571
52 0.231162
53 0.230649
54 0.392424
55 0.395237
56 0.856932
57 0.348117
58 0.943945
59 0.97561
60 0.995158
61 0.97732
62 0.94233
63 0.986146
64 0.46822
65 0.909059
66 0.995846
67 0.738991
68 0.970345
69 0.974029
70 0.985782
71 0.968956
72 0.99164
73 0.857347
0 0.57456
1 0.212677
2 0.122103
3 0.659893
4 0.116399
5 0.112299
6 0.201426
7 0.254902
8 0.254902
9 0.301961
10 0.269519
11 0.492692
12 1
13 0.311943
14 0.247415
15 0.05918
16 0.137255
17 0.137255
18 0.219251
19 0.317647
20 0.317647
21 0.317647
22 0.317647
23 0.317647
24 0.702317
25 0.999819
26 0.991814
27 0.096366
28 0.311163
29 0.892726
30 0.993832
31 0.822111
32 0.999791
33 0.682475
34 0.937628
35 0.881149
36 0.743539
37 0.98956
38 0.828818
39 0.675822
40 0.929608
41 0.980405
42 0.24802
43 0.987872
44 0.968712
45 0.857675
46 0.996847
47 0.592805
48 0.806746
49 0.803301
50 0.538911
51 0.327863
52 0.555932
53 0.354827
54 0.451829
55 0.342065
56 0.67199
57 0.421264
58 0.840544
59 0.889584
60 0.995014
61 0.899888
62 0.89027
63 0.986463
64 0.344387
65 0.903415
66 0.996736
67 0.728758
68 0.961051
69 0.979278
70 0.981816
71 0.947514
72 0.975705
73 0.703763
0 0.0604001
1 0.205303
2 0.233868
3 0.0117647
4 0.103743
5 0.0470588
6 0.0392157
7 0.0392157
8 0.0392157
9 0.243137
10 0.28057
11 0.301961
12 0.301961
13 0.369697
14 0.317647
15 0.125134
16 0.317647
17 0.317647
18 0.317647
19 0.317647
20 0.317647
21 0.317647
22 0.317647
23 0.317647
24 0.844563
25 0.999818
26 0.988636
27 0.075261
28 0.213625
29 0.808203
30 0.989189
31 0.790504
32 0.999822
33 0.702189
34 0.934826
35 0.89422
36 0.701597
37 0.991527
38 0.825723
39 0.793024
40 0.937815
41 0.98885
42 0.399743
43 0.981312
44 0.927982
45 0.780376
46 0.994283
47 0.545767
48 0.801826
49 0.8074
50 0.427092
51 0.165229
52 0.385031
53 0.251774
54 0.336994
55 0.268571
56 0.694149
57 0.38721
58 0.84533
59 0.895178
60 0.992378
61 0.913201
62 0.863538
63 0.969989
64 0.343169
65 0.923892
66 0.996966
67 0.778123
68 0.959822
69 0.974802
70 0.986503
71 0.950943
72 0.98537
73 0.70776
0 0.641129
1 0.198241
2 0.244207
3 0.24385
4 0.0156863
5 0.00784314
6 0.138859
7 0.160784
8 0.160784
9 0.248307
10 0.25098
11 0.346168
12 0.389127
13 0.296613
14 0.301961
15 0.301961
16 0.309804
17 0.317647
18 0.317647
19 0.317647
20 0.317647
21 0.317647
22 0.317647
23 0.317647
24 0.713904
25 0.999825
26 0.987335
27 0.0891316
28 0.36965
29 0.903302
30 0.9927
31 0.853696
32 0.999771
33 0.711479
34 0.918462
35 0.872175
36 0.687023
37 0.990965
38 0.813793
39 0.727278
40 0.926184
41 0.98532
42 0.362501
43 0.985693
44 0.946919
45 0.812013
46 0.994332
47 0.585117
48 0.862558
49 0.80659
50 0.565274
51 0.315331
52 0.532778
53 0.325567
54 0.436284
55 0.394047
56 0.639567
57 0.397359
58 0.883477
59 0.899301
60 0.991335
61 0.930233
62 0.887895
63 0.98045
64 0.415649
65 0.930196
66 0.996597
67 0.768337
68 0.971796
69 0.979797
70 0.985121
71 0.965044
72 0.974889
73 0.769272
0 0.0463644
1 0.191343
2 0.240463
3 0.34902
4 0.28984
5 0.0971479
6 0.0862745
7 0.0862745
8 0.0862745
9 0.272193
10 0.275223
11 0.25098
12 0.25098
13 0.25098
14 0.441355
15 0.302495
16 0.309804
17 0.317647
18 0.317647
19 0.317647
20 0.317647
21 0.317647
22 0.317647
23 0.317647
24 0.675223
25 0.999804
26 0.994271
27 0.0530195
28 0.326173
29 0.873368
30 0.988302
31 0.839867
32 0.999541
33 0.609412
34 0.945952
35 0.883654
36 0.682029
37 0.992421
38 0.825747
39 0.759512
40 0.945692
41 0.986334
42 0.393135
43 0.979641
44 0.913129
45 0.707055
46 0.990019
47 0.400469
48 0.844677
49 0.787738
50 0.584648
51 0.21666
52 0.283654
53 0.191108
54 0.310922
55 0.295269
56 0.534093
57 0.200252
58 0.873926
59 0.89588
60 0.989569
61 0.955975
62 0.932017
63 0.968839
64 0.405366
65 0.948543
66 0.994049
67 0.825404
68 0.971825
69 0.980683
70 0.993472
71 0.958895
72 0.974353
73 0.690255
0 0.87473
1 0.184143
2 0.0158645
3 0.34902
4 0.34902
5 0.321925
6 0.143494
7 0.0117647
8 0.238859
9 0
10 0
11 0.239572
12 0.25098
13 0.25098
14 0.25098
15 0.25098
16 0.25098
17 0.459002
18 0.154367
19 0.301961
20 0.301961
21 0.299644
22 0.377896
23 0.6
24 0.304456
25 0.999867
26 0.994603
27 0.0568756
28 0.365432
29 0.823967
30 0.990984
31 0.678975
32 0.999144
33 0.489323
34 0.912536
35 0.850403
36 0.668368
37 0.988083
38 0.719362
39 0.584962
40 0.887679
41 0.974978
42 0.283652
43 0.97253
44 0.916636
45 0.784631
46 0.992183
47 0.425195
48 0.894032
49 0.847641
50 0.533489
51 0.115048
52 0.31996
53 0.338515
54 0.333704
55 0.211347
56 0.437998
57 0.304304
58 0.870115
59 0.914515
60 0.990544
61 0.957672
62 0.922113
63 0.977061
64 0.529119
65 0.964497
66 0.997191
67 0.920594
68 0.98846
69 0.9833
70 0.994259
71 0.975891
72 0.973657
73 0.58453
0 0.828292
1 0.17713
2 0.000178253
3 0.00106952
4 0.158645
5 0.34902
6 0.34902
7 0.368984
8 0.226738
9 0
10 0
11 0.0802139
12 0
13 0
14 0.136898
15 0.25098
16 0.25098
17 0.25098
18 0.25098
19 0.25098
20 0.393761
21 0.186453
22 0.129768
23 0.301961
24 0.271836
25 0.999903
26 0.994637
27 0.112117
28 0.404264
29 0.890641
30 0.990823
31 0.766016
32 0.999506
33 0.636743
34 0.914996
35 0.863832
36 0.764908
37 0.987364
38 0.85213
39 0.721878
40 0.915028
41 0.986454
42 0.513432
43 0.982687
44 0.950942
45 0.869543
46 0.995681
47 0.534374
48 0.940224
49 0.909472
50 0.495009
51 0.136553
52 0.405743
53 0.50749
54 0.351435
55 0.288516
56 0.546242
57 0.476914
58 0.949205
59 0.963519
60 0.996366
61 0.977558
62 0.955007
63 0.987506
64 0.713104
65 0.984436
66 0.998129
67 0.938847
68 0.99336
69 0.991924
70 0.997822
71 0.990183
72 0.982824
73 0.635835
0 0.360073
1 0.170192
2 0.285383
3 0.0951872
4 0.0636364
5 0.17451
6 0.34902
7 0.34902
8 0.34902
9 0.25098
10 0.293405
11 0.185561
12 0
13 0.136364
14 0.272727
15 0
16 0.12549
17 0.25098
18 0.25098
19 0.25098
20 0.25098
21 0.25098
22 0.25098
23 0.25098
24 0.139929
25 0.99986
26 0.994955
27 0.151194
28 0.370529
29 0.854676
30 0.993174
31 0.842205
32 0.999685
33 0.63727
34 0.909829
35 0.845071
36 0.661617
37 0.984363
38 0.790052
39 0.711901
40 0.892126
41 0.983157
42 0.421761
43 0.985613
44 0.966152
45 0.866281
46 0.994689
47 0.569456
48 0.920632
49 0.848684
50 0.531176
51 0.207902
52 0.405888
53 0.456624
54 0.400955
55 0.493332
56 0.655462
57 0.416102
58 0.930474
59 0.958229
60 0.99748
61 0.980143
62 0.964703
63 0.990672
64 0.696684
65 0.972245
66 0.997553
67 0.829089
68 0.987637
69 0.98379
70 0.995982
71 0.985204
72 0.968833
73 0.640216
0 0.0994599
1 0.163075
2 0.34902
3 0.134403
4 0.232799
5 0
6 0.0793226
7 0.34902
8 0.34902
9 0.25098
10 0.25098
11 0.248841
12 0.243137
13 0.250267
14 0.287344
15 0.0433155
16 0
17 0
18 0
19 0.193939
20 0.25098
21 0.25098
22 0.25098
23 0.25098
24 0.212299
25 0.999884
26 0.995193
27 0.131707
28 0.295355
29 0.810692
30 0.992608
31 0.821293
32 0.999771
33 0.626531
34 0.929968
35 0.88172
36 0.645219
37 0.988781
38 0.842467
39 0.761246
40 0.908579
41 0.980038
42 0.40387
43 0.983931
44 0.931478
45 0.848942
46 0.992347
47 0.40283
48 0.805826
49 0.831378
50 0.421265
51 0.198174
52 0.319844
53 0.346683
54 0.224853
55 0.356786
56 0.557479
57 0.246698
58 0.941616
59 0.950419
60 0.996218
61 0.970083
62 0.947095
63 0.984448
64 0.491547
65 0.971122
66 0.996517
67 0.895017
68 0.983734
69 0.983426
70 0.995654
71 0.973606
72 0.976666
73 0.570192
0 0.681589
1 0.156131
2 0.34902
3 0.34902
4 0.30303
5 0.141889
6 0.0641711
7 0.0181819
8 0.222103
9 0.25098
10 0.25098
11 0.25098
12 0.25098
13 0.25098
14 0.25098
15 0.244207
16 0.247059
17 0.26221
18 0
19 0.409091
20 0
21 0
22 0.0912655
23 0.25098
24 0.213725
25 0.999906
26 0.99318
27 0.162208
28 0.429662
29 0.900847
30 0.995756
31 0.805967
32 0.999685
33 0.604301
34 0.925726
35 0.851627
36 0.561681
37 0.987246
38 0.784417
39 0.657276
40 0.884475
41 0.975879
42 0.403218
43 0.983151
44 0.937718
45 0.845652
46 0.993433
47 0.45842
48 0.882447
49 0.856555
50 0.46958
51 0.290777
52 0.361669
53 0.406393
54 0.31453
55 0.472631
56 0.502707
57 0.358461
58 0.932705
59 0.962155
60 0.99526
61 0.978321
62 0.95811
63 0.987648
64 0.585037
65 0.977921
66 0.996885
67 0.915411
68 0.98883
69 0.991636
70 0.995774
71 0.98211
72 0.973203
73 0.644068
0 0.131766
1 0.149344
2 0.34902
3 0.34902
4 0.34902
5 0.34902
6 0.18877
7 0.0110517
8 0
9 0.25098
10 0.25098
11 0.25098
12 0.25098
13 0.25098
14 0.25098
15 0.25098
16 0.25098
17 0.249911
18 0.246702
19 0.273618
20 0
21 0
22 0
23 0
24 0.172371
25 0.999942
26 0.995985
27 0.0854353
28 0.328954
29 0.904044
30 0.991482
31 0.804011
32 0.999691
33 0.719111
34 0.94848
35 0.916128
36 0.726402
37 0.994052
38 0.839411
39 0.803742
40 0.93378
41 0.989055
42 0.530367
43 0.988759
44 0.94407
45 0.855594
46 0.99323
47 0.499054
48 0.885622
49 0.882683
50 0.434064
51 0.213464
52 0.299866
53 0.403347
54 0.285921
55 0.353294
56 0.551866
57 0.3363
58 0.947492
59 0.960778
60 0.996565
61 0.977744
62 0.962586
63 0.98708
64 0.553024
65 0.976006
66 0.998046
67 0.919341
68 0.988911
69 0.990862
70 0.99599
71 0.983794
72 0.975884
73 0.652821
0 0.697451
1 0.1422
2 0.34902
3 0.34902
4 0.34902
5 0.34902
6 0.34902
7 0.257041
8 0.119073
9 0.25098
10 0.25098
11 0.25098
12 0.25098
13 0.25098
14 0.25098
15 0.25098
16 0.25098
17 0.25098
18 0.25098
19 0.25098
20 0.25098
21 0.245276
22 0.243137
23 0.248485
24 0.261319
25 0.999939
26 0.994737
27 0.0685931
28 0.33405
29 0.867998
30 0.987076
31 0.732834
32 0.999666
33 0.650214
34 0.922771
35 0.872114
36 0.639622
37 0.990944
38 0.762646
39 0.695209
40 0.913694
41 0.985041
42 0.477013
43 0.986296
44 0.934978
45 0.819598
46 0.992148
47 0.453546
48 0.901967
49 0.869398
50 0.417384
51 0.176037
52 0.2593
53 0.422766
54 0.296944
55 0.301542
56 0.553725
57 0.280875
58 0.92168
59 0.946608
60 0.994744
61 0.970692
62 0.959234
63 0.981686
64 0.539212
65 0.969871
66 0.996467
67 0.885973
68 0.988129
69 0.982393
70 0.99474
71 0.974257
72 0.966747
73 0.551712
0 0.873504
1 0.135115
2 0.34902
3 0.34902
4 0.34902
5 0.34902
6 0.34902
7 0.34902
8 0.34902
9 0.25098
10 0.25098
11 0.25098
12 0.25098
13 0.25098
14 0.25098
15 0.25098
16 0.25098
17 0.25098
18 0.25098
19 0.25098
20 0.25098
21 0.25098
22 0.25098
23 0.25098
24 0.14902
25 0.999983
26 0.988891
27 0.173211
28 0.228635
29 0.954988
30 0.985731
31 0.858354
32 0.999901
33 0.860152
34 0.881178
35 0.903744
36 0.660332
37 0.98999
38 0.819148
39 0.884449
40 0.950744
41 0.990296
42 0.685728
43 0.995685
44 0.964355
45 0.92047
46 0.994096
47 0.61155
48 0.923412
49 0.943853
50 0.236569
51 0.22612
52 0.352033
53 0.695294
54 0.319964
55 0.449281
56 0.830925
57 0.562513
58 0.985907
59 0.985341
60 0.998608
61 0.967367
62 0.965986
63 0.985365
64 0.532105
65 0.966244
66 0.997491
67 0.883616
68 0.991033
69 0.986598
70 0.995623
71 0.987629
72 0.983624
73 0.730741
0 0.343111
1 0.128084
2 1
3 0.73369
4 0.34902
5 0.34902
6 0.34902
7 0.34902
8 0.34902
9 1
10 1
11 1
12 0.557397
13 0.25098
14 0.25098
15 0.25098
16 0.25098
17 0.25098
18 0.25098
19 0.25098
20 0.25098
21 0.25098
22 0.25098
23 0.25098
24 0.342424
25 0.999979
26 0.997991
27 0.0207707
28 0.290731
29 0.918988
30 0.98113
31 0.639279
32 0.999911
33 0.865151
34 0.965356
35 0.972149
36 0.9605
37 0.998653
38 0.873516
39 0.89638
40 0.977178
41 0.997581
42 0.703374
43 0.991389
44 0.980378
45 0.816538
46 0.996375
47 0.782984
48 0.94918
49 0.895778
50 0.790102
51 0.278868
52 0.727507
53 0.404656
54 0.618401
55 0.136896
56 0.733516
57 0.346676
58 0.790624
59 0.698317
60 0.993254
61 0.862676
62 0.838032
63 0.988488
64 0.225163
65 0.895735
66 0.9992
67 0.72949
68 0.970281
69 0.956305
70 0.968805
71 0.903457
72 0.974308
73 0.878271
0 0.619752
1 0.121031
2 0.0705882
3 0.0705882
4 0.028164
5 0.0156863
6 0.239394
7 1
8 1
9 0.0156863
10 0.0156863
11 0.0156863
12 0.0156863
13 0.127095
14 0.505882
15 0.505882
16 0.505883
17 0.505883
18 0.505882
19 0.8877
20 1
21 1
22 0.999999
23 1
24 1
25 0.999481
26 0.981747
27 0.235154
28 0.122243
29 0.520405
30 0.990587
31 0.603138
32 0.999608
33 0.196959
34 0.736537
35 0.480539
36 0.148916
37 0.941729
38 0.479893
39 0.157646
40 0.607959
41 0.924606
42 0.0439469
43 0.943334
44 0.741306
45 0.617985
46 0.988827
47 0.335108
48 0.554044
49 0.525811
50 0.346598
51 0.0757708
52 0.377586
53 0.126246
54 0.389997
55 0.237938
56 0.543892
57 0.3637
58 0.645182
59 0.738751
60 0.989523
61 0.837113
62 0.842426
63 0.956537
64 0.440111
65 0.926058
66 0.994489
67 0.733381
68 0.965251
69 0.953539
70 0.982216
71 0.953174
72 0.94544
73 0.372905
0 0.618294
1 0.114241
2 0.0784314
3 0.0784314
4 0.0784314
5 0.0784314
6 0.0784314
7 0.0784314
8 0.0784314
9 0.0156863
10 0.0156863
11 0.0156863
12 0.0156863
13 0.0156863
14 0.0156863
15 0.0156863
16 0.0156863
17 0.0156863
18 0.0156863
19 0.0156863
20 0.0156863
21 0.0156863
22 0.0156863
23 0.0156863
24 1
25 0.999802
26 0.998554
27 0.442574
28 0.484901
29 0.89603
30 0.997085
31 0.929966
32 0.99946
33 0.606264
34 0.96147
35 0.894543
36 0.805363
37 0.994906
38 0.904818
39 0.83101
40 0.938528
41 0.983901
42 0.277037
43 0.987951
44 0.935505
45 0.92929
46 0.983445
47 0.643511
48 0.786647
49 0.916151
50 0.664379
51 0.180198
52 0.490736
53 0.274899
54 0.321409
55 0.28278
56 0.746324
57 0.285654
58 0.980439
59 0.981432
60 0.998804
61 0.987887
62 0.971955
63 0.996636
64 0.871257
65 0.986046
66 0.99972
67 0.959524
68 0.993652
69 0.997364
70 0.998738
71 0.994263
72 0.991253
73 0.695062
0 0.576458
1 0.107881
2 0.172549
3 0.172549
4 0.172549
5 0.172549
6 0.172549
7 0.172549
8 0.435829
9 0.0156863
10 0.0156863
11 0.0156863
12 0.0156863
13 0.0156863
14 0.0156863
15 0.0156863
16 0.0156863
17 0.0156863
18 0.0156863
19 0.0156863
20 0.0156863
21 0.0156863
22 0.0156863
23 0.686809
24 1
25 0.999952
26 0.994811
27 0.269017
28 0.266361
29 0.97777
30 0.987336
31 0.848875
32 0.999664
33 0.558462
34 0.853366
35 0.841496
36 0.445251
37 0.992285
38 0.734308
39 0.55102
40 0.832744
41 0.980114
42 0.217482
43 0.997343
44 0.946591
45 0.822472
46 0.983057
47 0.596615
48 0.903572
49 0.92312
50 0.381178
51 0.244043
52 0.311968
53 0.329058
54 0.759503
55 0.346946
56 0.592937
57 0.336325
58 0.983112
59 0.969175
60 0.998915
61 0.977452
62 0.96911
63 0.993396
64 0.646859
65 0.979539
66 0.999483
67 0.960114
68 0.993606
69 0.992983
70 0.992557
71 0.993315
72 0.866908
73 0.672656
0 0.291749
1 0.100386
2 0.213904
3 1
4 1
5 1
6 1
7 0.707665
8 0.165597
9 0.317647
10 0.317647
11 0.0294118
12 0.0156863
13 0.0156863
14 0.0156863
15 0.0156863
16 0.0156863
17 0.0156863
18 0.0156863
19 0.0759358
20 0.678432
21 0.648306
22 0.0156863
23 0.0156863
24 0.954011
25 0.999968
26 0.998269
27 0.536098
28 0.337955
29 0.966782
30 0.983967
31 0.816198
32 0.999631
33 0.640416
34 0.9637
35 0.879479
36 0.598713
37 0.993437
38 0.854071
39 0.777232
40 0.936393
41 0.988166
42 0.353756
43 0.994368
44 0.962326
45 0.875788
46 0.986233
47 0.437882
48 0.866305
49 0.967538
50 0.530201
51 0.182758
52 0.240432
53 0.306357
54 0.477754
55 0.36297
56 0.822629
57 0.415496
58 0.987649
59 0.971879
60 0.999322
61 0.986176
62 0.990498
63 0.996376
64 0.718298
65 0.988899
66 0.999594
67 0.968665
68 0.996406
69 0.991852
70 0.998274
71 0.990455
72 0.979776
73 0.632732
0 0.851904
1 0.0912767
2 0.121569
3 0.201426
4 1
5 1
6 1
7 1
8 1
9 0.317647
10 0.317647
11 0.317647
12 0.317647
13 0.0431372
14 0.0156863
15 0.0156863
16 0.0156863
17 0.0156863
18 0.0156863
19 0.0156863
20 0.0156863
21 0.0156863
22 0.0156863
23 0.0156863
24 0.997861
25 0.999928
26 0.99758
27 0.197912
28 0.211716
29 0.810796
30 0.995633
31 0.677387
32 0.999937
33 0.716205
34 0.926157
35 0.843594
36 0.776879
37 0.991885
38 0.791457
39 0.826481
40 0.936056
41 0.98761
42 0.305678
43 0.990029
44 0.973579
45 0.919981
46 0.995582
47 0.542347
48 0.805334
49 0.906003
50 0.381463
51 0.184191
52 0.40751
53 0.345239
54 0.216909
55 0.380149
56 0.80515
57 0.388039
58 0.951976
59 0.960411
60 0.99866
61 0.97081
62 0.942899
63 0.992867
64 0.527188
65 0.964689
66 0.998691
67 0.817039
68 0.98407
69 0.98557
70 0.99611
71 0.963494
72 0.977784
73 0.350291
0 0.753886
1 0.0819667
2 0.363636
3 0.0336898
4 0.0470588
5 0.0527629
6 0.115508
7 0.00713013
8 0.599287
9 0.246524
10 0.670588
11 0.27754
12 0.287166
13 0.317647
14 0.317647
15 0.317647
16 0.317647
17 0.057754
18 0.0196079
19 0.0137255
20 0.0431373
21 0.0663104
22 0.336542
23 0.266667
24 0.768806
25 0.99995
26 0.995705
27 0.159302
28 0.232905
29 0.84021
30 0.997281
31 0.73788
32 0.999946
33 0.717028
34 0.939842
35 0.866349
36 0.755195
37 0.993172
38 0.780978
39 0.793064
40 0.930412
41 0.987028
42 0.384239
43 0.991334
44 0.963307
45 0.873858
46 0.994192
47 0.647775
48 0.74557
49 0.879887
50 0.45055
51 0.280953
52 0.480411
53 0.276033
54 0.324803
55 0.371091
56 0.702197
57 0.498137
58 0.916536
59 0.921535
60 0.997064
61 0.953054
62 0.931906
63 0.991345
64 0.449835
65 0.946166
66 0.998517
67 0.847138
68 0.980772
69 0.982937
70 0.988214
71 0.96275
72 0.986004
73 0.632914
0 0.688501
1 0.0733272
2 0.042246
3 0.057754
4 0.12549
5 0.12549
6 0.0645276
7 0.054902
8 0.054902
9 0.293583
10 0.317647
11 0.317647
12 0.317647
13 0.317647
14 0.317647
15 0.317647
16 0.317647
17 0.307487
18 0.243137
19 0.243137
20 0.243137
21 0.243137
22 0.243137
23 0.243137
24 0.991979
25 0.999923
26 0.995919
27 0.0506568
28 0.316804
29 0.855343
30 0.995662
31 0.622249
32 0.999884
33 0.799326
34 0.956912
35 0.933884
36 0.808536
37 0.996245
38 0.781152
39 0.800506
40 0.932371
41 0.992125
42 0.673037
43 0.989611
44 0.945056
45 0.813739
46 0.995505
47 0.68386
48 0.882317
49 0.86451
50 0.588874
51 0.307104
52 0.430201
53 0.288992
54 0.53779
55 0.405469
56 0.594343
57 0.394363
58 0.860482
59 0.899995
60 0.992396
61 0.966766
62 0.938199
63 0.989099
64 0.394827
65 0.949411
66 0.99872
67 0.838262
68 0.988764
69 0.981555
70 0.985179
71 0.968057
72 0.980396
73 0.822119
0 0.402474
1 0.0647966
2 0.0495544
3 0.2082
4 0.156328
5 0.0787879
6 0.0823529
7 0.55615
8 0.214973
9 0
10 0
11 0.265241
12 0.308021
13 0.354545
14 0.6
15 0.548663
16 0.317647
17 0.317647
18 0.317647
19 0.322995
20 0.597861
21 0.61533
22 0.335116
23 0.0431373
24 0.660606
25 0.999942
26 0.992585
27 0.167633
28 0.176181
29 0.941818
30 0.995363
31 0.718346
32 0.999884
33 0.658994
34 0.906049
35 0.860073
36 0.620531
37 0.986446
38 0.771644
39 0.699211
40 0.932511
41 0.984768
42 0.494391
43 0.991022
44 0.943691
45 0.785518
46 0.997025
47 0.565434
48 0.824379
49 0.899512
50 0.510346
51 0.284193
52 0.532402
53 0.44441
54 0.576185
55 0.277363
56 0.541165
57 0.558622
58 0.935585
59 0.892919
60 0.994468
61 0.936963
62 0.90793
63 0.978126
64 0.201041
65 0.960744
66 0.998143
67 0.899902
68 0.984574
69 0.984927
70 0.989722
71 0.979313
72 0.983763
73 0.846429
0 0.0883234
1 0.160039
2 0.0491978
3 0.4959
4 0.129234
5 0.129055
6 0.338502
7 0.237433
8 0.0431372
9 0.505882
10 0.505882
11 0.773262
12 0.25098
13 0.0228164
14 0.216043
15 0.297861
16 0.441177
17 0.362032
18 0.437789
19 0.750267
20 0.188414
21 0.299465
22 0.317647
23 0.317647
24 0.723351
25 0.999968
26 0.996668
27 0.0319692
28 0.277869
29 0.871237
30 0.994747
31 0.658515
32 0.999874
33 0.851613
34 0.941478
35 0.948391
36 0.871341
37 0.996915
38 0.82592
39 0.817798
40 0.952537
41 0.996032
42 0.687055
43 0.984766
44 0.944702
45 0.815625
46 0.997222
47 0.667986
48 0.92252
49 0.83758
50 0.57003
51 0.285959
52 0.699287
53 0.393589
54 0.503763
55 0.350696
56 0.541024
57 0.563121
58 0.85592
59 0.879091
60 0.992735
61 0.929158
62 0.856969
63 0.984029
64 0.279842
65 0.954177
66 0.99892
67 0.857442
68 0.990177
69 0.989878
70 0.989862
71 0.975774
72 0.984104
73 0.877226
0 0.173058
1 0.255219
2 0.34902
3 0.157398
4 0.0306595
5 0.00392157
6 0.00392157
7 0.43672
8 0.138859
9 0.25098
10 0.25098
11 0.193226
12 0.0345811
13 0.139216
14 0.505882
15 0.505882
16 0.505883
17 0.505883
18 0.505882
19 0.550802
20 0.836364
21 0.6
22 0.599999
23 0.356685
24 0.630838
25 0.999829
26 0.995131
27 0.186302
28 0.256972
29 0.900188
30 0.992397
31 0.77247
32 0.999542
33 0.376183
34 0.889636
35 0.7042
36 0.359246
37 0.980035
38 0.660324
39 0.433831
40 0.878074
41 0.977264
42 0.226839
43 0.964704
44 0.888649
45 0.652558
46 0.995936
47 0.385648
48 0.849705
49 0.679862
50 0.613114
51 0.235064
52 0.479279
53 0.239478
54 0.50358
55 0.395491
56 0.4149
57 0.464927
58 0.756286
59 0.860708
60 0.991596
61 0.960786
62 0.932518
63 0.979705
64 0.418875
65 0.972432
66 0.996618
67 0.750223
68 0.978949
69 0.976731
70 0.993264
71 0.980384
72 0.954949
73 0.651452
0 0.0282755
1 0.247042
2 0
3 0.253832
4 0.22246
5 0.121212
6 0.34902
7 0.294118
8 0.000891262
9 0
10 0
11 0.0684492
12 0.25098
13 0.25098
14 0.131194
15 0.0313725
16 0.0313726
17 0.211052
18 0.25098
19 0.25098
20 0.161141
21 0.0315511
22 0.505882
23 0.505883
24 0.436542
25 0.999941
26 0.998263
27 0.169406
28 0.284453
29 0.796061
30 0.994326
31 0.744785
32 0.999478
33 0.592242
34 0.934765
35 0.892075
36 0.767201
37 0.994081
38 0.842815
39 0.779489
40 0.909221
41 0.987441
42 0.44881
43 0.983423
44 0.926715
45 0.889565
46 0.994124
47 0.512622
48 0.882747
49 0.874337
50 0.416642
51 0.124658
52 0.427884
53 0.403096
54 0.30598
55 0.339228
56 0.62728
57 0.353619
58 0.957288
59 0.978085
60 0.997963
61 0.983186
62 0.951988
63 0.990017
64 0.69354
65 0.98636
66 0.999106
67 0.955981
68 0.994878
69 0.995197
70 0.998744
71 0.991492
72 0.98804
73 0.633049
0 0.711294
1 0.238621
2 0.33369
3 0.00320856
4 0
5 0.285561
6 0.111943
7 0.324064
8 0.34902
9 0.25098
10 0.25098
11 0.177184
12 0
13 0
14 0
15 0.0456328
16 0.25098
17 0.221034
18 0.0313725
19 0.0513369
20 0.25098
21 0.25098
22 0.25098
23 0.25098
24 0.240642
25 0.999946
26 0.997461
27 0.156262
28 0.273891
29 0.794766
30 0.996937
31 0.67414
32 0.99989
33 0.580707
34 0.922871
35 0.843789
36 0.520147
37 0.987101
38 0.679322
39 0.633683
40 0.873481
41 0.982361
42 0.285863
43 0.987162
44 0.929199
45 0.860879
46 0.993874
47 0.460053
48 0.784116
49 0.856267
50 0.386121
51 0.141247
52 0.228647
53 0.345818
54 0.304174
55 0.295681
56 0.46608
57 0.347962
58 0.93722
59 0.950886
60 0.99743
61 0.981628
62 0.950943
63 0.990153
64 0.522608
65 0.980679
66 0.998474
67 0.909341
68 0.98903
69 0.985871
70 0.994792
71 0.980124
72 0.966232
73 0.437126
0 0.845132
1 0.231957
2 0.284135
3 0.34902
4 0.110339
5 0.0363636
6 0.301426
7 0.192157
8 0.0666666
9 0.0905526
10 0.25098
11 0.25098
12 0.25098
13 0.249198
14 0.110517
15 0.409091
16 0
17 0.0342247
18 0.25098
19 0.231016
20 0.0313726
21 0.0313726
22 0.0356506
23 0.0431373
24 0.402852
25 0.999947
26 0.998129
27 0.199959
28 0.399784
29 0.835776
30 0.99654
31 0.809621
32 0.999807
33 0.648792
34 0.93865
35 0.896243
36 0.68078
37 0.995031
38 0.760632
39 0.736036
40 0.902147
41 0.988281
42 0.424317
43 0.989695
44 0.945102
45 0.891993
46 0.993721
47 0.577494
48 0.882889
49 0.885718
50 0.512248
51 0.364394
52 0.466444
53 0.480569
54 0.319232
55 0.537392
56 0.715208
57 0.278205
58 0.962934
59 0.972769
60 0.997413
61 0.985979
62 0.967466
63 0.994164
64 0.752753
65 0.98241
66 0.998942
67 0.91597
68 0.994416
69 0.992583
70 0.997718
71 0.988494
72 0.976005
73 0.558933
0 0.590395
1 0.225388
2 0.306952
3 0.181462
4 0.34902
5 0.0696969
6 0
7 0.206239
8 0.34902
9 0.422103
10 0.0156863
11 0.0156863
12 0.0156863
13 0.22959
14 0.25098
15 0.205348
16 0.121569
17 0.0442067
18 0
19 0
20 0.102674
21 0.25098
22 0.25098
23 0.25098
24 0.359893
25 0.999958
26 0.998018
27 0.311251
28 0.264083
29 0.906335
30 0.995627
31 0.783504
32 0.999878
33 0.440138
34 0.882312
35 0.885619
36 0.398059
37 0.992313
38 0.765216
39 0.55978
40 0.799468
41 0.97778
42 0.194245
43 0.989934
44 0.818657
45 0.877402
46 0.990695
47 0.501718
48 0.850713
49 0.842321
50 0.444652
51 0.411903
52 0.546143
53 0.407165
54 0.348197
55 0.508534
56 0.522346
57 0.219664
58 0.966473
59 0.976781
60 0.998397
61 0.972047
62 0.951647
63 0.99222
64 0.573532
65 0.976071
66 0.998919
67 0.932333
68 0.991639
69 0.991599
70 0.996316
71 0.988417
72 0.91786
73 0.715081
0 0.0662573
1 0.218447
2 1
3 1
4 0.616756
5 0.252941
6 0.0511587
7 0.0650624
8 0.111052
9 0.0156863
10 0.0156863
11 0.0156863
12 0.0156863
13 0.0156863
14 0.0156863
15 0.0156863
16 0.133333
17 0.216756
18 0
19 0.220321
20 0.354546
21 0
22 0
23 0.171123
24 0.573262
25 0.99997
26 0.998615
27 0.396192
28 0.397614
29 0.96207
30 0.99776
31 0.863645
32 0.999635
33 0.632746
34 0.952418
35 0.896864
36 0.51736
37 0.995021
38 0.829672
39 0.751898
40 0.902957
41 0.989037
42 0.385876
43 0.992346
44 0.958405
45 0.853238
46 0.986121
47 0.546047
48 0.895117
49 0.901104
50 0.478855
51 0.327686
52 0.263215
53 0.308275
54 0.444349
55 0.64413
56 0.601337
57 0.446827
58 0.981866
59 0.985065
60 0.999157
61 0.992388
62 0.991134
63 0.996661
64 0.746989
65 0.990121
66 0.999355
67 0.969805
68 0.996246
69 0.997795
70 0.998536
71 0.995528
72 0.97404
73 0.753264
0 0.0949111
1 0.211465
2 0.34902
3 0.34902
4 0.85205
5 1
6 0.542246
7 0.272014
8 0.0158645
9 0.25098
10 0.25098
11 0.25098
12 0.25098
13 0.197504
14 0.0156863
15 0.0156863
16 0.0156863
17 0.0156863
18 0.0156863
19 0.0156863
20 0.111943
21 0.239572
22 0
23 0
24 0.515508
25 0.999966
26 0.998575
27 0.294595
28 0.270598
29 0.925363
30 0.988997
31 0.616802
32 0.999835
33 0.640641
34 0.954083
35 0.889156
36 0.589358
37 0.99451
38 0.826982
39 0.733975
40 0.921406
41 0.988206
42 0.590131
43 0.991172
44 0.948255
45 0.893042
46 0.996931
47 0.450606
48 0.888686
49 0.949549
50 0.54423
51 0.211868
52 0.36159
53 0.553397
54 0.426894
55 0.38674
56 0.727704
57 0.263332
58 0.966262
59 0.973306
60 0.998491
61 0.987541
62 0.968824
63 0.995084
64 0.486252
65 0.988926
66 0.999569
67 0.948017
68 0.994737
69 0.98894
70 0.998031
71 0.981073
72 0.973078
73 0.544839
0 0.484704
1 0.204043
2 0.34902
3 0.34902
4 0.34902
5 0.34902
6 0.496969
7 1
8 1
9 0.25098
10 0.25098
11 0.25098
12 0.25098
13 0.25098
14 0.25098
15 0.25098
16 0.25098
17 0.25098
18 0.25098
19 0.0691622
20 0.0156863
21 0.0156863
22 0.0156863
23 0.0156863
24 0.419786
25 0.999974
26 0.998106
27 0.141631
28 0.2937
29 0.93184
30 0.996287
31 0.725833
32 0.999817
33 0.687473
34 0.939656
35 0.901086
36 0.709197
37 0.994195
38 0.757837
39 0.743128
40 0.929392
41 0.989987
42 0.629456
43 0.986505
44 0.957913
45 0.842555
46 0.995883
47 0.479273
48 0.929803
49 0.900041
50 0.558103
51 0.28285
52 0.429531
53 0.46531
54 0.394789
55 0.483741
56 0.581839
57 0.390572
58 0.944058
59 0.967668
60 0.996888
61 0.988545
62 0.974542
63 0.99232
64 0.525928
65 0.986837
66 0.998378
67 0.9059
68 0.994409
69 0.990525
70 0.997306
71 0.987031
72 0.975289
73 0.730976
0 0.166983
1 0.196916
2 0.34902
3 0.34902
4 0.34902
5 0.34902
6 0.34902
7 0.34902
8 0.34902
9 0.25098
10 0.25098
11 0.25098
12 0.25098
13 0.25098
14 0.25098
15 0.25098
16 0.25098
17 0.25098
18 0.25098
19 0.25098
20 0.25098
21 0.25098
22 0.25098
23 0.25098
24 0.14902
25 0.99997
26 0.998161
27 0.0920492
28 0.236142
29 0.871537
30 0.993488
31 0.659019
32 0.999766
33 0.663589
34 0.928786
35 0.885193
36 0.637649
37 0.993354
38 0.741919
39 0.682655
40 0.912938
41 0.98912
42 0.527822
43 0.987229
44 0.927231
45 0.814733
46 0.994073
47 0.437732
48 0.891724
49 0.862263
50 0.432543
51 0.196634
52 0.300029
53 0.422207
54 0.301806
55 0.383308
56 0.522244
57 0.29795
58 0.936062
59 0.96099
60 0.99687
61 0.983607
62 0.970575
63 0.989042
64 0.467264
65 0.983464
66 0.998064
67 0.908322
68 0.992808
69 0.988391
70 0.996955
71 0.98392
72 0.970393
73 0.610275
0 0.763072
1 0.18998
2 0.34902
3 0.34902
4 0.34902
5 0.34902
6 0.34902
7 0.34902
8 0.34902
9 0.25098
10 0.25098
11 0.25098
12 0.25098
13 0.25098
14 0.25098
15 0.25098
16 0.25098
17 0.25098
18 0.25098
19 0.25098
20 0.25098
21 0.25098
22 0.25098
23 0.25098
24 0.14902
25 0.999972
26 0.998331
27 0.131316
28 0.375554
29 0.901137
30 0.996282
31 0.731971
32 0.999806
33 0.684691
34 0.946465
35 0.881604
36 0.686629
37 0.994396
38 0.749022
39 0.719347
40 0.934072
41 0.989108
42 0.555218
43 0.989642
44 0.953429
45 0.813393
46 0.994622
47 0.531624
48 0.911196
49 0.899479
50 0.518844
51 0.284904
52 0.322434
53 0.42346
54 0.392848
55 0.430265
56 0.581179
57 0.370288
58 0.953364
59 0.965211
60 0.997069
61 0.988746
62 0.973944
63 0.992059
64 0.555904
65 0.984898
66 0.998577
67 0.928895
68 0.995097
69 0.991546
70 0.997314
71 0.987207
72 0.978375
73 0.6577
0 0.654113
1 0.183299
2 0.0245989
3 0.34902
4 0.34902
5 0.34902
6 0.34902
7 0.34902
8 0.34902
9 0.293939
10 0.243137
11 0.250624
12 0.25098
13 0.25098
14 0.25098
15 0.25098
16 0.25098
17 0.25098
18 0.25098
19 0.25098
20 0.25098
21 0.25098
22 0.25098
23 0.25098
24 0.251159
25 0.999967
26 0.998559
27 0.0858182
28 0.31087
29 0.895002
30 0.995207
31 0.702371
32 0.999819
33 0.777638
34 0.949719
35 0.889042
36 0.766644
37 0.994703
38 0.803484
39 0.793149
40 0.942455
41 0.990972
42 0.624405
43 0.991551
44 0.956676
45 0.838469
46 0.994821
47 0.497012
48 0.857214
49 0.906182
50 0.490454
51 0.276756
52 0.285882
53 0.407588
54 0.287923
55 0.466721
56 0.61949
57 0.398057
58 0.952183
59 0.951696
60 0.997681
61 0.982241
62 0.979616
63 0.993804
64 0.441447
65 0.978242
66 0.998362
67 0.898911
68 0.993365
69 0.991066
70 0.995957
71 0.981634
72 0.97639
73 0.54088
0 0.854997
1 0.176516
2 0.101961
3 0.101961
4 0.5
5 0.34902
6 0.34902
7 0.34902
8 0.34902
9 0.317647
10 0.317647
11 0.317647
12 0.317647
13 0.472727
14 0.591444
15 0.25098
16 0.25098
17 0.25098
18 0.25098
19 0.25098
20 0.25098
21 0.25098
22 0.25098
23 0.25098
24 0.455971
25 0.999981
26 0.998592
27 0.131309
28 0.242135
29 0.953941
30 0.995749
31 0.50109
32 0.999863
33 0.646642
34 0.958705
35 0.881696
36 0.768073
37 0.994266
38 0.779258
39 0.642301
40 0.948282
41 0.989935
42 0.647306
43 0.986352
44 0.960593
45 0.826213
46 0.998904
47 0.588808
48 0.909924
49 0.919322
50 0.697856
51 0.331115
52 0.628842
53 0.469845
54 0.493563
55 0.345107
56 0.538592
57 0.482279
58 0.877711
59 0.928986
60 0.996141
61 0.981249
62 0.946882
63 0.994027
64 0.344308
65 0.990836
66 0.999195
67 0.922366
68 0.99117
69 0.991966
70 0.995822
71 0.985104
72 0.985722
73 0.808164
0 0.0433038
1 0.169928
2 0.0308378
3 0.101961
4 0.101961
5 0.265241
6 0.64492
7 0.34902
8 0.34902
9 0.027451
10 0.027451
11 0.304456
12 0.317647
13 0.317647
14 0.317647
15 0.317647
16 0.317647
17 0.875936
18 0.659536
19 0.25098
20 0.25098
21 0.25098
22 0.25098
23 0.25098
24 0.554724
25 0.999959
26 0.997856
27 0.140328
28 0.165309
29 0.808242
30 0.998083
31 0.663538
32 0.999925
33 0.688499
34 0.927392
35 0.867769
36 0.659302
37 0.992682
38 0.719657
39 0.683763
40 0.929415
41 0.991926
42 0.400234
43 0.986293
44 0.951353
45 0.810525
46 0.997047
47 0.676734
48 0.797346
49 0.819225
50 0.485859
51 0.229098
52 0.564981
53 0.236031
54 0.406028
55 0.437882
56 0.654668
57 0.610215
58 0.877852
59 0.907586
60 0.99713
61 0.963328
62 0.932066
63 0.990824
64 0.331342
65 0.971402
66 0.998981
67 0.858541
68 0.988572
69 0.993119
70 0.994612
71 0.98463
72 0.987629
73 0.763844
0 0.390134
1 0.163171
2 0.0313726
3 0.0313726
4 0.0313726
5 0.0313725
6 0.0313725
7 0.0313726
8 0.0313725
9 0.317647
10 0.317647
11 0.317647
12 0.317647
13 0.317647
14 0.317647
15 0.317647
16 0.317647
17 0.317647
18 0.317647
19 0.317647
20 0.317647
21 0.317647
22 0.317647
23 0.317647
24 0.972549
25 0.999946
26 0.99763
27 0.212277
28 0.172926
29 0.753492
30 0.998589
31 0.681973
32 0.999916
33 0.677173
34 0.929672
35 0.842955
36 0.583538
37 0.992598
38 0.711024
39 0.671113
40 0.90029
41 0.985072
42 0.289634
43 0.989153
44 0.939032
45 0.849951
46 0.995281
47 0.623256
48 0.706866
49 0.795157
50 0.384055
51 0.221683
52 0.402742
53 0.23434
54 0.363506
55 0.443503
56 0.639728
57 0.484871
58 0.919505
59 0.939656
60 0.997753
61 0.969508
62 0.949033
63 0.992351
64 0.460629
65 0.961658
66 0.998905
67 0.854196
68 0.989766
69 0.990276
70 0.993298
71 0.98023
72 0.98593
73 0.606674
0 0.587094
1 0.156661
2 0.0392157
3 0.0392157
4 0.0392157
5 0.057041
6 0.00534759
7 0.00962568
8 0.0224599
9 0.317647
10 0.317647
11 0.317647
12 0.317647
13 0.317647
14 0.317647
15 0.317647
16 0.217647
17 0.0566845
18 0.0431372
19 0.197683
20 0.243137
21 0.243137
22 0.173262
23 0.0509804
24 0.91123
25 0.99995
26 0.998512
27 0.206707
28 0.358745
29 0.923215
30 0.998872
31 0.823918
32 0.999898
33 0.791257
34 0.952276
35 0.868363
36 0.733683
37 0.995192
38 0.831512
39 0.798504
40 0.93747
41 0.989516
42 0.59033
43 0.993257
44 0.970041
45 0.880777
46 0.996395
47 0.67497
48 0.82852
49 0.86903
50 0.592378
51 0.440915
52 0.481607
53 0.38363
54 0.447553
55 0.605324
56 0.658128
57 0.498092
58 0.964651
59 0.963819
60 0.998429
61 0.985457
62 0.979137
63 0.996823
64 0.566759
65 0.974294
66 0.999118
67 0.86195
68 0.992762
69 0.992697
70 0.994913
71 0.986442
72 0.983228
73 0.674533
0 0.115541
1 0.150063
2 0.0313726
3 0.0695187
4 0.37861
5 0.0196078
6 0.0616756
7 0.216578
8 0
9 0.317647
10 0.317647
11 0.313369
12 0.301961
13 0.545276
14 0.655972
15 0.146524
16 0.0803922
17 0.14902
18 0.152585
19 0.156863
20 0.323708
21 0.330838
22 0.243137
23 0.243137
24 0.75098
25 0.999967
26 0.998512
27 0.261027
28 0.160662
29 0.862957
30 0.998382
31 0.590373
32 0.999936
33 0.648571
34 0.923974
35 0.820981
36 0.603497
37 0.99203
38 0.719741
39 0.65934
40 0.890056
41 0.98613
42 0.350124
43 0.98929
44 0.956041
45 0.871206
46 0.998046
47 0.602427
48 0.754577
49 0.821316
50 0.445367
51 0.276065
52 0.588519
53 0.368451
54 0.398793
55 0.527813
56 0.687433
57 0.494713
58 0.90807
59 0.9433
60 0.998477
61 0.970717
62 0.937226
63 0.994221
64 0.346369
65 0.973125
66 0.999151
67 0.849335
68 0.985392
69 0.989212
70 0.99361
71 0.979127
72 0.979179
73 0.601713
0 0.0133449
1 0.142861
2 0.259715
3 0.0313726
4 0.0313726
5 0.0201426
6 0.0885918
7 0.0998218
8 0.0941176
9 0.25098
10 0.413191
11 0.326203
12 0.317647
13 0.317647
14 0.317647
15 0.317647
16 0.309804
17 0.240998
18 0.14902
19 0.14902
20 0.14902
21 0.154724
22 0.156863
23 0.156863
24 0.831729
25 0.999975
26 0.998322
27 0.158803
28 0.210608
29 0.872748
30 0.998016
31 0.737441
32 0.999903
33 0.72697
34 0.955031
35 0.906069
36 0.66054
37 0.996039
38 0.792177
39 0.766235
40 0.922125
41 0.990903
42 0.540396
43 0.990681
44 0.934519
45 0.862635
46 0.993262
47 0.591761
48 0.802015
49 0.87111
50 0.43712
51 0.325153
52 0.369137
53 0.223583
54 0.324611
55 0.480176
56 0.580489
57 0.399394
58 0.940627
59 0.967131
60 0.998056
61 0.98383
62 0.976987
63 0.994111
64 0.409989
65 0.978067
66 0.998915
67 0.920133
68 0.993638
69 0.994917
70 0.996252
71 0.982144
72 0.985696
73 0.77183
0 0.588297
1 0.135901
2 0.34902
3 0.267201
4 0.303565
5 0.42549
6 0.0352941
7 0.0352941
8 0.11016
9 0.25098
10 0.25098
11 0.25098
12 0.401604
13 0.44795
14 0.25098
15 0.277362
16 0.270588
17 0.286275
18 0.317647
19 0.317647
20 0.317647
21 0.309982
22 0.149019
23 0.14902
24 0.643672
25 0.999981
26 0.998601
27 0.0976458
28 0.175931
29 0.852122
30 0.997648
31 0.565974
32 0.999845
33 0.634833
34 0.924531
35 0.869837
36 0.605675
37 0.99419
38 0.70711
39 0.572515
40 0.883392
41 0.987705
42 0.438982
43 0.991375
44 0.923492
45 0.849798
46 0.994854
47 0.519706
48 0.839325
49 0.84408
50 0.394872
51 0.213344
52 0.378468
53 0.444225
54 0.326256
55 0.324077
56 0.440552
57 0.277779
58 0.938216
59 0.964148
60 0.997097
61 0.979497
62 0.965751
63 0.989918
64 0.471891
65 0.981057
66 0.998795
67 0.929402
68 0.994111
69 0.993421
70 0.996869
71 0.986461
72 0.978182
73 0.615097
0 0.848758
1 0.128911
2 0.34902
3 0.255615
4 0.277718
5 0.290374
6 0.290196
7 0.128877
8 0.0565062
9 0.25098
10 0.25098
11 0.25098
12 0.121212
13 0.0839572
14 0.25098
15 0.297326
16 0.378431
17 0.25098
18 0.25098
19 0.210517
20 0.354546
21 0.410339
22 0.0716577
23 0.263993
24 0.348485
25 0.999976
26 0.999213
27 0.206901
28 0.428962
29 0.920062
30 0.998356
31 0.706227
32 0.999847
33 0.632019
34 0.964852
35 0.896336
36 0.730605
37 0.995295
38 0.820393
39 0.730974
40 0.931413
41 0.992356
42 0.625944
43 0.988852
44 0.955315
45 0.843024
46 0.995952
47 0.621977
48 0.93148
49 0.926605
50 0.658289
51 0.347209
52 0.377858
53 0.396582
54 0.471964
55 0.440411
56 0.491416
57 0.464574
58 0.95927
59 0.973166
60 0.998205
61 0.993046
62 0.985256
63 0.995422
64 0.584398
65 0.990164
66 0.999175
67 0.959806
68 0.997459
69 0.996552
70 0.998532
71 0.992052
72 0.984868
73 0.79599
0 0.334922
1 0.122116
2 0.111586
3 0.257041
4 0.321212
5 0.247059
6 0.250624
7 0.33262
8 0.34902
9 0
10 0.159715
11 0.245633
12 0.25098
13 0.25098
14 0.25098
15 0.061319
16 0.141177
17 0.25098
18 0.366845
19 0.482709
20 0.25098
21 0.25098
22 0.25098
23 0.25098
24 0.299109
25 0.999981
26 0.998858
27 0.147525
28 0.229587
29 0.923
30 0.997575
31 0.58242
32 0.999932
33 0.794804
34 0.948593
35 0.883067
36 0.792579
37 0.995308
38 0.710276
39 0.840412
40 0.953751
41 0.994182
42 0.646359
43 0.992556
44 0.979255
45 0.869483
46 0.998394
47 0.668566
48 0.872365
49 0.917388
50 0.466399
51 0.379256
52 0.48307
53 0.363406
54 0.429696
55 0.614548
56 0.763817
57 0.666007
58 0.928373
59 0.958797
60 0.998204
61 0.989283
62 0.967364
63 0.995457
64 0.319374
65 0.984113
66 0.999292
67 0.886673
68 0.993932
69 0.995058
70 0.996936
71 0.989552
72 0.986762
73 0.654259
0 0.158895
1 0.11497
2 0.00392157
3 0.00392157
4 0.00392157
5 0.493405
6 0.306239
7 0.234581
8 0.301604
9 0.505882
10 0.505882
11 0.505882
12 0.505882
13 0.505882
14 0.505882
15 0.595722
16 0.62549
17 0.25098
18 0.25098
19 0.0823529
20 0.128164
21 0.262567
22 0.505882
23 0.332086
24 0.66631
25 0.999986
26 0.998663
27 0.0802912
28 0.120984
29 0.891872
30 0.998098
31 0.675165
32 0.999969
33 0.847614
34 0.94852
35 0.904557
36 0.82854
37 0.995932
38 0.754917
39 0.855916
40 0.963262
41 0.994554
42 0.66249
43 0.994031
44 0.97721
45 0.845594
46 0.997957
47 0.705405
48 0.782289
49 0.885567
50 0.560668
51 0.385427
52 0.63301
53 0.304247
54 0.373247
55 0.397478
56 0.728592
57 0.532785
58 0.897675
59 0.920839
60 0.997783
61 0.961989
62 0.945284
63 0.993713
64 0.166059
65 0.961729
66 0.999141
67 0.793003
68 0.986461
69 0.991105
70 0.99454
71 0.974348
72 0.989846
73 0.805894
0 0.630168
1 0.108113
2 0.00392157
3 0.00392157
4 0.00392157
5 0.00392157
6 0.00392157
7 0.00392157
8 0.320856
9 0.505882
10 0.505882
11 0.505882
12 0.505882
13 0.505882
14 0.505882
15 0.505882
16 0.505883
17 0.505883
18 0.505882
19 0.505882
20 0.505883
21 0.505883
22 0.505882
23 0.842781
24 0.992513
25 0.999975
26 0.997718
27 0.0685819
28 0.0786787
29 0.897125
30 0.995126
31 0.583193
32 0.999773
33 0.627293
34 0.895189
35 0.8252
36 0.503346
37 0.99367
38 0.590252
39 0.562447
40 0.867142
41 0.988513
42 0.336558
43 0.988726
44 0.876373
45 0.745209
46 0.992889
47 0.420033
48 0.850015
49 0.747517
50 0.353208
51 0.172632
52 0.300949
53 0.331267
54 0.344175
55 0.250495
56 0.387859
57 0.329526
58 0.877139
59 0.940816
60 0.99569
61 0.964702
62 0.970047
63 0.983198
64 0.389729
65 0.971772
66 0.997592
67 0.839379
68 0.989043
69 0.989356
70 0.993833
71 0.983004
72 0.962579
73 0.597191
0 0.985718
1 0.101486
2 0.34902
3 0.34902
4 0.34902
5 0.46738
6 0.72656
7 0.00356506
8 0.00392157
9 0.25098
10 0.25098
11 0.25098
12 0.25098
13 0.25098
14 0.25098
15 0.25098
16 0.25098
17 0.058467
18 0.397148
19 0.240285
20 0.505883
21 0.505883
22 0.505882
23 0.505883
24 0.483779
25 0.999985
26 0.999072
27 0.228273
28 0.318979
29 0.838422
30 0.996896
31 0.600409
32 0.999825
33 0.686172
34 0.959587
35 0.904196
36 0.628554
37 0.996587
38 0.793408
39 0.754572
40 0.919988
41 0.991226
42 0.571967
43 0.988793
44 0.915874
45 0.869987
46 0.994817
47 0.551851
48 0.934372
49 0.934493
50 0.504341
51 0.241888
52 0.29718
53 0.463697
54 0.29241
55 0.40929
56 0.657339
57 0.304407
58 0.972145
59 0.983312
60 0.998386
61 0.992928
62 0.985803
63 0.995291
64 0.649759
65 0.991742
66 0.999245
67 0.970713
68 0.998226
69 0.996057
70 0.999026
71 0.990095
72 0.98781
73 0.695138
0 0.835753
1 0.0948478
2 0.34902
3 0.34902
4 0.34902
5 0.34902
6 0.34902
7 0.253833
8 0.954545
9 0.25098
10 0.25098
11 0.25098
12 0.25098
13 0.25098
14 0.25098
15 0.25098
16 0.25098
17 0.25098
18 0.25098
19 0.25098
20 0.25098
21 0.0691622
22 0.0156863
23 0.0156863
24 0.258289
25 0.999987
26 0.999086
27 0.190175
28 0.269334
29 0.926167
30 0.997553
31 0.63279
32 0.999873
33 0.638516
34 0.934526
35 0.890417
36 0.643528
37 0.995109
38 0.745773
39 0.685982
40 0.918507
41 0.989596
42 0.580549
43 0.991103
44 0.954203
45 0.872403
46 0.996704
47 0.549019
48 0.925864
49 0.912704
50 0.542026
51 0.362513
52 0.415154
53 0.522298
54 0.429895
55 0.453301
56 0.516322
57 0.410562
58 0.959796
59 0.977117
60 0.998028
61 0.992201
62 0.981558
63 0.994964
64 0.523314
65 0.990421
66 0.998926
67 0.94188
68 0.997206
69 0.994246
70 0.998241
71 0.991475
72 0.976685
73 0.71728
0 0.220263
1 0.0877006
2 0.34902
3 0.34902
4 0.34902
5 0.34902
6 0.34902
7 0.34902
8 0.34902
9 0.25098
10 0.25098
11 0.25098
12 0.25098
13 0.25098
14 0.25098
15 0.25098
16 0.25098
17 0.25098
18 0.25098
19 0.25098
20 0.25098
21 0.25098
22 0.25098
23 0.25098
24 0.14902
25 0.999986
26 0.999211
27 0.191544
28 0.245279
29 0.921768
30 0.997427
31 0.634672
32 0.99986
33 0.655443
34 0.946376
35 0.901897
36 0.625923
37 0.995695
38 0.751703
39 0.71073
40 0.921312
41 0.993466
42 0.61501
43 0.989895
44 0.944018
45 0.840921
46 0.996822
47 0.526772
48 0.922731
49 0.893902
50 0.521297
51 0.326158
52 0.419641
53 0.47162
54 0.421193
55 0.490518
56 0.524866
57 0.404159
58 0.95551
59 0.977968
60 0.998129
61 0.992874
62 0.982516
63 0.994723
64 0.521935
65 0.992071
66 0.999096
67 0.940815
68 0.997028
69 0.995195
70 0.998644
71 0.992326
72 0.979397
73 0.750616
0 0.236857
1 0.0803492
2 0.34902
3 0.34902
4 0.34902
5 0.34902
6 0.34902
7 0.34902
8 0.34902
9 0.25098
10 0.25098
11 0.25098
12 0.25098
13 0.25098
14 0.25098
15 0.25098
16 0.25098
17 0.25098
18 0.25098
19 0.25098
20 0.25098
21 0.25098
22 0.25098
23 0.25098
24 0.14902
25 0.999986
26 0.999191
27 0.125094
28 0.198887
29 0.868394
30 0.996569
31 0.5969
32 0.999849
33 0.641884
34 0.943273
35 0.893598
36 0.598848
37 0.995291
38 0.738591
39 0.688803
40 0.914805
41 0.992282
42 0.580424
43 0.989717
44 0.921177
45 0.835291
46 0.994952
47 0.462752
48 0.884336
49 0.878984
50 0.430557
51 0.228206
52 0.293977
53 0.426857
54 0.306074
55 0.361985
56 0.488418
57 0.305585
58 0.953675
59 0.973734
60 0.997965
61 0.990789
62 0.982389
63 0.992963
64 0.477499
65 0.989941
66 0.998802
67 0.937639
68 0.996543
69 0.993642
70 0.998373
71 0.988711
72 0.978143
73 0.626071
0 0.870005
1 0.0730292
2 0.34902
3 0.34902
4 0.34902
5 0.34902
6 0.34902
7 0.34902
8 0.34902
9 0.25098
10 0.25098
11 0.25098
12 0.25098
13 0.25098
14 0.25098
15 0.25098
16 0.25098
17 0.25098
18 0.25098
19 0.25098
20 0.25098
21 0.25098
22 0.25098
23 0.25098
24 0.14902
25 0.999988
26 0.999245
27 0.186404
28 0.315154
29 0.922781
30 0.997851
31 0.642222
32 0.999863
33 0.649104
34 0.945422
35 0.893819
36 0.650383
37 0.995591
38 0.726698
39 0.699564
40 0.917936
41 0.991861
42 0.615965
43 0.990813
44 0.950022
45 0.865502
46 0.996624
47 0.572979
48 0.933591
49 0.908962
50 0.534837
51 0.350348
52 0.422026
53 0.518811
54 0.419165
55 0.480706
56 0.537406
57 0.419041
58 0.96159
59 0.981404
60 0.998174
61 0.993819
62 0.985055
63 0.995407
64 0.59391
65 0.992225
66 0.999119
67 0.946849
68 0.997686
69 0.995537
70 0.99866
71 0.993061
72 0.980154
73 0.736373
0 0.303621
1 0.0658932
2 0.34902
3 0.34902
4 0.34902
5 0.34902
6 0.34902
7 0.34902
8 0.34902
9 0.25098
10 0.25098
11 0.25098
12 0.25098
13 0.25098
14 0.25098
15 0.25098
16 0.25098
17 0.25098
18 0.25098
19 0.25098
20 0.25098
21 0.25098
22 0.25098
23 0.25098
24 0.14902
25 0.999991
26 0.999027
27 0.154699
28 0.120726
29 0.876136
30 0.995573
31 0.627348
32 0.99986
33 0.668512
34 0.925142
35 0.907135
36 0.530487
37 0.995786
38 0.747434
39 0.701156
40 0.90969
41 0.99324
42 0.583443
43 0.992028
44 0.919569
45 0.866876
46 0.99556
47 0.484301
48 0.885788
49 0.888893
50 0.336962
51 0.282701
52 0.396005
53 0.536478
54 0.302811
55 0.379197
56 0.607817
57 0.333904
58 0.964302
59 0.979568
60 0.998515
61 0.989028
62 0.981013
63 0.994205
64 0.485381
65 0.991048
66 0.999026
67 0.943856
68 0.996942
69 0.994599
70 0.998487
71 0.990467
72 0.979944
73 0.64707
0 0.766454
1 0.0584969
2 0.526203
3 0.34902
4 0.34902
5 0.34902
6 0.34902
7 0.34902
8 0.34902
9 0.697504
10 0.25098
11 0.25098
12 0.25098
13 0.25098
14 0.25098
15 0.25098
16 0.25098
17 0.25098
18 0.25098
19 0.25098
20 0.25098
21 0.25098
22 0.25098
23 0.25098
24 0.183422
25 0.999985
26 0.9993
27 0.118494
28 0.412696
29 0.916865
30 0.998122
31 0.816263
32 0.999905
33 0.822157
34 0.970971
35 0.910136
36 0.672965
37 0.997083
38 0.810337
39 0.856541
40 0.960789
41 0.993724
42 0.767842
43 0.99367
44 0.966746
45 0.813905
46 0.994963
47 0.58519
48 0.878137
49 0.891253
50 0.523752
51 0.435015
52 0.198384
53 0.344939
54 0.34956
55 0.571618
56 0.672121
57 0.391189
58 0.966508
59 0.975967
60 0.998777
61 0.994214
62 0.993011
63 0.997315
64 0.517159
65 0.986903
66 0.998959
67 0.9038
68 0.996367
69 0.994116
70 0.997569
71 0.985371
72 0.977491
73 0.63741
0 0.868692
1 0.0513445
2 0.0352941
3 0.407487
4 0.674153
5 0.34902
6 0.34902
7 0.34902
8 0.34902
9 0.317647
10 0.317647
11 0.317647
12 0.688414
13 0.945098
14 0.566488
15 0.25098
16 0.25098
17 0.25098
18 0.25098
19 0.25098
20 0.25098
21 0.25098
22 0.25098
23 0.25098
24 0.448307
25 0.999992
26 0.99926
27 0.137536
28 0.259914
29 0.904934
30 0.998288
31 0.43137
32 0.999934
33 0.706761
34 0.947977
35 0.89413
36 0.756278
37 0.996571
38 0.553821
39 0.733436
40 0.914701
41 0.988184
42 0.514166
43 0.992563
44 0.964137
45 0.859131
46 0.997646
47 0.623073
48 0.848875
49 0.914568
50 0.485195
51 0.464724
52 0.533975
53 0.372454
54 0.479733
55 0.603466
56 0.679695
57 0.513741
58 0.907133
59 0.951525
60 0.997529
61 0.98591
62 0.965721
63 0.995178
64 0.254954
65 0.977865
66 0.99939
67 0.916645
68 0.995423
69 0.992962
70 0.995369
71 0.983435
72 0.978635
73 0.708339
0 0.167005
1 0.0438469
2 0.0431373
3 0.0431373
4 0.145989
5 0.740463
6 0.204635
7 0.34902
8 0.34902
9 0.317647
10 0.317647
11 0.317647
12 0.317647
13 0.317647
14 0.277005
15 0.808734
16 0.89804
17 0.204991
18 0.14189
19 0.25098
20 0.25098
21 0.25098
22 0.25098
23 0.25098
24 0.656863
25 0.999988
26 0.998947
27 0.0577281
28 0.176197
29 0.934828
30 0.998046
31 0.640599
32 0.999911
33 0.84958
34 0.971398
35 0.941839
36 0.728315
37 0.997275
38 0.847128
39 0.819303
40 0.951245
41 0.994814
42 0.796934
43 0.993255
44 0.92348
45 0.802505
46 0.997515
47 0.530585
48 0.828754
49 0.926342
50 0.527429
51 0.28961
52 0.318947
53 0.477871
54 0.411826
55 0.240826
56 0.330135
57 0.639552
58 0.94867
59 0.946354
60 0.998095
61 0.978232
62 0.989333
63 0.99626
64 0.211082
65 0.981834
66 0.99962
67 0.960965
68 0.997575
69 0.994666
70 0.995178
71 0.987717
72 0.983304
73 0.837351
0 0.797915
1 0.036519
2 0.0117647
3 0.101248
4 0.623708
5 0.172549
6 0.709447
7 0.619608
8 0.0862745
9 0.317647
10 0.317647
11 0.317647
12 0.317647
13 0.934403
14 0.585383
15 0.122282
16 0.366667
17 0.321747
18 0.819608
19 0.819608
20 0.819608
21 0.260606
22 0.0509803
23 0.0509804
24 0.890731
25 0.999981
26 0.998813
27 0.148803
28 0.137151
29 0.783603
30 0.998346
31 0.50288
32 0.999913
33 0.57973
34 0.914784
35 0.841514
36 0.473507
37 0.990705
38 0.670819
39 0.543774
40 0.892913
41 0.987618
42 0.354665
43 0.984356
44 0.920065
45 0.792329
46 0.996974
47 0.61878
48 0.763313
49 0.865025
50 0.351923
51 0.12592
52 0.324431
53 0.374048
54 0.399773
55 0.189673
56 0.374523
57 0.688165
58 0.892121
59 0.913018
60 0.998352
61 0.962705
62 0.968636
63 0.993664
64 0.303803
65 0.973365
66 0.999035
67 0.91057
68 0.995522
69 0.993979
70 0.993003
71 0.978672
72 0.978667
73 0.561786
0 0.945253
1 0.0293363
2 0.0196078
3 0.0196078
4 0.030303
5 0.0894831
6 0.432085
7 0.393048
8 0.0352941
9 0.317647
10 0.317647
11 0.317647
12 0.317647
13 0.317647
14 0.317647
15 0.0805704
16 0.0431373
17 0.179501
18 0.335472
19 0.859002
20 0.558467
21 0.0509804
22 0.0509803
23 0.0509804
24 0.952228
25 0.99999
26 0.999344
27 0.119129
28 0.193854
29 0.895633
30 0.997744
31 0.630218
32 0.999937
33 0.796974
34 0.967041
35 0.945123
36 0.88916
37 0.998018
38 0.78221
39 0.852371
40 0.947096
41 0.996873
42 0.774489
43 0.995527
44 0.974668
45 0.907545
46 0.998206
47 0.843296
48 0.915191
49 0.943826
50 0.54669
51 0.442855
52 0.639434
53 0.514787
54 0.657817
55 0.344419
56 0.714152
57 0.647475
58 0.952983
59 0.973714
60 0.998634
61 0.988778
62 0.973162
63 0.997034
64 0.507787
65 0.988245
66 0.999807
67 0.946569
68 0.998079
69 0.998232
70 0.998037
71 0.995056
72 0.991315
73 0.876873
0 0.466654
1 0.0220777
2 0.194296
3 0.0242424
4 0.0156863
5 0.0149733
6 0.365419
7 0.595187
8 0.336185
9 0.488948
10 0.126203
11 0.190731
12 0.317647
13 0.317647
14 0.317647
15 0.317647
16 0.411765
17 0.127273
18 0.478075
19 0.415151
20 0.519073
21 0.917647
22 0.67237
23 0.243137
24 0.837077
25 0.999981
26 0.998974
27 0.189229
28 0.12139
29 0.838574
30 0.996154
31 0.463349
32 0.999936
33 0.535201
34 0.901373
35 0.836493
36 0.537036
37 0.991953
38 0.684777
39 0.465783
40 0.842105
41 0.992417
42 0.394072
43 0.992111
44 0.911625
45 0.810873
46 0.996577
47 0.647663
48 0.848836
49 0.828062
50 0.479958
51 0.363064
52 0.622631
53 0.246299
54 0.620305
55 0.345113
56 0.644835
57 0.369076
58 0.872376
59 0.927427
60 0.997639
61 0.969197
62 0.958622
63 0.993327
64 0.371321
65 0.9811
66 0.998819
67 0.853057
68 0.99335
69 0.993413
70 0.996229
71 0.982365
72 0.968803
73 0.74199
0 0.24795
1 0.0147224
2 0.420321
3 0.277362
4 0.0980392
5 0.215508
6 0.0235294
7 0.3123
8 0.458467
9 0.25098
10 0.11123
11 0.0912656
12 0.121212
13 0.160606
14 0.304813
15 0.140285
16 0.156863
17 0.286275
18 0.317647
19 0.317647
20 0.205348
21 0.739038
22 0.724776
23 0.243137
24 0.742246
25 0.999991
26 0.999441
27 0.324614
28 0.205013
29 0.903789
30 0.998428
31 0.722841
32 0.99993
33 0.617974
34 0.95366
35 0.905198
36 0.488095
37 0.996866
38 0.762778
39 0.67359
40 0.927912
41 0.993371
42 0.47494
43 0.992349
44 0.915276
45 0.870995
46 0.996403
47 0.527837
48 0.836715
49 0.872539
50 0.52387
51 0.339056
52 0.550347
53 0.299195
54 0.481125
55 0.418013
56 0.612376
57 0.437034
58 0.973826
59 0.979257
60 0.998722
61 0.991263
62 0.980879
63 0.995582
64 0.537202
65 0.994463
66 0.999621
67 0.955943
68 0.997712
69 0.995555
70 0.998931
71 0.994565
72 0.990116
73 0.85098
0 0.350577
1 0.00757646
2 0.34902
3 0.34902
4 0.493405
5 0.0901961
6 0.135294
7 0.310874
8 0.102674
9 0.25098
10 0.25098
11 0.25098
12 0.25098
13 0.20107
14 0.0313726
15 0.419073
16 0.0313726
17 0.435116
18 0.14902
19 0.162032
20 0.145098
21 0.145098
22 0.202139
23 0.312656
24 0.583244
25 0.999988
26 0.999593
27 0.226237
28 0.174049
29 0.929256
30 0.998923
31 0.591898
32 0.999891
33 0.618715
34 0.958852
35 0.910555
36 0.629547
37 0.996458
38 0.777312
39 0.73668
40 0.916827
41 0.992363
42 0.513501
43 0.991912
44 0.942763
45 0.858982
46 0.997179
47 0.535025
48 0.900178
49 0.875086
50 0.515555
51 0.325006
52 0.415371
53 0.347094
54 0.446188
55 0.418731
56 0.475681
57 0.398998
58 0.963461
59 0.977827
60 0.998869
61 0.993129
62 0.984766
63 0.996303
64 0.51248
65 0.993702
66 0.999417
67 0.954844
68 0.997377
69 0.99706
70 0.998808
71 0.993612
72 0.979199
73 0.752522
end fitness = 2.49751
