brain 22884 fitness=39.0722 numneurons+1=74 maxWeight=8 maxBias=8 redinput=2-14 greeninput=15-30 blueinput=31-34
+0.0000 +0.0000 +0.0000 +0.0000 +0.0000 +0.0000 +0.0000 +0.0000 +0.0000 +0.0000 +0.0000 +0.0000 +0.0000 +0.0000 +0.0000 +0.0000 +0.0000 +0.0000 +0.0000 +0.0000 +0.0000 +0.0000 +0.0000 +0.0000 +0.0000 +0.0000 +0.0000 +0.0000 +0.0000 +0.0000 +0.0000 +0.0000 +0.0000 +0.0000 +0.0000 +0.0000 +0.0000 +0.0000 +0.0000 +0.0000 +0.0000 +0.0000 +0.0000 +0.0000 +0.0000 +0.0000 +0.0000 +0.0000 +0.0000 +0.0000 +0.0000 +0.0000 +0.0000 +0.0000 +0.0000 +0.0000 +0.0000 +0.0000 +0.0000 +0.0000 +0.0000 +0.0000 +0.0000 +0.0000 +0.0000 +0.0000 +0.0000 +0.0000 +0.0000 +0.0000 +0.0000 +0.0000 +0.0000 +0.0000 ;
+0.0000 +0.0000 +0.0000 +0.0000 +0.0000 +0.0000 +0.0000 +0.0000 +0.0000 +0.0000 +0.0000 +0.0000 +0.0000 +0.0000 +0.0000 +0.0000 +0.0000 +0.0000 +0.0000 +0.0000 +0.0000 +0.0000 +0.0000 +0.0000 +0.0000 +0.0000 +0.0000 +0.0000 +0.0000 +0.0000 +0.0000 +0.0000 +0.0000 +0.0000 +0.0000 +0.0000 +0.0000 +0.0000 +0.0000 +0.0000 +0.0000 +0.0000 +0.0000 +0.0000 +0.0000 +0.0000 +0.0000 +0.0000 +0.0000 +0.0000 +0.0000 +0.0000 +0.0000 +0.0000 +0.0000 +0.0000 +0.0000 +0.0000 +0.0000 +0.0000 +0.0000 +0.0000 +0.0000 +0.0000 +0.0000 +0.0000 +0.0000 +0.0000 +0.0000 +0.0000 +0.0000 +0.0000 +0.0000 +0.0000 ;
+0.0000 +0.0000 +0.0000 +0.0000 +0.0000 +0.0000 +0.0000 +0.0000 +0.0000 +0.0000 +0.0000 +0.0000 +0.0000 +0.0000 +0.0000 +0.0000 +0.0000 +0.0000 +0.0000 +0.0000 +0.0000 +0.0000 +0.0000 +0.0000 +0.0000 +0.0000 +0.0000 +0.0000 +0.0000 +0.0000 +0.0000 +0.0000 +0.0000 +0.0000 +0.0000 +0.0000 +0.0000 +0.0000 +0.0000 +0.0000 +0.0000 +0.0000 +0.0000 +0.0000 +0.0000 +0.0000 +0.0000 +0.0000 +0.0000 +0.0000 +0.0000 +0.0000 +0.0000 +0.0000 +0.0000 +0.0000 +0.0000 +0.0000 +0.0000 +0.0000 +0.0000 +0.0000 +0.0000 +0.0000 +0.0000 +0.0000 +0.0000 +0.0000 +0.0000 +0.0000 +0.0000 +0.0000 +0.0000 +0.0000 ;
+0.0000 +0.0000 +0.0000 +0.0000 +0.0000 +0.0000 +0.0000 +0.0000 +0.0000 +0.0000 +0.0000 +0.0000 +0.0000 +0.0000 +0.0000 +0.0000 +0.0000 +0.0000 +0.0000 +0.0000 +0.0000 +0.0000 +0.0000 +0.0000 +0.0000 +0.0000 +0.0000 +0.0000 +0.0000 +0.0000 +0.0000 +0.0000 +0.0000 +0.0000 +0.0000 +0.0000 +0.0000 +0.0000 +0.0000 +0.0000 +0.0000 +0.0000 +0.0000 +0.0000 +0.0000 +0.0000 +0.0000 +0.0000 +0.0000 +0.0000 +0.0000 +0.0000 +0.0000 +0.0000 +0.0000 +0.0000 +0.0000 +0.0000 +0.0000 +0.0000 +0.0000 +0.0000 +0.0000 +0.0000 +0.0000 +0.0000 +0.0000 +0.0000 +0.0000 +0.0000 +0.0000 +0.0000 +0.0000 +0.0000 ;
+0.0000 +0.0000 +0.0000 +0.0000 +0.0000 +0.0000 +0.0000 +0.0000 +0.0000 +0.0000 +0.0000 +0.0000 +0.0000 +0.0000 +0.0000 +0.0000 +0.0000 +0.0000 +0.0000 +0.0000 +0.0000 +0.0000 +0.0000 +0.0000 +0.0000 +0.0000 +0.0000 +0.0000 +0.0000 +0.0000 +0.0000 +0.0000 +0.0000 +0.0000 +0.0000 +0.0000 +0.0000 +0.0000 +0.0000 +0.0000 +0.0000 +0.0000 +0.0000 +0.0000 +0.0000 +0.0000 +0.0000 +0.0000 +0.0000 +0.0000 +0.0000 +0.0000 +0.0000 +0.0000 +0.0000 +0.0000 +0.0000 +0.0000 +0.0000 +0.0000 +0.0000 +0.0000 +0.0000 +0.0000 +0.0000 +0.0000 +0.0000 +0.0000 +0.0000 +0.0000 +0.0000 +0.0000 +0.0000 +0.0000 ;
+0.0000 +0.0000 +0.0000 +0.0000 +0.0000 +0.0000 +0.0000 +0.0000 +0.0000 +0.0000 +0.0000 +0.0000 +0.0000 +0.0000 +0.0000 +0.0000 +0.0000 +0.0000 +0.0000 +0.0000 +0.0000 +0.0000 +0.0000 +0.0000 +0.0000 +0.0000 +0.0000 +0.0000 +0.0000 +0.0000 +0.0000 +0.0000 +0.0000 +0.0000 +0.0000 +0.0000 +0.0000 +0.0000 +0.0000 +0.0000 +0.0000 +0.0000 +0.0000 +0.0000 +0.0000 +0.0000 +0.0000 +0.0000 +0.0000 +0.0000 +0.0000 +0.0000 +0.0000 +0.0000 +0.0000 +0.0000 +0.0000 +0.0000 +0.0000 +0.0000 +0.0000 +0.0000 +0.0000 +0.0000 +0.0000 +0.0000 +0.0000 +0.0000 +0.0000 +0.0000 +0.0000 +0.0000 +0.0000 +0.0000 ;
+0.0000 +0.0000 +0.0000 +0.0000 +0.0000 +0.0000 +0.0000 +0.0000 +0.0000 +0.0000 +0.0000 +0.0000 +0.0000 +0.0000 +0.0000 +0.0000 +0.0000 +0.0000 +0.0000 +0.0000 +0.0000 +0.0000 +0.0000 +0.0000 +0.0000 +0.0000 +0.0000 +0.0000 +0.0000 +0.0000 +0.0000 +0.0000 +0.0000 +0.0000 +0.0000 +0.0000 +0.0000 +0.0000 +0.0000 +0.0000 +0.0000 +0.0000 +0.0000 +0.0000 +0.0000 +0.0000 +0.0000 +0.0000 +0.0000 +0.0000 +0.0000 +0.0000 +0.0000 +0.0000 +0.0000 +0.0000 +0.0000 +0.0000 +0.0000 +0.0000 +0.0000 +0.0000 +0.0000 +0.0000 +0.0000 +0.0000 +0.0000 +0.0000 +0.0000 +0.0000 +0.0000 +0.0000 +0.0000 +0.0000 ;
+0.0000 +0.0000 +0.0000 +0.0000 +0.0000 +0.0000 +0.0000 +0.0000 +0.0000 +0.0000 +0.0000 +0.0000 +0.0000 +0.0000 +0.0000 +0.0000 +0.0000 +0.0000 +0.0000 +0.0000 +0.0000 +0.0000 +0.0000 +0.0000 +0.0000 +0.0000 +0.0000 +0.0000 +0.0000 +0.0000 +0.0000 +0.0000 +0.0000 +0.0000 +0.0000 +0.0000 +0.0000 +0.0000 +0.0000 +0.0000 +0.0000 +0.0000 +0.0000 +0.0000 +0.0000 +0.0000 +0.0000 +0.0000 +0.0000 +0.0000 +0.0000 +0.0000 +0.0000 +0.0000 +0.0000 +0.0000 +0.0000 +0.0000 +0.0000 +0.0000 +0.0000 +0.0000 +0.0000 +0.0000 +0.0000 +0.0000 +0.0000 +0.0000 +0.0000 +0.0000 +0.0000 +0.0000 +0.0000 +0.0000 ;
+0.0000 +0.0000 +0.0000 +0.0000 +0.0000 +0.0000 +0.0000 +0.0000 +0.0000 +0.0000 +0.0000 +0.0000 +0.0000 +0.0000 +0.0000 +0.0000 +0.0000 +0.0000 +0.0000 +0.0000 +0.0000 +0.0000 +0.0000 +0.0000 +0.0000 +0.0000 +0.0000 +0.0000 +0.0000 +0.0000 +0.0000 +0.0000 +0.0000 +0.0000 +0.0000 +0.0000 +0.0000 +0.0000 +0.0000 +0.0000 +0.0000 +0.0000 +0.0000 +0.0000 +0.0000 +0.0000 +0.0000 +0.0000 +0.0000 +0.0000 +0.0000 +0.0000 +0.0000 +0.0000 +0.0000 +0.0000 +0.0000 +0.0000 +0.0000 +0.0000 +0.0000 +0.0000 +0.0000 +0.0000 +0.0000 +0.0000 +0.0000 +0.0000 +0.0000 +0.0000 +0.0000 +0.0000 +0.0000 +0.0000 ;
+0.0000 +0.0000 +0.0000 +0.0000 +0.0000 +0.0000 +0.0000 +0.0000 +0.0000 +0.0000 +0.0000 +0.0000 +0.0000 +0.0000 +0.0000 +0.0000 +0.0000 +0.0000 +0.0000 +0.0000 +0.0000 +0.0000 +0.0000 +0.0000 +0.0000 +0.0000 +0.0000 +0.0000 +0.0000 +0.0000 +0.0000 +0.0000 +0.0000 +0.0000 +0.0000 +0.0000 +0.0000 +0.0000 +0.0000 +0.0000 +0.0000 +0.0000 +0.0000 +0.0000 +0.0000 +0.0000 +0.0000 +0.0000 +0.0000 +0.0000 +0.0000 +0.0000 +0.0000 +0.0000 +0.0000 +0.0000 +0.0000 +0.0000 +0.0000 +0.0000 +0.0000 +0.0000 +0.0000 +0.0000 +0.0000 +0.0000 +0.0000 +0.0000 +0.0000 +0.0000 +0.0000 +0.0000 +0.0000 +0.0000 ;
+0.0000 +0.0000 +0.0000 +0.0000 +0.0000 +0.0000 +0.0000 +0.0000 +0.0000 +0.0000 +0.0000 +0.0000 +0.0000 +0.0000 +0.0000 +0.0000 +0.0000 +0.0000 +0.0000 +0.0000 +0.0000 +0.0000 +0.0000 +0.0000 +0.0000 +0.0000 +0.0000 +0.0000 +0.0000 +0.0000 +0.0000 +0.0000 +0.0000 +0.0000 +0.0000 +0.0000 +0.0000 +0.0000 +0.0000 +0.0000 +0.0000 +0.0000 +0.0000 +0.0000 +0.0000 +0.0000 +0.0000 +0.0000 +0.0000 +0.0000 +0.0000 +0.0000 +0.0000 +0.0000 +0.0000 +0.0000 +0.0000 +0.0000 +0.0000 +0.0000 +0.0000 +0.0000 +0.0000 +0.0000 +0.0000 +0.0000 +0.0000 +0.0000 +0.0000 +0.0000 +0.0000 +0.0000 +0.0000 +0.0000 ;
+0.0000 +0.0000 +0.0000 +0.0000 +0.0000 +0.0000 +0.0000 +0.0000 +0.0000 +0.0000 +0.0000 +0.0000 +0.0000 +0.0000 +0.0000 +0.0000 +0.0000 +0.0000 +0.0000 +0.0000 +0.0000 +0.0000 +0.0000 +0.0000 +0.0000 +0.0000 +0.0000 +0.0000 +0.0000 +0.0000 +0.0000 +0.0000 +0.0000 +0.0000 +0.0000 +0.0000 +0.0000 +0.0000 +0.0000 +0.0000 +0.0000 +0.0000 +0.0000 +0.0000 +0.0000 +0.0000 +0.0000 +0.0000 +0.0000 +0.0000 +0.0000 +0.0000 +0.0000 +0.0000 +0.0000 +0.0000 +0.0000 +0.0000 +0.0000 +0.0000 +0.0000 +0.0000 +0.0000 +0.0000 +0.0000 +0.0000 +0.0000 +0.0000 +0.0000 +0.0000 +0.0000 +0.0000 +0.0000 +0.0000 ;
+0.0000 +0.0000 +0.0000 +0.0000 +0.0000 +0.0000 +0.0000 +0.0000 +0.0000 +0.0000 +0.0000 +0.0000 +0.0000 +0.0000 +0.0000 +0.0000 +0.0000 +0.0000 +0.0000 +0.0000 +0.0000 +0.0000 +0.0000 +0.0000 +0.0000 +0.0000 +0.0000 +0.0000 +0.0000 +0.0000 +0.0000 +0.0000 +0.0000 +0.0000 +0.0000 +0.0000 +0.0000 +0.0000 +0.0000 +0.0000 +0.0000 +0.0000 +0.0000 +0.0000 +0.0000 +0.0000 +0.0000 +0.0000 +0.0000 +0.0000 +0.0000 +0.0000 +0.0000 +0.0000 +0.0000 +0.0000 +0.0000 +0.0000 +0.0000 +0.0000 +0.0000 +0.0000 +0.0000 +0.0000 +0.0000 +0.0000 +0.0000 +0.0000 +0.0000 +0.0000 +0.0000 +0.0000 +0.0000 +0.0000 ;
+0.0000 +0.0000 +0.0000 +0.0000 +0.0000 +0.0000 +0.0000 +0.0000 +0.0000 +0.0000 +0.0000 +0.0000 +0.0000 +0.0000 +0.0000 +0.0000 +0.0000 +0.0000 +0.0000 +0.0000 +0.0000 +0.0000 +0.0000 +0.0000 +0.0000 +0.0000 +0.0000 +0.0000 +0.0000 +0.0000 +0.0000 +0.0000 +0.0000 +0.0000 +0.0000 +0.0000 +0.0000 +0.0000 +0.0000 +0.0000 +0.0000 +0.0000 +0.0000 +0.0000 +0.0000 +0.0000 +0.0000 +0.0000 +0.0000 +0.0000 +0.0000 +0.0000 +0.0000 +0.0000 +0.0000 +0.0000 +0.0000 +0.0000 +0.0000 +0.0000 +0.0000 +0.0000 +0.0000 +0.0000 +0.0000 +0.0000 +0.0000 +0.0000 +0.0000 +0.0000 +0.0000 +0.0000 +0.0000 +0.0000 ;
+0.0000 +0.0000 +0.0000 +0.0000 +0.0000 +0.0000 +0.0000 +0.0000 +0.0000 +0.0000 +0.0000 +0.0000 +0.0000 +0.0000 +0.0000 +0.0000 +0.0000 +0.0000 +0.0000 +0.0000 +0.0000 +0.0000 +0.0000 +0.0000 +0.0000 +0.0000 +0.0000 +0.0000 +0.0000 +0.0000 +0.0000 +0.0000 +0.0000 +0.0000 +0.0000 +0.0000 +0.0000 +0.0000 +0.0000 +0.0000 +0.0000 +0.0000 +0.0000 +0.0000 +0.0000 +0.0000 +0.0000 +0.0000 +0.0000 +0.0000 +0.0000 +0.0000 +0.0000 +0.0000 +0.0000 +0.0000 +0.0000 +0.0000 +0.0000 +0.0000 +0.0000 +0.0000 +0.0000 +0.0000 +0.0000 +0.0000 +0.0000 +0.0000 +0.0000 +0.0000 +0.0000 +0.0000 +0.0000 +0.0000 ;
+0.0000 +0.0000 +0.0000 +0.0000 +0.0000 +0.0000 +0.0000 +0.0000 +0.0000 +0.0000 +0.0000 +0.0000 +0.0000 +0.0000 +0.0000 +0.0000 +0.0000 +0.0000 +0.0000 +0.0000 +0.0000 +0.0000 +0.0000 +0.0000 +0.0000 +0.0000 +0.0000 +0.0000 +0.0000 +0.0000 +0.0000 +0.0000 +0.0000 +0.0000 +0.0000 +0.0000 +0.0000 +0.0000 +0.0000 +0.0000 +0.0000 +0.0000 +0.0000 +0.0000 +0.0000 +0.0000 +0.0000 +0.0000 +0.0000 +0.0000 +0.0000 +0.0000 +0.0000 +0.0000 +0.0000 +0.0000 +0.0000 +0.0000 +0.0000 +0.0000 +0.0000 +0.0000 +0.0000 +0.0000 +0.0000 +0.0000 +0.0000 +0.0000 +0.0000 +0.0000 +0.0000 +0.0000 +0.0000 +0.0000 ;
+0.0000 +0.0000 +0.0000 +0.0000 +0.0000 +0.0000 +0.0000 +0.0000 +0.0000 +0.0000 +0.0000 +0.0000 +0.0000 +0.0000 +0.0000 +0.0000 +0.0000 +0.0000 +0.0000 +0.0000 +0.0000 +0.0000 +0.0000 +0.0000 +0.0000 +0.0000 +0.0000 +0.0000 +0.0000 +0.0000 +0.0000 +0.0000 +0.0000 +0.0000 +0.0000 +0.0000 +0.0000 +0.0000 +0.0000 +0.0000 +0.0000 +0.0000 +0.0000 +0.0000 +0.0000 +0.0000 +0.0000 +0.0000 +0.0000 +0.0000 +0.0000 +0.0000 +0.0000 +0.0000 +0.0000 +0.0000 +0.0000 +0.0000 +0.0000 +0.0000 +0.0000 +0.0000 +0.0000 +0.0000 +0.0000 +0.0000 +0.0000 +0.0000 +0.0000 +0.0000 +0.0000 +0.0000 +0.0000 +0.0000 ;
+0.0000 +0.0000 +0.0000 +0.0000 +0.0000 +0.0000 +0.0000 +0.0000 +0.0000 +0.0000 +0.0000 +0.0000 +0.0000 +0.0000 +0.0000 +0.0000 +0.0000 +0.0000 +0.0000 +0.0000 +0.0000 +0.0000 +0.0000 +0.0000 +0.0000 +0.0000 +0.0000 +0.0000 +0.0000 +0.0000 +0.0000 +0.0000 +0.0000 +0.0000 +0.0000 +0.0000 +0.0000 +0.0000 +0.0000 +0.0000 +0.0000 +0.0000 +0.0000 +0.0000 +0.0000 +0.0000 +0.0000 +0.0000 +0.0000 +0.0000 +0.0000 +0.0000 +0.0000 +0.0000 +0.0000 +0.0000 +0.0000 +0.0000 +0.0000 +0.0000 +0.0000 +0.0000 +0.0000 +0.0000 +0.0000 +0.0000 +0.0000 +0.0000 +0.0000 +0.0000 +0.0000 +0.0000 +0.0000 +0.0000 ;
+0.0000 +0.0000 +0.0000 +0.0000 +0.0000 +0.0000 +0.0000 +0.0000 +0.0000 +0.0000 +0.0000 +0.0000 +0.0000 +0.0000 +0.0000 +0.0000 +0.0000 +0.0000 +0.0000 +0.0000 +0.0000 +0.0000 +0.0000 +0.0000 +0.0000 +0.0000 +0.0000 +0.0000 +0.0000 +0.0000 +0.0000 +0.0000 +0.0000 +0.0000 +0.0000 +0.0000 +0.0000 +0.0000 +0.0000 +0.0000 +0.0000 +0.0000 +0.0000 +0.0000 +0.0000 +0.0000 +0.0000 +0.0000 +0.0000 +0.0000 +0.0000 +0.0000 +0.0000 +0.0000 +0.0000 +0.0000 +0.0000 +0.0000 +0.0000 +0.0000 +0.0000 +0.0000 +0.0000 +0.0000 +0.0000 +0.0000 +0.0000 +0.0000 +0.0000 +0.0000 +0.0000 +0.0000 +0.0000 +0.0000 ;
+0.0000 +0.0000 +0.0000 +0.0000 +0.0000 +0.0000 +0.0000 +0.0000 +0.0000 +0.0000 +0.0000 +0.0000 +0.0000 +0.0000 +0.0000 +0.0000 +0.0000 +0.0000 +0.0000 +0.0000 +0.0000 +0.0000 +0.0000 +0.0000 +0.0000 +0.0000 +0.0000 +0.0000 +0.0000 +0.0000 +0.0000 +0.0000 +0.0000 +0.0000 +0.0000 +0.0000 +0.0000 +0.0000 +0.0000 +0.0000 +0.0000 +0.0000 +0.0000 +0.0000 +0.0000 +0.0000 +0.0000 +0.0000 +0.0000 +0.0000 +0.0000 +0.0000 +0.0000 +0.0000 +0.0000 +0.0000 +0.0000 +0.0000 +0.0000 +0.0000 +0.0000 +0.0000 +0.0000 +0.0000 +0.0000 +0.0000 +0.0000 +0.0000 +0.0000 +0.0000 +0.0000 +0.0000 +0.0000 +0.0000 ;
+0.0000 +0.0000 +0.0000 +0.0000 +0.0000 +0.0000 +0.0000 +0.0000 +0.0000 +0.0000 +0.0000 +0.0000 +0.0000 +0.0000 +0.0000 +0.0000 +0.0000 +0.0000 +0.0000 +0.0000 +0.0000 +0.0000 +0.0000 +0.0000 +0.0000 +0.0000 +0.0000 +0.0000 +0.0000 +0.0000 +0.0000 +0.0000 +0.0000 +0.0000 +0.0000 +0.0000 +0.0000 +0.0000 +0.0000 +0.0000 +0.0000 +0.0000 +0.0000 +0.0000 +0.0000 +0.0000 +0.0000 +0.0000 +0.0000 +0.0000 +0.0000 +0.0000 +0.0000 +0.0000 +0.0000 +0.0000 +0.0000 +0.0000 +0.0000 +0.0000 +0.0000 +0.0000 +0.0000 +0.0000 +0.0000 +0.0000 +0.0000 +0.0000 +0.0000 +0.0000 +0.0000 +0.0000 +0.0000 +0.0000 ;
+0.0000 +0.0000 +0.0000 +0.0000 +0.0000 +0.0000 +0.0000 +0.0000 +0.0000 +0.0000 +0.0000 +0.0000 +0.0000 +0.0000 +0.0000 +0.0000 +0.0000 +0.0000 +0.0000 +0.0000 +0.0000 +0.0000 +0.0000 +0.0000 +0.0000 +0.0000 +0.0000 +0.0000 +0.0000 +0.0000 +0.0000 +0.0000 +0.0000 +0.0000 +0.0000 +0.0000 +0.0000 +0.0000 +0.0000 +0.0000 +0.0000 +0.0000 +0.0000 +0.0000 +0.0000 +0.0000 +0.0000 +0.0000 +0.0000 +0.0000 +0.0000 +0.0000 +0.0000 +0.0000 +0.0000 +0.0000 +0.0000 +0.0000 +0.0000 +0.0000 +0.0000 +0.0000 +0.0000 +0.0000 +0.0000 +0.0000 +0.0000 +0.0000 +0.0000 +0.0000 +0.0000 +0.0000 +0.0000 +0.0000 ;
+0.0000 +0.0000 +0.0000 +0.0000 +0.0000 +0.0000 +0.0000 +0.0000 +0.0000 +0.0000 +0.0000 +0.0000 +0.0000 +0.0000 +0.0000 +0.0000 +0.0000 +0.0000 +0.0000 +0.0000 +0.0000 +0.0000 +0.0000 +0.0000 +0.0000 +0.0000 +0.0000 +0.0000 +0.0000 +0.0000 +0.0000 +0.0000 +0.0000 +0.0000 +0.0000 +0.0000 +0.0000 +0.0000 +0.0000 +0.0000 +0.0000 +0.0000 +0.0000 +0.0000 +0.0000 +0.0000 +0.0000 +0.0000 +0.0000 +0.0000 +0.0000 +0.0000 +0.0000 +0.0000 +0.0000 +0.0000 +0.0000 +0.0000 +0.0000 +0.0000 +0.0000 +0.0000 +0.0000 +0.0000 +0.0000 +0.0000 +0.0000 +0.0000 +0.0000 +0.0000 +0.0000 +0.0000 +0.0000 +0.0000 ;
+0.0000 +0.0000 +0.0000 +0.0000 +0.0000 +0.0000 +0.0000 +0.0000 +0.0000 +0.0000 +0.0000 +0.0000 +0.0000 +0.0000 +0.0000 +0.0000 +0.0000 +0.0000 +0.0000 +0.0000 +0.0000 +0.0000 +0.0000 +0.0000 +0.0000 +0.0000 +0.0000 +0.0000 +0.0000 +0.0000 +0.0000 +0.0000 +0.0000 +0.0000 +0.0000 +0.0000 +0.0000 +0.0000 +0.0000 +0.0000 +0.0000 +0.0000 +0.0000 +0.0000 +0.0000 +0.0000 +0.0000 +0.0000 +0.0000 +0.0000 +0.0000 +0.0000 +0.0000 +0.0000 +0.0000 +0.0000 +0.0000 +0.0000 +0.0000 +0.0000 +0.0000 +0.0000 +0.0000 +0.0000 +0.0000 +0.0000 +0.0000 +0.0000 +0.0000 +0.0000 +0.0000 +0.0000 +0.0000 +0.0000 ;
+0.0000 +0.0000 +0.0000 +0.0000 +0.0000 +0.0000 +0.0000 +0.0000 +0.0000 +0.0000 +0.0000 +0.0000 +0.0000 +0.0000 +0.0000 +0.0000 +0.0000 +0.0000 +0.0000 +0.0000 +0.0000 +0.0000 +0.0000 +0.0000 +0.0000 +0.0000 +0.0000 +0.0000 +0.0000 +0.0000 +0.0000 +0.0000 +0.0000 +0.0000 +0.0000 +0.0000 +0.0000 +0.0000 +0.0000 +0.0000 +0.0000 +0.0000 +0.0000 +0.0000 +0.0000 +0.0000 +0.0000 +0.0000 +0.0000 +0.0000 +0.0000 +0.0000 +0.0000 +0.0000 +0.0000 +0.0000 +0.0000 +0.0000 +0.0000 +0.0000 +0.0000 +0.0000 +0.0000 +0.0000 +0.0000 +0.0000 +0.0000 +0.0000 +0.0000 +0.0000 +0.0000 +0.0000 +0.0000 +0.0000 ;
+0.0000 +0.0000 +0.0000 +0.0000 +0.0000 +0.0000 +0.0000 +0.0000 +0.0000 +0.0000 +0.0000 +0.0000 +0.0000 +0.0000 +0.0000 +0.0000 +0.0000 +0.0000 +0.0000 +0.0000 +0.0000 +0.0000 +0.0000 +0.0000 +0.0000 +0.0000 +0.0000 +0.0000 +0.0000 +0.0000 +0.0000 +0.0000 +0.0000 +0.0000 +0.0000 +0.0000 +0.0000 +0.0000 +0.0000 +0.0000 +0.0000 +0.0000 +0.0000 +0.0000 +0.0000 +0.0000 +0.0000 +0.0000 +0.0000 +0.0000 +0.0000 +0.0000 +0.0000 +0.0000 +0.0000 +0.0000 +0.0000 +0.0000 +0.0000 +0.0000 +0.0000 +0.0000 +0.0000 +0.0000 +0.0000 +0.0000 +0.0000 +0.0000 +0.0000 +0.0000 +0.0000 +0.0000 +0.0000 +0.0000 ;
+0.0000 +0.0000 +0.0000 +0.0000 +0.0000 +0.0000 +0.0000 +0.0000 +0.0000 +0.0000 +0.0000 +0.0000 +0.0000 +0.0000 +0.0000 +0.0000 +0.0000 +0.0000 +0.0000 +0.0000 +0.0000 +0.0000 +0.0000 +0.0000 +0.0000 +0.0000 +0.0000 +0.0000 +0.0000 +0.0000 +0.0000 +0.0000 +0.0000 +0.0000 +0.0000 +0.0000 +0.0000 +0.0000 +0.0000 +0.0000 +0.0000 +0.0000 +0.0000 +0.0000 +0.0000 +0.0000 +0.0000 +0.0000 +0.0000 +0.0000 +0.0000 +0.0000 +0.0000 +0.0000 +0.0000 +0.0000 +0.0000 +0.0000 +0.0000 +0.0000 +0.0000 +0.0000 +0.0000 +0.0000 +0.0000 +0.0000 +0.0000 +0.0000 +0.0000 +0.0000 +0.0000 +0.0000 +0.0000 +0.0000 ;
+0.0000 +0.0000 +0.0000 +0.0000 +0.0000 +0.0000 +0.0000 +0.0000 +0.0000 +0.0000 +0.0000 +0.0000 +0.0000 +0.0000 +0.0000 +0.0000 +0.0000 +0.0000 +0.0000 +0.0000 +0.0000 +0.0000 +0.0000 +0.0000 +0.0000 +0.0000 +0.0000 +0.0000 +0.0000 +0.0000 +0.0000 +0.0000 +0.0000 +0.0000 +0.0000 +0.0000 +0.0000 +0.0000 +0.0000 +0.0000 +0.0000 +0.0000 +0.0000 +0.0000 +0.0000 +0.0000 +0.0000 +0.0000 +0.0000 +0.0000 +0.0000 +0.0000 +0.0000 +0.0000 +0.0000 +0.0000 +0.0000 +0.0000 +0.0000 +0.0000 +0.0000 +0.0000 +0.0000 +0.0000 +0.0000 +0.0000 +0.0000 +0.0000 +0.0000 +0.0000 +0.0000 +0.0000 +0.0000 +0.0000 ;
+0.0000 +0.0000 +0.0000 +0.0000 +0.0000 +0.0000 +0.0000 +0.0000 +0.0000 +0.0000 +0.0000 +0.0000 +0.0000 +0.0000 +0.0000 +0.0000 +0.0000 +0.0000 +0.0000 +0.0000 +0.0000 +0.0000 +0.0000 +0.0000 +0.0000 +0.0000 +0.0000 +0.0000 +0.0000 +0.0000 +0.0000 +0.0000 +0.0000 +0.0000 +0.0000 +0.0000 +0.0000 +0.0000 +0.0000 +0.0000 +0.0000 +0.0000 +0.0000 +0.0000 +0.0000 +0.0000 +0.0000 +0.0000 +0.0000 +0.0000 +0.0000 +0.0000 +0.0000 +0.0000 +0.0000 +0.0000 +0.0000 +0.0000 +0.0000 +0.0000 +0.0000 +0.0000 +0.0000 +0.0000 +0.0000 +0.0000 +0.0000 +0.0000 +0.0000 +0.0000 +0.0000 +0.0000 +0.0000 +0.0000 ;
+0.0000 +0.0000 +0.0000 +0.0000 +0.0000 +0.0000 +0.0000 +0.0000 +0.0000 +0.0000 +0.0000 +0.0000 +0.0000 +0.0000 +0.0000 +0.0000 +0.0000 +0.0000 +0.0000 +0.0000 +0.0000 +0.0000 +0.0000 +0.0000 +0.0000 +0.0000 +0.0000 +0.0000 +0.0000 +0.0000 +0.0000 +0.0000 +0.0000 +0.0000 +0.0000 +0.0000 +0.0000 +0.0000 +0.0000 +0.0000 +0.0000 +0.0000 +0.0000 +0.0000 +0.0000 +0.0000 +0.0000 +0.0000 +0.0000 +0.0000 +0.0000 +0.0000 +0.0000 +0.0000 +0.0000 +0.0000 +0.0000 +0.0000 +0.0000 +0.0000 +0.0000 +0.0000 +0.0000 +0.0000 +0.0000 +0.0000 +0.0000 +0.0000 +0.0000 +0.0000 +0.0000 +0.0000 +0.0000 +0.0000 ;
+0.0000 +0.0000 +0.0000 +0.0000 +0.0000 +0.0000 +0.0000 +0.0000 +0.0000 +0.0000 +0.0000 +0.0000 +0.0000 +0.0000 +0.0000 +0.0000 +0.0000 +0.0000 +0.0000 +0.0000 +0.0000 +0.0000 +0.0000 +0.0000 +0.0000 +0.0000 +0.0000 +0.0000 +0.0000 +0.0000 +0.0000 +0.0000 +0.0000 +0.0000 +0.0000 +0.0000 +0.0000 +0.0000 +0.0000 +0.0000 +0.0000 +0.0000 +0.0000 +0.0000 +0.0000 +0.0000 +0.0000 +0.0000 +0.0000 +0.0000 +0.0000 +0.0000 +0.0000 +0.0000 +0.0000 +0.0000 +0.0000 +0.0000 +0.0000 +0.0000 +0.0000 +0.0000 +0.0000 +0.0000 +0.0000 +0.0000 +0.0000 +0.0000 +0.0000 +0.0000 +0.0000 +0.0000 +0.0000 +0.0000 ;
+0.0000 +0.0000 +0.0000 +0.0000 +0.0000 +0.0000 +0.0000 +0.0000 +0.0000 +0.0000 +0.0000 +0.0000 +0.0000 +0.0000 +0.0000 +0.0000 +0.0000 +0.0000 +0.0000 +0.0000 +0.0000 +0.0000 +0.0000 +0.0000 +0.0000 +0.0000 +0.0000 +0.0000 +0.0000 +0.0000 +0.0000 +0.0000 +0.0000 +0.0000 +0.0000 +0.0000 +0.0000 +0.0000 +0.0000 +0.0000 +0.0000 +0.0000 +0.0000 +0.0000 +0.0000 +0.0000 +0.0000 +0.0000 +0.0000 +0.0000 +0.0000 +0.0000 +0.0000 +0.0000 +0.0000 +0.0000 +0.0000 +0.0000 +0.0000 +0.0000 +0.0000 +0.0000 +0.0000 +0.0000 +0.0000 +0.0000 +0.0000 +0.0000 +0.0000 +0.0000 +0.0000 +0.0000 +0.0000 +0.0000 ;
+0.0000 +0.0000 +0.0000 +0.0000 +0.0000 +0.0000 +0.0000 +0.0000 +0.0000 +0.0000 +0.0000 +0.0000 +0.0000 +0.0000 +0.0000 +0.0000 +0.0000 +0.0000 +0.0000 +0.0000 +0.0000 +0.0000 +0.0000 +0.0000 +0.0000 +0.0000 +0.0000 +0.0000 +0.0000 +0.0000 +0.0000 +0.0000 +0.0000 +0.0000 +0.0000 +0.0000 +0.0000 +0.0000 +0.0000 +0.0000 +0.0000 +0.0000 +0.0000 +0.0000 +0.0000 +0.0000 +0.0000 +0.0000 +0.0000 +0.0000 +0.0000 +0.0000 +0.0000 +0.0000 +0.0000 +0.0000 +0.0000 +0.0000 +0.0000 +0.0000 +0.0000 +0.0000 +0.0000 +0.0000 +0.0000 +0.0000 +0.0000 +0.0000 +0.0000 +0.0000 +0.0000 +0.0000 +0.0000 +0.0000 ;
+0.0000 +0.0000 +0.0000 +0.0000 +0.0000 +0.0000 +0.0000 +0.0000 +0.0000 +0.0000 +0.0000 +0.0000 +0.0000 +0.0000 +0.0000 +0.0000 +0.0000 +0.0000 +0.0000 +0.0000 +0.0000 +0.0000 +0.0000 +0.0000 +0.0000 +0.0000 +0.0000 +0.0000 +0.0000 +0.0000 +0.0000 +0.0000 +0.0000 +0.0000 +0.0000 +0.0000 +0.0000 +0.0000 +0.0000 +0.0000 +0.0000 +0.0000 +0.0000 +0.0000 +0.0000 +0.0000 +0.0000 +0.0000 +0.0000 +0.0000 +0.0000 +0.0000 +0.0000 +0.0000 +0.0000 +0.0000 +0.0000 +0.0000 +0.0000 +0.0000 +0.0000 +0.0000 +0.0000 +0.0000 +0.0000 +0.0000 +0.0000 +0.0000 +0.0000 +0.0000 +0.0000 +0.0000 +0.0000 +0.0000 ;
+0.0000 +0.0000 +0.0000 +0.0000 +0.0000 +0.0000 +0.0000 +0.0000 +0.0000 +0.0000 +0.0000 +0.0000 +0.0000 +0.0000 +0.0000 +0.0000 +0.0000 +0.0000 +0.0000 +0.0000 +0.0000 +0.0000 +0.0000 +0.0000 +0.0000 +0.0000 +0.0000 +0.0000 +0.0000 +0.0000 +0.0000 +0.0000 +0.0000 +0.0000 +0.0000 +0.0000 +0.0000 +0.0000 +0.0000 +0.0000 +0.0000 +0.0000 +0.0000 +0.0000 +0.0000 +0.0000 +0.0000 +0.0000 +0.0000 +0.0000 +0.0000 +0.0000 +0.0000 +0.0000 +0.0000 +0.0000 +0.0000 +0.0000 +0.0000 +0.0000 +0.0000 +0.0000 +0.0000 +0.0000 +0.0000 +0.0000 +0.0000 +0.0000 +0.0000 +0.0000 +0.0000 +0.0000 +0.0000 +0.0000 ;
+0.0000 +0.1310 -0.0000 +0.0000 -0.0000 +0.0000 +0.0000 +0.0000 +0.0000 +0.0000 +0.0000 +0.0000 +0.0000 -0.0000 +0.0000 +0.0000 -0.0000 +0.0000 +0.0000 +0.0000 +0.0000 +0.0000 +0.0000 +0.0000 +0.0000 +0.0000 +0.0000 +0.0000 +0.0000 +0.0000 +0.0000 +0.0000 +0.0000 +0.0000 +0.0000 +0.0000 -0.6712 +0.0000 +0.0000 -0.0030 +0.0000 +0.0189 +0.0000 +0.0000 +0.0000 +0.0000 +0.0000 +0.0000 +0.0000 +0.0000 +0.0000 +0.0000 -0.0000 -0.0000 -0.0000 -0.0000 -0.0000 +0.0000 -0.0000 -0.0000 -0.0000 -0.0000 +0.0000 +0.0000 +0.0000 +0.6861 +0.6901 +0.6873 +0.6891 +0.6881 +0.0000 +0.0000 +0.0000 -0.4431 ;
+0.0000 +0.1867 -0.0420 -0.0718 -0.1523 +0.0836 +0.0231 -0.1228 -0.0034 +0.0000 +0.0000 +0.0000 +0.0000 +0.0000 -0.1851 -0.0000 -0.0000 +0.0000 +0.0000 +0.0000 +0.0000 +0.0000 +0.0000 +0.0000 +0.0000 +0.0000 +0.0000 +0.0000 +0.0000 +0.0000 +0.0000 -0.0063 +0.0000 +0.0000 +0.0000 +0.6747 +0.0000 -0.0003 +0.5271 +0.0088 +0.6048 +0.0000 +0.0000 +0.0000 +0.0000 +0.0000 +0.0000 +0.0000 +0.0000 +0.0000 +0.0000 +0.0000 -0.0000 -0.0000 -0.0000 +0.0000 +0.0000 +0.0000 +0.0000 +0.0000 +0.0000 +0.0000 +0.0000 +0.0000 +0.0000 +0.6117 +0.6135 +0.6149 +0.0000 +0.0000 +0.0000 -0.3305 -0.0377 +0.3412 ;
-0.0667 +0.1705 -0.1916 -0.0837 -0.1003 -0.1089 +0.4391 +0.4807 +0.5098 +0.3850 +0.3448 +0.0000 +0.0000 +0.0000 +0.0000 +0.2560 -0.3396 -0.2644 +0.0792 -0.1510 +0.1270 -0.0530 -0.2624 -0.0323 -0.3248 -0.1324 -0.1741 -0.1650 -0.1676 -0.1238 +0.1655 -0.1047 -0.0739 -0.2365 +0.0000 +0.0000 -0.0000 +0.0000 -0.0006 -0.1848 -0.0000 -0.1574 +0.5697 +0.0000 +0.0000 +0.5645 +0.0000 +0.0000 +0.0000 +0.5711 +0.0000 +0.0000 -0.6345 -0.6298 -0.6364 -0.6354 -0.6368 -0.6342 -0.6268 -0.6337 -0.6360 +0.0000 -0.6348 +0.0000 +0.0000 +0.0000 +0.0000 +0.0000 +0.0000 +0.0000 -0.2178 -0.0027 -0.3276 +0.1843 ;
-0.1473 -0.1150 +0.1692 +0.0801 -0.0060 +0.0109 +0.0237 +0.0000 +0.0791 +0.0305 +0.1686 +0.0000 +0.0000 +0.0000 +0.0000 -0.0154 +0.0226 +0.0261 +0.0260 +0.0249 +0.0249 +0.0256 +0.0264 +0.0264 +0.0264 +0.0000 +0.0263 +0.0275 +0.0000 +0.0281 +0.0000 +0.2692 +0.2083 +0.0000 +0.3044 -0.4985 -0.5438 -0.0966 +0.0000 +0.0000 +0.0000 +0.0113 +0.0032 +0.0035 +0.0035 +0.0036 +0.0036 +0.0035 +0.0035 +0.0033 +0.0035 +0.0000 -0.0023 +0.0000 -0.0024 +0.0000 -0.0024 +0.0000 +0.0000 +0.0000 +0.0000 +0.0000 +0.0000 +0.0000 -0.0026 +0.5473 +0.0000 +0.0000 +0.0000 +0.0000 -0.0791 +0.0000 +0.0000 +0.4039 ;
-0.0366 +0.0000 +0.0000 +0.0523 -0.1438 -0.1331 -0.2132 -0.1961 -0.1491 -0.0632 -0.2151 -0.0197 -0.1034 +0.2651 +0.0000 +0.3329 +0.3357 +0.4246 +0.3535 +0.4377 +0.1769 +0.0000 +0.4624 +0.2964 +0.2461 +0.0000 +0.0000 -0.1991 +0.0000 +0.0000 +0.0000 -0.0749 +0.0000 +0.0000 +0.0000 +0.0000 +0.0663 +0.4409 -0.0004 +0.0000 -0.0599 +0.0000 +0.2534 +0.2847 +0.2911 +0.3496 +0.0000 +0.0000 +0.0000 +0.0000 +0.0000 +0.0000 -0.2587 -0.1575 -0.1437 -0.2950 -0.2360 +0.0000 +0.0000 +0.0000 +0.0000 +0.0000 +0.0000 +0.0000 +0.0000 +0.0000 +0.0000 +0.0000 +0.0000 +0.1408 -0.0403 +0.0000 +0.0000 -0.5006 ;
-0.2473 -0.1018 -0.0000 +0.0449 +0.0000 +0.0000 +0.1290 +0.1081 +0.1186 +0.0591 +0.0916 +0.1216 +0.0000 +0.0000 +0.0000 -0.0000 +0.0198 +0.0799 +0.0427 +0.0497 +0.1124 +0.0000 +0.0000 +0.0000 +0.0000 +0.0000 -0.0000 +0.0000 +0.0000 +0.0000 +0.0000 -0.0201 -0.0138 -0.0000 -0.2274 +0.1168 +0.6397 -0.0001 -0.5266 +0.0076 +0.0000 +0.0000 +0.0611 +0.0000 +0.0000 +0.0000 +0.0000 +0.0000 +0.0000 +0.0000 +0.0000 +0.0000 -0.1634 -0.0333 -0.0872 +0.0000 -0.1533 -0.0677 +0.0000 +0.0000 -0.0000 +0.0000 +0.0000 +0.0000 -0.0000 +0.6036 +0.6062 +0.6057 +0.5958 +0.6056 -0.1419 -0.0667 +0.0000 +0.2627 ;
-0.0171 +0.1017 -0.0786 +0.0741 +0.0710 -0.1929 +0.0228 -0.0997 +0.0000 -0.0478 -0.1889 +0.0000 -0.0952 -0.1611 -0.2122 +0.3280 -0.1268 -0.2917 +0.2087 +0.0000 +0.2239 +0.2398 +0.2322 +0.1606 +0.0000 +0.0000 +0.0661 +0.1881 +0.0000 +0.1830 +0.0000 +0.0003 -0.2083 +0.0000 +0.0000 +0.0000 +0.0941 +0.1495 +0.0382 +0.1028 +0.0000 +0.0000 +0.2429 +0.3009 +0.2207 +0.1756 +0.3092 +0.2623 +0.1949 +0.1936 +0.1323 +0.2739 -0.3307 -0.3541 -0.2365 -0.3104 -0.2822 -0.3873 -0.2973 -0.2900 -0.3757 +0.0000 +0.0000 +0.0000 +0.0000 +0.0000 +0.0000 +0.0000 +0.0000 +0.0000 -0.1342 -0.0681 +0.0000 -0.1137 ;
+0.0000 +0.0000 +0.5763 -0.0432 -0.5915 +0.0059 -0.6000 -0.0324 -0.5649 -0.5897 -0.5760 -0.5869 +0.0000 +0.0000 +0.0000 -0.6093 +0.4289 -0.1670 +0.2572 -0.5803 +0.0000 +0.0000 +0.0000 +0.0000 -0.5993 -0.5786 -0.5896 -0.5711 +0.0000 -0.5969 +0.2547 +0.0000 +0.0000 +0.0000 -0.2794 +0.0000 +0.0000 +0.0000 +0.0000 +0.0000 +0.0000 -0.1633 +0.0000 +0.2909 +0.2360 +0.0000 +0.0000 +0.0000 +0.0000 +0.0000 +0.0000 +0.0000 -0.6078 -0.6116 +0.0000 +0.0000 +0.0000 +0.0000 +0.0000 +0.0000 +0.0000 +0.0000 +0.0000 +0.0000 +0.0000 +0.0000 +0.0000 +0.0000 +0.0000 +0.0000 -0.0340 -0.1300 +0.0000 -0.3569 ;
+0.0000 -0.1273 -0.0109 -0.6149 +0.5972 -0.6076 -0.0049 -0.6049 -0.5996 -0.0069 -0.5976 -0.5969 -0.6001 +0.5849 +0.0000 +0.4573 -0.2548 -0.2572 -0.1372 -0.6098 +0.0000 +0.0000 -0.5996 -0.6067 -0.6044 +0.0000 +0.0000 +0.0000 -0.5980 -0.6037 +0.0000 +0.4827 -0.2855 -0.2883 +0.0000 -0.0000 +0.0000 +0.0000 +0.0000 -0.1514 -0.0406 -0.1778 +0.4781 +0.0000 +0.3007 +0.0000 +0.0000 +0.0000 +0.0000 +0.0000 +0.0000 +0.0000 -0.6160 -0.6149 +0.0000 +0.0000 +0.0000 +0.0000 +0.0000 +0.0000 +0.0000 +0.0000 +0.0000 +0.0000 +0.0000 +0.0000 +0.0000 +0.0000 +0.0000 +0.0000 -0.2061 -0.1779 -0.2338 -0.3569 ;
+0.0000 -0.1428 -0.6201 +0.0020 -0.6047 -0.0233 -0.0130 -0.5971 -0.0370 -0.6003 -0.5819 -0.5967 +0.0000 +0.0000 +0.0000 +0.0000 -0.2576 -0.2198 -0.1319 -0.1335 -0.5927 +0.0000 +0.0000 +0.0000 +0.0000 -0.5994 +0.0000 -0.6012 -0.5908 +0.0000 -0.5982 -0.2620 -0.4624 +0.0000 +0.0000 -0.0000 +0.0000 +0.0000 -0.0017 -0.1536 -0.0876 -0.2219 +0.0000 +0.3524 +0.0000 +0.3803 +0.0000 +0.0000 +0.0000 +0.0000 +0.0000 +0.0000 +0.0000 -0.6100 -0.6178 +0.0000 +0.0000 +0.0000 +0.0000 +0.0000 +0.0000 +0.0000 +0.0000 +0.0000 +0.0000 +0.0000 +0.0000 +0.0000 +0.0000 +0.0000 -0.1989 -0.1097 +0.0000 -0.3569 ;
+0.0000 -0.0280 -0.6169 +0.6032 -0.0197 -0.6095 -0.0301 +0.5842 -0.0190 -0.5954 -0.5987 +0.0000 -0.6010 -0.5936 -0.5941 -0.6223 -0.6199 -0.2110 -0.1729 -0.2770 -0.2895 +0.0000 +0.0000 -0.6008 +0.0000 +0.0000 +0.0000 +0.0000 +0.0000 +0.0000 -0.6045 +0.1104 -0.4113 +0.0000 +0.0000 +0.0000 +0.0000 +0.2185 +0.0000 -0.2365 -0.1801 -0.3592 +0.0000 +0.4370 +0.2920 +0.0000 +0.4736 +0.0000 +0.0000 +0.0000 +0.0000 +0.0000 +0.0000 +0.0000 -0.6174 -0.6185 +0.0000 +0.0000 +0.0000 +0.0000 +0.0000 +0.0000 +0.0000 +0.0000 +0.0000 +0.0000 +0.0000 +0.0000 +0.0000 +0.0000 -0.2202 -0.0009 -0.2536 -0.3569 ;
-0.2383 -0.1118 -0.6218 -0.0059 -0.0126 -0.0159 -0.0140 -0.0126 -0.6034 -0.6004 -0.5987 -0.5980 +0.0000 +0.0000 +0.0000 -0.6264 -0.6165 -0.6157 +0.0000 -0.1566 -0.2892 +0.4966 +0.3375 -0.6040 +0.0000 +0.0000 +0.0000 -0.6018 +0.0000 -0.6027 -0.5997 -0.3932 -0.0798 +0.0000 +0.0000 -0.0000 -0.0000 +0.0000 +0.0009 -0.1949 -0.1284 -0.0206 +0.0000 +0.0000 +0.0000 +0.3399 +0.0000 +0.4605 +0.0000 +0.0000 +0.0000 +0.0000 +0.0000 +0.0000 +0.0000 +0.0000 -0.6190 -0.6170 +0.0000 +0.0000 +0.0000 +0.0000 +0.0000 +0.0000 +0.0000 +0.0000 +0.0000 +0.0000 +0.0000 +0.0000 -0.0395 -0.0463 -0.2182 -0.3569 ;
+0.0000 -0.2179 +0.0000 -0.6113 -0.6101 -0.0154 -0.0256 -0.0140 -0.6026 -0.0118 -0.5947 -0.5934 -0.5965 +0.0000 +0.0000 -0.6262 -0.6155 +0.0000 -0.6137 -0.6055 -0.6087 -0.1864 -0.2236 +0.2600 +0.3859 +0.0000 +0.0000 +0.0000 -0.5999 +0.0000 -0.6022 +0.0000 -0.4657 +0.0000 +0.0000 -0.0000 +0.0000 +0.0000 +0.0000 -0.2097 -0.1689 -0.2162 +0.0000 +0.0000 +0.0000 +0.0000 +0.2666 +0.0000 +0.4277 +0.0000 +0.0000 +0.0000 +0.0000 +0.0000 +0.0000 +0.0000 +0.0000 -0.6182 -0.6100 +0.0000 +0.0000 +0.0000 +0.0000 +0.0000 +0.0000 +0.0000 +0.0000 +0.0000 +0.0000 +0.0000 -0.0517 -0.1525 +0.0000 -0.3569 ;
+0.0000 -0.1896 +0.0000 +0.0000 -0.6100 -0.6054 -0.0126 -0.0108 -0.0209 -0.0153 -0.5961 -0.0108 -0.5933 -0.5980 +0.0000 -0.6240 -0.6183 -0.6152 +0.0000 +0.0000 +0.0000 +0.0000 +0.3903 -0.2359 -0.3016 -0.2088 -0.6019 -0.5935 +0.0000 +0.0000 +0.0000 +0.0000 +0.0157 -0.3791 +0.0000 +0.0000 +0.0000 +0.2251 +0.0000 -0.2560 -0.0000 -0.3585 +0.0000 +0.0000 +0.0000 +0.0000 +0.3413 +0.3998 +0.0000 +0.4158 +0.0000 +0.0000 +0.0000 +0.0000 +0.0000 +0.0000 +0.0000 +0.0000 -0.6106 -0.6171 +0.0000 +0.0000 +0.0000 +0.0000 +0.0000 +0.0000 +0.0000 +0.0000 +0.0000 +0.0000 -0.1461 -0.1273 -0.1528 -0.3569 ;
+0.0000 -0.0687 +0.0000 +0.0000 +0.0000 -0.5973 -0.5905 -0.0655 +0.0040 +0.0015 -0.5769 -0.5898 -0.0114 -0.5841 -0.5867 +0.0000 +0.0000 +0.0000 -0.5877 +0.0000 +0.0000 +0.0000 -0.5999 -0.5946 -0.2022 -0.3256 -0.1029 -0.2712 -0.5966 -0.5912 +0.0000 +0.0000 -0.2742 -0.3608 +0.0000 -0.0000 +0.0000 +0.0000 -0.0016 -0.2425 -0.0085 -0.2288 +0.0000 +0.0000 +0.0000 +0.0000 +0.0000 +0.0000 +0.2513 +0.0000 +0.3574 +0.0000 +0.0000 +0.0000 +0.0000 +0.0000 +0.0000 +0.0000 +0.0000 +0.0000 -0.6143 +0.0000 -0.6147 +0.0000 +0.0000 +0.0000 +0.0000 +0.0000 +0.0000 +0.0000 +0.0000 -0.1355 -0.0510 -0.3569 ;
+0.0000 -0.0800 +0.5986 -0.6061 +0.5976 -0.6000 +0.0000 -0.6035 -0.5982 -0.6001 -0.5958 -0.0104 -0.0064 -0.5976 -0.0060 +0.0000 +0.0000 -0.6132 +0.0000 +0.0000 +0.0000 +0.0000 -0.6030 -0.6039 -0.6042 +0.4454 -0.1619 -0.1045 -0.3200 -0.6031 -0.6043 +0.0000 +0.0000 -0.0451 -0.3158 -0.0000 +0.0000 +0.0000 +0.0000 -0.1179 -0.1131 -0.2994 +0.0000 +0.0000 +0.0000 +0.0000 +0.0000 +0.0000 +0.0000 +0.2409 +0.0000 +0.2442 +0.0000 +0.0000 +0.0000 +0.0000 +0.0000 +0.0000 +0.0000 +0.0000 +0.0000 -0.6179 -0.6174 +0.0000 +0.0000 +0.0000 +0.0000 +0.0000 +0.0000 +0.0000 -0.0974 -0.0025 -0.1500 -0.3569 ;
-0.0233 -0.0277 +0.0000 +0.0000 -0.0094 -0.6010 -0.6068 -0.5921 -0.6010 -0.5997 -0.5915 -0.0177 -0.0148 +0.5765 -0.0263 +0.0000 -0.6182 +0.0000 +0.0000 -0.6026 -0.6027 +0.0000 +0.0000 -0.5966 +0.0000 -0.6042 -0.2124 -0.1338 -0.2337 -0.3022 +0.3094 +0.0000 +0.0000 -0.3614 +0.2135 -0.0000 -0.0000 +0.1905 +0.0009 -0.2550 -0.0790 -0.1713 +0.0000 +0.0000 +0.0000 +0.0000 +0.0000 +0.0000 +0.4318 +0.3434 +0.3017 +0.0000 +0.0000 +0.0000 +0.0000 +0.0000 +0.0000 +0.0000 +0.0000 +0.0000 +0.0000 +0.0000 -0.6162 -0.6132 +0.0000 +0.0000 +0.0000 +0.0000 +0.0000 +0.0000 -0.1853 -0.0009 -0.2350 -0.3569 ;
+0.0000 +0.1128 -0.5956 -0.5918 -0.5873 +0.0000 +0.0000 +0.0000 +0.0000 +0.0000 +0.0000 +0.0000 +0.0000 -0.5769 +0.0000 -0.2297 -0.1439 -0.1918 -0.1904 -0.2474 +0.0000 -0.2302 -0.2833 -0.1345 -0.1341 -0.2717 -0.1512 -0.2927 -0.2407 -0.2803 -0.2983 +0.2471 +0.0000 +0.0000 +0.0000 +0.0000 +0.0000 +0.0000 +0.0000 +0.0000 +0.0000 +0.0000 +0.0000 +0.0000 +0.2405 +0.2510 +0.4115 +0.2214 +0.2137 +0.4076 +0.2469 +0.0000 +0.0000 -0.5822 -0.5753 -0.5875 -0.5760 -0.5843 -0.5818 -0.5859 -0.5875 -0.5777 -0.5780 -0.5845 +0.0000 +0.0000 +0.0000 +0.0000 +0.0000 +0.0000 +0.0000 +0.0000 +0.0000 -0.3569 ;
+0.0000 -0.0201 -0.0253 -0.5829 -0.5825 -0.5756 +0.0000 +0.0000 +0.0000 +0.0000 +0.0000 +0.0000 +0.0000 +0.0000 +0.0000 -0.2103 -0.1263 -0.2236 -0.2550 -0.0656 -0.1280 -0.1554 -0.1532 -0.2192 -0.0773 -0.2882 -0.2203 -0.1405 -0.1339 -0.2102 -0.1278 +0.1761 +0.0000 +0.0000 +0.0000 -0.0000 +0.0000 +0.5948 -0.0016 +0.2443 -0.0623 +0.0000 +0.1911 +0.3790 +0.3318 +0.3569 +0.2577 +0.4221 +0.4363 +0.0000 +0.0000 +0.0000 -0.5830 +0.0000 -0.5813 -0.5869 -0.5834 -0.5857 -0.5610 -0.5839 -0.5730 +0.0000 -0.5710 -0.5735 -0.5869 +0.0000 +0.0000 +0.0000 +0.0000 +0.0000 -0.1000 +0.0000 +0.0000 -0.3569 ;
-0.0221 -0.0209 +0.0000 -0.0242 -0.5873 -0.5862 -0.5840 +0.0000 +0.0000 +0.0000 +0.0000 +0.0000 +0.0000 +0.0000 +0.0000 -0.2968 +0.3514 -0.0644 -0.2292 -0.1727 -0.3069 -0.1947 -0.1886 -0.1683 -0.2140 -0.2039 -0.0669 -0.0824 -0.1260 -0.2463 -0.2684 +0.1964 +0.0000 +0.0000 +0.0000 -0.0000 +0.0000 -0.5855 -0.0016 +0.0000 +0.0000 +0.0000 +0.3026 +0.0000 +0.2311 +0.2952 +0.2610 +0.4076 +0.3535 +0.2619 +0.0000 +0.0000 -0.5825 -0.5847 -0.5757 -0.5842 -0.5797 -0.5868 -0.5805 +0.0000 -0.5899 -0.5884 -0.5869 +0.0000 -0.5830 +0.0000 +0.0000 +0.0000 +0.0000 +0.0000 +0.0000 +0.0000 +0.0000 -0.3569 ;
-0.0295 +0.1596 +0.0000 -0.5888 -0.0125 -0.5746 -0.5816 -0.5689 +0.0000 +0.0000 +0.0000 +0.0000 +0.0000 +0.0000 +0.0000 -0.1715 -0.2764 -0.0981 -0.1352 -0.2640 -0.2261 -0.1980 -0.1717 -0.0611 -0.2991 -0.1235 -0.2103 -0.1978 -0.2368 -0.1290 -0.2434 -0.0127 +0.0000 +0.0000 +0.0000 +0.0000 -0.0000 +0.5977 -0.0017 +0.0680 -0.1532 +0.1501 +0.0000 +0.4440 +0.0000 +0.2467 +0.2538 +0.4063 +0.3150 +0.4242 +0.2983 +0.4151 -0.5819 -0.5736 +0.0000 -0.5746 -0.5882 -0.5849 -0.5806 -0.5885 -0.5840 -0.5874 -0.5836 -0.5826 -0.5906 +0.0000 +0.0000 +0.0000 +0.0000 +0.0000 -0.0292 +0.0000 +0.0000 -0.3569 ;
-0.0218 -0.0079 +0.0000 +0.0000 -0.5867 -0.5574 -0.5852 +0.0000 +0.0000 +0.0000 -0.5603 +0.0000 +0.0000 +0.0000 +0.0000 -0.0962 -0.2681 -0.0641 -0.2112 +0.3285 -0.0694 -0.1418 -0.2504 -0.1658 -0.2043 -0.1328 -0.0844 -0.2430 -0.1747 -0.2020 -0.1135 +0.2317 +0.0000 +0.0000 +0.0000 -0.0000 +0.0000 +0.5999 -0.0016 +0.0000 -0.0166 -0.2705 +0.4226 +0.4475 +0.3039 +0.4099 +0.3188 +0.3831 +0.0000 +0.3189 +0.0000 +0.0000 -0.5837 -0.5841 -0.5868 -0.5891 -0.5715 -0.5776 -0.5842 -0.5836 -0.5848 +0.0000 -0.5890 +0.0000 -0.5922 +0.0000 +0.0000 +0.0000 +0.0000 +0.0000 +0.0000 +0.0000 +0.0000 -0.3569 ;
+0.0000 -0.0207 +0.0000 -0.5704 +0.0000 +0.0000 +0.5690 -0.5700 -0.5754 -0.5793 +0.0000 +0.0000 +0.0000 +0.0000 +0.0000 -0.2604 -0.2448 -0.1710 -0.2609 -0.0884 -0.2497 -0.2410 -0.1448 -0.1651 -0.1586 -0.1554 -0.2239 -0.1394 -0.2059 -0.2439 -0.1336 -0.2274 +0.3038 +0.0000 +0.0000 -0.0000 +0.0000 -0.5873 -0.0016 +0.1542 +0.0000 +0.0000 +0.0000 +0.2506 +0.2945 +0.4262 +0.4239 +0.3050 +0.0000 +0.2744 +0.2723 +0.0000 -0.5805 -0.5787 -0.5887 -0.5860 -0.5891 -0.5736 -0.5831 -0.5876 -0.5891 +0.0000 -0.5884 -0.5844 +0.0000 +0.0000 +0.0000 +0.0000 +0.0000 +0.0000 -0.0429 +0.0000 +0.0000 -0.3569 ;
-0.1473 +0.1194 +0.0000 -0.5812 +0.0000 +0.0000 -0.5747 +0.5639 -0.5699 -0.5690 -0.5402 +0.0000 +0.0000 +0.0000 +0.0000 -0.2071 -0.1949 +0.0000 -0.2288 -0.0826 -0.2128 +0.4650 -0.1638 -0.2062 -0.0619 -0.0636 -0.2844 -0.1266 -0.1924 -0.0723 -0.2900 +0.0000 +0.3608 +0.0000 +0.0000 +0.0000 -0.0000 +0.5925 +0.0000 +0.0000 -0.0000 +0.2762 +0.0000 +0.2841 +0.1905 +0.3947 +0.2598 +0.2079 +0.0000 +0.1937 +0.3445 +0.2778 -0.5842 -0.5820 -0.5593 -0.5817 -0.5848 -0.5643 -0.5204 -0.5837 -0.5842 -0.5756 -0.5820 -0.5809 +0.0000 +0.0000 +0.0000 +0.0000 +0.0000 +0.0000 +0.0000 +0.0000 +0.0000 -0.3569 ;
+0.0000 +0.0056 +0.0000 +0.0000 +0.0000 +0.0000 +0.5688 -0.5763 -0.5791 -0.5655 -0.5552 +0.0000 +0.0000 +0.0000 +0.0000 -0.0788 -0.1952 -0.1295 -0.2175 -0.1541 -0.2642 -0.1549 -0.1283 -0.0591 -0.2534 -0.1653 -0.1732 -0.0612 -0.2519 -0.2127 -0.2359 +0.0000 +0.0926 +0.0000 +0.0000 -0.0000 +0.0000 -0.5846 -0.0016 +0.1631 +0.0000 +0.0000 +0.0000 +0.4535 +0.3665 +0.0000 +0.2556 +0.2467 +0.0000 +0.3315 +0.4521 +0.4311 -0.5724 -0.5851 -0.5875 +0.0000 +0.0000 -0.5836 -0.5554 -0.5712 -0.5740 -0.5872 -0.5723 -0.5842 -0.5898 +0.0000 +0.0000 +0.0000 +0.0000 +0.0000 +0.0000 -0.0593 +0.0000 -0.3569 ;
-0.0216 +0.0068 +0.0000 +0.0000 +0.0000 +0.0000 +0.0000 -0.5773 +0.0000 -0.5519 -0.5754 -0.5768 +0.0000 +0.0000 +0.0000 -0.1080 -0.1311 -0.2808 -0.3070 -0.0769 -0.2380 -0.2794 -0.2978 -0.1916 +0.3911 -0.1376 -0.1764 -0.1828 -0.1457 -0.1670 -0.2555 +0.0000 +0.2415 +0.0000 +0.0000 -0.0000 +0.0000 +0.6002 -0.0016 +0.0000 -0.0130 -0.2073 +0.0000 +0.0000 +0.3270 +0.0000 +0.3994 +0.3803 +0.2104 +0.3571 +0.3557 +0.4510 -0.5789 -0.5693 -0.5885 -0.5754 -0.5890 -0.5769 -0.5696 -0.5850 +0.0000 -0.5869 -0.5814 -0.5851 +0.0000 +0.0000 +0.0000 +0.0000 +0.0000 +0.0000 +0.0000 +0.0000 +0.0000 -0.3569 ;
-0.0213 +0.1136 +0.0000 +0.0000 +0.0000 -0.5683 +0.0000 +0.0000 +0.0000 -0.5740 -0.0272 -0.5684 -0.5751 +0.0000 +0.0000 -0.2934 -0.1232 -0.3096 -0.0944 -0.0815 -0.0858 -0.1141 -0.2040 -0.2431 -0.1635 -0.0652 -0.1006 -0.1895 -0.2962 -0.0939 -0.2048 +0.0000 +0.0000 +0.1195 +0.0000 +0.0000 -0.0000 +0.6006 -0.0018 +0.1954 -0.2205 +0.2183 +0.0000 +0.3795 +0.2524 +0.3450 +0.0000 +0.2891 +0.4525 +0.2831 +0.3846 +0.3102 -0.5868 -0.5868 -0.5892 -0.5798 +0.0000 -0.5755 -0.5663 -0.5882 -0.5884 -0.5746 -0.5852 -0.5828 -0.5810 +0.0000 +0.0000 +0.0000 +0.0000 +0.0000 -0.1279 +0.0000 +0.0000 -0.3569 ;
-0.0233 -0.0317 +0.0000 +0.0000 +0.0000 +0.0000 +0.0000 +0.0000 -0.5813 +0.0000 +0.0000 +0.5502 -0.5777 -0.5788 -0.5764 -0.0888 -0.0757 -0.2599 -0.2188 -0.2471 -0.2864 -0.1174 -0.0872 -0.2745 -0.1067 -0.2248 +0.3371 -0.2374 -0.2045 -0.0778 -0.2588 +0.0000 +0.0000 +0.3233 +0.0000 -0.0000 +0.0000 -0.5871 -0.0016 +0.0000 +0.0000 +0.0000 +0.0000 +0.0000 +0.4380 +0.2314 +0.3621 +0.3100 +0.3661 +0.0000 +0.3506 +0.4436 +0.0000 -0.5861 -0.5857 +0.0000 -0.5850 -0.5789 -0.5495 -0.5883 -0.5740 -0.5885 -0.5720 -0.5732 -0.5905 +0.0000 +0.0000 +0.0000 +0.0000 +0.0000 +0.0000 +0.0000 +0.0000 -0.3569 ;
+0.0000 +0.0030 +0.0000 +0.0000 +0.0000 +0.0000 +0.0000 +0.0000 +0.0000 +0.0000 +0.0000 -0.5601 -0.0071 -0.5727 -0.5701 -0.1631 -0.2444 -0.2174 -0.2096 -0.0579 -0.1572 -0.1428 -0.1711 -0.1739 -0.2312 -0.1920 -0.2827 -0.2604 -0.1756 -0.1150 -0.2117 +0.0000 +0.0000 +0.2378 -0.1617 -0.0000 +0.0000 +0.5934 -0.0016 +0.1907 -0.0369 +0.0000 +0.0000 +0.0000 +0.0000 +0.3882 +0.2292 +0.3113 +0.2711 +0.4181 +0.3007 +0.3429 +0.0000 -0.5813 -0.5774 -0.5856 -0.5852 -0.5832 -0.5806 -0.5697 +0.0000 -0.5811 -0.5785 -0.5602 -0.5885 +0.0000 +0.0000 +0.0000 +0.0000 +0.0000 -0.0057 +0.0000 +0.0000 -0.3569 ;
-0.2429 -0.0507 +0.0000 +0.0000 +0.0000 +0.0000 +0.0000 +0.0000 +0.0000 +0.0000 -0.5778 -0.5822 -0.5824 -0.0038 -0.5822 -0.1940 -0.1403 -0.1176 -0.2114 -0.2155 -0.2966 -0.2389 -0.1488 -0.2229 -0.0784 -0.2960 -0.1422 -0.2052 -0.2401 +0.2829 -0.1446 +0.0000 +0.0000 +0.0000 -0.1452 -0.0000 -0.0000 +0.0174 +0.0008 +0.0267 -0.0000 -0.0607 +0.3877 +0.0000 +0.4441 +0.3596 +0.4454 +0.2528 +0.2166 +0.2533 +0.0000 +0.2705 -0.5892 -0.5856 -0.5896 -0.5902 -0.5886 -0.5804 -0.5644 -0.5897 -0.5898 -0.5899 -0.5921 -0.5762 +0.0000 +0.0000 +0.0000 +0.0000 +0.0000 +0.0000 +0.0000 +0.0000 -0.3003 -0.3569 ;
+0.0000 +0.0000 +0.0000 +0.0000 +0.0000 +0.0000 +0.0000 +0.0000 +0.0000 +0.0000 +0.0000 +0.0000 +0.0000 +0.0000 +0.0000 -0.0000 +0.0918 +0.0000 +0.0000 +0.0000 +0.0922 +0.0000 +0.0090 +0.0000 +0.0000 +0.0000 +0.0000 +0.0000 +0.0000 +0.0000 +0.0000 -0.1170 +0.0000 +0.0000 +0.0650 +0.0000 +0.0000 +0.0000 +0.0000 +0.0000 +0.0000 +0.0000 +0.0000 +0.0000 +0.0000 +0.0000 +0.0000 +0.0000 +0.0000 +0.0000 +0.0000 +0.0000 -0.0000 +0.0000 +0.0000 +0.0000 +0.0000 +0.0000 +0.0000 +0.0000 +0.0000 -0.0000 -0.0000 +0.0000 +0.0000 +0.0000 +0.6126 +0.6095 +0.0000 +0.0000 +0.0000 -0.1819 -0.1396 -0.0431 ;
+0.0000 +0.0000 +0.0000 +0.0000 -0.0000 +0.0000 +0.0000 +0.0000 +0.0000 +0.0000 +0.0000 +0.0000 +0.0000 +0.0000 +0.0000 +0.0000 +0.0000 -0.0000 +0.0666 +0.0000 +0.0518 +0.1112 +0.0000 +0.0226 +0.0728 +0.0120 +0.0000 +0.1158 +0.0000 +0.0000 +0.0000 -0.0582 +0.0000 +0.0605 +0.0000 +0.0000 +0.0000 +0.0000 -0.3861 +0.0939 +0.0000 +0.0644 +0.0000 +0.0000 +0.0000 +0.0000 +0.0000 +0.0000 +0.0000 +0.0000 +0.0000 +0.0000 +0.0000 +0.0000 +0.0000 -0.0000 +0.0000 +0.0000 +0.0000 +0.0000 +0.0000 +0.0000 +0.0000 -0.0000 -0.0000 +0.0000 +0.0000 +0.6128 +0.6124 +0.6138 -0.1554 -0.1455 -0.0210 -0.0431 ;
+0.0000 +0.2143 +0.0000 +0.0000 +0.0000 +0.0000 +0.0000 +0.0000 +0.0000 +0.0000 +0.0000 +0.0000 +0.0000 +0.0000 +0.0000 +0.0000 +0.0645 +0.0220 +0.0028 +0.0000 +0.1012 +0.0000 +0.0091 +0.0239 +0.0000 +0.0170 +0.0000 +0.0000 +0.0000 +0.0000 +0.0000 +0.0000 -0.0000 +0.0000 +0.0000 +0.0000 +0.0000 +0.0000 +0.1164 +0.0989 -0.7059 +0.0000 +0.0000 +0.0000 +0.0000 +0.0000 +0.0000 +0.0000 +0.0000 +0.0000 +0.0000 +0.0000 +0.0000 +0.0000 +0.0000 +0.0000 -0.0000 +0.0000 -0.0000 +0.0000 +0.0000 -0.0000 +0.0000 +0.0000 +0.0000 +0.6107 +0.6094 +0.0000 +0.6129 +0.0000 -0.0730 -0.1395 -0.1735 -0.0431 ;
+0.0000 +0.0000 +0.0000 +0.0000 +0.0000 +0.0000 +0.0000 +0.0000 +0.0000 +0.0000 +0.0000 -0.0000 +0.0000 +0.0000 +0.0000 +0.0000 +0.0000 +0.0000 +0.0000 +0.0898 +0.0000 +0.0000 +0.0000 +0.0596 +0.0972 +0.0013 +0.0993 +0.0088 +0.0000 +0.0000 +0.0000 +0.0000 -0.0000 +0.0000 +0.0000 +0.0000 +0.0000 +0.0000 -0.3635 +0.0199 +0.0000 -0.1151 +0.0000 +0.0000 +0.0000 +0.0000 +0.0000 +0.0000 +0.0000 +0.0000 +0.0000 +0.0000 +0.0000 +0.0000 +0.0000 +0.0000 +0.0000 +0.0000 -0.0000 +0.0000 -0.0000 -0.0000 +0.0000 +0.0000 +0.0000 +0.0000 +0.6136 +0.6082 +0.0000 +0.6123 -0.1075 -0.1372 -0.2250 -0.0431 ;
-0.1965 +0.1076 +0.0000 +0.0000 +0.0000 +0.0000 +0.0000 +0.0000 +0.0000 +0.0000 -0.0000 +0.0000 +0.0000 +0.0000 +0.0000 +0.1039 +0.0000 +0.0000 +0.0173 +0.0000 +0.1084 +0.0000 +0.0000 +0.1292 +0.0000 +0.0972 +0.0000 +0.0000 +0.0000 +0.1193 +0.0340 +0.0000 +0.0000 -0.0949 +0.1111 +0.0661 +0.0000 +0.0000 +0.1049 +0.0376 -0.7064 -0.0578 +0.0000 +0.0000 +0.0000 +0.0000 +0.0000 +0.0000 +0.0000 +0.0000 +0.0000 +0.0000 +0.0000 +0.0000 +0.0000 +0.0000 +0.0000 +0.0000 +0.0000 +0.0000 -0.0019 +0.0000 -0.0000 -0.0000 +0.0000 +0.0000 +0.0000 +0.6123 +0.6105 +0.6034 -0.0606 -0.0229 -0.0606 -0.0431 ;
-0.1451 +0.0000 +0.1112 -0.1590 -0.0514 -0.1582 +0.2597 -0.0686 -0.0567 +0.0000 -0.1828 +0.0000 +0.0768 +0.0812 +0.0000 +0.0559 -0.0893 +0.0191 +0.1001 +0.2962 +0.0968 +0.0000 +0.0000 +0.0000 +0.0000 +0.0000 +0.0000 +0.0000 +0.0000 -0.0668 +0.0000 +0.0844 +0.0372 +0.2901 +0.0000 +0.0000 +0.0000 +0.0000 -0.1755 +0.0000 -0.0814 +0.0000 +0.0000 +0.0000 +0.0000 +0.1797 +0.0000 +0.0000 +0.0000 +0.0000 +0.0000 +0.0000 -0.1116 -0.0724 -0.2010 -0.0999 -0.2093 -0.1411 +0.0000 +0.0000 +0.0000 +0.0000 +0.0000 +0.0000 +0.0000 +0.1955 +0.0000 +0.0000 +0.0000 +0.0000 +0.0000 -0.0027 +0.0000 -0.0431 ;
-0.0208 -0.2299 -0.1210 -0.0190 +0.2463 -0.1517 -0.0388 +0.2490 +0.0962 +0.1359 +0.2238 +0.0276 +0.0000 +0.0000 -0.1093 +0.0000 +0.0000 +0.1461 +0.2117 +0.1663 +0.1206 -0.0073 -0.0955 +0.2224 +0.0000 +0.0000 +0.0000 +0.0000 +0.0000 +0.0000 -0.1756 +0.2499 +0.1654 +0.1137 +0.1899 +0.0000 -0.1848 +0.0000 -0.2940 +0.0594 -0.2832 +0.0641 +0.0039 +0.0000 +0.0000 +0.0043 +0.0000 +0.0000 +0.0000 +0.0000 +0.0000 +0.0000 -0.0033 -0.0032 -0.0034 +0.0000 -0.0035 -0.0062 -0.0030 +0.0000 +0.0000 +0.0000 +0.0000 +0.0000 +0.0000 +0.0000 +0.4304 +0.0000 +0.0000 +0.0000 -0.0775 +0.0000 -0.0238 -0.0431 ;
-0.0130 -0.0366 +0.0000 +0.2350 +0.0000 +0.0000 +0.2496 -0.0418 -0.2741 +0.0649 -0.2692 -0.0011 -0.1358 +0.1163 -0.0644 +0.0000 +0.0000 +0.0000 +0.0000 +0.0000 +0.0000 +0.1803 +0.1817 -0.2821 +0.1865 -0.0384 -0.0102 +0.3227 +0.0000 +0.0000 -0.2812 +0.1120 +0.0333 +0.0159 -0.0991 -0.1323 -0.1020 +0.1971 +0.0658 +0.4643 -0.0270 +0.2783 +0.0000 +0.0000 +0.0000 +0.0000 +0.0000 +0.2664 +0.0000 +0.0000 +0.3155 +0.0000 +0.0000 +0.0000 +0.0000 +0.0000 -0.2219 -0.2254 -0.3262 -0.3170 -0.4600 +0.0000 -0.3924 +0.0000 +0.0000 +0.0000 +0.0376 +0.0000 +0.0000 +0.0000 -0.1459 -0.0719 +0.0000 -0.0431 ;
+0.0000 +0.0000 +0.0000 +0.0000 +0.0000 +0.0000 +0.0000 +0.0000 +0.0000 +0.0000 +0.0000 +0.0000 +0.0000 +0.0000 +0.0000 +0.0000 +0.0000 +0.0000 +0.0000 +0.0000 +0.0000 +0.0000 +0.0000 +0.0000 +0.0000 +0.0000 +0.0000 +0.0000 +0.0000 +0.0000 +0.0000 +0.0000 +0.0000 +0.0000 +0.0000 +0.0000 +0.0000 +0.0000 +0.0000 +0.0000 +0.0000 +0.0000 +0.0000 +0.0000 +0.0000 +0.0000 +0.0000 +0.0000 +0.0000 +0.0000 +0.0000 +0.0000 +0.0000 +0.0000 +0.0000 +0.0000 +0.0000 +0.0000 +0.0000 +0.0000 +0.0000 +0.0000 +0.0000 +0.0000 +0.0000 +0.0000 +0.0000 +0.0000 +0.0000 +0.0000 +0.0000 +0.0000 +0.0000 +0.0000 ;
