brain 22869 fitness=4.5555 numneurons+1=42 maxWeight=8 maxBias=8 redinput=2-4 greeninput=5-12 blueinput=13-14
+0.0000 +0.0000 +0.0000 +0.0000 +0.0000 +0.0000 +0.0000 +0.0000 +0.0000 +0.0000 +0.0000 +0.0000 +0.0000 +0.0000 +0.0000 +0.0000 +0.0000 +0.0000 +0.0000 +0.0000 +0.0000 +0.0000 +0.0000 +0.0000 +0.0000 +0.0000 +0.0000 +0.0000 +0.0000 +0.0000 +0.0000 +0.0000 +0.0000 +0.0000 +0.0000 +0.0000 +0.0000 +0.0000 +0.0000 +0.0000 +0.0000 +0.0000 ;
+0.0000 +0.0000 +0.0000 +0.0000 +0.0000 +0.0000 +0.0000 +0.0000 +0.0000 +0.0000 +0.0000 +0.0000 +0.0000 +0.0000 +0.0000 +0.0000 +0.0000 +0.0000 +0.0000 +0.0000 +0.0000 +0.0000 +0.0000 +0.0000 +0.0000 +0.0000 +0.0000 +0.0000 +0.0000 +0.0000 +0.0000 +0.0000 +0.0000 +0.0000 +0.0000 +0.0000 +0.0000 +0.0000 +0.0000 +0.0000 +0.0000 +0.0000 ;
+0.0000 +0.0000 +0.0000 +0.0000 +0.0000 +0.0000 +0.0000 +0.0000 +0.0000 +0.0000 +0.0000 +0.0000 +0.0000 +0.0000 +0.0000 +0.0000 +0.0000 +0.0000 +0.0000 +0.0000 +0.0000 +0.0000 +0.0000 +0.0000 +0.0000 +0.0000 +0.0000 +0.0000 +0.0000 +0.0000 +0.0000 +0.0000 +0.0000 +0.0000 +0.0000 +0.0000 +0.0000 +0.0000 +0.0000 +0.0000 +0.0000 +0.0000 ;
+0.0000 +0.0000 +0.0000 +0.0000 +0.0000 +0.0000 +0.0000 +0.0000 +0.0000 +0.0000 +0.0000 +0.0000 +0.0000 +0.0000 +0.0000 +0.0000 +0.0000 +0.0000 +0.0000 +0.0000 +0.0000 +0.0000 +0.0000 +0.0000 +0.0000 +0.0000 +0.0000 +0.0000 +0.0000 +0.0000 +0.0000 +0.0000 +0.0000 +0.0000 +0.0000 +0.0000 +0.0000 +0.0000 +0.0000 +0.0000 +0.0000 +0.0000 ;
+0.0000 +0.0000 +0.0000 +0.0000 +0.0000 +0.0000 +0.0000 +0.0000 +0.0000 +0.0000 +0.0000 +0.0000 +0.0000 +0.0000 +0.0000 +0.0000 +0.0000 +0.0000 +0.0000 +0.0000 +0.0000 +0.0000 +0.0000 +0.0000 +0.0000 +0.0000 +0.0000 +0.0000 +0.0000 +0.0000 +0.0000 +0.0000 +0.0000 +0.0000 +0.0000 +0.0000 +0.0000 +0.0000 +0.0000 +0.0000 +0.0000 +0.0000 ;
+0.0000 +0.0000 +0.0000 +0.0000 +0.0000 +0.0000 +0.0000 +0.0000 +0.0000 +0.0000 +0.0000 +0.0000 +0.0000 +0.0000 +0.0000 +0.0000 +0.0000 +0.0000 +0.0000 +0.0000 +0.0000 +0.0000 +0.0000 +0.0000 +0.0000 +0.0000 +0.0000 +0.0000 +0.0000 +0.0000 +0.0000 +0.0000 +0.0000 +0.0000 +0.0000 +0.0000 +0.0000 +0.0000 +0.0000 +0.0000 +0.0000 +0.0000 ;
+0.0000 +0.0000 +0.0000 +0.0000 +0.0000 +0.0000 +0.0000 +0.0000 +0.0000 +0.0000 +0.0000 +0.0000 +0.0000 +0.0000 +0.0000 +0.0000 +0.0000 +0.0000 +0.0000 +0.0000 +0.0000 +0.0000 +0.0000 +0.0000 +0.0000 +0.0000 +0.0000 +0.0000 +0.0000 +0.0000 +0.0000 +0.0000 +0.0000 +0.0000 +0.0000 +0.0000 +0.0000 +0.0000 +0.0000 +0.0000 +0.0000 +0.0000 ;
+0.0000 +0.0000 +0.0000 +0.0000 +0.0000 +0.0000 +0.0000 +0.0000 +0.0000 +0.0000 +0.0000 +0.0000 +0.0000 +0.0000 +0.0000 +0.0000 +0.0000 +0.0000 +0.0000 +0.0000 +0.0000 +0.0000 +0.0000 +0.0000 +0.0000 +0.0000 +0.0000 +0.0000 +0.0000 +0.0000 +0.0000 +0.0000 +0.0000 +0.0000 +0.0000 +0.0000 +0.0000 +0.0000 +0.0000 +0.0000 +0.0000 +0.0000 ;
+0.0000 +0.0000 +0.0000 +0.0000 +0.0000 +0.0000 +0.0000 +0.0000 +0.0000 +0.0000 +0.0000 +0.0000 +0.0000 +0.0000 +0.0000 +0.0000 +0.0000 +0.0000 +0.0000 +0.0000 +0.0000 +0.0000 +0.0000 +0.0000 +0.0000 +0.0000 +0.0000 +0.0000 +0.0000 +0.0000 +0.0000 +0.0000 +0.0000 +0.0000 +0.0000 +0.0000 +0.0000 +0.0000 +0.0000 +0.0000 +0.0000 +0.0000 ;
+0.0000 +0.0000 +0.0000 +0.0000 +0.0000 +0.0000 +0.0000 +0.0000 +0.0000 +0.0000 +0.0000 +0.0000 +0.0000 +0.0000 +0.0000 +0.0000 +0.0000 +0.0000 +0.0000 +0.0000 +0.0000 +0.0000 +0.0000 +0.0000 +0.0000 +0.0000 +0.0000 +0.0000 +0.0000 +0.0000 +0.0000 +0.0000 +0.0000 +0.0000 +0.0000 +0.0000 +0.0000 +0.0000 +0.0000 +0.0000 +0.0000 +0.0000 ;
+0.0000 +0.0000 +0.0000 +0.0000 +0.0000 +0.0000 +0.0000 +0.0000 +0.0000 +0.0000 +0.0000 +0.0000 +0.0000 +0.0000 +0.0000 +0.0000 +0.0000 +0.0000 +0.0000 +0.0000 +0.0000 +0.0000 +0.0000 +0.0000 +0.0000 +0.0000 +0.0000 +0.0000 +0.0000 +0.0000 +0.0000 +0.0000 +0.0000 +0.0000 +0.0000 +0.0000 +0.0000 +0.0000 +0.0000 +0.0000 +0.0000 +0.0000 ;
+0.0000 +0.0000 +0.0000 +0.0000 +0.0000 +0.0000 +0.0000 +0.0000 +0.0000 +0.0000 +0.0000 +0.0000 +0.0000 +0.0000 +0.0000 +0.0000 +0.0000 +0.0000 +0.0000 +0.0000 +0.0000 +0.0000 +0.0000 +0.0000 +0.0000 +0.0000 +0.0000 +0.0000 +0.0000 +0.0000 +0.0000 +0.0000 +0.0000 +0.0000 +0.0000 +0.0000 +0.0000 +0.0000 +0.0000 +0.0000 +0.0000 +0.0000 ;
+0.0000 +0.0000 +0.0000 +0.0000 +0.0000 +0.0000 +0.0000 +0.0000 +0.0000 +0.0000 +0.0000 +0.0000 +0.0000 +0.0000 +0.0000 +0.0000 +0.0000 +0.0000 +0.0000 +0.0000 +0.0000 +0.0000 +0.0000 +0.0000 +0.0000 +0.0000 +0.0000 +0.0000 +0.0000 +0.0000 +0.0000 +0.0000 +0.0000 +0.0000 +0.0000 +0.0000 +0.0000 +0.0000 +0.0000 +0.0000 +0.0000 +0.0000 ;
+0.0000 +0.0000 +0.0000 +0.0000 +0.0000 +0.0000 +0.0000 +0.0000 +0.0000 +0.0000 +0.0000 +0.0000 +0.0000 +0.0000 +0.0000 +0.0000 +0.0000 +0.0000 +0.0000 +0.0000 +0.0000 +0.0000 +0.0000 +0.0000 +0.0000 +0.0000 +0.0000 +0.0000 +0.0000 +0.0000 +0.0000 +0.0000 +0.0000 +0.0000 +0.0000 +0.0000 +0.0000 +0.0000 +0.0000 +0.0000 +0.0000 +0.0000 ;
+0.0000 +0.0000 +0.0000 +0.0000 +0.0000 +0.0000 +0.0000 +0.0000 +0.0000 +0.0000 +0.0000 +0.0000 +0.0000 +0.0000 +0.0000 +0.0000 +0.0000 +0.0000 +0.0000 +0.0000 +0.0000 +0.0000 +0.0000 +0.0000 +0.0000 +0.0000 +0.0000 +0.0000 +0.0000 +0.0000 +0.0000 +0.0000 +0.0000 +0.0000 +0.0000 +0.0000 +0.0000 +0.0000 +0.0000 +0.0000 +0.0000 +0.0000 ;
+0.0000 +0.0000 -0.0000 +0.0361 +0.0736 -0.0984 -0.1007 -0.1733 -0.0330 -0.1552 -0.0762 +0.0000 +0.1594 +0.0000 +0.0000 +0.0000 +0.0000 +0.0000 -0.0054 -0.0000 +0.1540 -0.1237 +0.0000 +0.0000 +0.2526 +0.0952 +0.0000 +0.2038 +0.2215 +0.0517 +0.0000 +0.0594 +0.2383 -0.2867 -0.0906 -0.1679 -0.1861 -0.3469 -0.1874 -0.2516 +0.0000 +0.4667 ;
-0.0060 +0.0000 +0.0353 -0.0800 +0.0000 -0.0936 -0.0000 -0.0051 +0.1114 +0.0000 +0.0362 +0.0000 +0.0820 -0.1660 +0.0000 -0.3120 +0.0000 +0.0000 +0.0000 +0.0340 +0.0000 +0.3427 +0.4615 +0.6105 +0.5020 +0.5395 +0.4923 +0.5025 +0.4364 +0.5059 +0.0000 +0.6056 +0.5086 -0.4752 -0.3751 +0.0000 -0.5122 -0.4138 +0.0000 +0.0000 +0.0000 +0.3961 ;
-0.0108 -0.1860 +0.3532 +0.2906 +0.3495 -0.2892 +0.0000 -0.2301 -0.2590 -0.2007 -0.2414 -0.1538 -0.2694 -0.0586 -0.0912 +0.0000 -0.0000 +0.0000 +0.0000 +0.2922 -0.0000 +0.0000 +0.0000 +0.0000 +0.0000 +0.0000 +0.0000 +0.0000 +0.0000 +0.0000 +0.0000 +0.0000 +0.0000 +0.0000 -0.0000 -0.0000 -0.0000 -0.0000 -0.0000 -0.0000 -0.0373 -0.5011 ;
-0.0021 +0.0456 -0.1562 +0.0013 +0.0000 +0.0000 -0.0000 +0.0000 +0.0000 +0.0000 +0.0000 +0.0000 -0.0589 +0.0653 +0.2629 +0.3016 +0.5345 +0.0000 +0.0000 +0.0000 +0.3813 +0.0000 +0.1468 +0.0000 +0.2788 +0.2603 +0.1857 +0.2914 +0.1234 +0.3011 +0.1818 +0.1027 +0.2295 +0.0000 -0.1688 -0.2895 -0.4097 -0.3206 -0.3978 -0.3390 -0.3679 -0.4510 ;
-0.1634 +0.1157 +0.0000 +0.0000 +0.0000 +0.1405 +0.2655 +0.2154 +0.1253 +0.2735 +0.0995 +0.0000 +0.0000 +0.0590 -0.1041 +0.1589 +0.0000 +0.4014 +0.0000 +0.0000 +0.0000 -0.0423 +0.0000 +0.0000 +0.0000 +0.0000 +0.0000 +0.0000 +0.0000 +0.0000 +0.0000 +0.0000 +0.0000 -0.0042 +0.0000 +0.0000 +0.0000 -0.0186 +0.0000 -0.0000 +0.0000 -0.4510 ;
-0.0051 +0.0952 -0.0000 -0.0538 -0.0009 -0.0000 -0.0000 +0.1537 +0.0538 +0.1141 +0.1269 +0.1082 +0.1910 -0.0524 -0.1140 -0.0165 +0.5179 +0.0000 +0.0000 -0.0000 +0.0000 +0.3858 +0.5516 +0.0000 +0.0000 +0.5376 +0.5615 +0.5367 +0.5791 +0.0000 +0.4627 +0.4900 +0.0000 +0.0000 +0.0000 +0.0000 +0.0000 +0.0000 +0.0000 -0.5760 -0.4061 +0.3020 ;
-0.1270 -0.1272 -0.0791 +0.0563 +0.1937 +0.0000 -0.0000 +0.0000 +0.0000 +0.0000 +0.0000 +0.0000 +0.1791 -0.1505 +0.0000 +0.0000 -0.1553 +0.0000 +0.0000 +0.1597 -0.3456 +0.0000 +0.3822 +0.3520 +0.3336 +0.0000 +0.0000 +0.2558 +0.2129 +0.0000 +0.0000 +0.0000 +0.0000 -0.2518 -0.2763 -0.2804 -0.2287 -0.2611 +0.0000 +0.0000 +0.0000 +0.5439 ;
+0.0000 +0.0000 +0.0000 +0.0000 +0.0000 +0.0517 -0.0000 +0.0689 +0.1620 +0.0029 -0.0000 -0.0000 -0.0666 -0.2405 +0.0000 +0.0000 +0.0000 +0.0000 +0.0000 +0.0000 +0.0000 +0.0000 +0.0000 +0.3293 +0.5005 +0.2749 +0.5272 +0.0000 +0.4710 +0.0000 +0.3420 +0.3495 +0.0000 -0.2074 +0.0000 +0.0000 -0.2830 -0.3500 -0.2915 -0.3685 +0.0000 +0.4824 ;
+0.0000 +0.0000 +0.0000 +0.0066 +0.0000 +0.0000 +0.1428 +0.0101 +0.0930 -0.0000 +0.1763 -0.0000 -0.0000 -0.1081 -0.2049 +0.3040 +0.5130 +0.0000 +0.0812 -0.0000 +0.0000 +0.2789 +0.0000 +0.0000 +0.5295 +0.3771 +0.4467 +0.3544 +0.4824 +0.5463 +0.4679 +0.0000 +0.0000 -0.3645 -0.2191 -0.2912 -0.3859 -0.1777 -0.3316 +0.0000 +0.0000 +0.4824 ;
-0.1144 +0.0000 +0.0000 +0.0012 +0.0000 +0.1767 +0.0000 -0.0000 +0.0460 -0.0000 +0.1704 -0.0627 -0.0412 -0.2949 -0.3017 +0.4409 +0.5521 +0.0000 -0.4599 +0.0000 +0.0000 +0.1687 +0.0000 +0.0000 +0.3132 +0.3860 +0.5207 +0.4883 +0.3199 +0.3752 +0.0000 +0.4889 +0.4600 +0.0000 -0.3201 -0.1712 -0.2099 +0.0000 -0.3203 -0.1834 -0.0849 +0.4824 ;
+0.0000 +0.0000 +0.0000 +0.0690 +0.0000 +0.1373 -0.0000 +0.0447 +0.0111 +0.0841 -0.0000 -0.0000 -0.0729 -0.2696 +0.2365 -0.2176 +0.0000 +0.0032 +0.1351 -0.0355 -0.3231 +0.1612 +0.0000 +0.0000 +0.5075 +0.0000 +0.3684 +0.4266 +0.2966 +0.0000 +0.3693 +0.2887 +0.3552 +0.0000 +0.0000 -0.1546 -0.2063 -0.3641 -0.2916 -0.2230 -0.2440 +0.4824 ;
+0.0000 +0.0000 +0.0000 +0.0012 +0.0000 +0.0533 -0.0000 +0.1443 +0.1126 +0.1098 +0.0928 -0.0000 +0.0000 -0.2538 -0.0719 +0.4024 +0.4435 +0.0115 -0.3279 -0.0431 +0.0000 -0.0147 +0.0000 +0.0000 +0.4401 +0.0000 +0.3124 +0.3814 +0.4941 +0.4276 +0.0000 +0.4962 +0.4404 +0.0000 -0.1149 -0.2764 -0.1422 -0.2446 -0.2611 -0.1865 +0.0000 +0.4824 ;
-0.0065 +0.0000 +0.0000 +0.0000 +0.0000 +0.1793 +0.0690 +0.0623 +0.1216 +0.1680 +0.0083 -0.0000 +0.0000 -0.2097 -0.1298 -0.0678 +0.3715 +0.0000 +0.0000 +0.0000 +0.3957 +0.2277 +0.0000 +0.0000 +0.4946 +0.4119 +0.4023 +0.0000 +0.4642 +0.5238 +0.3104 +0.4088 +0.5014 -0.1528 -0.1186 -0.2350 -0.3028 +0.0000 -0.2463 +0.0000 +0.0000 +0.4824 ;
+0.0000 +0.0000 +0.0316 +0.0012 +0.0000 -0.0000 +0.1033 +0.0214 +0.1260 +0.0832 -0.0000 +0.0857 -0.0000 -0.2427 -0.1360 +0.3038 +0.4678 +0.0475 -0.0550 -0.0000 +0.0000 +0.0667 +0.0000 +0.0000 +0.5203 +0.3902 +0.5467 +0.5479 +0.3164 +0.4530 +0.5410 +0.0000 +0.0000 +0.0000 +0.0000 -0.1227 -0.2132 -0.2119 -0.2800 -0.2155 -0.0881 +0.4824 ;
+0.0000 +0.0000 +0.0000 +0.0024 +0.0000 -0.0234 -0.0000 +0.1475 -0.0000 +0.0543 +0.0054 +0.0794 -0.0000 +0.1467 +0.0000 -0.2922 +0.0000 +0.0000 +0.2885 -0.0000 -0.5304 +0.2853 +0.0000 +0.0000 +0.5332 +0.3806 +0.0000 +0.0000 +0.4704 +0.3119 +0.5143 +0.5451 +0.4189 +0.0000 +0.0000 -0.2723 -0.2490 -0.3150 -0.2190 -0.1775 -0.2314 +0.4824 ;
-0.1295 +0.0000 +0.0000 +0.0012 +0.0000 -0.0000 -0.0000 +0.1253 -0.0087 +0.1260 +0.1722 -0.0981 +0.0668 -0.0561 -0.2459 +0.3384 +0.3333 +0.0000 -0.4255 +0.0000 +0.0000 -0.0904 +0.0000 +0.0000 +0.4888 +0.3510 +0.3026 +0.3792 +0.0000 +0.5087 +0.2854 +0.4078 +0.3466 +0.0000 -0.2821 +0.0000 -0.1612 -0.1722 -0.2476 -0.3185 -0.0704 +0.4824 ;
+0.0000 +0.0000 +0.0000 +0.0448 +0.0680 +0.0000 -0.0000 +0.1702 +0.0897 +0.0602 -0.0000 +0.1471 +0.0543 -0.1101 -0.0435 +0.1671 +0.4028 +0.0014 +0.1423 -0.1118 +0.0000 +0.1718 +0.4458 +0.0000 +0.5287 +0.0000 +0.0000 +0.0000 +0.3736 +0.4377 +0.5289 +0.3137 +0.4051 +0.0000 +0.0000 -0.3152 -0.2641 -0.3747 -0.1011 -0.2142 -0.1677 +0.4824 ;
-0.0261 -0.0000 +0.0000 +0.0012 -0.0057 -0.0015 -0.0000 +0.0229 -0.0000 -0.0000 -0.0906 -0.0000 +0.0366 -0.2066 -0.0805 +0.1611 +0.4865 +0.0729 -0.3250 -0.0721 -0.1526 +0.0364 +0.5002 +0.3790 +0.4519 +0.0000 +0.0000 +0.5101 +0.4359 +0.5173 +0.4724 +0.3244 +0.0000 -0.3059 -0.1609 -0.2767 +0.0000 -0.1862 +0.0000 -0.2476 -0.2970 +0.4824 ;
+0.0000 +0.0000 +0.0000 +0.0000 +0.0000 -0.0000 -0.0789 -0.0000 +0.0000 +0.0000 +0.0000 +0.0000 +0.0000 -0.1297 +0.0000 +0.0000 +0.0000 +0.0000 +0.0000 +0.0000 -0.2530 +0.0000 +0.0000 +0.3479 +0.4226 +0.5192 +0.5043 +0.0000 +0.0000 +0.0000 +0.0000 +0.0000 +0.0000 +0.0000 -0.0343 +0.0000 +0.0000 +0.0000 +0.0000 -0.2748 +0.0000 +0.4824 ;
-0.0801 -0.1116 -0.0539 +0.0000 +0.0000 +0.2206 -0.0000 -0.0484 -0.0000 +0.0000 -0.1335 +0.0000 +0.0000 +0.2015 +0.0000 +0.0000 -0.2633 +0.0000 +0.0000 +0.0577 +0.0486 +0.0000 +0.1987 +0.3438 +0.3331 +0.2625 +0.0000 +0.0000 +0.0000 +0.0000 +0.0000 +0.0000 +0.0000 +0.0000 +0.0000 -0.1885 -0.1442 -0.1423 +0.0000 +0.0000 +0.0000 +0.4824 ;
+0.0000 -0.0402 +0.1140 +0.0000 +0.0000 -0.0000 -0.0565 -0.0000 -0.0136 +0.0000 +0.0000 +0.0000 +0.0000 +0.0753 +0.0000 +0.0000 -0.1137 +0.0000 -0.2948 +0.0000 +0.3948 +0.0000 +0.3433 +0.4196 +0.5053 +0.3506 +0.0000 +0.0000 +0.0000 +0.0000 +0.0000 +0.0000 +0.0000 +0.0000 +0.0000 +0.0000 -0.1388 -0.2110 +0.0000 -0.1110 +0.0000 +0.4824 ;
-0.0837 -0.0458 +0.1077 +0.0031 -0.0886 +0.0000 -0.0000 +0.1665 -0.0000 -0.0000 +0.0000 +0.0000 +0.0000 +0.0481 +0.0000 +0.2862 +0.2103 +0.0000 +0.4696 +0.0335 +0.2907 -0.1516 +0.0000 +0.0000 +0.5690 +0.3920 +0.4174 +0.5866 +0.0000 +0.0000 +0.0000 +0.0000 +0.0000 -0.0336 -0.0791 -0.2558 +0.0000 +0.0000 +0.0000 +0.0000 +0.0000 +0.4824 ;
-0.0011 +0.0000 +0.0000 +0.1160 +0.0000 +0.0000 -0.0000 +0.0000 -0.0000 -0.0013 -0.0000 +0.0000 +0.0000 -0.0199 +0.0000 +0.0000 +0.0000 +0.0000 +0.0000 +0.0000 -0.1240 +0.0000 +0.0000 +0.0000 +0.5470 +0.0000 +0.5723 +0.5998 +0.5843 +0.0000 +0.0000 +0.0000 +0.0000 +0.0000 +0.0000 +0.0000 +0.0000 +0.0000 -0.0510 -0.2098 +0.0000 +0.4824 ;
-0.1468 -0.1543 +0.0000 +0.0223 +0.0000 +0.0000 +0.0000 +0.0000 -0.0735 -0.0622 +0.0000 -0.0010 -0.1189 +0.0555 +0.0000 +0.0000 -0.2990 +0.0000 -0.2453 +0.0000 +0.2798 +0.0000 +0.0000 +0.0000 +0.0000 +0.0000 +0.4101 +0.4372 +0.0000 +0.4437 +0.3509 +0.0000 +0.0000 +0.0000 +0.0000 -0.1474 +0.0000 -0.1196 +0.0000 -0.1652 +0.0000 +0.4824 ;
-0.0010 -0.0594 +0.0000 +0.0232 +0.0000 +0.0000 +0.0000 +0.0000 -0.0000 -0.0377 -0.0000 -0.0000 +0.0000 +0.0000 +0.1431 +0.0000 -0.2872 +0.0000 +0.0000 +0.0000 +0.4105 +0.0000 +0.0000 +0.0000 +0.0000 +0.0000 +0.0000 +0.0000 +0.5972 +0.0000 +0.4584 +0.5934 +0.4027 +0.0000 -0.0736 +0.0000 -0.2329 +0.0000 -0.1893 +0.0000 +0.0000 +0.4824 ;
-0.1721 -0.0688 +0.0000 +0.0659 -0.1608 +0.0000 +0.0000 +0.0000 +0.0000 -0.0410 -0.0704 -0.0586 -0.0236 +0.0000 -0.1514 +0.0549 +0.0387 -0.0299 -0.0608 +0.0412 +0.1376 -0.0114 +0.0000 +0.0000 +0.0000 +0.0000 +0.0000 +0.0000 +0.3534 +0.0000 +0.2976 +0.3886 +0.2683 -0.1039 +0.0000 +0.0000 +0.0000 -0.1320 +0.0000 -0.2591 +0.0000 +0.4824 ;
+0.0000 +0.0000 +0.0000 +0.0000 +0.0000 +0.0000 +0.0000 +0.0000 +0.0000 +0.0000 +0.0000 +0.0000 +0.0000 +0.0000 +0.0000 +0.0000 +0.0000 +0.0000 +0.0000 +0.0000 +0.0000 +0.0000 +0.0000 +0.0000 +0.0000 +0.0000 +0.0000 +0.0000 +0.0000 +0.0000 +0.0000 +0.0000 +0.0000 +0.0000 +0.0000 +0.0000 +0.0000 +0.0000 +0.0000 +0.0000 +0.0000 +0.0000 ;
