brainFunction 22905 21 14 147 24807 2-4 5-10 11-13
0 0.0484333
1 0.805311
2 0.455793
3 0.673084
4 0.38877
5 0.388235
6 0.556506
7 0.623173
8 0.577897
9 0.519786
10 0.67344
11 0.421569
12 0.621034
13 0.491087
14 0.670724
15 0.929926
16 0.138773
17 0.949053
18 0.482928
19 0.214096
20 0.945308
0 0.882906
1 0.531716
2 0.254902
3 0.322638
4 1
5 0.145098
6 0.145098
7 0.145098
8 0.145098
9 0.145098
10 0.145098
11 0.713726
12 0.648841
13 0
14 0.671891
15 0.940123
16 0.134068
17 0.8977
18 0.636942
19 0.12462
20 0.933057
0 0.0597975
1 0.533534
2 0.172549
3 0.172549
4 0.172549
5 0.145098
6 0.145098
7 0.145098
8 0.145098
9 0.145098
10 0.145098
11 0.776471
12 0.776471
13 0.776471
14 0.780011
15 0.952312
16 0.177318
17 0.950595
18 0.567325
19 0.105234
20 0.944801
0 0.185125
1 0.516694
2 0.0991087
3 0.452228
4 0.163636
5 0.490909
6 0.030303
7 0.195365
8 0.281283
9 0.229946
10 0.0352941
11 0.263636
12 0.679679
13 0.301604
14 0.712632
15 0.963303
16 0.13292
17 0.943293
18 0.427136
19 0.147298
20 0.885946
0 0.389162
1 0.58875
2 0.00106952
3 0.283957
4 0.342781
5 0
6 0
7 0.158289
8 0.0716578
9 0.513726
10 0.058467
11 0.0454546
12 1
13 0.492513
14 0.590626
15 0.937814
16 0.0956769
17 0.908255
18 0.491123
19 0.0928344
20 0.903111
0 0.748657
1 0.57859
2 0.127451
3 0.320143
4 0.20107
5 0
6 0.361854
7 0.359002
8 0.113369
9 0.6
10 0.343315
11 0.156685
12 0.818182
13 0.396791
14 0.682908
15 0.942682
16 0.181728
17 0.92626
18 0.592423
19 0.0773629
20 0.941102
0 0.231317
1 0.567882
2 0.281283
3 0.44385
4 0.119251
5 0.490909
6 0.342246
7 0.231016
8 0.117647
9 0.452406
10 0.477005
11 0.480214
12 0.817647
13 0.517112
14 0.620918
15 0.955559
16 0.101105
17 0.908278
18 0.508523
19 0.134279
20 0.951952
0 0.697466
1 0.631059
2 0.339216
3 0.438324
4 0.224599
5 0.100535
6 0.413191
7 0.133333
8 0.0114082
9 0.131907
10 0.6
11 0.468984
12 0.865419
13 0.314795
14 0.714987
15 0.945293
16 0.153357
17 0.916391
18 0.597494
19 0.113168
20 0.958049
0 0.25254
1 0.619435
2 0.431016
3 0.449198
4 0.290909
5 0.345098
6 0.30303
7 0.207487
8 0.00713013
9 0.0934046
10 0.426738
11 0.687701
12 0.781996
13 0.472014
14 0.726626
15 0.904771
16 0.118199
17 0.867323
18 0.625432
19 0.0912836
20 0.951123
0 0.87269
1 0.60708
2 0.462032
3 0.360428
4 0.71123
5 0.333333
6 0.212121
7 0.140107
8 0.36328
9 0.0253119
10 0.124777
11 0.818182
12 0.530125
13 0.684314
14 0.753647
15 0.937123
16 0.234673
17 0.904924
18 0.605681
19 0.107743
20 0.92246
0 0.105586
1 0.594918
2 0.192513
3 0.0534759
4 0.71123
5 0.333333
6 0.121212
7 0.0727273
8 0.0748663
9 0.16934
10 0.0156863
11 0.681818
12 0.507487
13 0.890909
14 0.637097
15 0.945982
16 0.074839
17 0.829427
18 0.411492
19 0.0744937
20 0.879552
0 0.901564
1 0.579885
2 0
3 0.171658
4 0.34492
5 0
6 0
7 0
8 0.340107
9 0.17754
10 0.436364
11 0
12 0.499465
13 0.781818
14 0.706555
15 0.931434
16 0.0977309
17 0.89386
18 0.47508
19 0.0819749
20 0.883502
0 0.472999
1 0.567092
2 0
3 0.314438
4 0.174866
5 0
6 0
7 0.272727
8 0.298396
9 0.236364
10 0.172193
11 0
12 0.526203
13 0.535829
14 0.700712
15 0.946478
16 0.0715158
17 0.85939
18 0.374062
19 0.0889094
20 0.910354
0 0.861146
1 0.554003
2 0
3 0.45508
4 0.199465
5 0
6 0
7 0.272727
8 0.0673797
9 0.129412
10 0.389305
11 0
12 0.635829
13 0.639037
14 0.622927
15 0.942421
16 0.110472
17 0.868676
18 0.459249
19 0.0750792
20 0.831218
0 0.329984
1 0.542532
2 0
3 0.11016
4 0.188235
5 0
6 0
7 0.142246
8 0.176471
9 0.438503
10 0.548663
11 0
12 0.697861
13 0.569519
14 0.668145
15 0.950546
16 0.133269
17 0.908243
18 0.494647
19 0.0845379
20 0.870441
0 0.0467623
1 0.531103
2 0
3 0.282353
4 0.0941176
5 0
6 0
7 0.209626
8 0.216043
9 0.325134
10 0.394652
11 0
12 0.708556
13 0.690909
14 0.665488
15 0.944244
16 0.0744806
17 0.850754
18 0.381581
19 0.0977229
20 0.85094
0 0.90682
1 0.519516
2 0
3 0.195187
4 0.135829
5 0
6 0
7 0.202139
8 0.183957
9 0.42139
10 0.282353
11 0
12 0.828342
13 0.756684
14 0.623448
15 0.939622
16 0.0877382
17 0.877003
18 0.49627
19 0.0921782
20 0.859626
0 0.598585
1 0.50827
2 0.0520499
3 0.264171
4 0.213725
5 0
6 0.0898396
7 0.179679
8 0.26025
9 0.417825
10 0.46738
11 0.176114
12 0.968449
13 0.665597
14 0.655867
15 0.950473
16 0.0858282
17 0.864485
18 0.448758
19 0.140369
20 0.895201
0 0.67771
1 0.496991
2 0.118538
3 0.194296
4 0.0871658
5 0
6 0.157219
7 0.179679
8 0.0149733
9 0.242781
10 0.385027
11 0.300713
12 0.975223
13 0.701069
14 0.613553
15 0.950204
16 0.080533
17 0.858278
18 0.501392
19 0.118137
20 0.894277
0 0.549415
1 0.485743
2 0.102317
3 0.119608
4 0.146524
5 0
6 0.157219
7 0.270588
8 0.0802139
9 0.115508
10 0.471658
11 0.275758
12 0.943494
13 0.717647
14 0.669666
15 0.942677
16 0.121093
17 0.904312
18 0.584671
19 0.115986
20 0.916965
0 0.27585
1 0.474636
2 0.174688
3 0.280749
4 0.379857
5 0
6 0.157219
7 0.270588
8 0.267023
9 0.0260249
10 0.195722
11 0.315686
12 0.783779
13 0.786631
14 0.680654
15 0.956641
16 0.131845
17 0.929533
18 0.5379
19 0.153538
20 0.907123
0 0.246709
1 0.463259
2 0.119786
3 0.325312
4 0.159715
5 0
6 0.0898396
7 0.254545
8 0.209269
9 0.182888
10 0.138324
11 0.181105
12 0.910517
13 0.483244
14 0.659497
15 0.955893
16 0.118867
17 0.938323
18 0.546057
19 0.122768
20 0.899472
0 0.229907
1 0.451975
2 0.0301248
3 0.529768
4 0.0770053
5 0
6 0.0224599
7 0.247059
8 0.394652
9 0.253832
10 0.242424
11 0.0450981
12 0.879501
13 0.332086
14 0.666981
15 0.956201
16 0.0906124
17 0.913012
18 0.449196
19 0.132118
20 0.895057
0 0.643112
1 0.445356
2 0.0237077
3 0.504456
4 0.0691622
5 0
6 0.0224599
7 0.247059
8 0.249198
9 0.291266
10 0.27451
11 0.0450981
12 0.977005
13 0.495009
14 0.65926
15 0.94297
16 0.0983891
17 0.900228
18 0.440764
19 0.118831
20 0.873579
0 0.611008
1 0.438742
2 0.026025
3 0.389127
4 0.0901961
5 0
6 0.0224599
7 0.247059
8 0.154367
9 0.369697
10 0.33369
11 0.043672
12 0.735651
13 0.239929
14 0.584874
15 0.908241
16 0.086573
17 0.846076
18 0.542974
19 0.1042
20 0.880004
0 0.843204
1 0.432142
2 0.0734403
3 0.172371
4 0.0627451
5 0
6 0.335829
7 0.193583
8 0.27451
9 0.27451
10 0.27451
11 0.34492
12 0.387522
13 0.25098
14 0.612846
15 0.917643
16 0.142427
17 0.871589
18 0.630485
19 0.0969935
20 0.885426
0 0.37447
1 0.425379
2 0.0705882
3 0.0705882
4 0.0705882
5 0.27451
6 0.27451
7 0.27451
8 0.27451
9 0.27451
10 0.27451
11 0.529412
12 0.529412
13 0.529412
14 0.58624
15 0.928962
16 0.16674
17 0.88735
18 0.672688
19 0.111686
20 0.886142
0 0.167867
1 0.418459
2 0.0588235
3 0.0588235
4 0.0588235
5 0.27451
6 0.27451
7 0.27451
8 0.27451
9 0.27451
10 0.27451
11 0.654902
12 0.654902
13 0.654902
14 0.578213
15 0.924021
16 0.122152
17 0.8573
18 0.617628
19 0.118619
20 0.886004
0 0.590301
1 0.411528
2 0.054902
3 0.054902
4 0.054902
5 0.27451
6 0.27451
7 0.27451
8 0.27451
9 0.27451
10 0.27451
11 0.658823
12 0.658823
13 0.658823
14 0.624759
15 0.928076
16 0.188003
17 0.894813
18 0.647775
19 0.0945795
20 0.890625
0 0.109016
1 0.404785
2 0.161854
3 0.0431373
4 0.0431373
5 0.322638
6 0.27451
7 0.27451
8 0.27451
9 0.27451
10 0.27451
11 0.414438
12 0.470588
13 0.470588
14 0.751941
15 0.905658
16 0.314337
17 0.867639
18 0.729618
19 0.0573057
20 0.917835
0 0.065557
1 0.39805
2 0.574866
3 0.0386809
4 0.0313725
5 1
6 0.329412
7 0
8 0.36328
9 0.27451
10 0.27451
11 0.709091
12 0.182709
13 0.427451
14 0.516745
15 0.871938
16 0.475551
17 0.842567
18 0.838324
19 0.0273593
20 0.952228
0 0.137888
1 0.391213
2 1
3 0.109091
4 0.735294
5 1
6 1
7 0.181818
8 0.109091
9 0.418182
10 0.941176
11 1
12 0.109091
13 0.838503
14 0.480003
15 0.923652
16 0.126302
17 0.871068
18 0.650551
19 0.161219
20 0.890749
0 0.755923
1 0.384018
2 0.105882
3 0.105882
4 0.105882
5 0.27451
6 0.27451
7 0.27451
8 0.27451
9 0.27451
10 0.27451
11 1
12 1
13 1
14 0.740108
15 0.918673
16 0.180611
17 0.886104
18 0.543863
19 0.193819
20 0.907627
0 0.16075
1 0.377295
2 0.0721925
3 0
4 0
5 0.27451
6 0.0998217
7 0
8 0
9 0
10 0
11 0.681818
12 0
13 0
14 0.734181
15 0.932904
16 0.096748
17 0.84395
18 0.390242
19 0.146854
20 0.882116
0 0.714505
1 0.370361
2 0
3 0
4 0
5 0
6 0
7 0
8 0
9 0
10 0
11 0
12 0
13 0
14 0.751211
15 0.934097
16 0.154557
17 0.887683
18 0.478204
19 0.131503
20 0.868436
0 0.027632
1 0.36366
2 0
3 0
4 0
5 0
6 0
7 0
8 0
9 0
10 0
11 0
12 0
13 0
14 0.740965
15 0.934072
16 0.122086
17 0.865459
18 0.425933
19 0.140899
20 0.86937
0 0.405227
1 0.356784
2 0
3 0
4 0
5 0
6 0
7 0
8 0
9 0
10 0
11 0
12 0
13 0
14 0.745946
15 0.923663
16 0.0908398
17 0.830216
18 0.391034
19 0.136139
20 0.866833
0 0.732155
1 0.349939
2 0
3 0
4 0
5 0
6 0
7 0
8 0
9 0
10 0
11 0
12 0
13 0
14 0.739556
15 0.932021
16 0.155353
17 0.881512
18 0.486484
19 0.125126
20 0.865005
0 0.0246141
1 0.343257
2 0
3 0
4 0.0139037
5 0
6 0
7 0
8 0
9 0
10 0.0727273
11 0
12 0
13 0.00588235
14 0.711516
15 0.931693
16 0.114964
17 0.84293
18 0.422335
19 0.123861
20 0.864779
0 0.448258
1 0.336511
2 0
3 0
4 0.0149733
5 0
6 0
7 0
8 0
9 0
10 0.154011
11 0
12 0
13 0.097861
14 0.697794
15 0.927362
16 0.120713
17 0.839312
18 0.440417
19 0.107963
20 0.859872
0 0.327203
1 0.329898
2 0
3 0
4 0.0631016
5 0
6 0
7 0
8 0
9 0
10 0.272727
11 0
12 0
13 0.137433
14 0.56565
15 0.908405
16 0.137449
17 0.768886
18 0.421658
19 0.0526974
20 0.81497
0 0.46378
1 0.322977
2 0
3 0
4 0.569519
5 0
6 0
7 0
8 0
9 0.303743
10 0.835294
11 0
12 0
13 0.569519
14 0.662417
15 0.901642
16 0.0995017
17 0.771672
18 0.38013
19 0.0807465
20 0.837911
0 0.702011
1 0.311269
2 0
3 0
4 0.143316
5 0
6 0
7 0
8 0
9 0.148307
10 0.43779
11 0
12 0
13 0.465775
14 0.730877
15 0.879183
16 0.0955026
17 0.735882
18 0.371167
19 0.0828798
20 0.822083
0 0.966289
1 0.29964
2 0
3 0
4 0.0796791
5 0
6 0
7 0
8 0
9 0.331551
10 0.00748663
11 0
12 0
13 0.654011
14 0.71539
15 0.905202
16 0.155481
17 0.812008
18 0.512294
19 0.0720433
20 0.841435
0 0.144026
1 0.287889
2 0
3 0.00249554
4 0.0910873
5 0
6 0
7 0
8 0.0741533
9 0.15508
10 0.125847
11 0
12 0.0502674
13 0.745989
14 0.648745
15 0.921675
16 0.184186
17 0.838148
18 0.509344
19 0.0765901
20 0.837124
0 0.00864395
1 0.275931
2 0
3 0.00249554
4 0.153654
5 0
6 0
7 0
8 0.0741533
9 0.195722
10 0.361141
11 0
12 0.0524064
13 0.606952
14 0.666031
15 0.909297
16 0.120185
17 0.793702
18 0.434573
19 0.0818344
20 0.835773
0 0.550289
1 0.264176
2 0
3 0.0566845
4 0.0604278
5 0
6 0
7 0
8 0.113369
9 0.21533
10 0.223173
11 0
12 0.0566845
13 0.674332
14 0.718119
15 0.91622
16 0.126479
17 0.811327
18 0.448884
19 0.0947895
20 0.855673
0 0.387651
1 0.252658
2 0
3 0.026025
4 0.073975
5 0
6 0
7 0
8 0.0299465
9 0.0495545
10 0.091622
11 0
12 0.0834225
13 0.677005
14 0.69744
15 0.901878
16 0.118066
17 0.784482
18 0.408482
19 0.09027
20 0.821426
0 0.744625
1 0.24109
2 0
3 0.0472371
4 0.151159
5 0
6 0
7 0
8 0.00534759
9 0.373619
10 0.091622
11 0
12 0.172906
13 0.687522
14 0.71299
15 0.903471
16 0.0893644
17 0.740147
18 0.398818
19 0.0870405
20 0.839262
0 0.851659
1 0.229639
2 0
3 0.0192513
4 0.0663102
5 0
6 0
7 0
8 0.00641711
9 0.178966
10 0.091622
11 0
12 0.203209
13 0.865241
14 0.683509
15 0.910327
16 0.132055
17 0.795586
18 0.464725
19 0.0801967
20 0.84288
0 0.423877
1 0.21832
2 0
3 0.00855615
4 0.306952
5 0
6 0
7 0
8 0.00641711
9 0.137255
10 0.272371
11 0
12 0.206417
13 0.797326
14 0.668599
15 0.921484
16 0.175913
17 0.869368
18 0.529839
19 0.0966841
20 0.817473
0 0.0659946
1 0.211231
2 0
3 0.040107
4 0.0716578
5 0
6 0
7 0.00320856
8 0.170053
9 0.328699
10 0.135472
11 0
12 0.33369
13 0.599465
14 0.660316
15 0.924269
16 0.179826
17 0.878575
18 0.484753
19 0.103172
20 0.816195
0 0.247079
1 0.203773
2 0
3 0.124242
4 0.273084
5 0
6 0
7 0
8 0.149376
9 0.404635
10 0.165775
11 0
12 0.317825
13 0.546346
14 0.650306
15 0.928486
16 0.128811
17 0.859614
18 0.430746
19 0.108661
20 0.834245
0 0.513031
1 0.19641
2 0
3 0.172727
4 0.290909
5 0
6 0
7 0
8 0.0716578
9 0.249198
10 0.321925
11 0
12 0.351872
13 0.459358
14 0.634179
15 0.919097
16 0.179711
17 0.908956
18 0.53272
19 0.102041
20 0.827132
0 0.0413953
1 0.189295
2 0
3 0.309626
4 0.110695
5 0
6 0
7 0.258824
8 0.119786
9 0.382888
10 0.253476
11 0
12 0.351337
13 0.192513
14 0.623817
15 0.940969
16 0.138965
17 0.887637
18 0.479706
19 0.122005
20 0.838451
0 0.227866
1 0.182194
2 0
3 0.103922
4 0.175223
5 0
6 0
7 0
8 0.175401
9 0.125134
10 0.368984
11 0
12 0.38574
13 0.279501
14 0.564779
15 0.9166
16 0.0756667
17 0.802281
18 0.43696
19 0.0782036
20 0.842986
0 0.850004
1 0.175198
2 0
3 0.157219
4 0.364171
5 0
6 0
7 0.258824
8 0.170053
9 0.079501
10 0.561141
11 0
12 0.357754
13 0.550802
14 0.690609
15 0.915361
16 0.129803
17 0.871652
18 0.443226
19 0.125243
20 0.839714
0 0.535775
1 0.16845
2 0
3 0.124064
4 0.305348
5 0
6 0
7 0.0588235
8 0.113369
9 0.172193
10 0.108021
11 0
12 0.30303
13 0.327451
14 0.68467
15 0.921019
16 0.0860686
17 0.838924
18 0.407621
19 0.126551
20 0.83712
0 0.960903
1 0.161446
2 0
3 0.144385
4 0.323529
5 0
6 0
7 0.0684492
8 0.113369
9 0.174688
10 0.0755793
11 0
12 0.453119
13 0.441533
14 0.655484
15 0.931852
16 0.133009
17 0.889372
18 0.573013
19 0.109139
20 0.83212
0 0.0930896
1 0.154479
2 0
3 0.0545455
4 0.165241
5 0
6 0
7 0.0684492
8 0.331551
9 0.0645276
10 0.13975
11 0
12 0.485027
13 0.416578
14 0.671324
15 0.931431
16 0.149177
17 0.872436
18 0.458918
19 0.131902
20 0.838137
0 0.379054
1 0.146346
2 0
3 0.0839572
4 0.202139
5 0
6 0
7 0.0684492
8 0.0741533
9 0.203922
10 0.122995
11 0
12 0.316399
13 0.406061
14 0.631792
15 0.90053
16 0.113687
17 0.840423
18 0.498327
19 0.0894106
20 0.777573
0 0.686176
1 0.139173
2 0
3 0.146524
4 0.109626
5 0
6 0
7 0.0727273
8 0.346881
9 0.528342
10 0.0627451
11 0
12 0.442424
13 0.590196
14 0.60597
15 0.904185
16 0.113663
17 0.883629
18 0.567728
19 0.0919732
20 0.822669
0 0.658362
1 0.131419
2 0.0431373
3 0.27041
4 0.347415
5 0
6 0.0862745
7 0.358645
8 0.405704
9 0.366488
10 0.112299
11 0.0431373
12 0.604456
13 0.528877
14 0.56043
15 0.926638
16 0.161522
17 0.896902
18 0.520865
19 0.0932909
20 0.804259
0 0.271878
1 0.123489
2 0
3 0.308556
4 0.23369
5 0
6 0
7 0.313369
8 0.204278
9 0.543316
10 0.437433
11 0
12 0.667914
13 0.5
14 0.493956
15 0.901275
16 0.082485
17 0.831463
18 0.434935
19 0.0767769
20 0.778413
0 0.996432
1 0.116094
2 0
3 0.244207
4 0.26221
5 0
6 0
7 0.46738
8 0.18467
9 0.569341
10 0.6
11 0
12 0.623529
13 0.44492
14 0.523381
15 0.859738
16 0.123688
17 0.801583
18 0.451876
19 0.068624
20 0.745994
0 0.816934
1 0.106866
2 0.0174688
3 0.137255
4 0.39287
5 0
6 0.02959
7 0.25918
8 0.125847
9 0.730838
10 0.6
11 0.145276
12 0.367023
13 0.506952
14 0.499629
15 0.803938
16 0.199042
17 0.825854
18 0.603676
19 0.0714863
20 0.746862
0 0.38175
1 0.100065
2 0.0869875
3 0.190018
4 0.494652
5 0.00641711
6 0.0691622
7 0.36934
8 0.086631
9 0.855259
10 0.565062
11 0.561854
12 0.300713
13 0.571658
14 0.555774
15 0.912822
16 0.17838
17 0.881736
18 0.642172
19 0.138818
20 0.886685
0 0.113712
1 0.0931032
2 0.496257
3 0.589661
4 0.557932
5 0.0160428
6 0.0352941
7 0.0352941
8 0.144029
9 0.115865
10 1
11 0.724421
12 0.832086
13 0.557932
14 0.665985
15 0.949887
16 0.0940883
17 0.867527
18 0.46366
19 0.21951
20 0.865903
0 0.600477
1 0.0857901
2 0.0361854
3 0.113725
4 0.113725
5 0
6 0.0224599
7 0.0352941
8 0.0352941
9 0.0352941
10 0.0352941
11 0.316934
12 0.996078
13 0.996078
14 0.551515
15 0.896731
16 0.152848
17 0.841013
18 0.658419
19 0.0829381
20 0.850698
0 0.334089
1 0.0790011
2 0.194296
3 0.0677362
4 0.336364
5 0.316578
6 0.317647
7 0.317647
8 0.057754
9 0.188235
10 0.545455
11 0.474688
12 0.375936
13 0.459536
14 0.29182
15 0.812304
16 0.164563
17 0.86453
18 0.795178
19 0.0263248
20 0.761166
0 0.832108
1 0.071396
2 0.109804
3 0.676292
4 1
5 0.317647
6 0.317647
7 0.503743
8 1
9 1
10 1
11 0.588235
12 0.850267
13 1
14 0.547607
15 0.893796
16 0.116586
17 0.851009
18 0.570761
19 0.129399
20 0.853123
0 0.961214
1 0.063388
2 0.109804
3 0.109804
4 0.109804
5 0.317647
6 0.317647
7 0.317647
8 0.317647
9 0.317647
10 0.317647
11 0.584314
12 0.584314
13 0.584314
14 0.700773
15 0.921989
16 0.160288
17 0.873415
18 0.436096
19 0.17294
20 0.856504
0 0.35548
1 0.0555874
2 0
3 0
4 0
5 0
6 0
7 0
8 0
9 0
10 0
11 0
12 0
13 0
14 0.691378
15 0.919831
16 0.160511
17 0.871637
18 0.486638
19 0.148261
20 0.839724
0 0.204164
1 0.0477506
2 0
3 0
4 0
5 0
6 0
7 0
8 0
9 0
10 0
11 0
12 0
13 0
14 0.692758
15 0.924735
16 0.183948
17 0.88406
18 0.500279
19 0.154678
20 0.842919
0 0.0718047
1 0.0399204
2 0
3 0
4 0
5 0
6 0
7 0
8 0
9 0
10 0
11 0
12 0
13 0
14 0.686369
15 0.912548
16 0.109564
17 0.829374
18 0.417215
19 0.156859
20 0.841103
0 0.751324
1 0.0323101
2 0
3 0
4 0
5 0
6 0
7 0
8 0
9 0
10 0
11 0
12 0
13 0
14 0.700727
15 0.897759
16 0.0947369
17 0.802567
18 0.41152
19 0.146489
20 0.839575
0 0.895466
1 0.0251879
2 0
3 0
4 0
5 0
6 0
7 0
8 0
9 0
10 0
11 0
12 0
13 0
14 0.703165
15 0.891959
16 0.093312
17 0.791839
18 0.414201
19 0.14404
20 0.840375
0 0.951849
1 0.0176549
2 0
3 0
4 0
5 0
6 0
7 0
8 0
9 0
10 0
11 0
12 0
13 0
14 0.702463
15 0.907783
16 0.16067
17 0.858686
18 0.50039
19 0.14401
20 0.842248
0 0.269877
1 0.0107205
2 0
3 0
4 0
5 0
6 0
7 0
8 0
9 0
10 0
11 0
12 0
13 0
14 0.686393
15 0.914029
16 0.141408
17 0.847935
18 0.458891
19 0.156004
20 0.840179
end fitness = 2.45234
