brain 22893 fitness=2.06114 numneurons+1=20 maxWeight=8 maxBias=8 redinput=2-2 greeninput=3-9 blueinput=10-11
+0.0000 +0.0000 +0.0000 +0.0000 +0.0000 +0.0000 +0.0000 +0.0000 +0.0000 +0.0000 +0.0000 +0.0000 +0.0000 +0.0000 +0.0000 +0.0000 +0.0000 +0.0000 +0.0000 +0.0000 ;
+0.0000 +0.0000 +0.0000 +0.0000 +0.0000 +0.0000 +0.0000 +0.0000 +0.0000 +0.0000 +0.0000 +0.0000 +0.0000 +0.0000 +0.0000 +0.0000 +0.0000 +0.0000 +0.0000 +0.0000 ;
+0.0000 +0.0000 +0.0000 +0.0000 +0.0000 +0.0000 +0.0000 +0.0000 +0.0000 +0.0000 +0.0000 +0.0000 +0.0000 +0.0000 +0.0000 +0.0000 +0.0000 +0.0000 +0.0000 +0.0000 ;
+0.0000 +0.0000 +0.0000 +0.0000 +0.0000 +0.0000 +0.0000 +0.0000 +0.0000 +0.0000 +0.0000 +0.0000 +0.0000 +0.0000 +0.0000 +0.0000 +0.0000 +0.0000 +0.0000 +0.0000 ;
+0.0000 +0.0000 +0.0000 +0.0000 +0.0000 +0.0000 +0.0000 +0.0000 +0.0000 +0.0000 +0.0000 +0.0000 +0.0000 +0.0000 +0.0000 +0.0000 +0.0000 +0.0000 +0.0000 +0.0000 ;
+0.0000 +0.0000 +0.0000 +0.0000 +0.0000 +0.0000 +0.0000 +0.0000 +0.0000 +0.0000 +0.0000 +0.0000 +0.0000 +0.0000 +0.0000 +0.0000 +0.0000 +0.0000 +0.0000 +0.0000 ;
+0.0000 +0.0000 +0.0000 +0.0000 +0.0000 +0.0000 +0.0000 +0.0000 +0.0000 +0.0000 +0.0000 +0.0000 +0.0000 +0.0000 +0.0000 +0.0000 +0.0000 +0.0000 +0.0000 +0.0000 ;
+0.0000 +0.0000 +0.0000 +0.0000 +0.0000 +0.0000 +0.0000 +0.0000 +0.0000 +0.0000 +0.0000 +0.0000 +0.0000 +0.0000 +0.0000 +0.0000 +0.0000 +0.0000 +0.0000 +0.0000 ;
+0.0000 +0.0000 +0.0000 +0.0000 +0.0000 +0.0000 +0.0000 +0.0000 +0.0000 +0.0000 +0.0000 +0.0000 +0.0000 +0.0000 +0.0000 +0.0000 +0.0000 +0.0000 +0.0000 +0.0000 ;
+0.0000 +0.0000 +0.0000 +0.0000 +0.0000 +0.0000 +0.0000 +0.0000 +0.0000 +0.0000 +0.0000 +0.0000 +0.0000 +0.0000 +0.0000 +0.0000 +0.0000 +0.0000 +0.0000 +0.0000 ;
+0.0000 +0.0000 +0.0000 +0.0000 +0.0000 +0.0000 +0.0000 +0.0000 +0.0000 +0.0000 +0.0000 +0.0000 +0.0000 +0.0000 +0.0000 +0.0000 +0.0000 +0.0000 +0.0000 +0.0000 ;
+0.0000 +0.0000 +0.0000 +0.0000 +0.0000 +0.0000 +0.0000 +0.0000 +0.0000 +0.0000 +0.0000 +0.0000 +0.0000 +0.0000 +0.0000 +0.0000 +0.0000 +0.0000 +0.0000 +0.0000 ;
+0.0000 +0.0000 +0.1003 +0.0444 +0.1307 -0.0824 -0.0971 -0.0535 -0.1980 -0.1757 -0.0824 +0.0000 +0.0000 +0.0000 -0.0000 +0.2585 -0.0000 +0.0689 -0.0645 +0.4667 ;
-0.0000 +0.1460 -0.0996 -0.1445 -0.1400 +0.0000 +0.0000 +0.0000 +0.0000 +0.0000 -0.2328 +0.0000 -0.2339 +0.0000 +0.0000 +0.0000 +0.0716 +0.0000 +0.1486 +0.2706 ;
-0.0209 -0.2493 +0.0000 +0.0000 -0.3304 +0.0982 -0.0440 -0.0242 -0.1454 -0.0242 -0.1524 +0.0000 +0.0000 -0.0584 +0.0000 +0.0000 +0.3933 +0.2408 +0.0000 -0.6077 ;
-0.0000 +0.1230 +0.0000 +0.0392 -0.1834 +0.0099 +0.0000 +0.0000 +0.0000 +0.0000 -0.1375 +0.0121 +0.0668 +0.0000 +0.1335 +0.0000 +0.0000 +0.0000 +0.0000 +0.0353 ;
-0.0752 +0.1239 -0.1378 +0.0083 -0.0873 +0.1442 -0.1383 +0.1244 -0.1704 +0.0000 -0.0120 +0.0000 -0.1156 +0.0000 +0.1485 +0.0000 +0.0000 +0.0000 -0.0397 -0.6303 ;
+0.0000 -0.1553 +0.0000 +0.0000 +0.1023 +0.0000 +0.0000 -0.0995 +0.0899 +0.0000 +0.0975 -0.0566 +0.0004 +0.1942 +0.0000 +0.0000 +0.0614 +0.0000 +0.0000 -0.5271 ;
-0.2396 -0.2122 +0.0000 +0.0000 +0.0672 +0.0000 +0.0000 +0.0000 +0.0000 +0.0000 +0.1669 +0.1518 -0.1687 -0.1339 +0.0000 +0.0000 -0.0000 +0.0770 +0.0000 +0.5057 ;
+0.0000 +0.0000 +0.0000 +0.0000 +0.0000 +0.0000 +0.0000 +0.0000 +0.0000 +0.0000 +0.0000 +0.0000 +0.0000 +0.0000 +0.0000 +0.0000 +0.0000 +0.0000 +0.0000 +0.0000 ;
