brainFunction 22880 26 19 169 24788 2-8 9-16 17-18
0 0.391646
1 0.431299
2 0.5918
3 0.597326
4 0.694296
5 0.373797
6 0.481818
7 0.844564
8 0.529055
9 0.53975
10 0.693048
11 0.548307
12 0.481996
13 0.587879
14 0.329768
15 0.523351
16 0.37148
17 0.586809
18 0.607487
19 0.896167
20 0.473717
21 0.406142
22 0.938197
23 0.0210698
24 0.0541183
25 0.941459
0 0.31659
1 0.247982
2 0.0509804
3 0.0509804
4 0.0509804
5 0.0509804
6 0.104456
7 0.14902
8 0.14902
9 0.156863
10 0.156863
11 0.156863
12 0.156863
13 0.156863
14 0.149733
15 0.14902
16 0.14902
17 0.705882
18 0.300891
19 0.922831
20 0.47431
21 0.475217
22 0.963979
23 0.0249772
24 0.0744036
25 0.957119
0 0.116472
1 0.240771
2 0.34902
3 0.34902
4 0.413191
5 0.238324
6 0.00392157
7 0.00392157
8 0.00392157
9 0.25098
10 0.25098
11 0.284492
12 0.485561
13 0.244207
14 0.0117647
15 0.0117647
16 0.0117647
17 0.213904
18 0.985383
19 0.902153
20 0.465778
21 0.543906
22 0.914775
23 0.0323622
24 0.0981565
25 0.939758
0 0.729769
1 0.23221
2 0.0196078
3 0.0196078
4 0.0196078
5 0.0196078
6 0.0196078
7 0.0313726
8 0.0627451
9 0.0117647
10 0.0117647
11 0.0117647
12 0.0117647
13 0.0117647
14 0.0117647
15 0.00819964
16 0.00392157
17 0.980392
18 0.986096
19 0.906786
20 0.401178
21 0.518719
22 0.943711
23 0.0259896
24 0.0730691
25 0.980159
0 0.137502
1 0.223685
2 0.0117647
3 0.0117647
4 0.440107
5 0.238503
6 0.14902
7 0.14902
8 0.14902
9 0.0117647
10 0.0117647
11 0.0777184
12 0.390731
13 0.00392157
14 0.00392157
15 0.00392157
16 0.00392157
17 0.977897
18 0.996078
19 0.828796
20 0.385944
21 0.54013
22 0.972586
23 0.0185408
24 0.145103
25 0.956632
0 0.311252
1 0.216778
2 0.0352941
3 0.564706
4 0.793583
5 0.0352941
6 0.0352941
7 0.0352941
8 0.0352941
9 0.00392157
10 0.399643
11 0.859893
12 0.00285205
13 0.00392157
14 0.00392157
15 0.00392157
16 0.00392157
17 0.946524
18 0.992157
19 0.879756
20 0.36919
21 0.308005
22 0.97591
23 0.0105005
24 0.0782467
25 0.976344
0 0.839713
1 0.208552
2 0.490196
3 0.490196
4 0.490196
5 0.27041
6 0.235294
7 0.365776
8 0.490374
9 0.00392157
10 0.00392157
11 0.00392157
12 0.220677
13 0.52549
14 0.52549
15 0.598574
16 0.421034
17 0.923708
18 0.868806
19 0.908521
20 0.278651
21 0.201136
22 0.943765
23 0.00575418
24 0.0156345
25 0.984819
0 0.0212452
1 0.201224
2 0.0705882
3 0.123529
4 0.288592
5 0.601069
6 0.690196
7 0.690196
8 0.62656
9 0.0235294
10 0.128342
11 0.343316
12 0.430303
13 0.52549
14 0.52549
15 0.506595
16 0.400357
17 0.753298
18 0.907308
19 0.887176
20 0.225098
21 0.231912
22 0.952845
23 0.0047026
24 0.013842
25 0.981231
0 0.101172
1 0.194286
2 0.41836
3 0.21426
4 0.189661
5 0.713725
6 0.713725
7 0.713726
8 0.713725
9 0.150802
10 0.478075
11 0.297326
12 0.384314
13 0.52549
14 0.52549
15 0.52549
16 0.52549
17 0.686631
18 0.972549
19 0.93994
20 0.35854
21 0.185367
22 0.900818
23 0.0082709
24 0.0123209
25 0.977349
0 0.28087
1 0.187333
2 0.00784314
3 0.00784314
4 0.0290553
5 0.6959
6 0.662745
7 0.662745
8 0.662745
9 0.00784314
10 0.00784314
11 0.0131907
12 0.531551
13 0.642424
14 0.52549
15 0.52549
16 0.52549
17 0.279857
18 0.975401
19 0.813914
20 0.368327
21 0.555495
22 0.982688
23 0.012348
24 0.0896029
25 0.937601
0 0.58124
1 0.18029
2 0.755971
3 0.759893
4 0.426916
5 0.0237077
6 0.136898
7 0.141177
8 0.141176
9 0.283779
10 0.597504
11 0.474153
12 0.0406417
13 0.13262
14 0.156863
15 0.156863
16 0.156863
17 0.720499
18 0.687701
19 0.886865
20 0.440526
21 0.422946
22 0.942377
23 0.0279657
24 0.0812686
25 0.944675
0 0.995917
1 0.173371
2 0.145098
3 0.145098
4 0.145098
5 0.145098
6 0.145098
7 0.145098
8 0.248663
9 0.156863
10 0.156863
11 0.156863
12 0.156863
13 0.156863
14 0.156863
15 0.156863
16 0.290909
17 0.698039
18 0.724421
19 0.889893
20 0.458382
21 0.443367
22 0.946054
23 0.0280762
24 0.0754764
25 0.937302
0 0.593767
1 0.166508
2 0.121569
3 0.121569
4 0.121569
5 0.121569
6 0.121569
7 0.0746881
8 0.149733
9 0.156863
10 0.156863
11 0.156863
12 0.156863
13 0.156863
14 0.156863
15 0.0613191
16 0.191087
17 0.635294
18 0.514082
19 0.835955
20 0.392787
21 0.33078
22 0.967463
23 0.0221544
24 0.0532468
25 0.949814
0 0.545767
1 0.159532
2 0.231373
3 0.231373
4 0.231373
5 0.133333
6 0.342959
7 0
8 0.28574
9 0.52549
10 0.52549
11 0.52549
12 0.549733
13 0.282709
14 0.00819964
15 0.0545455
16 0.346168
17 0.734403
18 0.224955
19 0.864186
20 0.405774
21 0.435703
22 0.98448
23 0.0108504
24 0.0309501
25 0.974404
0 0.446887
1 0.153031
2 0.615686
3 0.615686
4 0.598931
5 0.1
6 0.190374
7 0.506239
8 0.742068
9 0.592157
10 0.592157
11 0.631373
12 0.403209
13 0.218182
14 0.228164
15 0.145811
16 0.103743
17 0.47344
18 0.357576
19 0.916497
20 0.421819
21 0.347214
22 0.949022
23 0.0177262
24 0.0440197
25 0.949246
0 0.854602
1 0.146471
2 0
3 0.0636364
4 0.275758
5 0.238146
6 0.657041
7 0.400357
8 0.254189
9 0
10 0.298752
11 0.163636
12 0.381818
13 0.25098
14 0.0827094
15 0.25098
16 0.504813
17 0.223529
18 0.301604
19 0.92574
20 0.327757
21 0.397881
22 0.958276
23 0.0199552
24 0.0422649
25 0.970044
0 0.0739007
1 0.14007
2 0.298217
3 0
4 0.269697
5 0.665954
6 0.34902
7 0.118538
8 0.414795
9 0
10 0
11 0.114082
12 0.166845
13 0.166845
14 0.314438
15 0.240285
16 0.450624
17 0.209269
18 0.438859
19 0.882231
20 0.488997
21 0.379229
22 0.972449
23 0.0198584
24 0.0730309
25 0.972123
0 0.130988
1 0.133408
2 0.190553
3 0.392513
4 0.76221
5 0.321925
6 0.223886
7 0.301248
8 0.713725
9 0.286631
10 0.25098
11 0.0616756
12 0.187879
13 0.350089
14 0.314438
15 0.593939
16 0.52549
17 0.335829
18 0.646702
19 0.905601
20 0.354744
21 0.293661
22 0.970898
23 0.00961722
24 0.0418363
25 0.968579
0 0.501565
1 0.12717
2 0.631373
3 0.426025
4 0.259893
5 0.25918
6 0.0857398
7 0.636186
8 0.603921
9 0.0196078
10 0.145811
11 0.282709
12 0.309091
13 0.505526
14 0.239572
15 0.587522
16 0.52549
17 0.475936
18 0.779679
19 0.837363
20 0.401531
21 0.211237
22 0.936785
23 0.0115819
24 0.0369216
25 0.950197
0 0.600304
1 0.120932
2 0.294831
3 0.118717
4 0.203565
5 0.15508
6 0.26631
7 0.6
8 0.243137
9 0.346168
10 0.354011
11 0.395722
12 0.468449
13 0.370053
14 0.568271
15 0.52549
16 0.52549
17 0.461319
18 0.843137
19 0.823979
20 0.310825
21 0.269316
22 0.969012
23 0.0151631
24 0.0418089
25 0.967209
0 0.255585
1 0.11476
2 0.133333
3 0.195187
4 0.661854
5 0.756506
6 0.444207
7 0.150446
8 0.368627
9 0.65098
10 0.578253
11 0.348663
12 0.619608
13 0.522282
14 0.426025
15 0.243137
16 0.52549
17 0.757219
18 0.557932
19 0.855132
20 0.388275
21 0.233188
22 0.96449
23 0.0121336
24 0.0241781
25 0.960409
0 0.532418
1 0.107805
2 0.317647
3 0.299822
4 0.248841
5 0.533333
6 0.533333
7 0.533334
8 0.533333
9 0.619608
10 0.552585
11 0.101961
12 0.52549
13 0.52549
14 0.52549
15 0.52549
16 0.52549
17 0.46738
18 0.329412
19 0.818272
20 0.396591
21 0.190903
22 0.962985
23 0.013453
24 0.0408367
25 0.928626
0 0.888356
1 0.101298
2 0.298039
3 0.298039
4 0.298039
5 0.298039
6 0.298039
7 0.298039
8 0.298039
9 0.52549
10 0.52549
11 0.52549
12 0.52549
13 0.52549
14 0.52549
15 0.52549
16 0.52549
17 0.380392
18 0.380392
19 0.865363
20 0.36695
21 0.291532
22 0.94327
23 0.0111033
24 0.0296708
25 0.969385
0 0.898989
1 0.0946706
2 0.484492
3 0.00784314
4 0.353654
5 0.176827
6 0.56631
7 0.541177
8 0.61729
9 0.553654
10 0.0117647
11 0.146524
12 0.249198
13 0.408556
14 0.52549
15 0.52549
16 0.566845
17 0.750089
18 0.938324
19 0.836213
20 0.279687
21 0.253458
22 0.956941
23 0.00792409
24 0.0326323
25 0.979618
0 0.0393091
1 0.0887145
2 0.165775
3 0.208378
4 0.664349
5 0.422282
6 0.560784
7 0.560785
8 0.578253
9 0.195365
10 0.180392
11 0.69697
12 0.25205
13 0.335829
14 0.52549
15 0.52549
16 0.558289
17 0.742246
18 0.961854
19 0.900592
20 0.240367
21 0.232375
22 0.957318
23 0.00393253
24 0.0110446
25 0.985556
0 0.167885
1 0.0827818
2 0.374332
3 0.457219
4 0.326916
5 0.585027
6 0.866666
7 0.866667
8 0.866666
9 0.0196078
10 0.0994652
11 0.552941
12 0.3918
13 0.519786
14 0.52549
15 0.52549
16 0.52549
17 0.612121
18 0.992513
19 0.874536
20 0.446831
21 0.332847
22 0.939555
23 0.0119127
24 0.0221344
25 0.970896
0 0.664151
1 0.0766985
2 0.215152
3 0.415152
4 0.228164
5 0.37754
6 0.632977
7 0.701961
8 0.701961
9 0.437433
10 0.151515
11 0.0755793
12 0.233868
13 0.243137
14 0.52549
15 0.52549
16 0.52549
17 0.449198
18 0.988592
19 0.830071
20 0.453278
21 0.293016
22 0.96282
23 0.0132774
24 0.0933425
25 0.942566
0 0.555714
1 0.0704476
2 0.071123
3 0.556863
4 0.642068
5 0.175579
6 0.321212
7 0.356863
8 0.356863
9 0.0755793
10 0.432086
11 0.291622
12 0.361497
13 0.52549
14 0.52549
15 0.52549
16 0.52549
17 0.525134
18 0.984314
19 0.803778
20 0.370463
21 0.299711
22 0.960276
23 0.0168595
24 0.0772995
25 0.939568
0 0.929272
1 0.0642479
2 0.279857
3 0.453654
4 0.313726
5 0.182709
6 0.0320855
7 0.247415
8 0.337255
9 0.143316
10 0.552585
11 0.52549
12 0.52549
13 0.223886
14 0.0855615
15 0.458467
16 0.52549
17 0.705526
18 0.725134
19 0.722594
20 0.40051
21 0.30205
22 0.937044
23 0.0180511
24 0.0681497
25 0.922218
0 0.802012
1 0.058124
2 0.286274
3 0.254902
4 0.145098
5 0.0285205
6 0.242781
7 0.337255
8 0.337255
9 0.52549
10 0.52549
11 0.485918
12 0.0573975
13 0.0998217
14 0.491979
15 0.52549
16 0.52549
17 0.827807
18 0.834225
19 0.925519
20 0.490242
21 0.319403
22 0.923162
23 0.028034
24 0.0561288
25 0.906997
0 0.910296
1 0.0521446
2 0.198396
3 0.0349376
4 0.0187166
5 0.168627
6 0.0909091
7 0.312834
8 0.529412
9 0.226738
10 0.0491979
11 0.0163993
12 0.114082
13 0.6
14 0.0545455
15 0.429947
16 0.52549
17 0.348307
18 0.503743
19 0.899341
20 0.424745
21 0.275341
22 0.946718
23 0.0150931
24 0.0404956
25 0.904069
0 0.909848
1 0.0461603
2 0.205882
3 0.145455
4 0.155258
5 0.1
6 0.281283
7 0.34902
8 0.727094
9 0.235294
10 0.327273
11 0.559715
12 0.0427807
13 0.6
14 0.282709
15 0.275936
16 0.52549
17 0.194652
18 0.386453
19 0.915465
20 0.420887
21 0.397315
22 0.932743
23 0.0250053
24 0.049144
25 0.927072
0 0.344457
1 0.0401396
2 0.189483
3 0.0463458
4 0.0636364
5 0.285561
6 0.34902
7 0.162389
8 0.326025
9 0.156863
10 0.0606061
11 0.227451
12 0.0912656
13 0.25098
14 0.216043
15 0.169697
16 0.418538
17 0.225312
18 0.485561
19 0.920748
20 0.433333
21 0.406351
22 0.945545
23 0.0244963
24 0.0561298
25 0.927722
0 0.407216
1 0.131245
2 0.0461676
3 0.0818182
4 0.315152
5 0.291979
6 0.160784
7 0.27451
8 0.087344
9 0
10 0.218182
11 0.332264
12 0.25098
13 0.181105
14 0.176827
15 0.211765
16 0.057754
17 0.181462
18 0.461319
19 0.903128
20 0.391732
21 0.441473
22 0.96497
23 0.0260373
24 0.0482167
25 0.94469
0 0.444318
1 0.125338
2 0.301604
3 0.34902
4 0.251693
5 0.643137
6 0.310874
7 0.114795
8 0.327273
9 0.377897
10 0.25098
11 0.233512
12 0.198574
13 0.176827
14 0.178253
15 0.14902
16 0.357219
17 0.228164
18 0.522282
19 0.873684
20 0.467411
21 0.374196
22 0.961674
23 0.022894
24 0.0660836
25 0.958089
0 0.249795
1 0.119335
2 0.333333
3 0.254902
4 0.376471
5 0.145455
6 0.108378
7 0.455615
8 0.490731
9 0.25098
10 0.181105
11 0.204635
12 0.1918
13 0.114795
14 0.14902
15 0.55508
16 0.588592
17 0.339037
18 0.509091
19 0.890789
20 0.429394
21 0.423096
22 0.95163
23 0.0161967
24 0.0476985
25 0.911612
0 0.943684
1 0.113438
2 0.353298
3 0.2918
4 0.0889483
5 0.100535
6 0.518895
7 0.348485
8 0.0823529
9 0.223173
10 0.156863
11 0.172549
12 0.0534759
13 0.178253
14 0.564706
15 0.218538
16 0.0196078
17 0.45205
18 0.570053
19 0.918395
20 0.384118
21 0.307085
22 0.951379
23 0.0232066
24 0.0472133
25 0.931584
0 0.641772
1 0.107589
2 0.072549
3 0.190196
4 0.222816
5 0.637968
6 0.235294
7 0.305348
8 0.115152
9 0.14902
10 0.186096
11 0.135472
12 0.453476
13 0.499822
14 0.141176
15 0.387166
16 0.315152
17 0.434225
18 0.52549
19 0.830789
20 0.390694
21 0.331467
22 0.966844
23 0.0144551
24 0.0655065
25 0.960173
0 0.778922
1 0.101744
2 0.08877
3 0.448485
4 0.758467
5 0.245989
6 0.0980392
7 0.421569
8 0.301961
9 0.057754
10 0.4
11 0.672014
12 0.648485
13 0.0909091
14 0.125847
15 0.401783
16 0.466667
17 0.500535
18 0.700535
19 0.839977
20 0.323557
21 0.335485
22 0.950637
23 0.0105793
24 0.0312644
25 0.921148
0 0.929612
1 0.0960142
2 0.587522
3 0.33672
4 0.12246
5 0.370588
6 0.596078
7 0.596079
8 0.392692
9 0.603922
10 0.611765
11 0.176114
12 0.156863
13 0.466667
14 0.466667
15 0.446702
16 0.405348
17 0.704813
18 0.986096
19 0.866685
20 0.32954
21 0.397739
22 0.960836
23 0.0107751
24 0.030226
25 0.942535
0 0.686108
1 0.0896432
2 0.310873
3 0.388235
4 0.35508
5 0.108913
6 0.636007
7 0.595722
8 0.340285
9 0.354011
10 0.466667
11 0.466667
12 0.241355
13 0.373262
14 0.0552585
15 0.47451
16 0.00106952
17 0.987166
18 0.595009
19 0.863745
20 0.403256
21 0.373014
22 0.956957
23 0.0203555
24 0.041682
25 0.931934
0 0.991428
1 0.0816378
2 0.373975
3 0.475758
4 0.120856
5 0.349198
6 0.557754
7 0.255972
8 0.521747
9 0.466667
10 0.369697
11 0.0566845
12 0.323351
13 0.354367
14 0.11123
15 0.519073
16 0.434225
17 0.667023
18 0.68877
19 0.903216
20 0.354225
21 0.516737
22 0.976177
23 0.0154891
24 0.0464653
25 0.954727
0 0.87375
1 0.0744557
2 0.570053
3 0.593583
4 0.419786
5 0.572905
6 0.405169
7 0.388236
8 0.364349
9 0.407487
10 0.0196078
11 0.00534759
12 0.219251
13 0.417112
14 0.273797
15 0.109804
16 0.354367
17 0.791087
18 0.712656
19 0.884647
20 0.301936
21 0.443867
22 0.974987
23 0.0177792
24 0.0441246
25 0.958861
0 0.37718
1 0.0684075
2 0.412121
3 0.553654
4 0.198752
5 0.632264
6 0.0171123
7 0.499465
8 0
9 0.00677362
10 0.279857
11 0.285918
12 0.535472
13 0.0499109
14 0.195365
15 0.286631
16 0
17 0.755437
18 0.344029
19 0.830454
20 0.435265
21 0.419209
22 0.969903
23 0.017738
24 0.08258
25 0.917257
0 0.0351075
1 0.062407
2 0.357041
3 0.663815
4 0.344385
5 0.0477718
6 0.483601
7 0.152941
8 0.339929
9 0.324777
10 0.535829
11 0.273084
12 0.0998217
13 0.38574
14 0.368627
15 0.429947
16 0.176114
17 0.662032
18 0.542959
19 0.887567
20 0.478986
21 0.39719
22 0.938974
23 0.0353078
24 0.0756711
25 0.925255
0 0.385854
1 0.056283
2 0.00623886
3 0.137255
4 0.0349376
5 0.210873
6 0.0299465
7 0.116934
8 0.145098
9 0
10 0.124777
11 0.0748663
12 0.383601
13 0
14 0.423529
15 0.107308
16 0.145098
17 0.477005
18 0.228877
19 0.915141
20 0.476756
21 0.277338
22 0.937347
23 0.0185908
24 0.0552081
25 0.899666
0 0.316074
1 0.0501768
2 0
3 0.0616756
4 0.280214
5 0.0508021
6 0.0982174
7 0.577897
8 0.166488
9 0
10 0.0962567
11 0.478431
12 0.0356506
13 0.422816
14 0.343672
15 0.572906
16 0.145098
17 0.177897
18 0.386809
19 0.877722
20 0.449839
21 0.39206
22 0.973091
23 0.020493
24 0.0364584
25 0.936433
0 0.764265
1 0.0438203
2 0.776114
3 0.393405
4 0.255793
5 0.144741
6 0.430303
7 0.275223
8 0.342246
9 0.795365
10 0.109447
11 0.0969697
12 0.368627
13 0.341889
14 0.293405
15 0.478431
16 0.25098
17 0.403209
18 0.412478
19 0.851136
20 0.434086
21 0.388816
22 0.956137
23 0.0180335
24 0.070601
25 0.928573
0 0.0899298
1 0.0378423
2 0.00285205
3 0.359715
4 0.376292
5 0.0470588
6 0.284135
7 0.34902
8 0.34902
9 0
10 0.469162
11 0.542602
12 0.204635
13 0.0773619
14 0.366132
15 0.25098
16 0.25098
17 0.412478
18 0.381105
19 0.891345
20 0.444645
21 0.398587
22 0.935755
23 0.0260756
24 0.0637428
25 0.910787
0 0.45746
1 0.0320111
2 0.0705882
3 0.0705882
4 0.0385027
5 0.0684492
6 0.34902
7 0.301604
8 0.249198
9 0.0901961
10 0.0901961
11 0.0819964
12 0.0156863
13 0.175401
14 0.25098
15 0.377897
16 0.213904
17 0.678431
18 0.258824
19 0.897738
20 0.431114
21 0.384166
22 0.929381
23 0.0300448
24 0.0654233
25 0.921995
0 0.658936
1 0.0262463
2 0
3 0.0664884
4 0.112656
5 0.399643
6 0.193048
7 0.0841356
8 0.509091
9 0
10 0.218182
11 0.0352941
12 0.331194
13 0.198574
14 0.341889
15 0.0919786
16 0.457041
17 0.361497
18 0.500535
19 0.891515
20 0.436207
21 0.335866
22 0.943407
23 0.0192338
24 0.023089
25 0.963084
0 0.75321
1 0.0203592
2 0.0848485
3 0.0830659
4 0.370053
5 0.286274
6 0.120856
7 0.805704
8 0.824599
9 0.476649
10 0.0431373
11 0.354367
12 0.181105
13 0.186096
14 0.143316
15 0.619608
16 0.297326
17 0.659537
18 0.580392
19 0.916476
20 0.427535
21 0.442467
22 0.940328
23 0.0106479
24 0.0217433
25 0.953068
0 0.213349
1 0.0569144
2 0.144385
3 0.319786
4 0.229234
5 0.174866
6 0.647593
7 0.729412
8 0.729412
9 0.0998217
10 0.25098
11 0.171836
12 0.154724
13 0.268806
14 0.377897
15 0.176471
16 0.176471
17 0.4
18 0.780749
19 0.877559
20 0.445986
21 0.312325
22 0.938182
23 0.0335949
24 0.0557053
25 0.879426
0 0.153716
1 0.0509296
2 0.2
3 0.2
4 0.2
5 0.2
6 0.166132
7 0.107843
8 0.00784314
9 0.6
10 0.6
11 0.6
12 0.6
13 0.484492
14 0.176471
15 0.086631
16 0.0695187
17 0.2
18 0.736898
19 0.887261
20 0.333221
21 0.493032
22 0.983592
23 0.0143818
24 0.0794962
25 0.943329
0 0.19067
1 0.13786
2 0.484492
3 0.721569
4 0.721569
5 0.621747
6 0.303743
7 0.119964
8 0.175045
9 0.23066
10 0.176471
11 0.176471
12 0.176471
13 0.472014
14 0.0912656
15 0.464528
16 0.198574
17 0.787522
18 0.6082
19 0.832616
20 0.298493
21 0.459492
22 0.983287
23 0.0103513
24 0.0825439
25 0.961215
0 0.170236
1 0.225699
2 0.756863
3 0.65205
4 0.725312
5 0.0206774
6 0.127807
7 0.0994653
8 0.491444
9 0.176471
10 0.234225
11 0.839216
12 0.257398
13 0.163636
14 0.197148
15 0.087344
16 0.283422
17 0.850624
18 0.657398
19 0.870064
20 0.39545
21 0.365343
22 0.944182
23 0.0208108
24 0.0376147
25 0.933358
0 0.121241
1 0.307704
2 0.571479
3 0.0424242
4 0.112121
5 0.128699
6 0.540107
7 0.165063
8 0.0659536
9 0.587522
10 0.231729
11 0.208913
12 0.275223
13 0.057041
14 0.374332
15 0.258111
16 0.147594
17 0.468806
18 0.65098
19 0.855926
20 0.486672
21 0.440218
22 0.953221
23 0.0263617
24 0.0469777
25 0.914001
0 0.850652
1 0.301489
2 0.321925
3 0.370053
4 0.0513369
5 0.241176
6 0.0320856
7 0.245633
8 0.550802
9 0.514082
10 0.351515
11 0.142602
12 0.0641711
13 0.0174688
14 0.195722
15 0.233868
16 0.324421
17 0.59287
18 0.610339
19 0.895396
20 0.448453
21 0.441018
22 0.962246
23 0.0218961
24 0.0494669
25 0.92972
0 0.802234
1 0.295179
2 0.164706
3 0.269519
4 0.274688
5 0.322103
6 0.16738
7 0.261497
8 0.304456
9 0.156863
10 0.327986
11 0.00213904
12 0.425668
13 0.122282
14 0.278431
15 0.0926916
16 0.0499109
17 0.593226
18 0.392157
19 0.867143
20 0.417075
21 0.380727
22 0.954864
23 0.0179065
24 0.0829591
25 0.906415
0 0.0576935
1 0.288905
2 0.0238859
3 0.33975
4 0.3082
5 0.182353
6 0.244385
7 0.321391
8 0.027451
9 0.0196078
10 0.387522
11 0.445633
12 0.109804
13 0.186809
14 0.0748663
15 0.217469
16 0.382175
17 0.60713
18 0.598574
19 0.832017
20 0.306144
21 0.28656
22 0.964244
23 0.017209
24 0.0450153
25 0.944521
0 0.0904699
1 0.282726
2 0.643137
3 0.336007
4 0.102496
5 0.625847
6 0.150446
7 0.027451
8 0.262032
9 0.3041
10 0.411052
11 0.0566845
12 0.618538
13 0.244207
14 0.334759
15 0.52549
16 0.391444
17 0.673797
18 0.742959
19 0.856951
20 0.46676
21 0.356496
22 0.961177
23 0.0131595
24 0.0656063
25 0.8663
0 0.499852
1 0.276695
2 0.223708
3 0.519073
4 0.299465
5 0.0568627
6 0.185383
7 0.341533
8 0.00231728
9 0.140463
10 0.574688
11 0.124777
12 0.385027
13 0.52549
14 0.52549
15 0.171123
16 0
17 0.720856
18 0.481996
19 0.932119
20 0.323436
21 0.280447
22 0.94745
23 0.0216976
24 0.0348889
25 0.899192
0 0.966004
1 0.270482
2 0
3 0.0433155
4 0.15615
5 0.633511
6 0.139216
7 0.00356507
8 0
9 0
10 0.0962567
11 0.527629
12 0.606774
13 0.424955
14 0.0855615
15 0
16 0
17 0.484848
18 0.285205
19 0.826815
20 0.496278
21 0.464254
22 0.974178
23 0.0310595
24 0.0754244
25 0.867551
0 0.653172
1 0.264127
2 0.323708
3 0.560784
4 0.309626
5 0.0474153
6 0
7 0.0545455
8 0.00909087
9 0.611408
10 0.553654
11 0.477718
12 0.248128
13 0.057041
14 0
15 0.218182
16 0
17 0.623173
18 0.084492
19 0.884743
20 0.493148
21 0.470047
22 0.953107
23 0.0388911
24 0.105908
25 0.856194
0 0.739571
1 0.257628
2 0.0677362
3 0.139394
4 0.071123
5 0
6 0
7 0
8 0.333155
9 0.0901961
10 0.447415
11 0.223886
12 0.0427807
13 0
14 0
15 0.0228164
16 0.25098
17 0.498752
18 0.0406417
19 0.906361
20 0.527235
21 0.343439
22 0.946591
23 0.0274102
24 0.0407403
25 0.920117
0 0.983865
1 0.251133
2 0.101961
3 0.0527629
4 0.0272727
5 0.1
6 0.190374
7 0.34902
8 0.34902
9 0.156863
10 0.0998217
11 0
12 0.436364
13 0
14 0.228164
15 0.25098
16 0.25098
17 0.307308
18 0.108378
19 0.943102
20 0.500805
21 0.351777
22 0.931957
23 0.0199986
24 0.0245365
25 0.894197
0 0.751278
1 0.243139
2 0
3 0.0636364
4 0
5 0.238146
6 0.34902
7 0.34902
8 0.521212
9 0
10 0.109091
11 0.109091
12 0.218182
13 0.25098
14 0.25098
15 0.230303
16 0.0235294
17 0.0363636
18 0.311586
19 0.881386
20 0.435919
21 0.239223
22 0.943539
23 0.0205706
24 0.0700383
25 0.870227
0 0.890144
1 0.234952
2 0
3 0.0818182
4 0.315152
5 0.34902
6 0.281283
7 0.26221
8 0.0980392
9 0
10 0.218182
11 0.332264
12 0.25098
13 0.25098
14 0.282353
15 0.621034
16 0.619608
17 0.0905526
18 0.474866
19 0.874145
20 0.521197
21 0.254881
22 0.958065
23 0.018923
24 0.0471835
25 0.89564
0 0.0314604
1 0.226861
2 0.254189
3 0.34902
4 0.34902
5 0.229946
6 0.215686
7 0.215686
8 0.271836
9 0.504813
10 0.25098
11 0.25098
12 0.25098
13 0.448485
14 0.619608
15 0.576827
16 0.223173
17 0.158289
18 0.483066
19 0.902352
20 0.380956
21 0.273765
22 0.967645
23 0.0120601
24 0.0287911
25 0.927771
0 0.529268
1 0.220439
2 0.34902
3 0.379323
4 0.424777
5 0.34902
6 0.188057
7 0.34902
8 0.41016
9 0.25098
10 0.25098
11 0.575401
12 0.619608
13 0.464528
14 0.195722
15 0.29697
16 0.242068
17 0.313012
18 0.447415
19 0.848423
20 0.442697
21 0.418166
22 0.945081
23 0.032582
24 0.0750465
25 0.809844
0 0.658352
1 0.214012
2 0.227451
3 0.227451
4 0.0912656
5 0.197326
6 0.16328
7 0.124421
8 0.127986
9 0.619608
10 0.619608
11 0.361497
12 0.0377897
13 0.25098
14 0.0641711
15 0.057754
16 0.401426
17 0.588592
18 0.443137
19 0.902845
20 0.432172
21 0.375629
22 0.945117
23 0.0280918
24 0.0604596
25 0.93675
0 0.019502
1 0.207294
2 0.161676
3 0.0449198
4 0.308913
5 0.313369
6 0.0980392
7 0.197861
8 0.371301
9 0.128699
10 0.0352941
11 0.175401
12 0.179679
13 0.0623886
14 0.175758
15 0.532264
16 0.227807
17 0.435294
18 0.564706
19 0.913695
20 0.527937
21 0.380949
22 0.931006
23 0.0258607
24 0.0722174
25 0.848535
0 0.305069
1 0.200671
2 0.0894831
3 0.241355
4 0.0980392
5 0.087344
6 0.12246
7 0.308735
8 0.034581
9 0.103387
10 0.206061
11 0.0901961
12 0.0980392
13 0.370053
14 0.351515
15 0.276649
16 0.0142602
17 0.331194
18 0.675223
19 0.758672
20 0.360766
21 0.243847
22 0.957361
23 0.00992632
24 0.0251015
25 0.944697
0 0.897373
1 0.193686
2 0.34902
3 0.34902
4 0.34902
5 0.193761
6 0.402852
7 0.636007
8 0.603921
9 0.52549
10 0.52549
11 0.52549
12 0.552585
13 0.11943
14 0.565062
15 0.505882
16 0.466667
17 0.76328
18 0.891979
19 0.847321
20 0.278335
21 0.235106
22 0.940175
23 0.00869939
24 0.0289709
25 0.947667
0 0.27412
1 0.186398
2 0.217112
3 0.235651
4 0.45098
5 0.45098
6 0.45098
7 0.450981
8 0.45098
9 0.140107
10 0.146524
11 0.493048
12 0.466667
13 0.466667
14 0.466667
15 0.466667
16 0.466667
17 0.945455
18 1
19 0.816895
20 0.351859
21 0.460918
22 0.965402
23 0.0252849
24 0.0673713
25 0.90369
0 0.617909
1 0.179417
2 0.392157
3 0.392157
4 0.435829
5 0.248128
6 0.172727
7 0.0392157
8 0.031729
9 0.466667
10 0.466667
11 0.50303
12 0.417469
13 0.0124777
14 0.11943
15 0.160784
16 0.0638146
17 0.853832
18 0.37041
19 0.876762
20 0.33802
21 0.481204
22 0.959908
23 0.0283702
24 0.105308
25 0.869399
0 0.0274282
1 0.172451
2 0.354189
3 0.388057
4 0.25205
5 0.508378
6 0.0595366
7 0.027451
8 0.027451
9 0.156863
10 0.498396
11 0.310873
12 0.0392157
13 0.23066
14 0.160784
15 0.160784
16 0.160784
17 0.58574
18 0.550089
19 0.885155
20 0.446422
21 0.341497
22 0.938529
23 0.0452733
24 0.0699257
25 0.868513
0 0.969128
1 0.166028
2 0.297148
3 0.165954
4 0.113191
5 0.344207
6 0.042246
7 0.0828877
8 0.0474153
9 0.431373
10 0.288057
11 0.28877
12 0.409269
13 0.0998217
14 0.0213904
15 0.437433
16 0.261319
17 0.262745
18 0.5918
19 0.886854
20 0.495959
21 0.589908
22 0.977921
23 0.0355449
24 0.143698
25 0.859497
0 0.676712
1 0.15962
2 0.421747
3 0.448841
4 0.731551
5 0.0434938
6 0.0695187
7 0.0417113
8 0
9 0.632799
10 0.234225
11 0.269162
12 0.0374332
13 0.345455
14 0.0973262
15 0.0163993
16 0
17 0.683066
18 0.277362
19 0.86255
20 0.435481
21 0.320973
22 0.961263
23 0.0502463
24 0.131397
25 0.902198
0 0.554442
1 0.153105
2 0.375579
3 0.0368984
4 0.168984
5 0.0957219
6 0.0165776
7 0.0185383
8 0.0313725
9 0.384314
10 0.0520499
11 0.253476
12 0.336898
13 0.0655971
14 0
15 0.429947
16 0.52549
17 0.622816
18 0.0894831
19 0.887937
20 0.554032
21 0.33344
22 0.939419
23 0.0403639
24 0.0868731
25 0.810325
0 0.251065
1 0.146628
2 0.137255
3 0.10107
4 0.0823529
5 0.0622103
6 0.0151515
7 0.176114
8 0.298039
9 0.529412
10 0.458824
11 0.0409982
12 0.084492
13 0.52549
14 0.238859
15 0.24385
16 0.298039
17 0.4082
18 0.21533
19 0.861877
20 0.527392
21 0.369905
22 0.933576
23 0.0525005
24 0.0978407
25 0.803284
0 0.259978
1 0.140087
2 0.0313726
3 0.0313726
4 0.0171123
5 0
6 0.111765
7 0.129412
8 0.0632798
9 0.52549
10 0.52549
11 0.477718
12 0
13 0.0352941
14 0.129412
15 0.165419
16 0.368627
17 0.185383
18 0.241711
19 0.891978
20 0.479363
21 0.373263
22 0.951303
23 0.0308374
24 0.0949608
25 0.879895
0 0.0603471
1 0.133522
2 0.203922
3 0.203922
4 0.203922
5 0.203922
6 0.203922
7 0.203922
8 0.0691622
9 0.203922
10 0.203922
11 0.203922
12 0.203922
13 0.203922
14 0.203922
15 0.233155
16 0.52549
17 0.203922
18 0.386809
19 0.805627
20 0.39481
21 0.147619
22 0.910244
23 0.025472
24 0.119274
25 0.814308
0 0.769963
1 0.126893
2 0.0363636
3 0.0588235
4 0.0588235
5 0.0588235
6 0.0588235
7 0.0588236
8 0.0588235
9 0.0352941
10 0.480927
11 0.52549
12 0.52549
13 0.52549
14 0.52549
15 0.52549
16 0.52549
17 0.608556
18 0.823529
19 0.893482
20 0.506421
21 0.300795
22 0.912156
23 0.0255385
24 0.0555678
25 0.865388
0 0.832169
1 0.120201
2 0.0636364
3 0.0181818
4 0.069697
5 0.0313725
6 0.103565
7 0.34902
8 0.401426
9 0.163636
10 0.0545455
11 0.291266
12 0.160784
13 0.160784
14 0.209982
15 0.284492
16 0.619608
17 0.27451
18 0.420677
19 0.904175
20 0.421664
21 0.357876
22 0.932547
23 0.0240366
24 0.0490582
25 0.855164
0 0.832279
1 0.114039
2 0.0509804
3 0.0509804
4 0.186453
5 0.34902
6 0.453832
7 0.230303
8 0.0659536
9 0.160784
10 0.160784
11 0.168984
12 0.25098
13 0.25098
14 0.568984
15 0.121212
16 0.134046
17 0.311586
18 0.499109
19 0.929505
20 0.417557
21 0.432367
22 0.958694
23 0.0242687
24 0.0559905
25 0.850575
0 0.541688
1 0.107904
2 0.34902
3 0.34902
4 0.34902
5 0.429412
6 0.228521
7 0.239394
8 0.144385
9 0.25098
10 0.25098
11 0.25098
12 0.25098
13 0.519073
14 0.0912656
15 0.214973
16 0.128699
17 0.14902
18 0.51016
19 0.871376
20 0.424991
21 0.397149
22 0.965544
23 0.0274524
24 0.101438
25 0.896126
0 0.78326
1 0.101775
2 0.34902
3 0.34902
4 0.61533
5 0.167914
6 0.152763
7 0.233512
8 0.0689839
9 0.25098
10 0.25098
11 0.418538
12 0.461319
13 0.119786
14 0.11123
15 0.498039
16 0.303387
17 0.348663
18 0.548663
19 0.8553
20 0.419687
21 0.373492
22 0.953838
23 0.0197684
24 0.0437994
25 0.881987
0 0.0218222
1 0.0955952
2 0.557576
3 0.349376
4 0.0734403
5 0.206061
6 0.260428
7 0.403387
8 0.349554
9 0.485561
10 0.479857
11 0.0987522
12 0.153654
13 0.276292
14 0.559358
15 0.417825
16 0.156863
17 0.469162
18 0.564349
19 0.91835
20 0.450194
21 0.31122
22 0.92472
23 0.0263348
24 0.0582574
25 0.872918
0 0.7797
1 0.0892414
2 0.0941176
3 0.104813
4 0.178966
5 0.209626
6 0.385918
7 0.226382
8 0.351159
9 0.0941176
10 0.055615
11 0.120856
12 0.452406
13 0.515508
14 0.227451
15 0.157576
16 0.52549
17 0.363636
18 0.639572
19 0.854353
20 0.371171
21 0.298419
22 0.942026
23 0.0137976
24 0.0571786
25 0.856013
0 0.134989
1 0.0827359
2 0.18877
3 0.19893
4 0.25918
5 0.221925
6 0.219608
7 0.635829
8 0.0912655
9 0.127273
10 0.550802
11 0.514082
12 0.189661
13 0.370053
14 0.611765
15 0.194652
16 0.403565
17 0.366132
18 0.594296
19 0.869972
20 0.33794
21 0.300051
22 0.937657
23 0.0170174
24 0.027812
25 0.900377
0 0.930082
1 0.0761744
2 0.377718
3 0.116756
4 0.130125
5 0.325134
6 0.299822
7 0.380392
8 0.583601
9 0.338681
10 0.263102
11 0.305882
12 0.457041
13 0.327986
14 0.445633
15 0.228164
16 0.408556
17 0.652763
18 0.580749
19 0.868235
20 0.368985
21 0.407846
22 0.939522
23 0.0191204
24 0.0599585
25 0.840466
0 0.83041
1 0.069548
2 0.186096
3 0.308734
4 0.374153
5 0.495365
6 0.318538
7 0.511765
8 0.179857
9 0.351515
10 0.52549
11 0.166845
12 0.245276
13 0.502674
14 0.300891
15 0.11836
16 0.52549
17 0.630303
18 0.830303
19 0.895534
20 0.206048
21 0.297263
22 0.950975
23 0.00974632
24 0.0266111
25 0.914723
0 0.671467
1 0.0628507
2 0.609626
3 0.166132
4 0.332799
5 0.645633
6 0.301604
7 0.387701
8 0.403921
9 0.0427807
10 0.156863
11 0.450624
12 0.442068
13 0.51836
14 0.526916
15 0.414617
16 0.144385
17 0.684135
18 0.872727
19 0.878673
20 0.345487
21 0.436306
22 0.94449
23 0.0275215
24 0.0483179
25 0.922432
0 0.10512
1 0.0563641
2 0.442959
3 0.122103
4 0.459715
5 0.163636
6 0.361319
7 0.211943
8 0.113725
9 0.454902
10 0.205348
11 0.486988
12 0.521212
13 0.087344
14 0.123708
15 0.223886
16 0.108378
17 0.616043
18 0.641711
19 0.831076
20 0.332668
21 0.527658
22 0.96595
23 0.0334404
24 0.130466
25 0.889472
0 0.489872
1 0.0497768
2 0.321747
3 0.17861
4 0.804813
5 0.154724
6 0.115151
7 0.118182
8 0.239572
9 0.455615
10 0.52549
11 0.62139
12 0.10303
13 0.058467
14 0.156863
15 0.246702
16 0.0327986
17 0.834581
18 0.410695
19 0.920416
20 0.541673
21 0.488162
22 0.941126
23 0.0578907
24 0.14322
25 0.84121
0 0.434605
1 0.0431855
2 0.175936
3 0.295009
4 0.0149733
5 0.0795009
6 0.0409982
7 0.167201
8 0.00998218
9 0.185383
10 0.00641711
11 0.0377897
12 0.0684492
13 0.156863
14 0.0306595
15 0.0263815
16 0.382175
17 0.388592
18 0.239572
19 0.909663
20 0.376504
21 0.405643
22 0.958599
23 0.0374947
24 0.124011
25 0.884236
0 0.292538
1 0.036672
2 0.0388592
3 0.103387
4 0.327808
5 0.364706
6 0.227094
7 0.0265597
8 0.0907308
9 0.0409982
10 0.0245989
11 0.266667
12 0.156863
13 0.270945
14 0.0342246
15 0.224955
16 0.238503
17 0.694118
18 0.114082
19 0.900699
20 0.420229
21 0.518486
22 0.960317
23 0.0508046
24 0.119837
25 0.874443
0 0.584585
1 0.0302214
2 0.270766
3 0.137255
4 0.328521
5 0.250446
6 0.0231729
7 0.00677364
8 0
9 0.290909
10 0.156863
11 0.171123
12 0.282353
13 0
14 0.218182
15 0
16 0
17 0.623173
18 0.0156863
19 0.928274
20 0.58672
21 0.502426
22 0.956487
23 0.0473844
24 0.13413
25 0.839428
0 0.651647
1 0.0236903
2 0.0377897
3 0.408913
4 0.224599
5 0.0190731
6 0.0320856
7 0.206239
8 0.34902
9 0.0452763
10 0.0324421
11 0.0491979
12 0
13 0.236007
14 0.00641711
15 0.205348
16 0.25098
17 0.282709
18 0.085205
19 0.930234
20 0.508147
21 0.343886
22 0.936512
23 0.0356347
24 0.0573972
25 0.876456
0 0.451711
1 0.0171625
2 0
3 0
4 0.0360071
5 0.0588235
6 0.301426
7 0.34902
8 0.34902
9 0
10 0
11 0.238859
12 0.228877
13 0.0684492
14 0.25098
15 0.25098
16 0.25098
17 0.0363636
18 0.121925
19 0.912728
20 0.508083
21 0.355928
22 0.931961
23 0.0395217
24 0.0566385
25 0.823782
0 0.651309
1 0.0107552
2 0.0901961
3 0.106952
4 0
5 0.285561
6 0.34902
7 0.338325
8 0.309804
9 0.265954
10 0.117647
11 0.0213904
12 0.0912656
13 0.25098
14 0.25098
15 0.375758
16 0.52549
17 0.0745098
18 0.297326
19 0.918028
20 0.447969
21 0.334727
22 0.942452
23 0.0282479
24 0.0648835
25 0.846233
end fitness = 3.33283
