brain 22892 fitness=26.924 numneurons+1=70 maxWeight=8 maxBias=8 redinput=2-14 greeninput=15-23 blueinput=24-31
+0.0000 +0.0000 +0.0000 +0.0000 +0.0000 +0.0000 +0.0000 +0.0000 +0.0000 +0.0000 +0.0000 +0.0000 +0.0000 +0.0000 +0.0000 +0.0000 +0.0000 +0.0000 +0.0000 +0.0000 +0.0000 +0.0000 +0.0000 +0.0000 +0.0000 +0.0000 +0.0000 +0.0000 +0.0000 +0.0000 +0.0000 +0.0000 +0.0000 +0.0000 +0.0000 +0.0000 +0.0000 +0.0000 +0.0000 +0.0000 +0.0000 +0.0000 +0.0000 +0.0000 +0.0000 +0.0000 +0.0000 +0.0000 +0.0000 +0.0000 +0.0000 +0.0000 +0.0000 +0.0000 +0.0000 +0.0000 +0.0000 +0.0000 +0.0000 +0.0000 +0.0000 +0.0000 +0.0000 +0.0000 +0.0000 +0.0000 +0.0000 +0.0000 +0.0000 +0.0000 ;
+0.0000 +0.0000 +0.0000 +0.0000 +0.0000 +0.0000 +0.0000 +0.0000 +0.0000 +0.0000 +0.0000 +0.0000 +0.0000 +0.0000 +0.0000 +0.0000 +0.0000 +0.0000 +0.0000 +0.0000 +0.0000 +0.0000 +0.0000 +0.0000 +0.0000 +0.0000 +0.0000 +0.0000 +0.0000 +0.0000 +0.0000 +0.0000 +0.0000 +0.0000 +0.0000 +0.0000 +0.0000 +0.0000 +0.0000 +0.0000 +0.0000 +0.0000 +0.0000 +0.0000 +0.0000 +0.0000 +0.0000 +0.0000 +0.0000 +0.0000 +0.0000 +0.0000 +0.0000 +0.0000 +0.0000 +0.0000 +0.0000 +0.0000 +0.0000 +0.0000 +0.0000 +0.0000 +0.0000 +0.0000 +0.0000 +0.0000 +0.0000 +0.0000 +0.0000 +0.0000 ;
+0.0000 +0.0000 +0.0000 +0.0000 +0.0000 +0.0000 +0.0000 +0.0000 +0.0000 +0.0000 +0.0000 +0.0000 +0.0000 +0.0000 +0.0000 +0.0000 +0.0000 +0.0000 +0.0000 +0.0000 +0.0000 +0.0000 +0.0000 +0.0000 +0.0000 +0.0000 +0.0000 +0.0000 +0.0000 +0.0000 +0.0000 +0.0000 +0.0000 +0.0000 +0.0000 +0.0000 +0.0000 +0.0000 +0.0000 +0.0000 +0.0000 +0.0000 +0.0000 +0.0000 +0.0000 +0.0000 +0.0000 +0.0000 +0.0000 +0.0000 +0.0000 +0.0000 +0.0000 +0.0000 +0.0000 +0.0000 +0.0000 +0.0000 +0.0000 +0.0000 +0.0000 +0.0000 +0.0000 +0.0000 +0.0000 +0.0000 +0.0000 +0.0000 +0.0000 +0.0000 ;
+0.0000 +0.0000 +0.0000 +0.0000 +0.0000 +0.0000 +0.0000 +0.0000 +0.0000 +0.0000 +0.0000 +0.0000 +0.0000 +0.0000 +0.0000 +0.0000 +0.0000 +0.0000 +0.0000 +0.0000 +0.0000 +0.0000 +0.0000 +0.0000 +0.0000 +0.0000 +0.0000 +0.0000 +0.0000 +0.0000 +0.0000 +0.0000 +0.0000 +0.0000 +0.0000 +0.0000 +0.0000 +0.0000 +0.0000 +0.0000 +0.0000 +0.0000 +0.0000 +0.0000 +0.0000 +0.0000 +0.0000 +0.0000 +0.0000 +0.0000 +0.0000 +0.0000 +0.0000 +0.0000 +0.0000 +0.0000 +0.0000 +0.0000 +0.0000 +0.0000 +0.0000 +0.0000 +0.0000 +0.0000 +0.0000 +0.0000 +0.0000 +0.0000 +0.0000 +0.0000 ;
+0.0000 +0.0000 +0.0000 +0.0000 +0.0000 +0.0000 +0.0000 +0.0000 +0.0000 +0.0000 +0.0000 +0.0000 +0.0000 +0.0000 +0.0000 +0.0000 +0.0000 +0.0000 +0.0000 +0.0000 +0.0000 +0.0000 +0.0000 +0.0000 +0.0000 +0.0000 +0.0000 +0.0000 +0.0000 +0.0000 +0.0000 +0.0000 +0.0000 +0.0000 +0.0000 +0.0000 +0.0000 +0.0000 +0.0000 +0.0000 +0.0000 +0.0000 +0.0000 +0.0000 +0.0000 +0.0000 +0.0000 +0.0000 +0.0000 +0.0000 +0.0000 +0.0000 +0.0000 +0.0000 +0.0000 +0.0000 +0.0000 +0.0000 +0.0000 +0.0000 +0.0000 +0.0000 +0.0000 +0.0000 +0.0000 +0.0000 +0.0000 +0.0000 +0.0000 +0.0000 ;
+0.0000 +0.0000 +0.0000 +0.0000 +0.0000 +0.0000 +0.0000 +0.0000 +0.0000 +0.0000 +0.0000 +0.0000 +0.0000 +0.0000 +0.0000 +0.0000 +0.0000 +0.0000 +0.0000 +0.0000 +0.0000 +0.0000 +0.0000 +0.0000 +0.0000 +0.0000 +0.0000 +0.0000 +0.0000 +0.0000 +0.0000 +0.0000 +0.0000 +0.0000 +0.0000 +0.0000 +0.0000 +0.0000 +0.0000 +0.0000 +0.0000 +0.0000 +0.0000 +0.0000 +0.0000 +0.0000 +0.0000 +0.0000 +0.0000 +0.0000 +0.0000 +0.0000 +0.0000 +0.0000 +0.0000 +0.0000 +0.0000 +0.0000 +0.0000 +0.0000 +0.0000 +0.0000 +0.0000 +0.0000 +0.0000 +0.0000 +0.0000 +0.0000 +0.0000 +0.0000 ;
+0.0000 +0.0000 +0.0000 +0.0000 +0.0000 +0.0000 +0.0000 +0.0000 +0.0000 +0.0000 +0.0000 +0.0000 +0.0000 +0.0000 +0.0000 +0.0000 +0.0000 +0.0000 +0.0000 +0.0000 +0.0000 +0.0000 +0.0000 +0.0000 +0.0000 +0.0000 +0.0000 +0.0000 +0.0000 +0.0000 +0.0000 +0.0000 +0.0000 +0.0000 +0.0000 +0.0000 +0.0000 +0.0000 +0.0000 +0.0000 +0.0000 +0.0000 +0.0000 +0.0000 +0.0000 +0.0000 +0.0000 +0.0000 +0.0000 +0.0000 +0.0000 +0.0000 +0.0000 +0.0000 +0.0000 +0.0000 +0.0000 +0.0000 +0.0000 +0.0000 +0.0000 +0.0000 +0.0000 +0.0000 +0.0000 +0.0000 +0.0000 +0.0000 +0.0000 +0.0000 ;
+0.0000 +0.0000 +0.0000 +0.0000 +0.0000 +0.0000 +0.0000 +0.0000 +0.0000 +0.0000 +0.0000 +0.0000 +0.0000 +0.0000 +0.0000 +0.0000 +0.0000 +0.0000 +0.0000 +0.0000 +0.0000 +0.0000 +0.0000 +0.0000 +0.0000 +0.0000 +0.0000 +0.0000 +0.0000 +0.0000 +0.0000 +0.0000 +0.0000 +0.0000 +0.0000 +0.0000 +0.0000 +0.0000 +0.0000 +0.0000 +0.0000 +0.0000 +0.0000 +0.0000 +0.0000 +0.0000 +0.0000 +0.0000 +0.0000 +0.0000 +0.0000 +0.0000 +0.0000 +0.0000 +0.0000 +0.0000 +0.0000 +0.0000 +0.0000 +0.0000 +0.0000 +0.0000 +0.0000 +0.0000 +0.0000 +0.0000 +0.0000 +0.0000 +0.0000 +0.0000 ;
+0.0000 +0.0000 +0.0000 +0.0000 +0.0000 +0.0000 +0.0000 +0.0000 +0.0000 +0.0000 +0.0000 +0.0000 +0.0000 +0.0000 +0.0000 +0.0000 +0.0000 +0.0000 +0.0000 +0.0000 +0.0000 +0.0000 +0.0000 +0.0000 +0.0000 +0.0000 +0.0000 +0.0000 +0.0000 +0.0000 +0.0000 +0.0000 +0.0000 +0.0000 +0.0000 +0.0000 +0.0000 +0.0000 +0.0000 +0.0000 +0.0000 +0.0000 +0.0000 +0.0000 +0.0000 +0.0000 +0.0000 +0.0000 +0.0000 +0.0000 +0.0000 +0.0000 +0.0000 +0.0000 +0.0000 +0.0000 +0.0000 +0.0000 +0.0000 +0.0000 +0.0000 +0.0000 +0.0000 +0.0000 +0.0000 +0.0000 +0.0000 +0.0000 +0.0000 +0.0000 ;
+0.0000 +0.0000 +0.0000 +0.0000 +0.0000 +0.0000 +0.0000 +0.0000 +0.0000 +0.0000 +0.0000 +0.0000 +0.0000 +0.0000 +0.0000 +0.0000 +0.0000 +0.0000 +0.0000 +0.0000 +0.0000 +0.0000 +0.0000 +0.0000 +0.0000 +0.0000 +0.0000 +0.0000 +0.0000 +0.0000 +0.0000 +0.0000 +0.0000 +0.0000 +0.0000 +0.0000 +0.0000 +0.0000 +0.0000 +0.0000 +0.0000 +0.0000 +0.0000 +0.0000 +0.0000 +0.0000 +0.0000 +0.0000 +0.0000 +0.0000 +0.0000 +0.0000 +0.0000 +0.0000 +0.0000 +0.0000 +0.0000 +0.0000 +0.0000 +0.0000 +0.0000 +0.0000 +0.0000 +0.0000 +0.0000 +0.0000 +0.0000 +0.0000 +0.0000 +0.0000 ;
+0.0000 +0.0000 +0.0000 +0.0000 +0.0000 +0.0000 +0.0000 +0.0000 +0.0000 +0.0000 +0.0000 +0.0000 +0.0000 +0.0000 +0.0000 +0.0000 +0.0000 +0.0000 +0.0000 +0.0000 +0.0000 +0.0000 +0.0000 +0.0000 +0.0000 +0.0000 +0.0000 +0.0000 +0.0000 +0.0000 +0.0000 +0.0000 +0.0000 +0.0000 +0.0000 +0.0000 +0.0000 +0.0000 +0.0000 +0.0000 +0.0000 +0.0000 +0.0000 +0.0000 +0.0000 +0.0000 +0.0000 +0.0000 +0.0000 +0.0000 +0.0000 +0.0000 +0.0000 +0.0000 +0.0000 +0.0000 +0.0000 +0.0000 +0.0000 +0.0000 +0.0000 +0.0000 +0.0000 +0.0000 +0.0000 +0.0000 +0.0000 +0.0000 +0.0000 +0.0000 ;
+0.0000 +0.0000 +0.0000 +0.0000 +0.0000 +0.0000 +0.0000 +0.0000 +0.0000 +0.0000 +0.0000 +0.0000 +0.0000 +0.0000 +0.0000 +0.0000 +0.0000 +0.0000 +0.0000 +0.0000 +0.0000 +0.0000 +0.0000 +0.0000 +0.0000 +0.0000 +0.0000 +0.0000 +0.0000 +0.0000 +0.0000 +0.0000 +0.0000 +0.0000 +0.0000 +0.0000 +0.0000 +0.0000 +0.0000 +0.0000 +0.0000 +0.0000 +0.0000 +0.0000 +0.0000 +0.0000 +0.0000 +0.0000 +0.0000 +0.0000 +0.0000 +0.0000 +0.0000 +0.0000 +0.0000 +0.0000 +0.0000 +0.0000 +0.0000 +0.0000 +0.0000 +0.0000 +0.0000 +0.0000 +0.0000 +0.0000 +0.0000 +0.0000 +0.0000 +0.0000 ;
+0.0000 +0.0000 +0.0000 +0.0000 +0.0000 +0.0000 +0.0000 +0.0000 +0.0000 +0.0000 +0.0000 +0.0000 +0.0000 +0.0000 +0.0000 +0.0000 +0.0000 +0.0000 +0.0000 +0.0000 +0.0000 +0.0000 +0.0000 +0.0000 +0.0000 +0.0000 +0.0000 +0.0000 +0.0000 +0.0000 +0.0000 +0.0000 +0.0000 +0.0000 +0.0000 +0.0000 +0.0000 +0.0000 +0.0000 +0.0000 +0.0000 +0.0000 +0.0000 +0.0000 +0.0000 +0.0000 +0.0000 +0.0000 +0.0000 +0.0000 +0.0000 +0.0000 +0.0000 +0.0000 +0.0000 +0.0000 +0.0000 +0.0000 +0.0000 +0.0000 +0.0000 +0.0000 +0.0000 +0.0000 +0.0000 +0.0000 +0.0000 +0.0000 +0.0000 +0.0000 ;
+0.0000 +0.0000 +0.0000 +0.0000 +0.0000 +0.0000 +0.0000 +0.0000 +0.0000 +0.0000 +0.0000 +0.0000 +0.0000 +0.0000 +0.0000 +0.0000 +0.0000 +0.0000 +0.0000 +0.0000 +0.0000 +0.0000 +0.0000 +0.0000 +0.0000 +0.0000 +0.0000 +0.0000 +0.0000 +0.0000 +0.0000 +0.0000 +0.0000 +0.0000 +0.0000 +0.0000 +0.0000 +0.0000 +0.0000 +0.0000 +0.0000 +0.0000 +0.0000 +0.0000 +0.0000 +0.0000 +0.0000 +0.0000 +0.0000 +0.0000 +0.0000 +0.0000 +0.0000 +0.0000 +0.0000 +0.0000 +0.0000 +0.0000 +0.0000 +0.0000 +0.0000 +0.0000 +0.0000 +0.0000 +0.0000 +0.0000 +0.0000 +0.0000 +0.0000 +0.0000 ;
+0.0000 +0.0000 +0.0000 +0.0000 +0.0000 +0.0000 +0.0000 +0.0000 +0.0000 +0.0000 +0.0000 +0.0000 +0.0000 +0.0000 +0.0000 +0.0000 +0.0000 +0.0000 +0.0000 +0.0000 +0.0000 +0.0000 +0.0000 +0.0000 +0.0000 +0.0000 +0.0000 +0.0000 +0.0000 +0.0000 +0.0000 +0.0000 +0.0000 +0.0000 +0.0000 +0.0000 +0.0000 +0.0000 +0.0000 +0.0000 +0.0000 +0.0000 +0.0000 +0.0000 +0.0000 +0.0000 +0.0000 +0.0000 +0.0000 +0.0000 +0.0000 +0.0000 +0.0000 +0.0000 +0.0000 +0.0000 +0.0000 +0.0000 +0.0000 +0.0000 +0.0000 +0.0000 +0.0000 +0.0000 +0.0000 +0.0000 +0.0000 +0.0000 +0.0000 +0.0000 ;
+0.0000 +0.0000 +0.0000 +0.0000 +0.0000 +0.0000 +0.0000 +0.0000 +0.0000 +0.0000 +0.0000 +0.0000 +0.0000 +0.0000 +0.0000 +0.0000 +0.0000 +0.0000 +0.0000 +0.0000 +0.0000 +0.0000 +0.0000 +0.0000 +0.0000 +0.0000 +0.0000 +0.0000 +0.0000 +0.0000 +0.0000 +0.0000 +0.0000 +0.0000 +0.0000 +0.0000 +0.0000 +0.0000 +0.0000 +0.0000 +0.0000 +0.0000 +0.0000 +0.0000 +0.0000 +0.0000 +0.0000 +0.0000 +0.0000 +0.0000 +0.0000 +0.0000 +0.0000 +0.0000 +0.0000 +0.0000 +0.0000 +0.0000 +0.0000 +0.0000 +0.0000 +0.0000 +0.0000 +0.0000 +0.0000 +0.0000 +0.0000 +0.0000 +0.0000 +0.0000 ;
+0.0000 +0.0000 +0.0000 +0.0000 +0.0000 +0.0000 +0.0000 +0.0000 +0.0000 +0.0000 +0.0000 +0.0000 +0.0000 +0.0000 +0.0000 +0.0000 +0.0000 +0.0000 +0.0000 +0.0000 +0.0000 +0.0000 +0.0000 +0.0000 +0.0000 +0.0000 +0.0000 +0.0000 +0.0000 +0.0000 +0.0000 +0.0000 +0.0000 +0.0000 +0.0000 +0.0000 +0.0000 +0.0000 +0.0000 +0.0000 +0.0000 +0.0000 +0.0000 +0.0000 +0.0000 +0.0000 +0.0000 +0.0000 +0.0000 +0.0000 +0.0000 +0.0000 +0.0000 +0.0000 +0.0000 +0.0000 +0.0000 +0.0000 +0.0000 +0.0000 +0.0000 +0.0000 +0.0000 +0.0000 +0.0000 +0.0000 +0.0000 +0.0000 +0.0000 +0.0000 ;
+0.0000 +0.0000 +0.0000 +0.0000 +0.0000 +0.0000 +0.0000 +0.0000 +0.0000 +0.0000 +0.0000 +0.0000 +0.0000 +0.0000 +0.0000 +0.0000 +0.0000 +0.0000 +0.0000 +0.0000 +0.0000 +0.0000 +0.0000 +0.0000 +0.0000 +0.0000 +0.0000 +0.0000 +0.0000 +0.0000 +0.0000 +0.0000 +0.0000 +0.0000 +0.0000 +0.0000 +0.0000 +0.0000 +0.0000 +0.0000 +0.0000 +0.0000 +0.0000 +0.0000 +0.0000 +0.0000 +0.0000 +0.0000 +0.0000 +0.0000 +0.0000 +0.0000 +0.0000 +0.0000 +0.0000 +0.0000 +0.0000 +0.0000 +0.0000 +0.0000 +0.0000 +0.0000 +0.0000 +0.0000 +0.0000 +0.0000 +0.0000 +0.0000 +0.0000 +0.0000 ;
+0.0000 +0.0000 +0.0000 +0.0000 +0.0000 +0.0000 +0.0000 +0.0000 +0.0000 +0.0000 +0.0000 +0.0000 +0.0000 +0.0000 +0.0000 +0.0000 +0.0000 +0.0000 +0.0000 +0.0000 +0.0000 +0.0000 +0.0000 +0.0000 +0.0000 +0.0000 +0.0000 +0.0000 +0.0000 +0.0000 +0.0000 +0.0000 +0.0000 +0.0000 +0.0000 +0.0000 +0.0000 +0.0000 +0.0000 +0.0000 +0.0000 +0.0000 +0.0000 +0.0000 +0.0000 +0.0000 +0.0000 +0.0000 +0.0000 +0.0000 +0.0000 +0.0000 +0.0000 +0.0000 +0.0000 +0.0000 +0.0000 +0.0000 +0.0000 +0.0000 +0.0000 +0.0000 +0.0000 +0.0000 +0.0000 +0.0000 +0.0000 +0.0000 +0.0000 +0.0000 ;
+0.0000 +0.0000 +0.0000 +0.0000 +0.0000 +0.0000 +0.0000 +0.0000 +0.0000 +0.0000 +0.0000 +0.0000 +0.0000 +0.0000 +0.0000 +0.0000 +0.0000 +0.0000 +0.0000 +0.0000 +0.0000 +0.0000 +0.0000 +0.0000 +0.0000 +0.0000 +0.0000 +0.0000 +0.0000 +0.0000 +0.0000 +0.0000 +0.0000 +0.0000 +0.0000 +0.0000 +0.0000 +0.0000 +0.0000 +0.0000 +0.0000 +0.0000 +0.0000 +0.0000 +0.0000 +0.0000 +0.0000 +0.0000 +0.0000 +0.0000 +0.0000 +0.0000 +0.0000 +0.0000 +0.0000 +0.0000 +0.0000 +0.0000 +0.0000 +0.0000 +0.0000 +0.0000 +0.0000 +0.0000 +0.0000 +0.0000 +0.0000 +0.0000 +0.0000 +0.0000 ;
+0.0000 +0.0000 +0.0000 +0.0000 +0.0000 +0.0000 +0.0000 +0.0000 +0.0000 +0.0000 +0.0000 +0.0000 +0.0000 +0.0000 +0.0000 +0.0000 +0.0000 +0.0000 +0.0000 +0.0000 +0.0000 +0.0000 +0.0000 +0.0000 +0.0000 +0.0000 +0.0000 +0.0000 +0.0000 +0.0000 +0.0000 +0.0000 +0.0000 +0.0000 +0.0000 +0.0000 +0.0000 +0.0000 +0.0000 +0.0000 +0.0000 +0.0000 +0.0000 +0.0000 +0.0000 +0.0000 +0.0000 +0.0000 +0.0000 +0.0000 +0.0000 +0.0000 +0.0000 +0.0000 +0.0000 +0.0000 +0.0000 +0.0000 +0.0000 +0.0000 +0.0000 +0.0000 +0.0000 +0.0000 +0.0000 +0.0000 +0.0000 +0.0000 +0.0000 +0.0000 ;
+0.0000 +0.0000 +0.0000 +0.0000 +0.0000 +0.0000 +0.0000 +0.0000 +0.0000 +0.0000 +0.0000 +0.0000 +0.0000 +0.0000 +0.0000 +0.0000 +0.0000 +0.0000 +0.0000 +0.0000 +0.0000 +0.0000 +0.0000 +0.0000 +0.0000 +0.0000 +0.0000 +0.0000 +0.0000 +0.0000 +0.0000 +0.0000 +0.0000 +0.0000 +0.0000 +0.0000 +0.0000 +0.0000 +0.0000 +0.0000 +0.0000 +0.0000 +0.0000 +0.0000 +0.0000 +0.0000 +0.0000 +0.0000 +0.0000 +0.0000 +0.0000 +0.0000 +0.0000 +0.0000 +0.0000 +0.0000 +0.0000 +0.0000 +0.0000 +0.0000 +0.0000 +0.0000 +0.0000 +0.0000 +0.0000 +0.0000 +0.0000 +0.0000 +0.0000 +0.0000 ;
+0.0000 +0.0000 +0.0000 +0.0000 +0.0000 +0.0000 +0.0000 +0.0000 +0.0000 +0.0000 +0.0000 +0.0000 +0.0000 +0.0000 +0.0000 +0.0000 +0.0000 +0.0000 +0.0000 +0.0000 +0.0000 +0.0000 +0.0000 +0.0000 +0.0000 +0.0000 +0.0000 +0.0000 +0.0000 +0.0000 +0.0000 +0.0000 +0.0000 +0.0000 +0.0000 +0.0000 +0.0000 +0.0000 +0.0000 +0.0000 +0.0000 +0.0000 +0.0000 +0.0000 +0.0000 +0.0000 +0.0000 +0.0000 +0.0000 +0.0000 +0.0000 +0.0000 +0.0000 +0.0000 +0.0000 +0.0000 +0.0000 +0.0000 +0.0000 +0.0000 +0.0000 +0.0000 +0.0000 +0.0000 +0.0000 +0.0000 +0.0000 +0.0000 +0.0000 +0.0000 ;
+0.0000 +0.0000 +0.0000 +0.0000 +0.0000 +0.0000 +0.0000 +0.0000 +0.0000 +0.0000 +0.0000 +0.0000 +0.0000 +0.0000 +0.0000 +0.0000 +0.0000 +0.0000 +0.0000 +0.0000 +0.0000 +0.0000 +0.0000 +0.0000 +0.0000 +0.0000 +0.0000 +0.0000 +0.0000 +0.0000 +0.0000 +0.0000 +0.0000 +0.0000 +0.0000 +0.0000 +0.0000 +0.0000 +0.0000 +0.0000 +0.0000 +0.0000 +0.0000 +0.0000 +0.0000 +0.0000 +0.0000 +0.0000 +0.0000 +0.0000 +0.0000 +0.0000 +0.0000 +0.0000 +0.0000 +0.0000 +0.0000 +0.0000 +0.0000 +0.0000 +0.0000 +0.0000 +0.0000 +0.0000 +0.0000 +0.0000 +0.0000 +0.0000 +0.0000 +0.0000 ;
+0.0000 +0.0000 +0.0000 +0.0000 +0.0000 +0.0000 +0.0000 +0.0000 +0.0000 +0.0000 +0.0000 +0.0000 +0.0000 +0.0000 +0.0000 +0.0000 +0.0000 +0.0000 +0.0000 +0.0000 +0.0000 +0.0000 +0.0000 +0.0000 +0.0000 +0.0000 +0.0000 +0.0000 +0.0000 +0.0000 +0.0000 +0.0000 +0.0000 +0.0000 +0.0000 +0.0000 +0.0000 +0.0000 +0.0000 +0.0000 +0.0000 +0.0000 +0.0000 +0.0000 +0.0000 +0.0000 +0.0000 +0.0000 +0.0000 +0.0000 +0.0000 +0.0000 +0.0000 +0.0000 +0.0000 +0.0000 +0.0000 +0.0000 +0.0000 +0.0000 +0.0000 +0.0000 +0.0000 +0.0000 +0.0000 +0.0000 +0.0000 +0.0000 +0.0000 +0.0000 ;
+0.0000 +0.0000 +0.0000 +0.0000 +0.0000 +0.0000 +0.0000 +0.0000 +0.0000 +0.0000 +0.0000 +0.0000 +0.0000 +0.0000 +0.0000 +0.0000 +0.0000 +0.0000 +0.0000 +0.0000 +0.0000 +0.0000 +0.0000 +0.0000 +0.0000 +0.0000 +0.0000 +0.0000 +0.0000 +0.0000 +0.0000 +0.0000 +0.0000 +0.0000 +0.0000 +0.0000 +0.0000 +0.0000 +0.0000 +0.0000 +0.0000 +0.0000 +0.0000 +0.0000 +0.0000 +0.0000 +0.0000 +0.0000 +0.0000 +0.0000 +0.0000 +0.0000 +0.0000 +0.0000 +0.0000 +0.0000 +0.0000 +0.0000 +0.0000 +0.0000 +0.0000 +0.0000 +0.0000 +0.0000 +0.0000 +0.0000 +0.0000 +0.0000 +0.0000 +0.0000 ;
+0.0000 +0.0000 +0.0000 +0.0000 +0.0000 +0.0000 +0.0000 +0.0000 +0.0000 +0.0000 +0.0000 +0.0000 +0.0000 +0.0000 +0.0000 +0.0000 +0.0000 +0.0000 +0.0000 +0.0000 +0.0000 +0.0000 +0.0000 +0.0000 +0.0000 +0.0000 +0.0000 +0.0000 +0.0000 +0.0000 +0.0000 +0.0000 +0.0000 +0.0000 +0.0000 +0.0000 +0.0000 +0.0000 +0.0000 +0.0000 +0.0000 +0.0000 +0.0000 +0.0000 +0.0000 +0.0000 +0.0000 +0.0000 +0.0000 +0.0000 +0.0000 +0.0000 +0.0000 +0.0000 +0.0000 +0.0000 +0.0000 +0.0000 +0.0000 +0.0000 +0.0000 +0.0000 +0.0000 +0.0000 +0.0000 +0.0000 +0.0000 +0.0000 +0.0000 +0.0000 ;
+0.0000 +0.0000 +0.0000 +0.0000 +0.0000 +0.0000 +0.0000 +0.0000 +0.0000 +0.0000 +0.0000 +0.0000 +0.0000 +0.0000 +0.0000 +0.0000 +0.0000 +0.0000 +0.0000 +0.0000 +0.0000 +0.0000 +0.0000 +0.0000 +0.0000 +0.0000 +0.0000 +0.0000 +0.0000 +0.0000 +0.0000 +0.0000 +0.0000 +0.0000 +0.0000 +0.0000 +0.0000 +0.0000 +0.0000 +0.0000 +0.0000 +0.0000 +0.0000 +0.0000 +0.0000 +0.0000 +0.0000 +0.0000 +0.0000 +0.0000 +0.0000 +0.0000 +0.0000 +0.0000 +0.0000 +0.0000 +0.0000 +0.0000 +0.0000 +0.0000 +0.0000 +0.0000 +0.0000 +0.0000 +0.0000 +0.0000 +0.0000 +0.0000 +0.0000 +0.0000 ;
+0.0000 +0.0000 +0.0000 +0.0000 +0.0000 +0.0000 +0.0000 +0.0000 +0.0000 +0.0000 +0.0000 +0.0000 +0.0000 +0.0000 +0.0000 +0.0000 +0.0000 +0.0000 +0.0000 +0.0000 +0.0000 +0.0000 +0.0000 +0.0000 +0.0000 +0.0000 +0.0000 +0.0000 +0.0000 +0.0000 +0.0000 +0.0000 +0.0000 +0.0000 +0.0000 +0.0000 +0.0000 +0.0000 +0.0000 +0.0000 +0.0000 +0.0000 +0.0000 +0.0000 +0.0000 +0.0000 +0.0000 +0.0000 +0.0000 +0.0000 +0.0000 +0.0000 +0.0000 +0.0000 +0.0000 +0.0000 +0.0000 +0.0000 +0.0000 +0.0000 +0.0000 +0.0000 +0.0000 +0.0000 +0.0000 +0.0000 +0.0000 +0.0000 +0.0000 +0.0000 ;
+0.0000 +0.0000 +0.0000 +0.0000 +0.0000 +0.0000 +0.0000 +0.0000 +0.0000 +0.0000 +0.0000 +0.0000 +0.0000 +0.0000 +0.0000 +0.0000 +0.0000 +0.0000 +0.0000 +0.0000 +0.0000 +0.0000 +0.0000 +0.0000 +0.0000 +0.0000 +0.0000 +0.0000 +0.0000 +0.0000 +0.0000 +0.0000 +0.0000 +0.0000 +0.0000 +0.0000 +0.0000 +0.0000 +0.0000 +0.0000 +0.0000 +0.0000 +0.0000 +0.0000 +0.0000 +0.0000 +0.0000 +0.0000 +0.0000 +0.0000 +0.0000 +0.0000 +0.0000 +0.0000 +0.0000 +0.0000 +0.0000 +0.0000 +0.0000 +0.0000 +0.0000 +0.0000 +0.0000 +0.0000 +0.0000 +0.0000 +0.0000 +0.0000 +0.0000 +0.0000 ;
+0.0000 +0.0000 +0.0000 +0.0000 +0.0000 +0.0000 +0.0000 +0.0000 +0.0000 +0.0000 +0.0000 +0.0000 +0.0000 +0.0000 +0.0000 +0.0000 +0.0000 +0.0000 +0.0000 +0.0000 +0.0000 +0.0000 +0.0000 +0.0000 +0.0000 +0.0000 +0.0000 +0.0000 +0.0000 +0.0000 +0.0000 +0.0000 +0.0000 +0.0000 +0.0000 +0.0000 +0.0000 +0.0000 +0.0000 +0.0000 +0.0000 +0.0000 +0.0000 +0.0000 +0.0000 +0.0000 +0.0000 +0.0000 +0.0000 +0.0000 +0.0000 +0.0000 +0.0000 +0.0000 +0.0000 +0.0000 +0.0000 +0.0000 +0.0000 +0.0000 +0.0000 +0.0000 +0.0000 +0.0000 +0.0000 +0.0000 +0.0000 +0.0000 +0.0000 +0.0000 ;
+0.0000 +0.0000 +0.0000 +0.0000 +0.0000 +0.0000 +0.0000 +0.0000 +0.0000 +0.0000 +0.0000 +0.0000 +0.0000 +0.0000 +0.0000 +0.0000 +0.0000 +0.0000 +0.0000 +0.0000 +0.0000 +0.0000 +0.0000 +0.0000 +0.0000 +0.0000 +0.0000 +0.0000 +0.0000 +0.0000 +0.0000 +0.0000 +0.0000 +0.0000 +0.0000 +0.0000 +0.0000 +0.0000 +0.0000 +0.0000 +0.0000 +0.0000 +0.0000 +0.0000 +0.0000 +0.0000 +0.0000 +0.0000 +0.0000 +0.0000 +0.0000 +0.0000 +0.0000 +0.0000 +0.0000 +0.0000 +0.0000 +0.0000 +0.0000 +0.0000 +0.0000 +0.0000 +0.0000 +0.0000 +0.0000 +0.0000 +0.0000 +0.0000 +0.0000 +0.0000 ;
+0.0000 +0.0335 -0.0000 -0.0000 -0.0000 -0.0000 -0.0000 +0.0000 -0.0000 -0.0000 -0.0000 +0.0000 +0.0000 +0.0000 +0.0000 +0.0746 +0.0042 +0.0993 +0.1592 +0.0836 +0.1120 +0.2342 +0.1070 +0.0413 +0.0936 -0.0162 +0.1708 +0.0595 +0.0804 +0.0000 +0.0000 +0.0000 +0.0000 -0.5977 -0.1428 +0.0000 +0.0000 +0.0000 +0.0000 +0.6419 +0.6419 +0.6401 +0.6296 +0.6419 +0.6434 +0.6321 +0.6367 +0.6369 +0.0000 -0.0000 +0.0000 +0.0000 -0.7097 -0.0000 -0.0000 +0.0000 -0.0000 -0.0000 -0.0000 +0.0000 +0.0000 -0.0000 +0.0000 +0.0000 +0.0000 -0.0000 +0.0000 +0.0000 +0.0000 +0.5012 ;
-0.2490 +0.0000 +0.0126 -0.0000 -0.0000 -0.0000 +0.0370 -0.0000 -0.0000 -0.0000 -0.0000 -0.0000 +0.0000 +0.1170 +0.0000 -0.0000 -0.0000 -0.0000 -0.0000 +0.0000 +0.0000 +0.0000 +0.0000 +0.0000 +0.0651 -0.0046 +0.0000 -0.0443 +0.0000 +0.0009 +0.0000 +0.0000 +0.0147 +0.0000 -0.1031 +0.2412 -0.0000 -0.1778 -0.3510 +0.6718 +0.6727 +0.6703 +0.6721 +0.6727 +0.6721 +0.0000 +0.0000 +0.6749 +0.0000 -0.1918 -0.0771 -0.0341 -0.2024 -0.1731 -0.0000 -0.1779 -0.0547 -0.1858 -0.0856 -0.0915 +0.0000 +0.0000 +0.0000 +0.0000 +0.0000 +0.0000 +0.0000 +0.0000 +0.0000 +0.4588 ;
-0.0014 +0.0000 -0.2251 +0.0242 -0.0396 +0.0842 +0.2188 -0.0950 +0.0068 +0.1072 +0.2232 +0.2063 +0.2264 +0.0000 +0.0000 +0.0137 -0.1822 -0.1262 -0.0809 +0.0000 +0.0000 +0.0000 +0.0000 +0.0000 +0.1279 -0.0364 +0.4211 +0.5080 -0.0005 +0.5311 +0.2144 -0.2130 +0.0000 +0.0496 +0.0000 +0.0944 -0.0313 +0.0975 +0.2687 +0.0000 +0.0000 +0.0000 +0.0000 +0.0000 +0.0000 +0.0000 +0.0000 +0.0000 +0.0000 -0.2348 -0.1249 -0.0024 -0.1122 -0.0534 -0.0867 -0.0500 +0.0000 -0.0023 -0.0024 -0.1121 +0.0000 +0.0000 +0.0030 +0.0000 +0.0000 -0.0097 +0.0000 -0.1443 +0.0000 -0.5037 ;
-0.0525 -0.1869 -0.0000 -0.0000 +0.0742 +0.1241 +0.0959 +0.1440 +0.1259 +0.0638 +0.0000 +0.1946 +0.0000 +0.0000 +0.1627 -0.2321 +0.0000 +0.0000 +0.0000 +0.0000 +0.0000 +0.0000 +0.0000 +0.0031 +0.0000 +0.0000 -0.1117 -0.1332 -0.0089 -0.0404 -0.0007 +0.0000 -0.3413 +0.0000 -0.1181 +0.0000 -0.0000 +0.0000 -0.4653 +0.0000 +0.3919 +0.3345 +0.5049 +0.4342 +0.3463 +0.4665 +0.4946 +0.0000 +0.0000 -0.0917 -0.0000 -0.0000 -0.4395 +0.0000 +0.0000 +0.0000 +0.0000 +0.0000 +0.0000 +0.0000 +0.0000 +0.0000 +0.0000 +0.0000 +0.0000 +0.0000 +0.0000 +0.0000 +0.0000 +0.2784 ;
-0.1008 +0.0000 -0.1877 -0.1872 -0.1318 -0.2477 +0.1048 +0.1130 -0.2668 -0.3443 +0.0000 +0.0000 +0.0000 +0.0000 +0.0000 +0.0000 +0.5620 +0.3939 -0.1018 +0.0856 -0.4974 -0.3271 +0.0000 +0.2842 -0.1377 -0.1427 +0.0660 -0.3521 +0.0000 +0.0000 +0.0000 +0.0000 +0.0000 -0.0000 -0.1123 -0.0000 +0.0000 +0.0000 -0.0000 +0.0000 +0.0000 +0.0000 +0.0000 +0.0000 +0.0000 +0.0000 +0.0000 +0.0000 +0.0000 -0.1372 -0.2593 -0.3386 -0.0694 -0.2458 +0.0000 -0.2841 -0.3062 -0.3287 -0.2103 +0.0000 +0.0000 +0.0000 +0.5836 +0.0000 +0.0000 -0.1847 -0.4024 +0.0000 -0.1513 -0.4196 ;
-0.1908 +0.0420 +0.0192 +0.0793 -0.0058 +0.0991 -0.0100 -0.1441 +0.2333 -0.0048 +0.1675 +0.1873 +0.0291 +0.2139 +0.0000 -0.2021 +0.1462 +0.0000 +0.2788 +0.2018 +0.1380 +0.1028 +0.0000 +0.1889 -0.1630 +0.2729 +0.2377 +0.0614 +0.0000 +0.0000 +0.0000 +0.0000 -0.3221 +0.4780 -0.0248 -0.2356 +0.0000 +0.0000 +0.0683 +0.2133 +0.0000 +0.0000 +0.0000 +0.0000 +0.0000 +0.0000 +0.0000 +0.0000 +0.0000 -0.1116 -0.0865 -0.0000 +0.0000 +0.0000 +0.0000 +0.0000 +0.0000 +0.0000 +0.0000 +0.0000 +0.0000 +0.0000 +0.0946 +0.0000 +0.0000 -0.0844 -0.0000 -0.0623 -0.1609 -0.1137 ;
-0.0471 +0.0136 -0.0000 -0.0000 -0.0000 -0.0000 -0.0000 -0.0000 -0.0000 -0.0000 +0.0000 -0.0000 -0.0000 +0.0000 +0.0000 -0.0000 +0.0258 -0.0000 -0.0000 -0.0000 -0.0000 +0.0000 +0.0000 +0.0000 +0.1131 +0.0886 -0.0000 -0.0000 -0.0000 -0.0044 -0.0011 -0.2227 -0.1779 +0.5830 +0.0000 +0.2999 +0.0000 +0.0000 +0.0000 +0.1763 +0.0000 +0.3402 +0.3917 +0.1902 +0.3611 +0.3250 +0.2962 +0.3529 +0.3227 -0.1445 -0.0000 -0.0000 +0.0000 -0.0000 -0.0000 -0.0000 -0.0000 -0.0000 -0.0000 -0.2633 +0.0000 +0.0000 +0.0000 +0.0000 +0.0000 -0.0000 +0.0000 -0.0000 -0.0394 -0.2863 ;
+0.0000 +0.0000 -0.0000 -0.0000 -0.0000 -0.0000 -0.0000 +0.0000 -0.0000 -0.0000 +0.0000 +0.0000 +0.0000 +0.0000 +0.0000 +0.0000 +0.0000 +0.0000 +0.0000 +0.0000 +0.0000 +0.0000 +0.0000 +0.0000 +0.0000 +0.0083 +0.0000 +0.0000 +0.0000 +0.0000 +0.0000 +0.0000 +0.0000 +0.0000 +0.0000 +0.0000 +0.0000 +0.0000 +0.0000 +0.0000 +0.7067 +0.7046 +0.7050 +0.7050 +0.7065 +0.7065 +0.7061 +0.0000 +0.7044 +0.0000 -0.0563 -0.0485 -0.1700 -0.0000 -0.0000 -0.0596 -0.0535 -0.0000 +0.0000 +0.0000 +0.0000 -0.0975 +0.0000 +0.0000 +0.0000 +0.0000 -0.0000 +0.0000 +0.0000 -0.5033 ;
-0.1278 +0.0000 -0.0000 -0.0000 -0.0000 -0.0000 -0.0000 -0.0000 -0.0000 +0.0000 +0.0000 +0.0000 +0.0000 +0.0000 +0.0000 +0.0000 +0.0000 +0.0000 +0.0000 +0.0000 +0.0000 +0.0000 +0.0000 +0.0000 +0.0000 -0.0360 +0.0000 +0.0597 +0.0000 +0.0321 +0.0232 +0.0000 +0.5826 -0.5718 +0.0657 +0.5508 -0.0000 +0.1368 +0.0000 +0.7059 +0.0000 +0.7055 +0.7052 +0.7061 +0.7059 +0.7065 +0.7043 +0.7059 +0.7061 -0.1088 -0.0119 -0.0000 -0.1859 -0.0000 -0.0000 -0.0090 -0.0291 +0.0000 -0.0062 +0.0000 -0.1853 +0.0000 +0.0000 +0.0000 +0.0000 -0.0000 -0.0000 +0.0000 +0.0000 -0.5033 ;
-0.1763 +0.0000 -0.0000 -0.0000 -0.0000 -0.0000 -0.0000 -0.0000 -0.0000 +0.0000 +0.0000 +0.0000 +0.0000 +0.0000 +0.0000 +0.0000 +0.0000 +0.0000 +0.0000 +0.0296 +0.0000 +0.0000 +0.0000 +0.0000 +0.0000 +0.0000 +0.0000 +0.0000 +0.0000 +0.0206 +0.1724 +0.1718 +0.5958 +0.0000 +0.2033 -0.0962 -0.0000 +0.0707 +0.0000 +0.7036 +0.7059 +0.0000 +0.7047 +0.7035 +0.7041 +0.7041 +0.7051 +0.7030 +0.0000 -0.1086 -0.1581 -0.0000 +0.0000 +0.0000 -0.1231 -0.0000 -0.0663 -0.0901 -0.1307 -0.1913 -0.2667 +0.0000 +0.0000 +0.0000 +0.0000 -0.0000 +0.0000 +0.0000 +0.0000 -0.5033 ;
-0.1851 -0.0478 -0.0000 -0.0000 -0.0000 -0.0000 -0.0000 -0.0000 -0.0000 -0.0000 +0.0000 +0.0000 +0.0000 +0.0000 +0.0000 +0.0000 +0.0000 -0.0312 +0.0000 +0.0000 +0.0000 +0.0000 +0.0000 +0.0000 +0.0000 -0.1453 +0.0000 +0.0613 +0.0665 +0.0000 +0.0000 +0.0000 +0.5504 +0.0110 +0.1666 +0.5944 -0.0000 +0.5412 +0.0000 +0.0000 +0.7067 +0.7057 +0.7041 +0.7064 +0.7042 +0.7055 +0.7041 +0.7061 +0.7054 -0.0948 -0.0000 +0.0000 +0.0000 -0.0000 +0.0000 -0.1686 -0.0820 -0.1640 -0.0797 -0.2205 -0.2124 +0.0000 +0.0000 +0.0000 +0.0000 -0.0000 -0.0000 +0.0000 +0.0000 -0.5033 ;
-0.0947 +0.0000 +0.0000 -0.0000 -0.0000 -0.0000 -0.0000 -0.0000 -0.0000 -0.0000 +0.0000 +0.0000 +0.0000 +0.0000 +0.0000 +0.0000 +0.0000 +0.0000 +0.0000 +0.0000 +0.0000 +0.0000 +0.0000 +0.0000 +0.0000 +0.0000 +0.0000 +0.0000 +0.0000 +0.0000 +0.0000 +0.0000 -0.0782 -0.5977 -0.0958 -0.0599 -0.0000 -0.1884 -0.0016 +0.7062 +0.7066 +0.7061 +0.7067 +0.0000 +0.7062 +0.7054 +0.7047 +0.7058 +0.0000 +0.0000 -0.0000 +0.0000 -0.3165 -0.0327 -0.0340 -0.0000 +0.0000 -0.0000 -0.0350 -0.1808 -0.0347 -0.0000 +0.0000 +0.0000 +0.0000 +0.0000 -0.0000 +0.0000 +0.0000 -0.5033 ;
+0.0000 +0.0000 +0.0000 +0.0000 +0.0000 -0.0000 -0.0000 -0.0000 -0.0000 -0.0000 -0.0000 -0.0000 +0.0000 +0.0000 +0.0000 +0.0000 +0.0000 +0.0000 +0.0000 +0.0000 +0.0000 +0.0000 +0.0000 +0.0000 +0.0000 +0.0000 +0.0130 -0.1016 +0.0000 +0.0800 +0.0000 +0.0000 +0.0000 +0.0000 +0.0000 +0.0000 +0.0000 +0.0631 +0.0000 +0.7066 +0.0000 +0.7049 +0.7065 +0.7046 +0.7037 +0.7042 +0.7058 +0.7059 +0.7047 +0.0000 -0.0000 -0.0631 -0.1016 -0.1395 +0.0000 -0.0505 -0.0000 -0.0340 -0.0219 -0.1522 -0.2439 +0.0000 +0.0000 +0.0000 +0.0000 +0.0000 -0.0000 -0.0000 +0.0000 -0.5033 ;
-0.2110 -0.1475 +0.0000 +0.0000 +0.0000 -0.0000 -0.0000 -0.0000 -0.0000 -0.0000 -0.0000 -0.0000 -0.0000 +0.0012 +0.0035 +0.0000 +0.0000 +0.0000 +0.0000 -0.0000 +0.0000 +0.0446 +0.0000 +0.0000 +0.0000 +0.0000 +0.0000 +0.0000 +0.0000 +0.0000 +0.0122 +0.1441 +0.5964 +0.0300 +0.2582 +0.5613 -0.0000 +0.5159 +0.0000 +0.0000 +0.0000 +0.7065 +0.7057 +0.7050 +0.7056 +0.7045 +0.7064 +0.7060 +0.7061 +0.0000 -0.0931 -0.0000 -0.2725 -0.0393 -0.0000 -0.1115 -0.0504 -0.0000 -0.0000 +0.0000 +0.0000 +0.0000 +0.0000 +0.0000 +0.0000 +0.0000 -0.0000 +0.0000 +0.0000 -0.5033 ;
-0.1944 +0.0000 +0.0000 +0.0000 +0.0000 +0.0000 +0.0000 -0.0000 -0.0000 -0.0000 +0.0000 -0.0000 -0.0000 -0.0003 -0.0007 +0.0000 +0.0000 +0.0000 +0.0000 +0.0000 +0.0000 +0.0000 +0.0000 +0.0000 +0.0000 +0.0000 +0.0000 +0.0501 +0.0000 -0.1751 +0.0000 +0.0000 +0.5940 +0.0000 -0.1116 -0.0598 -0.0000 -0.1781 +0.0000 +0.0000 +0.7065 +0.7040 +0.7060 +0.7058 +0.7046 +0.7067 +0.7037 +0.7056 +0.7067 +0.0000 -0.1521 -0.0620 +0.0000 -0.0014 -0.0000 -0.0000 -0.0782 +0.0000 -0.0000 -0.3202 -0.0942 -0.1423 +0.0000 +0.0000 +0.0000 +0.0000 -0.0000 -0.0000 +0.0000 -0.5033 ;
-0.2359 +0.0000 +0.0000 +0.0000 +0.0000 +0.0000 +0.0000 +0.0000 -0.0000 -0.0000 -0.0000 -0.0000 -0.0000 -0.0003 -0.0007 +0.0000 +0.0000 +0.0000 +0.0000 +0.0000 +0.0352 +0.0102 +0.0000 +0.0504 +0.0000 +0.0000 +0.0000 +0.0860 +0.0000 +0.0000 +0.0213 +0.0381 +0.4997 -0.5165 +0.2065 +0.5107 -0.0000 +0.0087 +0.0000 +0.0000 +0.7036 +0.0000 +0.7040 +0.7042 +0.7040 +0.7048 +0.7059 +0.7021 +0.7032 +0.0000 +0.0000 +0.0000 -0.1370 -0.0214 -0.0000 -0.0049 -0.1242 -0.1167 -0.1005 -0.1187 -0.0792 -0.1097 +0.0000 +0.0000 +0.0000 +0.0000 +0.0000 -0.0000 +0.0000 -0.5033 ;
-0.0938 -0.1251 +0.0000 +0.0000 +0.0000 +0.0000 +0.0000 -0.0000 -0.0000 -0.0000 -0.0000 -0.0000 -0.0000 -0.0003 -0.0007 +0.0000 +0.0000 -0.1012 +0.0000 +0.0000 +0.0000 +0.0000 +0.0555 +0.0507 +0.0000 +0.0000 +0.0344 +0.0000 +0.0000 +0.0018 -0.1199 +0.0000 -0.0787 +0.0315 +0.0651 -0.0982 -0.0000 +0.0645 +0.0478 +0.0000 +0.7063 +0.7046 +0.7065 +0.7056 +0.7045 +0.7059 +0.7063 +0.7056 +0.7044 -0.0272 +0.0000 -0.0691 -0.1194 +0.0000 -0.0000 -0.0000 -0.0192 -0.0066 -0.0397 -0.2827 -0.2472 +0.0000 +0.0000 +0.0000 +0.0000 +0.0000 +0.0000 -0.0000 -0.0021 -0.5033 ;
+0.0000 +0.0000 -0.1419 +0.0155 +0.0349 +0.0190 -0.1563 +0.0854 -0.0770 -0.2034 +0.1564 +0.2394 -0.0410 +0.2215 +0.0000 +0.0000 +0.0000 +0.0000 +0.0000 -0.3651 +0.0000 +0.0000 +0.0000 +0.0000 -0.0909 -0.1194 +0.2979 +0.5032 +0.5098 +0.0000 +0.0000 +0.0000 +0.0000 -0.0000 +0.0000 +0.0000 +0.0000 +0.0000 +0.0000 +0.0454 +0.0000 +0.0000 +0.0825 +0.0000 +0.0000 +0.0000 +0.0000 +0.1149 +0.0000 +0.0000 -0.2037 -0.2453 -0.0176 -0.2094 -0.1129 -0.3032 -0.2628 -0.0994 -0.0978 -0.1613 +0.0000 +0.0000 +0.0000 +0.0000 +0.0000 -0.1017 -0.4232 +0.0000 +0.0000 -0.5033 ;
-0.0236 -0.2189 +0.0021 +0.1025 -0.2364 -0.2331 +0.1793 -0.1306 +0.0338 -0.0230 -0.2698 -0.0445 +0.0000 +0.0000 +0.0000 +0.0000 +0.0000 +0.0000 +0.0000 +0.0000 +0.0000 +0.0000 -0.3578 +0.0000 +0.0761 +0.1560 +0.0193 +0.4450 +0.3674 +0.0000 +0.0000 +0.0000 +0.0000 -0.0000 +0.1549 +0.0000 -0.5804 -0.0232 +0.0000 +0.0000 +0.0000 +0.0000 +0.0000 +0.0000 +0.0000 +0.0000 +0.0000 +0.0000 +0.0000 -0.1814 +0.0000 -0.2611 -0.0126 -0.4619 -0.2750 -0.2723 -0.2342 -0.4218 -0.3748 -0.0000 -0.0502 +0.0000 +0.2566 +0.0000 +0.0000 -0.3337 -0.6412 -0.6062 +0.0000 -0.5033 ;
-0.0265 -0.0622 -0.1603 -0.0986 -0.2379 +0.1270 +0.1543 -0.0300 -0.0104 -0.1136 +0.0180 -0.0138 +0.0072 -0.2632 +0.0000 -0.4975 +0.3708 +0.0000 +0.0000 +0.0000 +0.0000 -0.2742 +0.0000 +0.0000 +0.1072 +0.1501 +0.0149 -0.0709 +0.3951 +0.0000 +0.0000 +0.0000 +0.0000 -0.0000 +0.0000 -0.0000 -0.0149 -0.0000 +0.0000 +0.0000 +0.0000 +0.0000 +0.0000 +0.0000 +0.0000 +0.0000 +0.0000 +0.0000 +0.0000 -0.1547 -0.3643 +0.0000 -0.0000 -0.2722 -0.3422 -0.3360 -0.3854 -0.3324 -0.3143 -0.0000 +0.0000 +0.0000 +0.0000 +0.0000 +0.0000 -0.4093 -0.6586 -0.5605 +0.0000 -0.5033 ;
-0.0216 -0.0000 +0.0435 +0.1062 +0.1844 +0.1338 +0.0004 +0.1222 -0.0887 +0.1296 +0.2147 +0.1285 +0.0662 +0.0000 -0.1623 -0.0000 +0.0000 +0.0000 +0.0000 +0.0000 +0.0000 +0.0000 +0.0000 +0.0000 +0.0562 +0.0039 +0.0422 +0.0548 +0.0742 +0.0000 +0.0000 +0.0000 +0.0000 +0.0223 -0.1517 +0.0000 -0.0000 -0.3064 +0.6345 +0.4081 +0.3615 +0.3297 +0.4567 +0.4927 +0.4822 +0.3451 +0.4051 +0.0000 +0.0000 -0.1006 +0.0000 -0.0253 -0.2239 -0.0000 -0.0000 -0.0234 -0.0000 -0.0000 -0.0000 -0.2605 -0.1675 +0.0000 +0.0695 +0.0000 +0.0000 -0.0000 -0.0000 +0.0000 +0.0000 -0.5033 ;
-0.0262 -0.2390 +0.0359 -0.3050 +0.1435 +0.0620 -0.1974 -0.0205 -0.0855 +0.1745 +0.1491 +0.0451 -0.1523 -0.1001 +0.0000 +0.0000 +0.0000 +0.0000 +0.0000 -0.4327 +0.0000 +0.0000 +0.0000 +0.0000 -0.1650 +0.0739 +0.0915 +0.3091 +0.3092 +0.0000 +0.0000 +0.0000 +0.0000 -0.0000 +0.0044 +0.0000 -0.6223 +0.0000 +0.0000 +0.0000 +0.0000 +0.0000 +0.0000 +0.0000 +0.0000 +0.0000 +0.0000 +0.0000 +0.0000 -0.3075 -0.4486 -0.2494 -0.0000 +0.0000 -0.3127 -0.2949 -0.3086 -0.4177 -0.3015 -0.0000 +0.0000 +0.0000 +0.0000 +0.0000 +0.0000 -0.2950 -0.6623 -0.5975 +0.0000 -0.5033 ;
-0.0258 -0.2248 +0.1425 +0.0007 +0.0199 -0.0896 -0.1502 -0.0199 +0.0858 -0.0591 +0.0213 -0.0325 -0.0407 +0.0000 -0.0711 +0.0000 +0.0000 +0.3960 -0.5286 +0.0000 -0.3298 +0.0000 +0.0000 +0.0000 +0.3851 -0.0504 -0.1657 -0.0263 +0.3118 +0.0000 +0.0000 +0.0000 +0.0000 -0.0000 -0.0450 -0.0000 -0.0018 -0.0000 +0.0000 +0.0000 +0.0000 +0.0000 +0.0000 +0.0000 +0.0000 +0.0000 +0.0000 +0.0000 +0.0000 -0.3158 -0.2863 -0.4295 -0.0083 -0.5118 +0.0000 -0.2599 -0.3788 -0.3421 -0.4526 -0.0000 -0.1066 +0.0000 +0.2034 +0.0000 +0.0000 -0.3645 -0.6642 -0.6292 +0.0000 -0.5033 ;
-0.1625 +0.0757 +0.0000 +0.2016 -0.1271 -0.0492 -0.1288 -0.1083 +0.0801 +0.0790 -0.2694 +0.1195 -0.1029 -0.2236 +0.0000 +0.0000 +0.0000 +0.0000 +0.0000 +0.0000 +0.0000 -0.2888 +0.0000 +0.0000 +0.0000 +0.2122 +0.0919 +0.0764 +0.3515 +0.2391 +0.0000 +0.0000 -0.0000 -0.0000 +0.1795 +0.0000 +0.0000 +0.1433 -0.0000 +0.0000 +0.0000 +0.0000 +0.0000 +0.0000 +0.0000 +0.0000 +0.0000 +0.0000 +0.0000 +0.0000 -0.2125 -0.1912 -0.0235 -0.2105 -0.2143 +0.0000 -0.2416 -0.2570 -0.4119 -0.0352 -0.0736 +0.0000 +0.0000 +0.0000 +0.0000 -0.2897 -0.5885 +0.0000 +0.0000 -0.5033 ;
-0.0247 -0.0819 +0.0000 -0.1506 +0.0000 +0.0508 +0.1685 -0.0303 +0.0020 +0.1346 +0.0605 -0.1133 -0.0098 -0.0892 -0.0411 +0.0000 +0.0000 +0.0000 -0.3432 -0.0161 +0.0000 +0.0000 +0.0000 +0.0000 +0.0000 +0.3325 +0.1325 +0.2203 +0.1833 +0.0725 +0.0000 +0.0000 +0.0000 -0.0000 -0.1769 -0.0000 +0.0114 -0.0000 +0.0000 +0.0000 +0.0000 +0.0000 +0.0000 +0.0000 +0.0000 +0.0000 +0.0000 +0.0000 +0.0000 +0.0000 -0.2617 -0.4142 -0.0350 -0.3242 -0.4764 -0.3007 +0.0000 -0.3192 -0.2365 -0.0000 -0.0000 -0.3195 +0.0000 +0.2271 +0.0000 -0.2173 -0.6499 -0.6055 +0.0000 -0.5033 ;
-0.0246 -0.1715 +0.0000 +0.0000 -0.2600 -0.0002 -0.0025 +0.1883 +0.0847 +0.1123 -0.0864 -0.0347 +0.0279 -0.0435 -0.1779 +0.0000 +0.0000 +0.0000 +0.0000 +0.0000 -0.3371 +0.0000 +0.0000 +0.0000 +0.0000 +0.0000 +0.2870 +0.0164 -0.1307 +0.1832 +0.2244 +0.0000 +0.0000 -0.0000 +0.0045 +0.0000 -0.6041 +0.0000 +0.0000 +0.0000 +0.0000 +0.0000 +0.0000 +0.0000 +0.0000 +0.0000 +0.0000 +0.0000 +0.0000 +0.0000 +0.0000 +0.0000 -0.0000 -0.2943 -0.2324 -0.2775 -0.3360 -0.1766 -0.3226 -0.0000 -0.0460 -0.3185 +0.0000 +0.0000 +0.0000 -0.3832 -0.6287 -0.5982 +0.0000 -0.5033 ;
-0.1626 -0.0801 +0.0000 +0.0000 -0.0550 -0.0807 -0.0055 -0.1830 +0.1602 -0.0485 +0.0129 +0.1966 -0.2594 -0.2632 -0.1216 +0.0000 +0.0000 +0.0000 +0.0000 +0.0000 +0.0000 +0.0000 -0.3370 +0.0000 +0.0000 +0.0000 +0.0000 +0.3460 +0.0521 +0.1044 +0.1485 +0.1264 +0.0000 -0.0000 -0.0348 +0.0000 -0.6066 -0.0000 +0.0000 +0.0000 +0.0000 +0.0000 +0.0000 +0.0000 +0.0000 +0.0000 +0.0000 +0.0000 +0.0000 +0.0000 +0.0000 -0.4095 -0.0000 -0.3350 -0.3647 -0.4285 -0.4586 -0.3321 -0.2564 -0.0000 -0.1043 -0.3359 +0.0000 +0.4362 +0.0000 +0.0000 -0.6542 -0.6124 +0.0000 -0.5033 ;
-0.0209 -0.0554 +0.0000 +0.1325 +0.1014 +0.0141 +0.0000 +0.1402 +0.2025 +0.1445 -0.1695 +0.0496 +0.1868 +0.0332 +0.0978 +0.0000 +0.0000 +0.0000 +0.0000 +0.0000 -0.0000 +0.0000 +0.0000 -0.0025 +0.0000 +0.0000 +0.0000 +0.1030 -0.0793 +0.0652 -0.0285 +0.2527 +0.7026 -0.6803 +0.0000 -0.4161 -0.0000 -0.3256 +0.0000 +0.5213 +0.5253 +0.3564 +0.0000 +0.0000 +0.4703 +0.5282 +0.3429 +0.4044 +0.0000 +0.0000 +0.0000 -0.0000 +0.0000 -0.0000 -0.0000 -0.0000 -0.0000 -0.0000 -0.0000 -0.2409 -0.2641 -0.0000 +0.0000 +0.0000 +0.0000 +0.0000 -0.0000 -0.0000 -0.0023 -0.5033 ;
-0.0007 -0.0540 -0.1890 +0.0497 +0.0006 +0.0000 +0.0000 -0.0860 -0.0139 +0.1000 +0.0277 -0.1768 +0.0161 +0.0967 -0.0161 -0.0000 +0.0000 +0.0000 +0.0000 +0.0000 +0.0000 +0.0000 +0.0000 +0.0000 +0.0000 +0.0000 +0.0000 +0.1329 +0.0548 -0.0062 -0.1607 +0.0011 +0.0000 -0.2784 +0.0318 +0.0000 -0.0048 -0.1416 +0.0000 +0.2748 +0.0000 +0.0000 +0.0000 +0.2980 +0.2163 +0.2023 +0.2449 +0.3189 +0.2424 +0.0000 +0.0000 -0.1486 -0.2303 -0.1666 -0.0000 -0.0000 -0.0544 -0.0866 -0.0911 -0.1985 -0.0415 -0.0000 +0.0000 +0.0000 +0.0000 +0.0000 -0.0000 -0.0000 -0.0415 -0.5033 ;
-0.2140 +0.0926 +0.1431 -0.2483 -0.0103 +0.0496 -0.2167 -0.2138 -0.0785 -0.1331 -0.0898 -0.0346 -0.0675 -0.0909 +0.1394 +0.0000 -0.3213 +0.0000 +0.0000 -0.3304 +0.0000 +0.0000 +0.4075 +0.0000 +0.0000 +0.0000 +0.3818 +0.1514 +0.3009 -0.0777 +0.1183 -0.2031 -0.0000 -0.0000 -0.0772 -0.0000 -0.0088 -0.0000 -0.0000 +0.0000 +0.0000 +0.0000 +0.0000 +0.0000 +0.0000 +0.0000 +0.0000 +0.0000 +0.0000 +0.0000 -0.3522 -0.2853 -0.0000 -0.3147 -0.3327 -0.2829 -0.4382 -0.2679 -0.4716 -0.0000 -0.0762 +0.0000 +0.0000 +0.0000 +0.3269 +0.0000 -0.6629 -0.6183 -0.1783 -0.5033 ;
+0.0000 +0.0000 -0.0345 -0.1818 +0.3461 +0.3561 +0.0972 -0.0520 +0.1777 +0.0000 +0.0000 +0.0000 +0.0000 +0.0000 -0.2291 +0.0384 +0.1872 +0.1815 +0.0756 +0.2168 +0.1982 +0.0000 +0.0000 +0.0000 +0.0809 -0.1109 -0.0770 -0.1241 -0.1835 -0.1022 -0.1707 -0.1243 +0.0000 +0.0000 +0.0000 +0.0000 +0.0000 +0.0000 +0.0000 +0.0000 +0.0000 +0.0000 +0.0000 +0.0000 +0.0000 +0.0000 +0.0000 +0.0000 +0.0000 -0.1894 +0.0000 +0.0000 +0.0000 +0.0000 +0.0000 +0.0000 +0.0000 +0.0000 +0.0000 +0.0000 +0.0000 +0.0000 +0.0000 +0.0000 +0.3957 -0.2084 -0.5405 -0.4374 +0.0000 -0.3569 ;
+0.0000 +0.1161 -0.4855 -0.5091 -0.2321 -0.2652 +0.0000 +0.0000 +0.2410 +0.2873 -0.2489 +0.0000 +0.3434 +0.0000 +0.3195 +0.1533 +0.0091 -0.1183 +0.0847 +0.1444 +0.1567 +0.0000 +0.0000 +0.0000 -0.2194 -0.2384 +0.2093 +0.2152 -0.1663 -0.2131 -0.1655 -0.1225 +0.0000 +0.0000 -0.1067 -0.0000 -0.1127 +0.0000 -0.0000 +0.0000 +0.0000 +0.0000 +0.0000 +0.0000 +0.0000 +0.0000 +0.0000 +0.0000 +0.0000 +0.0000 +0.0000 +0.0000 -0.0000 +0.0000 +0.0000 +0.0000 +0.0000 +0.0000 +0.0000 +0.0000 +0.0000 +0.0000 +0.0000 +0.0000 +0.4691 -0.4760 -0.6575 -0.6190 -0.4058 -0.3569 ;
-0.1575 -0.0623 +0.3371 +0.0000 +0.0000 +0.0000 -0.5356 -0.0283 -0.1777 -0.1335 -0.2217 +0.2801 +0.2218 +0.0000 +0.0000 +0.0000 +0.0000 +0.0000 -0.1429 -0.0793 +0.0753 +0.2743 +0.0623 +0.2618 -0.1001 -0.1602 -0.1217 -0.0420 -0.0782 -0.1105 -0.1181 -0.2121 -0.0000 -0.0000 -0.0003 -0.0000 -0.1970 -0.0000 -0.0000 +0.0000 +0.0000 +0.0000 +0.0000 +0.0000 +0.0000 +0.0000 +0.0000 +0.0000 +0.0000 +0.0000 +0.0000 +0.0000 +0.0000 +0.0000 +0.0000 +0.0000 -0.3714 -0.2825 +0.0000 +0.0000 +0.0000 +0.0000 +0.3761 +0.2696 +0.0000 -0.4175 -0.6583 -0.6148 -0.1661 -0.3569 ;
+0.0000 -0.1325 -0.0386 +0.0000 -0.1034 -0.1846 -0.1861 -0.1288 -0.0569 -0.1556 -0.0827 -0.1341 +0.0000 +0.0000 -0.1872 -0.0547 -0.0816 +0.1922 -0.1041 -0.0264 +0.1786 +0.1975 +0.0000 +0.0000 +0.0021 -0.0832 +0.1395 -0.0913 -0.0376 +0.1057 -0.0798 -0.0204 +0.0000 +0.0000 +0.0000 +0.0000 +0.0000 +0.0000 +0.0000 +0.0000 +0.0000 +0.0012 +0.1812 +0.1873 +0.0858 +0.0000 +0.0000 +0.0000 +0.0000 -0.1407 -0.1127 +0.0000 +0.0000 +0.0000 +0.0000 +0.0000 +0.0000 +0.0000 +0.0000 +0.0000 +0.0000 +0.0000 +0.0483 +0.1342 +0.0000 +0.0000 -0.1880 -0.1613 +0.0000 -0.3569 ;
-0.1588 +0.0343 -0.4237 -0.4718 -0.1511 -0.3782 -0.3111 -0.5096 -0.3649 -0.4082 -0.4274 -0.5128 -0.5195 +0.0000 +0.0000 -0.2058 -0.2455 -0.0472 -0.1178 -0.3963 -0.2635 +0.0000 +0.0307 +0.0000 -0.0851 +0.3078 -0.1416 -0.0798 -0.0153 +0.0753 +0.0481 -0.0476 +0.0000 +0.0000 +0.1108 -0.1757 +0.6703 +0.0000 -0.0000 +0.0000 +0.0944 +0.0680 +0.0251 +0.1152 +0.0000 +0.0000 +0.0000 +0.0000 +0.0000 -0.2914 +0.0000 -0.5506 +0.0000 +0.0000 +0.0000 +0.0000 +0.0000 +0.0000 +0.0000 +0.0000 +0.0000 +0.0000 +0.2036 +0.2836 +0.1925 -0.3300 +0.0000 -0.4851 -0.1176 -0.3569 ;
-0.1041 -0.2141 -0.1611 -0.3075 -0.1890 +0.0000 -0.3650 -0.2992 -0.1204 +0.0000 -0.2219 -0.2462 -0.3460 -0.2525 -0.3453 +0.0000 -0.1691 -0.2268 -0.1074 -0.1679 -0.3425 -0.1834 +0.0000 +0.0000 -0.0026 -0.0770 +0.1048 -0.0216 +0.1222 +0.0560 +0.2390 +0.3171 +0.0000 +0.0000 +0.0000 -0.1588 +0.0000 +0.0000 +0.0000 +0.0000 +0.1613 +0.0000 +0.1682 +0.0000 +0.0000 +0.1250 +0.1609 +0.0000 +0.0000 +0.0000 +0.0000 +0.0000 +0.0000 +0.0000 -0.5327 -0.4157 +0.0000 +0.0000 +0.0000 +0.0000 +0.0000 +0.0000 +0.0549 +0.2960 +0.1755 -0.2859 -0.4600 +0.0000 -0.2009 -0.3569 ;
-0.0536 -0.0966 +0.0000 +0.0000 -0.1070 -0.0032 -0.0000 -0.2056 -0.0434 -0.1928 -0.0894 +0.0035 -0.0432 -0.1111 -0.0005 +0.0000 +0.0000 +0.0000 +0.1510 +0.0364 -0.0085 +0.1989 -0.1911 -0.1174 -0.1572 -0.0946 -0.1683 -0.0000 -0.0158 -0.0136 -0.0416 +0.0005 +0.0633 +0.0031 +0.0004 +0.0846 -0.0492 +0.1491 -0.0806 +0.0000 +0.0000 +0.0000 +0.0000 +0.0000 +0.1067 +0.1512 +0.1655 +0.1904 +0.0000 -0.1201 +0.0000 +0.0000 +0.0000 +0.0000 +0.0000 +0.0000 +0.0000 -0.1916 +0.0000 +0.0000 +0.0000 -0.2586 +0.2075 +0.2650 +0.2490 -0.0741 -0.2009 -0.1519 +0.0000 -0.3569 ;
+0.0000 +0.0000 +0.0000 +0.0000 +0.0000 +0.0000 +0.0000 +0.0000 +0.0000 +0.0000 +0.0000 +0.0000 +0.0000 +0.0000 +0.0000 +0.0000 +0.0000 +0.0000 +0.0000 +0.0000 +0.0000 +0.0000 +0.0000 +0.0000 +0.0000 +0.0000 +0.0000 +0.0000 +0.0000 +0.0000 +0.0000 +0.0000 +0.0000 +0.0000 +0.0000 +0.0000 +0.0000 +0.0000 +0.0000 +0.0000 +0.0000 +0.0000 +0.0000 +0.0000 +0.0000 +0.0000 +0.0000 +0.0000 +0.0000 +0.0000 +0.0000 +0.0000 +0.0000 +0.0000 +0.0000 +0.0000 +0.0000 +0.0000 +0.0000 +0.0000 +0.0000 +0.0000 +0.0000 +0.0000 +0.0000 +0.0000 +0.0000 +0.0000 +0.0000 +0.0000 ;
