brain 22857 fitness=1.20792 numneurons+1=49 maxWeight=8 maxBias=8 redinput=2-4 greeninput=5-12 blueinput=13-22
+0.0000 +0.0000 +0.0000 +0.0000 +0.0000 +0.0000 +0.0000 +0.0000 +0.0000 +0.0000 +0.0000 +0.0000 +0.0000 +0.0000 +0.0000 +0.0000 +0.0000 +0.0000 +0.0000 +0.0000 +0.0000 +0.0000 +0.0000 +0.0000 +0.0000 +0.0000 +0.0000 +0.0000 +0.0000 +0.0000 +0.0000 +0.0000 +0.0000 +0.0000 +0.0000 +0.0000 +0.0000 +0.0000 +0.0000 +0.0000 +0.0000 +0.0000 +0.0000 +0.0000 +0.0000 +0.0000 +0.0000 +0.0000 +0.0000 ;
+0.0000 +0.0000 +0.0000 +0.0000 +0.0000 +0.0000 +0.0000 +0.0000 +0.0000 +0.0000 +0.0000 +0.0000 +0.0000 +0.0000 +0.0000 +0.0000 +0.0000 +0.0000 +0.0000 +0.0000 +0.0000 +0.0000 +0.0000 +0.0000 +0.0000 +0.0000 +0.0000 +0.0000 +0.0000 +0.0000 +0.0000 +0.0000 +0.0000 +0.0000 +0.0000 +0.0000 +0.0000 +0.0000 +0.0000 +0.0000 +0.0000 +0.0000 +0.0000 +0.0000 +0.0000 +0.0000 +0.0000 +0.0000 +0.0000 ;
+0.0000 +0.0000 +0.0000 +0.0000 +0.0000 +0.0000 +0.0000 +0.0000 +0.0000 +0.0000 +0.0000 +0.0000 +0.0000 +0.0000 +0.0000 +0.0000 +0.0000 +0.0000 +0.0000 +0.0000 +0.0000 +0.0000 +0.0000 +0.0000 +0.0000 +0.0000 +0.0000 +0.0000 +0.0000 +0.0000 +0.0000 +0.0000 +0.0000 +0.0000 +0.0000 +0.0000 +0.0000 +0.0000 +0.0000 +0.0000 +0.0000 +0.0000 +0.0000 +0.0000 +0.0000 +0.0000 +0.0000 +0.0000 +0.0000 ;
+0.0000 +0.0000 +0.0000 +0.0000 +0.0000 +0.0000 +0.0000 +0.0000 +0.0000 +0.0000 +0.0000 +0.0000 +0.0000 +0.0000 +0.0000 +0.0000 +0.0000 +0.0000 +0.0000 +0.0000 +0.0000 +0.0000 +0.0000 +0.0000 +0.0000 +0.0000 +0.0000 +0.0000 +0.0000 +0.0000 +0.0000 +0.0000 +0.0000 +0.0000 +0.0000 +0.0000 +0.0000 +0.0000 +0.0000 +0.0000 +0.0000 +0.0000 +0.0000 +0.0000 +0.0000 +0.0000 +0.0000 +0.0000 +0.0000 ;
+0.0000 +0.0000 +0.0000 +0.0000 +0.0000 +0.0000 +0.0000 +0.0000 +0.0000 +0.0000 +0.0000 +0.0000 +0.0000 +0.0000 +0.0000 +0.0000 +0.0000 +0.0000 +0.0000 +0.0000 +0.0000 +0.0000 +0.0000 +0.0000 +0.0000 +0.0000 +0.0000 +0.0000 +0.0000 +0.0000 +0.0000 +0.0000 +0.0000 +0.0000 +0.0000 +0.0000 +0.0000 +0.0000 +0.0000 +0.0000 +0.0000 +0.0000 +0.0000 +0.0000 +0.0000 +0.0000 +0.0000 +0.0000 +0.0000 ;
+0.0000 +0.0000 +0.0000 +0.0000 +0.0000 +0.0000 +0.0000 +0.0000 +0.0000 +0.0000 +0.0000 +0.0000 +0.0000 +0.0000 +0.0000 +0.0000 +0.0000 +0.0000 +0.0000 +0.0000 +0.0000 +0.0000 +0.0000 +0.0000 +0.0000 +0.0000 +0.0000 +0.0000 +0.0000 +0.0000 +0.0000 +0.0000 +0.0000 +0.0000 +0.0000 +0.0000 +0.0000 +0.0000 +0.0000 +0.0000 +0.0000 +0.0000 +0.0000 +0.0000 +0.0000 +0.0000 +0.0000 +0.0000 +0.0000 ;
+0.0000 +0.0000 +0.0000 +0.0000 +0.0000 +0.0000 +0.0000 +0.0000 +0.0000 +0.0000 +0.0000 +0.0000 +0.0000 +0.0000 +0.0000 +0.0000 +0.0000 +0.0000 +0.0000 +0.0000 +0.0000 +0.0000 +0.0000 +0.0000 +0.0000 +0.0000 +0.0000 +0.0000 +0.0000 +0.0000 +0.0000 +0.0000 +0.0000 +0.0000 +0.0000 +0.0000 +0.0000 +0.0000 +0.0000 +0.0000 +0.0000 +0.0000 +0.0000 +0.0000 +0.0000 +0.0000 +0.0000 +0.0000 +0.0000 ;
+0.0000 +0.0000 +0.0000 +0.0000 +0.0000 +0.0000 +0.0000 +0.0000 +0.0000 +0.0000 +0.0000 +0.0000 +0.0000 +0.0000 +0.0000 +0.0000 +0.0000 +0.0000 +0.0000 +0.0000 +0.0000 +0.0000 +0.0000 +0.0000 +0.0000 +0.0000 +0.0000 +0.0000 +0.0000 +0.0000 +0.0000 +0.0000 +0.0000 +0.0000 +0.0000 +0.0000 +0.0000 +0.0000 +0.0000 +0.0000 +0.0000 +0.0000 +0.0000 +0.0000 +0.0000 +0.0000 +0.0000 +0.0000 +0.0000 ;
+0.0000 +0.0000 +0.0000 +0.0000 +0.0000 +0.0000 +0.0000 +0.0000 +0.0000 +0.0000 +0.0000 +0.0000 +0.0000 +0.0000 +0.0000 +0.0000 +0.0000 +0.0000 +0.0000 +0.0000 +0.0000 +0.0000 +0.0000 +0.0000 +0.0000 +0.0000 +0.0000 +0.0000 +0.0000 +0.0000 +0.0000 +0.0000 +0.0000 +0.0000 +0.0000 +0.0000 +0.0000 +0.0000 +0.0000 +0.0000 +0.0000 +0.0000 +0.0000 +0.0000 +0.0000 +0.0000 +0.0000 +0.0000 +0.0000 ;
+0.0000 +0.0000 +0.0000 +0.0000 +0.0000 +0.0000 +0.0000 +0.0000 +0.0000 +0.0000 +0.0000 +0.0000 +0.0000 +0.0000 +0.0000 +0.0000 +0.0000 +0.0000 +0.0000 +0.0000 +0.0000 +0.0000 +0.0000 +0.0000 +0.0000 +0.0000 +0.0000 +0.0000 +0.0000 +0.0000 +0.0000 +0.0000 +0.0000 +0.0000 +0.0000 +0.0000 +0.0000 +0.0000 +0.0000 +0.0000 +0.0000 +0.0000 +0.0000 +0.0000 +0.0000 +0.0000 +0.0000 +0.0000 +0.0000 ;
+0.0000 +0.0000 +0.0000 +0.0000 +0.0000 +0.0000 +0.0000 +0.0000 +0.0000 +0.0000 +0.0000 +0.0000 +0.0000 +0.0000 +0.0000 +0.0000 +0.0000 +0.0000 +0.0000 +0.0000 +0.0000 +0.0000 +0.0000 +0.0000 +0.0000 +0.0000 +0.0000 +0.0000 +0.0000 +0.0000 +0.0000 +0.0000 +0.0000 +0.0000 +0.0000 +0.0000 +0.0000 +0.0000 +0.0000 +0.0000 +0.0000 +0.0000 +0.0000 +0.0000 +0.0000 +0.0000 +0.0000 +0.0000 +0.0000 ;
+0.0000 +0.0000 +0.0000 +0.0000 +0.0000 +0.0000 +0.0000 +0.0000 +0.0000 +0.0000 +0.0000 +0.0000 +0.0000 +0.0000 +0.0000 +0.0000 +0.0000 +0.0000 +0.0000 +0.0000 +0.0000 +0.0000 +0.0000 +0.0000 +0.0000 +0.0000 +0.0000 +0.0000 +0.0000 +0.0000 +0.0000 +0.0000 +0.0000 +0.0000 +0.0000 +0.0000 +0.0000 +0.0000 +0.0000 +0.0000 +0.0000 +0.0000 +0.0000 +0.0000 +0.0000 +0.0000 +0.0000 +0.0000 +0.0000 ;
+0.0000 +0.0000 +0.0000 +0.0000 +0.0000 +0.0000 +0.0000 +0.0000 +0.0000 +0.0000 +0.0000 +0.0000 +0.0000 +0.0000 +0.0000 +0.0000 +0.0000 +0.0000 +0.0000 +0.0000 +0.0000 +0.0000 +0.0000 +0.0000 +0.0000 +0.0000 +0.0000 +0.0000 +0.0000 +0.0000 +0.0000 +0.0000 +0.0000 +0.0000 +0.0000 +0.0000 +0.0000 +0.0000 +0.0000 +0.0000 +0.0000 +0.0000 +0.0000 +0.0000 +0.0000 +0.0000 +0.0000 +0.0000 +0.0000 ;
+0.0000 +0.0000 +0.0000 +0.0000 +0.0000 +0.0000 +0.0000 +0.0000 +0.0000 +0.0000 +0.0000 +0.0000 +0.0000 +0.0000 +0.0000 +0.0000 +0.0000 +0.0000 +0.0000 +0.0000 +0.0000 +0.0000 +0.0000 +0.0000 +0.0000 +0.0000 +0.0000 +0.0000 +0.0000 +0.0000 +0.0000 +0.0000 +0.0000 +0.0000 +0.0000 +0.0000 +0.0000 +0.0000 +0.0000 +0.0000 +0.0000 +0.0000 +0.0000 +0.0000 +0.0000 +0.0000 +0.0000 +0.0000 +0.0000 ;
+0.0000 +0.0000 +0.0000 +0.0000 +0.0000 +0.0000 +0.0000 +0.0000 +0.0000 +0.0000 +0.0000 +0.0000 +0.0000 +0.0000 +0.0000 +0.0000 +0.0000 +0.0000 +0.0000 +0.0000 +0.0000 +0.0000 +0.0000 +0.0000 +0.0000 +0.0000 +0.0000 +0.0000 +0.0000 +0.0000 +0.0000 +0.0000 +0.0000 +0.0000 +0.0000 +0.0000 +0.0000 +0.0000 +0.0000 +0.0000 +0.0000 +0.0000 +0.0000 +0.0000 +0.0000 +0.0000 +0.0000 +0.0000 +0.0000 ;
+0.0000 +0.0000 +0.0000 +0.0000 +0.0000 +0.0000 +0.0000 +0.0000 +0.0000 +0.0000 +0.0000 +0.0000 +0.0000 +0.0000 +0.0000 +0.0000 +0.0000 +0.0000 +0.0000 +0.0000 +0.0000 +0.0000 +0.0000 +0.0000 +0.0000 +0.0000 +0.0000 +0.0000 +0.0000 +0.0000 +0.0000 +0.0000 +0.0000 +0.0000 +0.0000 +0.0000 +0.0000 +0.0000 +0.0000 +0.0000 +0.0000 +0.0000 +0.0000 +0.0000 +0.0000 +0.0000 +0.0000 +0.0000 +0.0000 ;
+0.0000 +0.0000 +0.0000 +0.0000 +0.0000 +0.0000 +0.0000 +0.0000 +0.0000 +0.0000 +0.0000 +0.0000 +0.0000 +0.0000 +0.0000 +0.0000 +0.0000 +0.0000 +0.0000 +0.0000 +0.0000 +0.0000 +0.0000 +0.0000 +0.0000 +0.0000 +0.0000 +0.0000 +0.0000 +0.0000 +0.0000 +0.0000 +0.0000 +0.0000 +0.0000 +0.0000 +0.0000 +0.0000 +0.0000 +0.0000 +0.0000 +0.0000 +0.0000 +0.0000 +0.0000 +0.0000 +0.0000 +0.0000 +0.0000 ;
+0.0000 +0.0000 +0.0000 +0.0000 +0.0000 +0.0000 +0.0000 +0.0000 +0.0000 +0.0000 +0.0000 +0.0000 +0.0000 +0.0000 +0.0000 +0.0000 +0.0000 +0.0000 +0.0000 +0.0000 +0.0000 +0.0000 +0.0000 +0.0000 +0.0000 +0.0000 +0.0000 +0.0000 +0.0000 +0.0000 +0.0000 +0.0000 +0.0000 +0.0000 +0.0000 +0.0000 +0.0000 +0.0000 +0.0000 +0.0000 +0.0000 +0.0000 +0.0000 +0.0000 +0.0000 +0.0000 +0.0000 +0.0000 +0.0000 ;
+0.0000 +0.0000 +0.0000 +0.0000 +0.0000 +0.0000 +0.0000 +0.0000 +0.0000 +0.0000 +0.0000 +0.0000 +0.0000 +0.0000 +0.0000 +0.0000 +0.0000 +0.0000 +0.0000 +0.0000 +0.0000 +0.0000 +0.0000 +0.0000 +0.0000 +0.0000 +0.0000 +0.0000 +0.0000 +0.0000 +0.0000 +0.0000 +0.0000 +0.0000 +0.0000 +0.0000 +0.0000 +0.0000 +0.0000 +0.0000 +0.0000 +0.0000 +0.0000 +0.0000 +0.0000 +0.0000 +0.0000 +0.0000 +0.0000 ;
+0.0000 +0.0000 +0.0000 +0.0000 +0.0000 +0.0000 +0.0000 +0.0000 +0.0000 +0.0000 +0.0000 +0.0000 +0.0000 +0.0000 +0.0000 +0.0000 +0.0000 +0.0000 +0.0000 +0.0000 +0.0000 +0.0000 +0.0000 +0.0000 +0.0000 +0.0000 +0.0000 +0.0000 +0.0000 +0.0000 +0.0000 +0.0000 +0.0000 +0.0000 +0.0000 +0.0000 +0.0000 +0.0000 +0.0000 +0.0000 +0.0000 +0.0000 +0.0000 +0.0000 +0.0000 +0.0000 +0.0000 +0.0000 +0.0000 ;
+0.0000 +0.0000 +0.0000 +0.0000 +0.0000 +0.0000 +0.0000 +0.0000 +0.0000 +0.0000 +0.0000 +0.0000 +0.0000 +0.0000 +0.0000 +0.0000 +0.0000 +0.0000 +0.0000 +0.0000 +0.0000 +0.0000 +0.0000 +0.0000 +0.0000 +0.0000 +0.0000 +0.0000 +0.0000 +0.0000 +0.0000 +0.0000 +0.0000 +0.0000 +0.0000 +0.0000 +0.0000 +0.0000 +0.0000 +0.0000 +0.0000 +0.0000 +0.0000 +0.0000 +0.0000 +0.0000 +0.0000 +0.0000 +0.0000 ;
+0.0000 +0.0000 +0.0000 +0.0000 +0.0000 +0.0000 +0.0000 +0.0000 +0.0000 +0.0000 +0.0000 +0.0000 +0.0000 +0.0000 +0.0000 +0.0000 +0.0000 +0.0000 +0.0000 +0.0000 +0.0000 +0.0000 +0.0000 +0.0000 +0.0000 +0.0000 +0.0000 +0.0000 +0.0000 +0.0000 +0.0000 +0.0000 +0.0000 +0.0000 +0.0000 +0.0000 +0.0000 +0.0000 +0.0000 +0.0000 +0.0000 +0.0000 +0.0000 +0.0000 +0.0000 +0.0000 +0.0000 +0.0000 +0.0000 ;
+0.0000 +0.0000 +0.0000 +0.0000 +0.0000 +0.0000 +0.0000 +0.0000 +0.0000 +0.0000 +0.0000 +0.0000 +0.0000 +0.0000 +0.0000 +0.0000 +0.0000 +0.0000 +0.0000 +0.0000 +0.0000 +0.0000 +0.0000 +0.0000 +0.0000 +0.0000 +0.0000 +0.0000 +0.0000 +0.0000 +0.0000 +0.0000 +0.0000 +0.0000 +0.0000 +0.0000 +0.0000 +0.0000 +0.0000 +0.0000 +0.0000 +0.0000 +0.0000 +0.0000 +0.0000 +0.0000 +0.0000 +0.0000 +0.0000 ;
+0.0000 +0.0000 +0.0875 -0.1453 +0.0000 -0.0000 -0.1318 +0.0000 +0.0773 +0.1161 +0.0184 +0.0000 +0.0000 +0.1369 +0.2397 +0.0000 +0.0000 +0.0000 +0.0000 +0.0000 +0.0000 +0.0000 +0.0000 +0.0000 +0.0000 +0.0000 +0.2333 -0.0199 +0.0860 -0.0926 +0.0000 +0.2202 +0.2435 +0.1421 +0.0285 +0.1783 +0.0000 +0.0000 +0.1832 +0.0000 -0.0706 +0.0000 -0.0049 -0.1846 -0.0000 -0.1238 +0.0000 +0.0000 +0.4667 ;
-0.0028 +0.0805 +0.0352 +0.1585 +0.0000 -0.0818 +0.1426 -0.0000 +0.0738 +0.0625 +0.0036 +0.1348 +0.0000 -0.0329 -0.2292 -0.0261 -0.0186 +0.0438 +0.0000 +0.2393 +0.0000 +0.0601 +0.0000 +0.0708 +0.0000 -0.0344 +0.0000 +0.0033 +0.0000 +0.0000 +0.1153 +0.1138 +0.2357 +0.0434 +0.0000 +0.0000 +0.0000 +0.0000 +0.0000 +0.0000 -0.0928 -0.0414 -0.0667 -0.0000 -0.1218 -0.0356 -0.0734 -0.0000 +0.2706 ;
-0.0000 -0.1632 +0.2165 +0.0000 +0.0000 +0.0000 -0.0737 +0.0327 -0.2247 +0.0007 -0.0690 -0.1908 -0.1021 +0.0839 -0.1307 +0.0825 -0.1093 -0.0731 -0.1391 -0.1278 -0.1891 -0.2443 +0.0000 +0.0000 -0.0471 +0.0000 +0.0000 +0.2717 +0.2371 +0.0000 +0.0956 +0.1185 +0.0000 +0.1167 +0.2642 +0.1300 +0.0000 +0.0000 +0.0000 +0.0000 -0.4034 -0.3518 -0.1916 -0.3946 -0.3539 +0.0000 -0.3675 -0.2564 -0.6402 ;
-0.0099 +0.1115 -0.1232 +0.1604 +0.0304 +0.0042 +0.1652 +0.1903 +0.0000 +0.0000 +0.0000 +0.0000 -0.2065 -0.1365 -0.0719 +0.0533 +0.1498 -0.0751 -0.1417 -0.0470 +0.0000 +0.0000 +0.0000 +0.3023 +0.0000 +0.0000 +0.0000 +0.0000 +0.0560 +0.0000 +0.0000 +0.0000 +0.0769 +0.0622 +0.0000 +0.0000 +0.0644 +0.0000 +0.0000 +0.0000 -0.0000 -0.0144 -0.0485 +0.0000 -0.0976 -0.0143 -0.0819 -0.0244 +0.5677 ;
-0.0739 -0.2626 -0.0029 -0.1666 +0.0000 +0.0027 +0.0957 -0.0525 +0.0420 +0.2207 +0.1177 +0.0000 +0.0000 -0.2217 -0.1916 -0.1655 -0.1577 -0.0085 -0.0190 -0.0752 -0.0327 +0.0000 +0.0343 -0.0000 +0.1188 +0.2705 +0.0000 +0.0000 -0.3036 +0.0000 +0.3153 +0.0000 +0.0000 +0.0000 +0.0000 +0.0000 +0.0000 +0.0000 +0.0000 +0.0000 -0.3761 +0.0000 -0.1594 +0.0000 +0.0000 +0.0000 -0.2503 +0.0000 -0.3961 ;
-0.0649 +0.0120 +0.0124 -0.0144 -0.1971 +0.2033 +0.2767 +0.1931 -0.0839 +0.1633 +0.1061 +0.0079 +0.1585 -0.2326 -0.2388 -0.1794 +0.0000 +0.0000 +0.0000 +0.0000 +0.0000 +0.2289 +0.0000 +0.1608 +0.0210 +0.0000 +0.0000 -0.2850 +0.0000 +0.2056 +0.3066 +0.0000 +0.0995 +0.1621 +0.2170 +0.1913 +0.2947 +0.2159 +0.0000 +0.0000 +0.0000 +0.0000 +0.0000 +0.0000 +0.0000 -0.0904 +0.0000 +0.0000 -0.5918 ;
+0.0000 -0.0213 +0.1020 +0.1656 +0.0807 +0.1805 +0.0000 +0.1045 +0.0000 +0.0000 +0.0000 -0.1133 +0.0000 -0.1358 -0.0645 -0.1607 +0.1503 +0.0798 +0.1365 +0.0298 +0.1182 +0.1521 +0.1276 +0.0000 +0.0000 +0.0000 +0.0000 +0.0066 +0.0000 +0.0000 +0.0669 +0.2144 +0.1833 +0.1569 +0.0415 +0.1159 +0.0809 +0.1788 +0.0314 +0.0000 +0.0000 -0.2225 -0.2179 -0.1461 -0.2024 +0.0000 +0.0000 -0.1115 -0.2392 ;
+0.0000 +0.0000 +0.2867 +0.0000 +0.0000 +0.1246 -0.0390 -0.1137 +0.0999 -0.0124 -0.0662 -0.2437 -0.2712 +0.0000 +0.0323 +0.0000 -0.0892 -0.0177 -0.2100 -0.1678 -0.1712 -0.0326 -0.1120 +0.0000 +0.0000 +0.0000 +0.0000 +0.0000 +0.0000 +0.0000 +0.0000 +0.1109 +0.0831 +0.0000 +0.0000 +0.0000 +0.0000 +0.0000 +0.0000 +0.0000 +0.0000 -0.1558 -0.0478 -0.0629 -0.1233 -0.2382 +0.0000 +0.0000 -0.5410 ;
+0.0000 +0.0000 +0.1403 +0.3046 +0.0000 +0.0138 +0.0920 -0.2917 +0.1384 -0.0153 -0.0008 -0.1234 -0.0399 -0.1311 -0.2343 +0.1667 +0.0000 -0.1846 -0.2087 -0.1812 +0.0830 -0.0616 +0.1680 -0.1616 +0.0819 +0.1901 -0.0714 -0.2435 +0.0000 +0.1283 +0.0000 +0.0000 +0.1228 +0.0000 +0.0000 +0.0000 +0.0000 +0.0000 +0.0000 +0.0841 -0.2317 -0.2210 -0.1202 -0.0494 -0.2348 +0.0000 +0.0000 -0.1293 -0.5410 ;
+0.0000 +0.0000 +0.2771 +0.0697 +0.0000 -0.0949 -0.0549 -0.0174 +0.1000 -0.0669 -0.0427 -0.2253 +0.1894 +0.0405 +0.0000 -0.2127 -0.0418 -0.0062 -0.1264 -0.0863 -0.0327 +0.1714 +0.1230 +0.0000 +0.1995 +0.2384 +0.1201 +0.0000 +0.0000 -0.1838 +0.0000 +0.1502 +0.0000 +0.1591 +0.0000 +0.0000 +0.0000 +0.0000 +0.0000 +0.0000 -0.1821 -0.1652 +0.0000 -0.0397 -0.0764 -0.0539 +0.0000 -0.2804 -0.5410 ;
-0.1272 +0.0265 +0.1897 +0.2838 +0.0000 -0.2578 -0.0297 +0.0182 -0.1425 +0.0575 -0.0327 +0.1237 +0.0456 +0.0850 +0.0250 -0.0053 -0.0858 -0.2275 -0.0619 -0.0880 +0.0000 -0.1879 +0.0000 -0.1498 +0.0000 -0.3102 -0.1386 -0.0672 -0.1645 +0.0260 +0.0000 +0.1568 +0.1847 +0.0000 +0.0000 +0.0000 +0.0000 +0.0000 +0.0000 +0.0000 -0.0490 -0.2187 -0.2911 +0.0000 -0.1641 -0.0527 -0.1795 +0.0000 -0.5410 ;
+0.0000 +0.0000 +0.1947 +0.2828 +0.0000 -0.0152 -0.0253 -0.0455 +0.0890 +0.0233 -0.1402 -0.1070 -0.2651 -0.0239 -0.1193 -0.0059 -0.1178 +0.0410 -0.0989 -0.2038 -0.2439 +0.0691 +0.1321 -0.0838 +0.0000 +0.1186 +0.0995 -0.1350 +0.2580 +0.0480 +0.0000 +0.0000 +0.0000 +0.1723 +0.0075 +0.0000 +0.0000 +0.0000 +0.0000 +0.0000 +0.0000 -0.2423 -0.1605 -0.2492 -0.1390 +0.0000 -0.1564 -0.1968 -0.5410 ;
+0.0000 +0.0000 +0.0000 +0.2887 +0.0000 -0.0781 +0.1237 +0.0207 -0.0933 -0.0061 +0.0412 -0.1002 -0.1979 +0.0000 -0.0297 -0.0719 +0.1892 -0.1234 -0.2127 -0.0379 -0.2110 -0.0365 +0.0000 +0.0000 +0.1301 +0.1709 +0.1411 +0.0000 +0.0000 +0.0454 +0.0000 +0.0000 +0.0000 +0.0000 +0.1226 +0.0000 +0.1165 +0.0000 +0.0000 +0.0000 -0.2187 +0.0000 +0.0000 +0.0000 -0.1249 -0.2715 -0.2206 -0.2766 -0.5410 ;
-0.1785 -0.1464 +0.2824 +0.1468 +0.0000 -0.2211 -0.0578 -0.0159 +0.1472 +0.0144 -0.1487 +0.0569 -0.0600 +0.0000 -0.0642 +0.0000 -0.1459 +0.1313 +0.1497 +0.0973 -0.1515 -0.1142 -0.1726 +0.0953 +0.0000 -0.1387 +0.0000 -0.2369 -0.1726 +0.2262 +0.0000 +0.0000 +0.0000 +0.0000 +0.0000 +0.0382 +0.0000 +0.2096 +0.0000 +0.0000 -0.2240 -0.1690 -0.2225 -0.2267 -0.2269 +0.0000 -0.1390 +0.0000 -0.5410 ;
+0.0000 +0.0000 +0.0000 +0.0652 +0.0661 +0.0492 -0.0635 +0.1248 -0.2242 -0.0731 -0.2604 +0.0018 -0.0246 +0.0280 +0.0000 -0.2238 -0.1858 -0.0609 -0.2017 +0.0299 -0.0745 -0.1353 +0.1952 +0.0013 +0.1242 +0.1498 -0.0528 +0.0000 +0.0000 +0.0553 +0.0000 +0.0000 +0.0000 +0.0000 +0.0000 +0.0000 +0.0255 +0.0000 +0.0127 +0.0000 -0.1542 -0.1259 -0.1343 +0.0000 -0.1892 +0.0000 -0.0631 -0.0920 -0.5410 ;
+0.0000 +0.0000 +0.0000 +0.2800 +0.1638 -0.1120 -0.0432 -0.0887 -0.1783 -0.1644 +0.1598 -0.1749 -0.2295 +0.2384 -0.1433 -0.0298 -0.1257 -0.2497 +0.0000 -0.1024 -0.0257 -0.0202 +0.0280 +0.0993 +0.0081 +0.2198 +0.1390 -0.0695 +0.0000 +0.1299 +0.0000 +0.0000 +0.0000 +0.0000 +0.0000 +0.0000 +0.0000 +0.2556 +0.0000 +0.1147 +0.0000 -0.1847 -0.2708 +0.0000 -0.1201 -0.0996 -0.2104 -0.2198 -0.5410 ;
-0.1242 -0.0285 +0.0000 +0.2292 -0.0548 -0.2587 -0.2975 -0.1164 +0.0230 -0.1379 +0.0117 -0.0651 +0.0906 +0.0000 -0.1274 +0.0647 -0.1515 -0.1980 -0.2111 -0.0511 -0.2510 -0.1090 +0.0475 -0.0322 +0.0458 -0.1182 -0.0000 +0.0774 -0.1230 -0.0495 +0.0000 +0.0000 +0.0000 +0.0000 +0.0000 +0.0000 +0.0803 +0.1747 +0.1228 +0.0000 -0.1115 -0.0785 -0.1018 +0.0000 -0.2795 +0.0000 -0.1815 -0.2668 -0.5410 ;
+0.0000 +0.0000 -0.2467 +0.0000 -0.1205 -0.1105 -0.2524 -0.1907 -0.1942 -0.1919 -0.0557 -0.0561 +0.0000 +0.0397 +0.2004 +0.1614 +0.0000 +0.0000 +0.0000 +0.0000 +0.0000 +0.0000 +0.0000 +0.0000 +0.0000 +0.0000 +0.0000 +0.0000 +0.0000 +0.0000 +0.1446 +0.2455 +0.0000 +0.0000 +0.1674 +0.0000 +0.0000 +0.0000 +0.0000 +0.0000 +0.0000 -0.2677 -0.1115 +0.0000 +0.0000 +0.0000 +0.0000 +0.0000 -0.5410 ;
-0.2060 -0.0834 -0.0674 -0.2313 +0.0000 -0.1724 -0.1654 -0.0529 -0.0067 -0.0616 -0.0887 -0.1086 -0.1679 +0.0608 +0.1416 +0.1703 +0.1838 +0.0000 +0.0000 +0.0000 +0.0000 +0.0000 +0.0000 +0.0000 -0.0927 +0.1632 -0.0000 -0.2372 +0.3104 +0.0000 +0.2922 +0.3631 +0.0000 +0.1517 +0.3198 +0.0000 +0.0000 +0.0000 +0.0000 +0.0000 -0.0923 +0.0000 -0.0679 -0.1750 +0.0000 +0.0000 +0.0000 +0.0000 -0.5410 ;
-0.0001 +0.0000 +0.0845 -0.0825 +0.0000 -0.0828 -0.0922 -0.0478 -0.0784 -0.1557 -0.2267 -0.0739 -0.1155 +0.0623 +0.0122 +0.0000 +0.0873 +0.0000 +0.0000 +0.0000 +0.0000 +0.0000 +0.0000 +0.0000 -0.0546 +0.0000 +0.0000 +0.0000 -0.2145 +0.0000 +0.2087 +0.0000 +0.2180 +0.3028 +0.0000 +0.0000 +0.0000 +0.0000 +0.0000 +0.0000 -0.2619 -0.1302 +0.0000 -0.2311 +0.0000 +0.0000 +0.0000 +0.0000 -0.5410 ;
-0.2192 -0.0975 -0.0480 -0.2328 +0.0000 -0.0094 -0.1016 -0.1701 -0.1053 -0.1999 -0.2508 -0.1970 -0.1882 +0.0000 +0.1006 +0.0884 -0.1135 +0.0315 +0.0000 +0.0000 +0.0000 +0.0000 +0.0000 -0.0400 -0.0200 -0.2474 +0.0932 -0.1557 +0.1895 -0.0059 +0.0000 +0.0000 +0.1039 +0.3540 +0.0000 +0.0000 +0.2631 +0.0000 +0.1202 +0.0000 +0.0000 -0.2541 -0.2378 +0.0000 -0.2791 +0.0000 +0.0000 +0.0000 -0.5410 ;
+0.0000 +0.0000 -0.1403 -0.2116 +0.0000 -0.1603 -0.1756 -0.1318 -0.2544 -0.0693 -0.0256 -0.0732 -0.1970 +0.0000 +0.0000 +0.0000 +0.0581 +0.1610 +0.1032 +0.0000 +0.0000 +0.0000 +0.0000 +0.0000 +0.0000 +0.0000 +0.0000 +0.0000 +0.1987 +0.0000 +0.0000 +0.0000 +0.0000 +0.2095 +0.3484 +0.1760 +0.1389 +0.0000 +0.0000 +0.0000 +0.0000 +0.0000 +0.0000 -0.2766 +0.0000 -0.0951 +0.0000 +0.0000 -0.5410 ;
-0.1586 -0.1425 -0.2312 -0.0511 +0.0000 -0.0282 -0.1331 -0.1127 -0.2523 -0.2468 -0.1047 -0.2429 -0.2353 +0.0000 +0.0000 -0.0725 +0.0000 +0.2802 +0.0522 +0.2474 +0.0000 +0.1824 +0.0000 +0.0000 +0.0828 +0.1296 -0.0001 -0.1209 -0.1802 +0.0000 +0.0000 +0.0000 +0.3155 +0.0000 +0.1457 +0.0000 +0.0000 +0.0000 +0.1793 +0.0000 +0.0000 +0.0000 +0.0000 -0.2353 -0.0931 +0.0000 -0.0867 +0.0000 -0.5410 ;
-0.0002 +0.0000 +0.0000 -0.0908 -0.0874 -0.2022 -0.0655 -0.1749 -0.2413 -0.0137 -0.2089 -0.0276 -0.0747 +0.0000 +0.0000 +0.0000 +0.0000 +0.0000 +0.2427 +0.0358 +0.0000 +0.2268 +0.0000 +0.0000 -0.1943 +0.0000 +0.0000 +0.0000 +0.2171 +0.0000 +0.3243 +0.0000 +0.0000 +0.0000 +0.0000 +0.1105 +0.0000 +0.1488 +0.2834 +0.0000 +0.0000 +0.0000 +0.0000 +0.0000 -0.2432 -0.1479 +0.0000 -0.2391 -0.5410 ;
-0.0423 -0.0427 +0.0000 -0.1512 -0.0671 -0.0974 -0.2359 -0.0955 -0.1115 -0.2126 -0.2255 -0.2177 -0.2388 +0.0829 +0.0000 +0.0000 +0.0000 +0.0000 +0.0000 +0.0913 +0.1093 +0.0929 +0.0000 +0.0034 -0.0503 -0.0316 +0.0298 -0.0703 +0.0545 -0.0445 +0.2199 +0.0000 +0.0000 +0.0000 +0.0000 +0.0000 +0.1652 +0.2526 +0.0000 +0.3747 +0.0000 +0.0000 +0.0000 +0.0000 -0.1836 -0.2030 -0.0751 +0.0000 -0.5410 ;
+0.0000 +0.0000 +0.0000 +0.0000 +0.0000 +0.0000 +0.0000 +0.0000 +0.0000 +0.0000 +0.0000 +0.0000 +0.0000 +0.0000 +0.0000 +0.0000 +0.0000 +0.0000 +0.0000 +0.0000 +0.0000 +0.0000 +0.0000 +0.0000 +0.0000 +0.0000 +0.0000 +0.0000 +0.0000 +0.0000 +0.0000 +0.0000 +0.0000 +0.0000 +0.0000 +0.0000 +0.0000 +0.0000 +0.0000 +0.0000 +0.0000 +0.0000 +0.0000 +0.0000 +0.0000 +0.0000 +0.0000 +0.0000 +0.0000 ;
