brainFunction 22898 18 11 127 24802 2-6 7-8 9-10
0 0.331368
1 0.440864
2 0.595187
3 0.487879
4 0.549554
5 0.693761
6 0.305526
7 0.649911
8 0.52549
9 0.428164
10 0.584314
11 0.933695
12 0.679706
13 0.114266
14 0.927011
15 0.0416771
16 0.175241
17 0.0798254
0 0.314945
1 0.865057
2 0
3 0
4 0
5 0
6 0
7 0
8 0
9 0
10 0
11 0.909744
12 0.552082
13 0.0998223
14 0.936099
15 0.0347288
16 0.253743
17 0.0696412
0 0.159059
1 0.858874
2 0.211765
3 0.211765
4 0.211765
5 0.211765
6 0.211765
7 0.211765
8 0.211765
9 0.211765
10 0.211765
11 0.920485
12 0.676707
13 0.11703
14 0.925476
15 0.0350718
16 0.176506
17 0.0776746
0 0.52097
1 0.852528
2 0
3 0
4 0
5 0
6 0
7 0
8 0
9 0
10 0
11 0.914753
12 0.583116
13 0.108267
14 0.935595
15 0.0270521
16 0.178237
17 0.0814115
0 0.173551
1 0.846548
2 0
3 0
4 0.00909094
5 0.2
6 0.188414
7 0
8 0.438146
9 0
10 0.206061
11 0.915216
12 0.525536
13 0.0826435
14 0.936837
15 0.0305525
16 0.181709
17 0.0716226
0 0.320094
1 0.840511
2 0.2
3 0.0272727
4 0.0545455
5 0.2
6 0.2
7 0.272727
8 0.545455
9 0.0909091
10 0.181818
11 0.881008
12 0.491969
13 0.154536
14 0.931311
15 0.0485612
16 0.324225
17 0.0327031
0 0.329689
1 0.948614
2 0.127629
3 0.188235
4 0.188235
5 0.188235
6 0.188235
7 0.0424242
8 0.0196078
9 0.718717
10 0.643137
11 0.882933
12 0.532124
13 0.109893
14 0.920047
15 0.0416666
16 0.258654
17 0.0369478
0 0.845923
1 1
2 0.2
3 0.0832442
4 0.101961
5 0.101961
6 0.101961
7 0.281283
8 0.0196078
9 0.48164
10 0.729412
11 0.883832
12 0.501593
13 0.0880925
14 0.928294
15 0.0357075
16 0.284478
17 0.0434143
0 0.26274
1 1
2 0.281283
3 0.34902
4 0.34902
5 0.34902
6 0.390018
7 0.314438
8 0.240642
9 0.158289
10 0.254189
11 0.89414
12 0.586381
13 0.091153
14 0.925067
15 0.0338072
16 0.209847
17 0.0513759
0 0.941444
1 0.994113
2 0.249554
3 0.0363636
4 0.1
5 0.0625668
6 0.0470588
7 0.263815
8 0.119786
9 0.0998217
10 0.42139
11 0.876071
12 0.511176
13 0.16484
14 0.924841
15 0.0413957
16 0.270908
17 0.0362102
0 0.700843
1 0.98722
2 0.0333333
3 0.0431373
4 0.0431373
5 0.0431372
6 0.0805704
7 0.0178253
8 0.0306595
9 0.659537
10 0.655258
11 0.874135
12 0.528628
13 0.140426
14 0.920694
15 0.0373522
16 0.290065
17 0.0406362
0 0.413468
1 0.981417
2 0.0470588
3 0.196435
4 0.309804
5 0.270588
6 0.104813
7 0.116578
8 0.00392157
9 0.464528
10 0.651693
11 0.86818
12 0.521619
13 0.162143
14 0.918291
15 0.0381583
16 0.273311
17 0.0330161
0 0.82266
1 0.975566
2 0.0409982
3 0.0588235
4 0.0588235
5 0.0588235
6 0.0588235
7 0.00392157
8 0.00392157
9 0.657398
10 0.67451
11 0.897659
12 0.49479
13 0.176434
14 0.93202
15 0.0513542
16 0.294272
17 0.0384862
0 0.288244
1 0.969569
2 0.054902
3 0.054902
4 0.054902
5 0.054902
6 0.054902
7 0.00392157
8 0.00392157
9 0.815686
10 0.815686
11 0.848827
12 0.503861
13 0.168192
14 0.915037
15 0.0359872
16 0.284064
17 0.0288898
0 0.977364
1 0.963552
2 0.0627451
3 0.0627451
4 0.0627451
5 0.0627451
6 0.0627451
7 0.00392157
8 0.00392157
9 0.733333
10 0.733333
11 0.867757
12 0.531507
13 0.162523
14 0.920813
15 0.0394513
16 0.274002
17 0.034734
0 0.748769
1 0.957622
2 0.0666667
3 0.0666667
4 0.0666667
5 0.0666667
6 0.0666667
7 0.00392157
8 0.00392157
9 0.639216
10 0.639216
11 0.880609
12 0.519493
13 0.154408
14 0.933601
15 0.0418691
16 0.32496
17 0.0366412
0 0.315172
1 0.951822
2 0.180392
3 0.180392
4 0.180392
5 0.180392
6 0.180392
7 0.00392157
8 0.00392157
9 0.619608
10 0.619608
11 0.907842
12 0.506907
13 0.151968
14 0.941189
15 0.0477234
16 0.330798
17 0.0430389
0 0.17216
1 0.946021
2 0.254902
3 0.125134
4 0.152941
5 0.0816399
6 0.0431372
7 0.00392157
8 0.00392157
9 0.716221
10 0.675223
11 0.762861
12 0.427182
13 0.150744
14 0.920438
15 0.0280653
16 0.478599
17 0.0133531
0 0.995866
1 0.939329
2 0.403922
3 0.403922
4 0.403922
5 0.403922
6 0.403922
7 0.0196078
8 0.0196078
9 0.913725
10 0.913725
11 0.760749
12 0.430321
13 0.126348
14 0.924322
15 0.0299902
16 0.600403
17 0.00902641
0 0.643355
1 0.932841
2 0.627451
3 0.627451
4 0.627451
5 0.627451
6 0.627451
7 0.0196078
8 0.0196078
9 0.913725
10 0.913725
11 0.884817
12 0.4915
13 0.116843
14 0.916275
15 0.0330809
16 0.322501
17 0.0298804
0 0.485241
1 0.926562
2 0.176471
3 0.176471
4 0.303743
5 0.332977
6 0.148485
7 0.0723708
8 0.208556
9 0.611408
10 0.429947
11 0.84244
12 0.558741
13 0.12211
14 0.918534
15 0.0332481
16 0.243535
17 0.0305213
0 0.886288
1 0.920864
2 0.145098
3 0.125134
4 0.0128342
5 0.205704
6 0.453298
7 0.107665
8 0.106239
9 0.329768
10 0.549733
11 0.885275
12 0.584768
13 0.111671
14 0.937698
15 0.0403774
16 0.280596
17 0.049398
0 0.126256
1 0.915226
2 0.211765
3 0.211765
4 0.253476
5 0.364706
6 0.364706
7 0.211765
8 0.0370766
9 0.211765
10 0.689483
11 0.881745
12 0.507408
13 0.165196
14 0.92956
15 0.0410958
16 0.294503
17 0.0411897
0 0.50274
1 0.909646
2 0.0941176
3 0.0941176
4 0.0941177
5 0.0941176
6 0.0941176
7 0.0196078
8 0.0196078
9 0.721569
10 0.721569
11 0.900804
12 0.553661
13 0.162336
14 0.929194
15 0.0436975
16 0.236318
17 0.0546429
0 0.411678
1 0.903975
2 0.0156863
3 0.0156863
4 0.0156863
5 0.0156863
6 0.0156863
7 0.00392157
8 0.00392157
9 0.556863
10 0.556863
11 0.885127
12 0.511878
13 0.154787
14 0.941199
15 0.0428922
16 0.331071
17 0.041549
0 0.0726464
1 0.897337
2 0.2
3 0.2
4 0.192335
5 0.193583
6 0.305882
7 0.0196078
8 0.0167558
9 0.631373
10 0.680927
11 0.890029
12 0.570981
13 0.133931
14 0.930465
15 0.0348218
16 0.290529
17 0.0430382
0 0.276806
1 0.442304
2 0.167558
3 0.242424
4 0.165597
5 0.34902
6 0.300891
7 0.116934
8 0.144742
9 0.694118
10 0.48877
11 0.890065
12 0.62137
13 0.0842314
14 0.934404
15 0.0234248
16 0.264479
17 0.060046
0 0.440926
1 0.435473
2 0.34902
3 0.34902
4 0.34902
5 0.34902
6 0.34902
7 0.25098
8 0.25098
9 0.14902
10 0.14902
11 0.909134
12 0.622254
13 0.0838372
14 0.941479
15 0.0264993
16 0.266324
17 0.0706952
0 0.160697
1 0.429254
2 0.34902
3 0.34902
4 0.34902
5 0.34902
6 0.34902
7 0.25098
8 0.25098
9 0.14902
10 0.14902
11 0.915045
12 0.572093
13 0.164765
14 0.942607
15 0.0422644
16 0.321693
17 0.0551956
0 0.0669129
1 0.423561
2 0.164706
3 0.164706
4 0.164706
5 0.164706
6 0.164706
7 0.0156863
8 0.0156863
9 0.901961
10 0.901961
11 0.937975
12 0.706882
13 0.0933207
14 0.942965
15 0.0351923
16 0.20464
17 0.100649
0 0.323618
1 0.417812
2 0.34902
3 0.206239
4 0
5 0.0106952
6 0.0784314
7 0.159715
8 0.00178253
9 0.0948307
10 0.41533
11 0.890827
12 0.623031
13 0.160521
14 0.928917
15 0.0284367
16 0.250829
17 0.0616307
0 0.752657
1 0.41197
2 0.0249554
3 0.0784314
4 0.0784314
5 0.0784314
6 0.0784314
7 0.00285205
8 0.00392157
9 0.664528
10 0.913725
11 0.870002
12 0.584633
13 0.172383
14 0.925814
15 0.0303526
16 0.284215
17 0.0426963
0 0.91706
1 0.406101
2 0.0745098
3 0.0745098
4 0.0745098
5 0.0745098
6 0.105704
7 0.00392157
8 0.0228164
9 0.913725
10 0.849911
11 0.914911
12 0.672372
13 0.141701
14 0.931067
15 0.0309935
16 0.211138
17 0.0809621
0 0.366011
1 0.400293
2 0
3 0.0914439
4 0.105882
5 0.105882
6 0.133512
7 0.0106952
8 0.0541889
9 0.370053
10 0.533333
11 0.916228
12 0.609919
13 0.117593
14 0.938729
15 0.02836
16 0.231499
17 0.0842943
0 0.410031
1 0.394564
2 0.164706
3 0.175758
4 0.145455
5 0.0363636
6 0.110517
7 0.111586
8 0.193583
9 0.423886
10 0.359715
11 0.916069
12 0.616007
13 0.139579
14 0.936037
15 0.0299833
16 0.243549
17 0.0851445
0 0.312886
1 0.388984
2 0.0286988
3 0.0901961
4 0.292335
5 0.0951871
6 0.027451
7 0.0752228
8 0.0983957
9 0.542602
10 0.74795
11 0.897409
12 0.579182
13 0.118432
14 0.936833
15 0.0260113
16 0.291963
17 0.0579634
0 0.190929
1 0.383458
2 0.161497
3 0.311943
4 0.34902
5 0.34902
6 0.279501
7 0.120499
8 0.187879
9 0.5041
10 0.312656
11 0.894074
12 0.610783
13 0.142155
14 0.936237
15 0.0316266
16 0.302751
17 0.048684
0 0.419214
1 0.377814
2 0.14902
3 0.177362
4 0.255437
5 0.25098
6 0.25098
7 0.0595365
8 0.0196078
9 0.688057
10 0.741176
11 0.930689
12 0.626377
13 0.161816
14 0.942127
15 0.0423735
16 0.25218
17 0.0780653
0 0.124848
1 0.372152
2 0.054902
3 0.054902
4 0.054902
5 0.054902
6 0.054902
7 0.00392157
8 0.00392157
9 0.737255
10 0.737255
11 0.864825
12 0.628864
13 0.157078
14 0.927351
15 0.0272733
16 0.2549
17 0.040866
0 0.99181
1 0.366403
2 0.0352941
3 0.0352941
4 0.0352941
5 0.0839572
6 0.392157
7 0.00392157
8 0.0110517
9 0.701961
10 0.739394
11 0.891286
12 0.632744
13 0.145182
14 0.936137
15 0.0293244
16 0.289411
17 0.0532972
0 0.609349
1 0.359806
2 0.168627
3 0.168627
4 0.168627
5 0.168627
6 0.168627
7 0.0196078
8 0.0196078
9 0.635294
10 0.635294
11 0.891909
12 0.577185
13 0.117686
14 0.944295
15 0.0251034
16 0.326427
17 0.052928
0 0.369436
1 0.353501
2 0.23779
3 0.145098
4 0.380749
5 0.34902
6 0.225134
7 0.129055
8 0.202496
9 0.66025
10 0.287344
11 0.85971
12 0.592927
13 0.0931352
14 0.922617
15 0.0183912
16 0.274611
17 0.0394895
0 0.962906
1 0.347119
2 0.218004
3 0.34902
4 0.34902
5 0.34902
6 0.34902
7 0.186809
8 0.25098
9 0.350089
10 0.14902
11 0.887901
12 0.635141
13 0.0781975
14 0.937386
15 0.0219863
16 0.267703
17 0.0531578
0 0.634903
1 0.341234
2 0.34902
3 0.34902
4 0.34902
5 0.34902
6 0.34902
7 0.25098
8 0.25098
9 0.14902
10 0.14902
11 0.93217
12 0.650849
13 0.0817424
14 0.949044
15 0.0290112
16 0.264918
17 0.0940925
0 0.0443924
1 0.335481
2 0.34902
3 0.34902
4 0.34902
5 0.34902
6 0.031729
7 0.25098
8 0.159715
9 0.14902
10 0.0948307
11 0.949458
12 0.750356
13 0.118361
14 0.944414
15 0.0337449
16 0.1608
17 0.146226
0 0.145074
1 0.329716
2 0
3 0
4 0
5 0
6 0.0713012
7 0
8 0.00142602
9 0
10 0.329412
11 0.901994
12 0.709553
13 0.12893
14 0.932693
15 0.0216278
16 0.198094
17 0.0884098
0 0.948939
1 0.323922
2 0
3 0.00998218
4 0.054902
5 0.054902
6 0.0780749
7 0.00106952
8 0.00677362
9 0.24385
10 0.858467
11 0.908021
12 0.59498
13 0.169451
14 0.940653
15 0.0342292
16 0.282368
17 0.0625801
0 0.538872
1 0.318069
2 0.054902
3 0.054902
4 0.0645277
5 0.109091
6 0
7 0.00392157
8 0.0491979
9 0.894118
10 0.211052
11 0.938862
12 0.745923
13 0.105097
14 0.946364
15 0.0319198
16 0.181797
17 0.119362
0 0.478614
1 0.312054
2 0.173797
3 0
4 0
5 0
6 0
7 0.0695187
8 0
9 0.0695187
10 0
11 0.89097
12 0.611851
13 0.0773509
14 0.930518
15 0.0211501
16 0.184831
17 0.0693396
0 0.796326
1 0.305869
2 0.0181818
3 0.2
4 0.2
5 0.242246
6 0.455437
7 0.381818
8 0.359002
9 0.127273
10 0.393226
11 0.903551
12 0.59393
13 0.138584
14 0.94262
15 0.0369738
16 0.275407
17 0.0536329
0 0.720259
1 0.299722
2 0.18467
3 0.0705882
4 0.0705882
5 0.0705882
6 0.0741533
7 0.103743
8 0.123351
9 0.798217
10 0.82852
11 0.927597
12 0.588265
13 0.0937675
14 0.944957
15 0.0313038
16 0.267191
17 0.078476
0 0.0318418
1 0.406192
2 0.197504
3 0.34902
4 0.34902
5 0.260963
6 0.162567
7 0.250267
8 0.18574
9 0.301604
10 0.307665
11 0.864405
12 0.536511
13 0.131594
14 0.934127
15 0.0227241
16 0.31625
17 0.0326462
0 0.795325
1 0.400024
2 0.115152
3 0.164349
4 0.266667
5 0.34902
6 0.34902
7 0.0395722
8 0.25098
9 0.711943
10 0.14902
11 0.916729
12 0.670529
13 0.0800114
14 0.939552
15 0.0295379
16 0.189243
17 0.0747329
0 0.860362
1 0.393778
2 0.237968
3 0.0909091
4 0.0454545
5 0.0727273
6 0.109091
7 0.232086
8 0.218182
9 0.0951872
10 0.0727273
11 0.875207
12 0.577421
13 0.0812861
14 0.939395
15 0.0216117
16 0.273055
17 0.0481853
0 0.902401
1 0.387551
2 0.290196
3 0.290196
4 0.290196
5 0.290196
6 0.290196
7 0.290196
8 0.290196
9 0.290196
10 0.290196
11 0.926902
12 0.623757
13 0.153332
14 0.943257
15 0.0430342
16 0.262145
17 0.0665381
0 0.346906
1 0.380341
2 0.0745098
3 0.0745098
4 0.0745098
5 0.0745098
6 0.0745098
7 0.0196078
8 0.0196078
9 0.670588
10 0.670588
11 0.92137
12 0.610309
13 0.142504
14 0.948239
15 0.0337491
16 0.300906
17 0.0627889
0 0.222641
1 0.372558
2 0.160784
3 0.160784
4 0.160784
5 0.160784
6 0.200891
7 0.00392157
8 0.0395722
9 0.619608
10 0.534046
11 0.898841
12 0.627875
13 0.0848231
14 0.938538
15 0.0224127
16 0.240444
17 0.0602938
0 0.866002
1 0.364661
2 0.22656
3 0.207843
4 0.207843
5 0.207843
6 0.207843
7 0.21533
8 0.207843
9 0.21533
10 0.207843
11 0.855132
12 0.50028
13 0.122108
14 0.954272
15 0.0218373
16 0.588476
17 0.0173046
0 0.164121
1 0.357722
2 0.619608
3 0.619608
4 0.619608
5 0.619608
6 0.619608
7 0.0196078
8 0.0196078
9 0.921569
10 0.921569
11 0.949
12 0.659414
13 0.0691322
14 0.941382
15 0.0354667
16 0.247431
17 0.0870339
0 0.403846
1 0.35094
2 0.34902
3 0.34902
4 0.243137
5 0
6 0
7 0.296257
8 0
9 0.212834
10 0
11 0.934618
12 0.739809
13 0.117786
14 0.941699
15 0.0294663
16 0.169358
17 0.120419
0 0.653021
1 0.344916
2 0
3 0
4 0
5 0
6 0.0534759
7 0
8 0.00106952
9 0
10 0.248128
11 0.914866
12 0.611382
13 0.138992
14 0.949543
15 0.0303014
16 0.316383
17 0.0639096
0 0.386302
1 0.33886
2 0.172549
3 0.172549
4 0.172549
5 0.172549
6 0.172549
7 0.0196078
8 0.0196078
9 0.643137
10 0.643137
11 0.943318
12 0.577243
13 0.163614
14 0.95149
15 0.0478946
16 0.300737
17 0.0777684
0 0.0292352
1 0.332861
2 0.0784314
3 0.0784314
4 0.105169
5 0.0320855
6 0
7 0.00392157
8 0.0324421
9 0.909804
10 0.114795
11 0.913015
12 0.678658
13 0.100015
14 0.944517
15 0.0276986
16 0.208754
17 0.066789
0 0.852662
1 0.444333
2 0.158645
3 0
4 0
5 0.0909091
6 0.254011
7 0.057041
8 0.114439
9 0.139394
10 0.208556
11 0.845774
12 0.51316
13 0.161456
14 0.937035
15 0.0223634
16 0.405441
17 0.0318123
0 0.995979
1 0.552005
2 0.12549
3 0.181818
4 0.435294
5 0.34082
6 0.110873
7 0.00819964
8 0.0352941
9 0.838859
10 0.769697
11 0.885953
12 0.529114
13 0.122243
14 0.933658
15 0.0254709
16 0.336932
17 0.0384166
0 0.919433
1 0.545874
2 0.17861
3 0.160784
4 0.341355
5 0.13066
6 0.13066
7 0.0406417
8 0.166845
9 0.681996
10 0.780749
11 0.885013
12 0.557861
13 0.0865274
14 0.941503
15 0.0260529
16 0.296199
17 0.0412124
0 0.807169
1 0.539633
2 0.25098
3 0.208913
4 0.310874
5 0.331373
6 0.216934
7 0.213191
8 0.231373
9 0.352228
10 0.25098
11 0.924773
12 0.541578
13 0.0909476
14 0.946217
15 0.0317492
16 0.285184
17 0.0666095
0 0.24023
1 0.533342
2 0.201961
3 0.34902
4 0.34902
5 0.23369
6 0.0775401
7 0.186809
8 0.256328
9 0.298396
10 0.187522
11 0.931289
12 0.610268
13 0.0888412
14 0.952593
15 0.039282
16 0.209332
17 0.066813
0 0.140837
1 0.527045
2 0.0948307
3 0.0727273
4 0.0545455
5 0.321925
6 0.34902
7 0.165062
8 0.291622
9 0.133333
10 0.144742
11 0.927308
12 0.584928
13 0.0778349
14 0.957551
15 0.0327567
16 0.304099
17 0.0728263
0 0.098014
1 0.520672
2 0.34902
3 0.34902
4 0.34902
5 0.34902
6 0.085205
7 0.25098
8 0.161141
9 0.14902
10 0.342959
11 0.917534
12 0.504133
13 0.109239
14 0.949364
15 0.0325298
16 0.331846
17 0.044479
0 0.142434
1 0.514085
2 0.137255
3 0.272014
4 0.34902
5 0.34902
6 0.34902
7 0.124777
8 0.25098
9 0.561854
10 0.14902
11 0.896692
12 0.569051
13 0.0685954
14 0.946856
15 0.0251516
16 0.297177
17 0.0403603
0 0.681124
1 0.507792
2 0.34902
3 0.34902
4 0.34902
5 0.34902
6 0.34902
7 0.25098
8 0.25098
9 0.14902
10 0.14902
11 0.912771
12 0.56967
13 0.0794367
14 0.948826
15 0.0330999
16 0.271331
17 0.0521446
0 0.574902
1 0.50173
2 0.25098
3 0.25098
4 0.25098
5 0.25098
6 0.25098
7 0.25098
8 0.25098
9 0.25098
10 0.25098
11 0.906795
12 0.547485
13 0.159221
14 0.944727
15 0.0444248
16 0.325805
17 0.041651
0 0.701286
1 0.495903
2 0.113725
3 0.113725
4 0.113726
5 0.113725
6 0.113725
7 0.0196078
8 0.0196078
9 0.835294
10 0.835294
11 0.927378
12 0.531502
13 0.0689585
14 0.955027
15 0.0425278
16 0.342743
17 0.0590293
0 0.310065
1 0.489958
2 0.431373
3 0.431373
4 0.416578
5 0.105882
6 0.105882
7 0.431373
8 0.0816399
9 0.431373
10 0.784314
11 0.949337
12 0.649074
13 0.11731
14 0.95879
15 0.0543958
16 0.260495
17 0.0811046
0 0.1644
1 0.483682
2 0.235294
3 0.0320856
4 0
5 0.0106952
6 0.0784314
7 0.00178253
8 0.00178253
9 0.395722
10 0.41533
11 0.940806
12 0.658418
13 0.131205
14 0.952582
15 0.0401995
16 0.228258
17 0.0972789
0 0.270984
1 0.476755
2 0
3 0.0156863
4 0.0862745
5 0.0862745
6 0.127273
7 0.00106952
8 0.0352941
9 0.250267
10 0.782888
11 0.931272
12 0.573101
13 0.143249
14 0.955003
15 0.0440938
16 0.319681
17 0.0613887
0 0.242325
1 0.470147
2 0.129412
3 0.129412
4 0.129412
5 0.129412
6 0.129412
7 0.0196078
8 0.0196078
9 0.682353
10 0.682353
11 0.923506
12 0.53781
13 0.14223
14 0.951694
15 0.0393167
16 0.342727
17 0.0536234
0 0.369853
1 0.463672
2 0.0705882
3 0.0705882
4 0.358289
5 0.12549
6 0.171836
7 0.0730838
8 0.0759358
9 0.778966
10 0.759715
11 0.929185
12 0.564385
13 0.095298
14 0.959598
15 0.0414059
16 0.356104
17 0.0443847
0 0.118116
1 0.457203
2 0.321569
3 0.225312
4 0.301961
5 0.301961
6 0.316221
7 0.181462
8 0.0795009
9 0.542602
10 0.697326
11 0.9355
12 0.557788
13 0.0980258
14 0.956953
15 0.0397443
16 0.313766
17 0.051018
0 0.0788604
1 0.450891
2 0.207843
3 0.235651
4 0.23369
5 0.34902
6 0.25098
7 0.138324
8 0.193939
9 0.453476
10 0.270945
11 0.909447
12 0.558304
13 0.160548
14 0.945084
15 0.0448323
16 0.31175
17 0.0395625
0 0.929466
1 0.44458
2 0.0666667
3 0.0666667
4 0.0666667
5 0.0666667
6 0.0666667
7 0.00392157
8 0.00392157
9 0.866667
10 0.866667
11 0.912814
12 0.57014
13 0.0738963
14 0.951302
15 0.030965
16 0.28287
17 0.0465034
0 0.65461
1 0.4383
2 0.262745
3 0.262745
4 0.262745
5 0.262745
6 0.262745
7 0.262745
8 0.262745
9 0.262745
10 0.262745
11 0.930314
12 0.50655
13 0.143594
14 0.958294
15 0.0485495
16 0.34223
17 0.0376451
0 0.0195563
1 0.43195
2 0.101961
3 0.101961
4 0.135472
5 0.34902
6 0.34902
7 0.00392157
8 0.26025
9 0.847059
10 0.217112
11 0.926594
12 0.579268
13 0.0659239
14 0.957002
15 0.0306741
16 0.305611
17 0.0458005
0 0.303759
1 0.42556
2 0.34902
3 0.34902
4 0.34902
5 0.34902
6 0.34902
7 0.25098
8 0.25098
9 0.14902
10 0.14902
11 0.907572
12 0.581033
13 0.0644752
14 0.952979
15 0.0258923
16 0.307769
17 0.0371141
0 0.762591
1 0.419175
2 0.34902
3 0.34902
4 0.34902
5 0.34902
6 0.34902
7 0.25098
8 0.25098
9 0.14902
10 0.14902
11 0.906456
12 0.565289
13 0.149735
14 0.946536
15 0.0428411
16 0.326606
17 0.0350404
0 0.98404
1 0.412798
2 0.113725
3 0.113725
4 0.113726
5 0.113725
6 0.113725
7 0.0196078
8 0.0196078
9 0.819608
10 0.819608
11 0.936899
12 0.559172
13 0.150396
14 0.95741
15 0.053681
16 0.348324
17 0.048838
0 0.16913
1 0.406591
2 0.14902
3 0.14902
4 0.14902
5 0.14902
6 0.14902
7 0.0196078
8 0.0196078
9 0.831373
10 0.831373
11 0.921186
12 0.508039
13 0.10639
14 0.957427
15 0.0307576
16 0.389251
17 0.0330815
0 0.299467
1 0.400373
2 0.258824
3 0.258824
4 0.34492
5 0.34902
6 0.34902
7 0.0616756
8 0.25098
9 0.678431
10 0.14902
11 0.948381
12 0.601514
13 0.142534
14 0.957293
15 0.0603232
16 0.290173
17 0.0625888
0 0.145622
1 0.394053
2 0.0862745
3 0.0862745
4 0.0862745
5 0.0862745
6 0.0862745
7 0.00392157
8 0.00392157
9 0.67451
10 0.67451
11 0.953173
12 0.723396
13 0.11637
14 0.95653
15 0.0461491
16 0.185985
17 0.126314
0 0.354934
1 0.388036
2 0
3 0
4 0
5 0
6 0
7 0
8 0
9 0
10 0
11 0.933564
12 0.723484
13 0.109969
14 0.951673
15 0.0332191
16 0.192046
17 0.0969741
0 0.892876
1 0.382034
2 0
3 0
4 0
5 0.0117647
6 0.0862745
7 0
8 0.00178253
9 0
10 0.399287
11 0.943456
12 0.590524
13 0.142961
14 0.962097
15 0.0516321
16 0.323927
17 0.0661633
0 0.139428
1 0.376178
2 0.117647
3 0.117647
4 0.117647
5 0.117647
6 0.117647
7 0.0196078
8 0.0196078
9 0.690196
10 0.690196
11 0.946687
12 0.540502
13 0.149342
14 0.960662
15 0.0616732
16 0.31172
17 0.0473372
0 0.079876
1 0.370229
2 0.0509804
3 0.0509804
4 0.0509804
5 0.0509804
6 0.375401
7 0.00392157
8 0.150802
9 0.866667
10 0.699822
11 0.932656
12 0.532261
13 0.154641
14 0.957719
15 0.0546705
16 0.320732
17 0.0386427
0 0.364519
1 0.364291
2 0.0431373
3 0.0431373
4 0.0431373
5 0.197148
6 0.231373
7 0.00392157
8 0.16934
9 0.901961
10 0.41426
11 0.913973
12 0.574359
13 0.155949
14 0.950219
15 0.0456775
16 0.320201
17 0.0363778
0 0.994664
1 0.358376
2 0.0745098
3 0.0745098
4 0.0745098
5 0.0745098
6 0.0745098
7 0.00392157
8 0.00392157
9 0.854902
10 0.854902
11 0.918949
12 0.599568
13 0.133105
14 0.952668
15 0.0386793
16 0.322678
17 0.0407648
0 0.852936
1 0.352428
2 0.141176
3 0.141176
4 0.141176
5 0.141176
6 0.112656
7 0.0196078
8 0.0167558
9 0.658824
10 0.695187
11 0.90904
12 0.547603
13 0.0661279
14 0.952784
15 0.0274978
16 0.313023
17 0.031642
0 0.922881
1 0.346394
2 0.267023
3 0.309804
4 0.309804
5 0.309804
6 0.309804
7 0.283422
8 0.309804
9 0.345098
10 0.309804
11 0.951406
12 0.598442
13 0.141709
14 0.962665
15 0.0649045
16 0.313992
17 0.0591144
0 0.0229667
1 0.340255
2 0.121569
3 0.121569
4 0.121569
5 0.121569
6 0.121569
7 0.0196078
8 0.0196078
9 0.698039
10 0.698039
11 0.926195
12 0.608416
13 0.0633381
14 0.958277
15 0.0257721
16 0.324328
17 0.0453357
0 0.713133
1 0.33398
2 0.34902
3 0.34902
4 0.34902
5 0.34902
6 0.0959001
7 0.25098
8 0.161141
9 0.14902
10 0.322995
11 0.94393
12 0.627872
13 0.109827
14 0.964417
15 0.0569744
16 0.299343
17 0.055206
0 0.535859
1 0.327789
2 0.249198
3 0.0352941
4 0.0352941
5 0.0352941
6 0.0923351
7 0.0713012
8 0.02959
9 0.596791
10 0.721212
11 0.951744
12 0.593948
13 0.157125
14 0.963963
15 0.0610918
16 0.315194
17 0.0642181
0 0.0763866
1 0.321577
2 0.0352941
3 0.0352941
4 0.11016
5 0.113725
6 0.113725
7 0.00677362
8 0.0196078
9 0.770766
10 0.815686
11 0.948375
12 0.576452
13 0.144827
14 0.963415
15 0.0558162
16 0.336104
17 0.0547347
0 0.159281
1 0.31528
2 0.109804
3 0.109804
4 0.109804
5 0.109804
6 0.109804
7 0.0196078
8 0.0196078
9 0.811765
10 0.811765
11 0.921478
12 0.577115
13 0.139017
14 0.954942
15 0.0406516
16 0.334181
17 0.0356652
0 0.941844
1 0.309062
2 0.109804
3 0.109804
4 0.109804
5 0.109804
6 0.109804
7 0.0196078
8 0.0196078
9 0.815686
10 0.815686
11 0.947234
12 0.570365
13 0.144418
14 0.963005
15 0.0558678
16 0.34525
17 0.0560157
0 0.216288
1 0.302924
2 0.133333
3 0.133333
4 0.133333
5 0.106239
6 0
7 0.0196078
8 0.0278075
9 0.854902
10 0.331551
11 0.935445
12 0.625757
13 0.117535
14 0.956876
15 0.0445058
16 0.286047
17 0.0525503
0 0.875856
1 0.296773
2 0.152941
3 0.135294
4 0.0299465
5 0
6 0
7 0.0424242
8 0
9 0.573975
10 0
11 0.965362
12 0.72548
13 0.102719
14 0.967555
15 0.0597018
16 0.206819
17 0.130943
0 0.0338372
1 0.290577
2 0.101961
3 0.0370766
4 0
5 0
6 0
7 0.055615
8 0
9 0.055615
10 0
11 0.957208
12 0.668013
13 0.100143
14 0.966999
15 0.0485009
16 0.259853
17 0.0853979
0 0.1818
1 0.284239
2 0.147059
3 0.117647
4 0.00534759
5 0.10303
6 0.0912656
7 0.0695187
8 0.0342246
9 0.293048
10 0.520499
11 0.941777
12 0.545328
13 0.120857
14 0.967729
15 0.0350634
16 0.451532
17 0.0312495
0 0.152238
1 0.277679
2 0.313725
3 0.313725
4 0.313726
5 0.313725
6 0.313725
7 0.0196078
8 0.0196078
9 0.831373
10 0.831373
11 0.935067
12 0.561354
13 0.116218
14 0.959235
15 0.0385253
16 0.33788
17 0.029496
0 0.765147
1 0.270897
2 0.141176
3 0.141176
4 0.141176
5 0.141176
6 0.336364
7 0.0196078
8 0.130838
9 0.792157
10 0.692692
11 0.937515
12 0.594487
13 0.15107
14 0.960533
15 0.0530728
16 0.316537
17 0.0462585
0 0.682473
1 0.264507
2 0.0666667
3 0.0666667
4 0.0666667
5 0.0666667
6 0.0666667
7 0.00392157
8 0.00392157
9 0.843137
10 0.843137
11 0.952692
12 0.609165
13 0.135731
14 0.966202
15 0.0533068
16 0.321521
17 0.0611056
0 0.167521
1 0.258086
2 0.113725
3 0.113725
4 0.113726
5 0.113725
6 0.113725
7 0.0196078
8 0.0196078
9 0.698039
10 0.698039
11 0.956999
12 0.606488
13 0.132412
14 0.968024
15 0.0545507
16 0.32512
17 0.0647715
0 0.046001
1 0.251571
2 0.117647
3 0.117647
4 0.117647
5 0.117647
6 0.117647
7 0.0196078
8 0.0196078
9 0.701961
10 0.701961
11 0.959006
12 0.641207
13 0.0798468
14 0.967325
15 0.0450882
16 0.255213
17 0.0751801
0 0.188587
1 0.364148
2 0.145098
3 0.145098
4 0.145098
5 0.145098
6 0.145098
7 0.145098
8 0.145098
9 0.145098
10 0.145098
11 0.95189
12 0.56463
13 0.123515
14 0.969984
15 0.063545
16 0.342671
17 0.0529061
0 0.186388
1 0.476914
2 0.167736
3 0.0901961
4 0.0901961
5 0.0901961
6 0.0901961
7 0.055615
8 0.00392157
9 0.688414
10 0.913725
11 0.922405
12 0.50981
13 0.114763
14 0.961124
15 0.0357904
16 0.343111
17 0.0209555
0 0.867129
1 0.47037
2 0.0784314
3 0.0784314
4 0.0784314
5 0.344742
6 0.354011
7 0.0196078
8 0.243494
9 0.737255
10 0.402139
11 0.954572
12 0.552497
13 0.136805
14 0.967462
15 0.0714827
16 0.314083
17 0.0490693
0 0.0604118
1 0.463985
2 0.0745098
3 0.0745098
4 0.0745098
5 0.0745098
6 0.2082
7 0.0196078
8 0.083066
9 0.729412
10 0.663815
11 0.952142
12 0.57403
13 0.127232
14 0.968021
15 0.0540809
16 0.337158
17 0.0498434
0 0.183143
1 0.457697
2 0.133333
3 0.133333
4 0.133333
5 0.133333
6 0.133333
7 0.0196078
8 0.0196078
9 0.607843
10 0.607843
11 0.944291
12 0.569858
13 0.12239
14 0.965902
15 0.0467154
16 0.337468
17 0.041826
0 0.524856
1 0.451555
2 0.129412
3 0.129412
4 0.129412
5 0.129412
6 0.129412
7 0.0196078
8 0.0196078
9 0.643137
10 0.643137
11 0.951326
12 0.549148
13 0.0860798
14 0.966794
15 0.0684839
16 0.322001
17 0.051062
0 0.361227
1 0.445488
2 0.2
3 0.247415
4 0.158824
5 0.0541889
6 0
7 0.283422
8 0.00855615
9 0.587166
10 0.453476
11 0.959715
12 0.702806
13 0.10855
14 0.966594
15 0.0506391
16 0.211354
17 0.0829402
0 0.378419
1 0.439367
2 0
3 0
4 0.0299465
5 0.109804
6 0.109804
7 0
8 0.0178253
9 0
10 0.442068
11 0.947677
12 0.547784
13 0.108052
14 0.970053
15 0.035625
16 0.333373
17 0.0505546
0 0.30573
1 0.433165
2 0.0666667
3 0.0666667
4 0.23779
5 0.301961
6 0.164706
7 0.0452763
8 0.247059
9 0.530125
10 0.247059
11 0.966958
12 0.709435
13 0.107618
14 0.96909
15 0.0608171
16 0.19568
17 0.118097
0 0.156556
1 0.42691
2 0
3 0
4 0
5 0
6 0
7 0
8 0
9 0
10 0
11 0.967557
12 0.707298
13 0.109077
14 0.971847
15 0.0549362
16 0.208939
17 0.130551
0 0.0381232
1 0.42077
2 0
3 0
4 0
5 0.0254902
6 0.0431372
7 0
8 0.00249554
9 0
10 0.554011
11 0.956468
12 0.652757
13 0.116962
14 0.968932
15 0.0476014
16 0.250581
17 0.0833322
0 0.481036
1 0.414562
2 0
3 0.0128342
4 0.0313726
5 0.0313725
6 0.0313725
7 0.00142602
8 0.00392157
9 0.323708
10 0.890196
11 0.949142
12 0.55351
13 0.152368
14 0.969353
15 0.0631174
16 0.328465
17 0.0521121
0 0.480595
1 0.408425
2 0.027451
3 0.027451
4 0.027451
5 0.027451
6 0.027451
7 0.00392157
8 0.00392157
9 0.890196
10 0.890196
11 0.956856
12 0.569608
13 0.075689
14 0.969089
15 0.0453326
16 0.338438
17 0.0448291
0 0.254256
1 0.402197
2 0.277718
3 0.376114
4 0.213547
5 0.161497
6 0.0941176
7 0.206061
8 0.0531194
9 0.388592
10 0.464884
11 0.934686
12 0.518773
13 0.121535
14 0.967607
15 0.037731
16 0.41222
17 0.0215143
0 0.879455
1 0.395543
2 0.203922
3 0.203922
4 0.203922
5 0.203922
6 0.203922
7 0.0196078
8 0.0196078
9 0.909804
10 0.909804
11 0.957018
12 0.518534
13 0.10996
14 0.971187
15 0.0475677
16 0.360851
17 0.0353957
0 0.123471
1 0.389349
2 0.156863
3 0.156863
4 0.160784
5 0.243137
6 0.243137
7 0.0196078
8 0.202496
9 0.772549
10 0.339394
11 0.939364
12 0.557449
13 0.10694
14 0.967643
15 0.0410349
16 0.357436
17 0.0269886
0 0.874931
1 0.383155
2 0.178788
3 0.172549
4 0.172549
5 0.172549
6 0.172549
7 0.0723708
8 0.0196078
9 0.720499
10 0.772549
11 0.953871
12 0.576753
13 0.0499424
14 0.970996
15 0.0283916
16 0.334832
17 0.0293141
0 0.47361
1 0.377033
2 0.34902
3 0.34902
4 0.34902
5 0.34902
6 0.34902
7 0.25098
8 0.25098
9 0.14902
10 0.14902
11 0.961548
12 0.575758
13 0.0514388
14 0.97404
15 0.0343741
16 0.333015
17 0.0349511
0 0.155238
1 0.370949
2 0.34902
3 0.34902
4 0.34902
5 0.34902
6 0.34902
7 0.25098
8 0.25098
9 0.14902
10 0.14902
11 0.959214
12 0.567639
13 0.111556
14 0.969586
15 0.0658788
16 0.285562
17 0.0482186
0 0.348678
1 0.364794
2 0.0901961
3 0.253832
4 0.0196078
5 0.0196078
6 0.144385
7 0.0809269
8 0.0606061
9 0.58574
10 0.574332
11 0.952006
12 0.539377
13 0.0882295
14 0.966665
15 0.0303542
16 0.313947
17 0.0344629
0 0.433057
1 0.358589
2 0.0235294
3 0.285027
4 0.34902
5 0.34902
6 0.315151
7 0.146881
8 0.282709
9 0.380392
10 0.153654
11 0.967751
12 0.614133
13 0.059823
14 0.97351
15 0.0574173
16 0.291356
17 0.0781763
0 0.069425
1 0.352485
2 0.281283
3 0.34902
4 0.333155
5 0
6 0
7 0.314438
8 0.0456328
9 0.158289
10 0.0270945
11 0.967577
12 0.719213
13 0.102536
14 0.972757
15 0.0542645
16 0.197454
17 0.113456
0 0.365039
1 0.346446
2 0
3 0
4 0
5 0
6 0
7 0
8 0
9 0
10 0
11 0.955263
12 0.720203
13 0.0966908
14 0.970702
15 0.037007
16 0.201521
17 0.0907803
0 0.966883
1 0.340509
2 0
3 0
4 0
5 0
6 0
7 0
8 0
9 0
10 0
11 0.956623
12 0.722402
13 0.1001
14 0.971284
15 0.04
16 0.198202
17 0.0960896
0 0.890866
1 0.334517
2 0
3 0
4 0
5 0
6 0
7 0
8 0
9 0
10 0
11 0.963124
12 0.723003
13 0.102885
14 0.973271
15 0.0457262
16 0.19826
17 0.11478
0 0.56919
1 0.328588
2 0
3 0
4 0
5 0
6 0
7 0
8 0
9 0
10 0
11 0.969792
12 0.708688
13 0.0980493
14 0.976158
15 0.0442522
16 0.211983
17 0.116266
0 0.0661405
1 0.322588
2 0
3 0
4 0.014082
5 0.224064
6 0.027451
7 0
8 0.086631
9 0
10 0.57861
11 0.964739
12 0.601316
13 0.0727281
14 0.976552
15 0.0490547
16 0.330985
17 0.0616332
0 0.27976
1 0.316657
2 0.291979
3 0.284492
4 0.17344
5 0.027451
6 0.027451
7 0.19287
8 0.00392157
9 0.426381
10 0.8959
11 0.954133
12 0.526382
13 0.110743
14 0.973135
15 0.0367383
16 0.380614
17 0.0305959
0 0.681837
1 0.310746
2 0.0666667
3 0.0666667
4 0.368271
5 0.182175
6 0.257398
7 0.0795009
8 0.166845
9 0.843137
10 0.442781
11 0.95586
12 0.523794
13 0.0967537
14 0.974225
15 0.0602422
16 0.38131
17 0.0266063
0 0.448864
1 0.304889
2 0.176471
3 0.176471
4 0.168984
5 0.306952
6 0.0980392
7 0.224955
8 0.0406417
9 0.904456
10 0.719786
11 0.962567
12 0.609986
13 0.0593887
14 0.97406
15 0.0400647
16 0.279217
17 0.0492471
0 0.537779
1 0.29903
2 0.207843
3 0.207843
4 0.2
5 0.196791
6 0.0636363
7 0.207843
8 0.225312
9 0.207843
10 0.414973
11 0.954335
12 0.561109
13 0.077492
14 0.976453
15 0.0296102
16 0.365907
17 0.0255874
0 0.660655
1 0.293265
2 0.212478
3 0.101961
4 0.33779
5 0.34902
6 0.34902
7 0.11836
8 0.25098
9 0.556506
10 0.14902
11 0.967816
12 0.592544
13 0.0465593
14 0.977335
15 0.0315156
16 0.327476
17 0.0333725
0 0.186565
1 0.287562
2 0.34902
3 0.34902
4 0.34902
5 0.34902
6 0.34902
7 0.25098
8 0.25098
9 0.14902
10 0.14902
11 0.959797
12 0.591482
13 0.0449384
14 0.976161
15 0.0259401
16 0.329516
17 0.0257107
0 0.652573
1 0.282008
2 0.34902
3 0.34902
4 0.34902
5 0.34902
6 0.34902
7 0.25098
8 0.25098
9 0.14902
10 0.14902
11 0.970307
12 0.594103
13 0.0481297
14 0.978969
15 0.0345992
16 0.327963
17 0.0364911
0 0.0467675
1 0.276325
2 0.34902
3 0.34902
4 0.34902
5 0.34902
6 0.34902
7 0.25098
8 0.25098
9 0.14902
10 0.14902
11 0.954441
12 0.593254
13 0.0427556
14 0.975309
15 0.0222331
16 0.329564
17 0.0213153
0 0.970095
1 0.270635
2 0.34902
3 0.34902
4 0.34902
5 0.34902
6 0.34902
7 0.25098
8 0.25098
9 0.14902
10 0.14902
11 0.963506
12 0.648991
13 0.054859
14 0.976359
15 0.0475812
16 0.282615
17 0.0533755
0 0.70358
1 0.265155
2 0.34902
3 0.34902
4 0.17451
5 0
6 0
7 0.25098
8 0
9 0.14902
10 0
11 0.972465
12 0.732776
13 0.104998
14 0.9778
15 0.0586398
16 0.191536
17 0.129583
0 0.2732
1 0.259653
2 0
3 0
4 0
5 0
6 0
7 0
8 0
9 0
10 0
11 0.962093
12 0.732308
13 0.092566
14 0.975385
15 0.0371572
16 0.196507
17 0.101682
0 0.88783
1 0.25411
2 0
3 0
4 0
5 0
6 0
7 0
8 0
9 0
10 0
11 0.97128
12 0.734594
13 0.100761
14 0.978367
15 0.0507165
16 0.192523
17 0.137694
0 0.32725
1 0.248584
2 0
3 0
4 0
5 0
6 0
7 0
8 0
9 0
10 0
11 0.968639
12 0.734056
13 0.0931971
14 0.97745
15 0.0428697
16 0.193588
17 0.117387
0 0.548737
1 0.242913
2 0
3 0
4 0
5 0
6 0.0427807
7 0
8 0.000356506
9 0
10 0.0787879
11 0.971475
12 0.590653
13 0.105177
14 0.978449
15 0.0344195
16 0.299414
17 0.0539237
0 0.0354842
1 0.236917
2 0
3 0.145633
4 0.213547
5 0.273975
6 0.32852
7 0.00213904
8 0.256684
9 0.468449
10 0.342959
11 0.965952
12 0.523766
13 0.0587397
14 0.98092
15 0.0350666
16 0.363723
17 0.0328891
0 0.425307
1 0.230859
2 0.306595
3 0.156863
4 0.262745
5 0.186096
6 0.233868
7 0.142246
8 0.420321
9 0.614973
10 0.222816
11 0.957026
12 0.586802
13 0.0675612
14 0.977201
15 0.0521457
16 0.315123
17 0.0249366
0 0.972637
1 0.224832
2 0.213547
3 0.128877
4 0.100891
5 0.247059
6 0.101961
7 0.251693
8 0.11016
9 0.599643
10 0.595009
11 0.95916
12 0.609667
13 0.0665967
14 0.978476
15 0.0412012
16 0.303945
17 0.0231338
0 0.87598
1 0.218657
2 0.290018
3 0.190731
4 0.0442068
5 0.222282
6 0.327629
7 0.145455
8 0.17041
9 0.424955
10 0.467736
11 0.97074
12 0.580407
13 0.0737535
14 0.980706
15 0.0742635
16 0.293727
17 0.0617313
0 0.260966
1 0.212551
2 0.156863
3 0.102496
4 0.145455
5 0.0818181
6 0
7 0.256684
8 0.218182
9 0.549733
10 0.0727273
11 0.959362
12 0.604263
13 0.0514708
14 0.973722
15 0.0261766
16 0.279766
17 0.0258711
0 0.905501
1 0.206295
2 0.109091
3 0.328699
4 0.34902
5 0.34902
6 0.34902
7 0.300535
8 0.25098
9 0.135829
10 0.14902
11 0.960041
12 0.629825
13 0.047481
14 0.97807
15 0.0288842
16 0.307551
17 0.0300914
0 0.934108
1 0.200008
2 0.34902
3 0.34902
4 0.339037
5 0.129412
6 0.300535
7 0.25098
8 0.141176
9 0.14902
10 0.684848
11 0.969342
12 0.603028
13 0.0379697
14 0.982679
15 0.0321092
16 0.3706
17 0.0329268
0 0.368131
1 0.193786
2 0.484492
3 0.34902
4 0.34902
5 0.34902
6 0.124421
7 0.322995
8 0.187879
9 0.239572
10 0.274153
11 0.97444
12 0.613402
13 0.097493
14 0.98231
15 0.0564165
16 0.2861
17 0.0376781
0 0.100866
1 0.187567
2 0.0944742
3 0.0196078
4 0.0304813
5 0.33262
6 0.34902
7 0.0406417
8 0.209626
9 0.562567
10 0.241711
11 0.963605
12 0.610403
13 0.0435139
14 0.980041
15 0.0227802
16 0.330148
17 0.0248691
0 0.73094
1 0.181367
2 0.34902
3 0.34902
4 0.34902
5 0.34902
6 0.34902
7 0.25098
8 0.25098
9 0.14902
10 0.14902
11 0.963674
12 0.661883
13 0.0505541
14 0.979023
15 0.0410614
16 0.278837
17 0.0479201
0 0.962157
1 0.175151
2 0.34902
3 0.34902
4 0.17451
5 0
6 0
7 0.25098
8 0
9 0.14902
10 0
11 0.967739
12 0.645051
13 0.0605774
14 0.979281
15 0.0269102
16 0.19615
17 0.072322
0 0.731989
1 0.168919
2 0
3 0
4 0.1
5 0.2
6 0.2
7 0
8 0.6
9 0
10 0.2
11 0.96917
12 0.690542
13 0.0530361
14 0.981504
15 0.0886475
16 0.209788
17 0.075946
0 0.567496
1 0.162622
2 0.2
3 0.118182
4 0
5 0
6 0
7 0.381818
8 0
9 0.127273
10 0
11 0.973565
12 0.746669
13 0.106698
14 0.981159
15 0.0540961
16 0.192237
17 0.130657
0 0.405337
1 0.156365
2 0
3 0
4 0
5 0
6 0
7 0
8 0
9 0
10 0
11 0.977616
12 0.704314
13 0.0603435
14 0.985017
15 0.0758969
16 0.22145
17 0.117442
0 0.0775095
1 0.271618
2 0.181818
3 0
4 0
5 0
6 0
7 0.218182
8 0
9 0.0727273
10 0
11 0.962806
12 0.59272
13 0.0921365
14 0.981611
15 0.0447034
16 0.365833
17 0.0299653
0 0.934224
1 0.265559
2 0.235829
3 0.0941176
4 0.0941177
5 0.0941176
6 0.0941176
7 0.085205
8 0.00392157
9 0.712656
10 0.866667
11 0.963824
12 0.619803
13 0.0563759
14 0.979724
15 0.0313513
16 0.335465
17 0.0299708
0 0.973181
1 0.259369
2 0.34902
3 0.359002
4 0.24902
5 0.0983957
6 0.12549
7 0.187879
8 0.0110517
9 0.290196
10 0.921569
11 0.974955
12 0.537245
13 0.0856916
14 0.983035
15 0.0368512
16 0.393133
17 0.0270957
0 0.138426
1 0.253207
2 0.180392
3 0.225312
4 0.34902
5 0.34902
6 0.298217
7 0.10303
8 0.229947
9 0.669162
10 0.192513
11 0.97428
12 0.569756
13 0.0716257
14 0.98232
15 0.0499007
16 0.30499
17 0.0316967
0 0.314128
1 0.247093
2 0.150624
3 0.17344
4 0.188235
5 0.181105
6 0.340463
7 0.144385
8 0.24492
9 0.506952
10 0.809982
11 0.965248
12 0.502954
13 0.074942
14 0.982045
15 0.0369139
16 0.441843
17 0.0138924
0 0.69499
1 0.241049
2 0.321212
3 0.298039
4 0.298039
5 0.298039
6 0.298039
7 0.183601
8 0.168627
9 0.838859
10 0.992157
11 0.974994
12 0.467575
13 0.0740821
14 0.983754
15 0.0386278
16 0.49916
17 0.0123295
0 0.128132
1 0.235011
2 0.372549
3 0.372549
4 0.372549
5 0.372549
6 0.372549
7 0.168627
8 0.168627
9 0.992157
10 0.992157
11 0.974174
12 0.57478
13 0.0387879
14 0.983088
15 0.0283459
16 0.356644
17 0.0202027
0 0.425411
1 0.228841
2 0.37754
3 0.34902
4 0.34902
5 0.34902
6 0.34902
7 0.236007
8 0.25098
9 0.302317
10 0.14902
11 0.978184
12 0.602264
13 0.0408474
14 0.985033
15 0.0336966
16 0.32672
17 0.0311184
0 0.0620806
1 0.222758
2 0.34902
3 0.34902
4 0.34902
5 0.34902
6 0.34902
7 0.25098
8 0.25098
9 0.14902
10 0.14902
11 0.978598
12 0.602842
13 0.0411364
14 0.985498
15 0.0333294
16 0.329062
17 0.0321901
0 0.0344975
1 0.216603
2 0.34902
3 0.34902
4 0.34902
5 0.34902
6 0.34902
7 0.25098
8 0.25098
9 0.14902
10 0.14902
11 0.970477
12 0.603171
13 0.0382112
14 0.983511
15 0.0245325
16 0.328445
17 0.022029
0 0.703377
1 0.210581
2 0.34902
3 0.34902
4 0.34902
5 0.34902
6 0.34902
7 0.25098
8 0.25098
9 0.14902
10 0.14902
11 0.976658
12 0.658393
13 0.0514048
14 0.984714
15 0.0592519
16 0.270542
17 0.0609692
0 0.35478
1 0.204566
2 0.34902
3 0.34902
4 0.0951871
5 0
6 0
7 0.228164
8 0
9 0.135472
10 0
11 0.973576
12 0.710583
13 0.0958994
14 0.983004
15 0.0469937
16 0.217423
17 0.0866798
0 0.617514
1 0.198589
2 0
3 0.0385027
4 0.106239
5 0.0666667
6 0.0515151
7 0.0399287
8 0.0142602
9 0.11016
10 0.716578
11 0.978747
12 0.739127
13 0.0975442
14 0.985067
15 0.0572038
16 0.187934
17 0.148099
0 0.197474
1 0.192656
2 0
3 0
4 0
5 0
6 0
7 0
8 0
9 0
10 0
11 0.973123
12 0.739012
13 0.0844356
14 0.98344
15 0.0404888
16 0.189979
17 0.11647
0 0.702701
1 0.186647
2 0
3 0
4 0
5 0
6 0
7 0
8 0
9 0
10 0
11 0.978715
12 0.740894
13 0.0925127
14 0.985265
15 0.0535921
16 0.186674
17 0.148694
0 0.242564
1 0.180655
2 0
3 0
4 0
5 0
6 0
7 0
8 0
9 0
10 0
11 0.968283
12 0.596476
13 0.129611
14 0.983065
15 0.048958
16 0.332085
17 0.039312
0 0.967648
1 0.174584
2 0.0352941
3 0.0352941
4 0.0352941
5 0.0352941
6 0.0352941
7 0.00392157
8 0.00392157
9 0.87451
10 0.87451
11 0.971597
12 0.64978
13 0.0460123
14 0.985186
15 0.0460683
16 0.283791
17 0.0147796
0 0.785369
1 0.168634
2 0.34902
3 0.211408
4 0.142959
5 0.187879
6 0.705882
7 0.302674
8 0.0153298
9 0.280927
10 0.941889
11 0.971427
12 0.570167
13 0.149904
14 0.983802
15 0.0523932
16 0.373764
17 0.0267365
0 0.752916
1 0.162668
2 0.0848485
3 0.14902
4 0.14902
5 0.14902
6 0.14902
7 0.0139037
8 0.0196078
9 0.916578
10 0.929412
11 0.971119
12 0.53122
13 0.0900629
14 0.983779
15 0.0273479
16 0.413381
17 0.0182092
0 0.74922
1 0.156505
2 0.105882
3 0.105882
4 0.43779
5 0.34902
6 0.34902
7 0.112299
8 0.275936
9 0.853476
10 0.192513
11 0.973707
12 0.708934
13 0.0710435
14 0.983355
15 0.038458
16 0.189017
17 0.0858657
0 0.778058
1 0.150127
2 0.0117647
3 0.0117647
4 0.0459893
5 0.136364
6 0
7 0.00962567
8 0.218182
9 0.00962567
10 0.0727273
11 0.973054
12 0.641362
13 0.0660445
14 0.982076
15 0.0212776
16 0.255953
17 0.0391608
0 0.658278
1 0.143546
2 0
3 0.301426
4 0.34902
5 0.34902
6 0.34902
7 0.136898
8 0.25098
9 0.0812834
10 0.14902
11 0.974042
12 0.592634
13 0.0374184
14 0.985763
15 0.025591
16 0.33457
17 0.021838
0 0.603507
1 0.258381
2 0.34902
3 0.34902
4 0.34902
5 0.34902
6 0.34902
7 0.25098
8 0.25098
9 0.14902
10 0.14902
11 0.971894
12 0.592904
13 0.0356523
14 0.984834
15 0.0240742
16 0.332471
17 0.0180613
0 0.845877
1 0.251965
2 0.34902
3 0.34902
4 0.34902
5 0.34902
6 0.34902
7 0.25098
8 0.25098
9 0.14902
10 0.14902
11 0.976438
12 0.610252
13 0.090633
14 0.987169
15 0.0799289
16 0.323208
17 0.0427662
0 0.537865
1 0.245315
2 0.237433
3 0.0431373
4 0.0367201
5 0.0196078
6 0.0196078
7 0.0919786
8 0.0192513
9 0.653119
10 0.561141
11 0.979911
12 0.642286
13 0.122105
14 0.98637
15 0.075928
16 0.273004
17 0.0697376
0 0.26111
1 0.238529
2 0.027451
3 0.027451
4 0.027451
5 0.027451
6 0.027451
7 0.0196078
8 0.0196078
9 0.509804
10 0.509804
11 0.974301
12 0.617179
13 0.10581
14 0.9854
15 0.0468759
16 0.321226
17 0.052203
0 0.688904
1 0.231937
2 0.12549
3 0.12549
4 0.126916
5 0
6 0
7 0.0196078
8 0.0256684
9 0.564706
10 0.0256684
11 0.980594
12 0.731828
13 0.0924842
14 0.986554
15 0.0611839
16 0.18574
17 0.130562
0 0.270719
1 0.225379
2 0
3 0
4 0
5 0
6 0
7 0
8 0
9 0
10 0
11 0.977968
12 0.731803
13 0.0877901
14 0.98642
15 0.0491159
16 0.191526
17 0.125914
0 0.474968
1 0.219038
2 0
3 0
4 0
5 0
6 0
7 0
8 0
9 0
10 0
11 0.974018
12 0.732585
13 0.0851036
14 0.985431
15 0.0429831
16 0.188811
17 0.108178
0 0.806372
1 0.212706
2 0
3 0
4 0
5 0
6 0
7 0
8 0
9 0
10 0
11 0.982231
12 0.734905
13 0.0922828
14 0.987878
15 0.0607625
16 0.187225
17 0.153422
0 0.108392
1 0.206578
2 0
3 0
4 0
5 0
6 0
7 0
8 0
9 0
10 0
11 0.97792
12 0.711025
13 0.0707668
14 0.986587
15 0.0409313
16 0.183728
17 0.0847666
0 0.54407
1 0.20057
2 0
3 0
4 0
5 0.0454545
6 0.256684
7 0
8 0.160784
9 0
10 0.238503
11 0.976881
12 0.540582
13 0.0681771
14 0.986226
15 0.0515558
16 0.297169
17 0.0321177
0 0.600661
1 0.194386
2 0.100178
3 0.206774
4 0.0509804
5 0.139037
6 0.2
7 0.129768
8 0.383244
9 0.570767
10 0.468093
11 0.981681
12 0.531734
13 0.0410481
14 0.987149
15 0.0756928
16 0.31877
17 0.0314569
0 0.167847
1 0.18821
2 0.2
3 0.298218
4 0.246168
5 0.169875
6 0.14902
7 0.406774
8 0.336185
9 0.463815
10 0.7041
11 0.982606
12 0.579946
13 0.0542671
14 0.989237
15 0.0467791
16 0.360332
17 0.020792
0 0.110807
1 0.182039
2 0.327629
3 0.176827
4 0.188235
5 0.328164
6 0.34902
7 0.15508
8 0.268093
9 0.490553
10 0.203209
11 0.97453
12 0.618812
13 0.0345089
14 0.986511
15 0.0416111
16 0.284369
17 0.0318374
0 0.959653
1 0.176069
2 0.34902
3 0.34902
4 0.140642
5 0.0727273
6 0.0636363
7 0.282709
8 0.163636
9 0.153654
10 0.0545455
11 0.974629
12 0.671831
13 0.0527163
14 0.986099
15 0.0418382
16 0.245525
17 0.0460235
0 0.878341
1 0.170246
2 0.0636364
3 0.0727273
4 0.265419
5 0.309982
6 0.0627451
7 0.272727
8 0.165419
9 0.0909091
10 0.109804
11 0.976248
12 0.646948
13 0.0709731
14 0.989069
15 0.0669321
16 0.310028
17 0.0428437
0 0.760989
1 0.16415
2 0.305526
3 0.027451
4 0.027451
5 0.027451
6 0.027451
7 0.13369
8 0.0196078
9 0.508021
10 0.607843
11 0.980138
12 0.632707
13 0.111621
14 0.98776
15 0.0515907
16 0.316497
17 0.043047
0 0.498331
1 0.157993
2 0.113725
3 0.113725
4 0.113726
5 0.113725
6 0.113725
7 0.0196078
8 0.0196078
9 0.576471
10 0.576471
11 0.980163
12 0.593013
13 0.0249494
14 0.988103
15 0.0707287
16 0.265098
17 0.0222731
0 0.485498
1 0.151948
2 0.2
3 0.2
4 0.240642
5 0.34902
6 0.34902
7 0.6
8 0.282709
9 0.2
10 0.153654
11 0.976763
12 0.612982
13 0.0374043
14 0.987616
15 0.0247871
16 0.334361
17 0.01816
0 0.722028
1 0.146119
2 0.34902
3 0.34902
4 0.34902
5 0.34902
6 0.34902
7 0.25098
8 0.25098
9 0.14902
10 0.14902
11 0.975428
12 0.615855
13 0.0335572
14 0.98717
15 0.0216997
16 0.328382
17 0.0200029
0 0.922124
1 0.140502
2 0.34902
3 0.34902
4 0.34902
5 0.34902
6 0.254545
7 0.25098
8 0.239929
9 0.14902
10 0.165775
11 0.982108
12 0.744557
13 0.0940463
14 0.988342
15 0.0670594
16 0.17414
17 0.132543
0 0.354465
1 0.134888
2 0
3 0
4 0
5 0
6 0
7 0
8 0
9 0
10 0
11 0.977184
12 0.742924
13 0.0858369
14 0.987541
15 0.0430858
16 0.182979
17 0.112997
0 0.73467
1 0.129142
2 0
3 0
4 0
5 0
6 0.0499109
7 0
8 0.00713012
9 0
10 0.266667
11 0.974125
12 0.691315
13 0.0892463
14 0.986667
15 0.0387959
16 0.212083
17 0.0561315
0 0.972892
1 0.123679
2 0
3 0.0224599
4 0.054902
5 0.054902
6 0.266132
7 0.00713012
8 0.113725
9 0.233868
10 0.567201
11 0.984923
12 0.63341
13 0.0684778
14 0.989563
15 0.0603669
16 0.299112
17 0.0762891
0 0.0106177
1 0.118219
2 0.159358
3 0.262745
4 0.262745
5 0.0477718
6 0
7 0.218538
8 0.0716578
9 0.347594
10 0.0716578
11 0.978936
12 0.738398
13 0.0822897
14 0.987718
15 0.04934
16 0.176812
17 0.108448
0 0.684909
1 0.112698
2 0
3 0
4 0
5 0
6 0.0454545
7 0
8 0.0545455
9 0
10 0.0181818
11 0.980496
12 0.617133
13 0.134871
14 0.988859
15 0.0580515
16 0.333317
17 0.0450632
0 0.502362
1 0.107101
2 0.0745098
3 0.0745098
4 0.0745098
5 0.0745098
6 0.0745098
7 0.00392157
8 0.00392157
9 0.784314
10 0.784314
11 0.978306
12 0.615226
13 0.0515291
14 0.987225
15 0.0415711
16 0.285671
17 0.0275038
0 0.75293
1 0.101274
2 0.159002
3 0.274332
4 0.268806
5 0.115865
6 0.334403
7 0.278788
8 0.14902
9 0.342602
10 0.468093
11 0.974839
12 0.577425
13 0.0409197
14 0.988124
15 0.0408644
16 0.339515
17 0.019794
0 0.980272
1 0.0955733
2 0.34902
3 0.272549
4 0.168627
5 0.168627
6 0.171301
7 0.255258
8 0.270588
9 0.462389
10 0.925847
11 0.983139
12 0.643139
13 0.0374966
14 0.989494
15 0.0350794
16 0.319189
17 0.0471875
0 0.323545
1 0.089815
2 0.34902
3 0.34902
4 0.34902
5 0.142781
6 0.0454545
7 0.25098
8 0.145811
9 0.14902
10 0.0723708
11 0.982241
12 0.651752
13 0.0414008
14 0.988569
15 0.0565467
16 0.213753
17 0.0335887
0 0.46764
1 0.0841902
2 0.0636364
3 0.163636
4 0.133868
5 0.321925
6 0.34902
7 0.327273
8 0.259893
9 0.109091
10 0.140107
11 0.985231
12 0.649143
13 0.0430242
14 0.990919
15 0.0492718
16 0.286474
17 0.0369019
0 0.0498596
1 0.0786205
2 0.34902
3 0.34902
4 0.229412
5 0.109804
6 0.348663
7 0.25098
8 0.121925
9 0.14902
10 0.756506
11 0.985616
12 0.620766
13 0.0313284
14 0.991181
15 0.0299696
16 0.34044
17 0.024388
0 0.103505
1 0.0729184
2 0.395365
3 0.34902
4 0.34902
5 0.34902
6 0.34902
7 0.278431
8 0.25098
9 0.18574
10 0.14902
11 0.979516
12 0.626541
13 0.0244579
14 0.989591
15 0.0445867
16 0.287539
17 0.0184107
0 0.784227
1 0.0674334
2 0.301604
3 0.2
4 0.308378
5 0.34902
6 0.34902
7 0.473084
8 0.25098
9 0.181462
10 0.14902
11 0.976581
12 0.655252
13 0.0481914
14 0.988858
15 0.0494312
16 0.267273
17 0.0306074
0 0.965579
1 0.0618137
2 0.34902
3 0.28984
4 0.0235294
5 0.0235294
6 0.159002
7 0.187879
8 0.0745098
9 0.244207
10 0.465954
11 0.982926
12 0.626987
13 0.0579395
14 0.988954
15 0.0273583
16 0.30989
17 0.0299863
0 0.408513
1 0.0562423
2 0.150802
3 0.327094
4 0.34902
5 0.34902
6 0.269697
7 0.176471
8 0.228164
9 0.259893
10 0.135472
11 0.985079
12 0.755369
13 0.0935144
14 0.990293
15 0.0678806
16 0.167743
17 0.155166
0 0.208737
1 0.0506761
2 0
3 0
4 0
5 0
6 0
7 0
8 0
9 0
10 0
11 0.984826
12 0.75582
13 0.0838993
14 0.990528
15 0.0510484
16 0.176799
17 0.16614
0 0.213044
1 0.0451286
2 0
3 0
4 0
5 0
6 0
7 0
8 0
9 0
10 0
11 0.985724
12 0.754948
13 0.0786436
14 0.990772
15 0.0480105
16 0.174362
17 0.144784
0 0.137366
1 0.0395277
2 0
3 0
4 0
5 0.0673797
6 0.0823529
7 0
8 0.0142602
9 0
10 0.456328
11 0.985823
12 0.64744
13 0.0917543
14 0.990891
15 0.0533938
16 0.249939
17 0.0462333
0 0.139206
1 0.0339315
2 0.00998218
3 0.0313726
4 0.0313726
5 0.191087
6 0.363636
7 0.0142602
8 0.222816
9 0.507665
10 0.531194
11 0.977717
12 0.712681
13 0.0684964
14 0.989088
15 0.0484902
16 0.218379
17 0.0702323
0 0.955532
1 0.0281308
2 0.137255
3 0.137255
4 0.0686274
5 0
6 0
7 0.137255
8 0
9 0.137255
10 0
11 0.986722
12 0.67954
13 0.0780805
14 0.99099
15 0.0360044
16 0.273417
17 0.0375405
0 0.0509937
1 0.0224105
2 0
3 0.0614973
4 0.245098
5 0.603565
6 0.267201
7 0.160784
8 0.158645
9 0.284135
10 0.428877
11 0.981403
12 0.614029
13 0.0694386
14 0.99071
15 0.0371412
16 0.350049
17 0.0160458
0 0.711471
1 0.0165572
2 0.279323
3 0.2082
4 0.156863
5 0.278966
6 0.356506
7 0.130125
8 0.115508
9 0.617469
10 0.590374
11 0.985802
12 0.645806
13 0.0322134
14 0.991225
15 0.035094
16 0.296349
17 0.0415987
0 0.252766
1 0.0105792
2 0.34902
3 0.34902
4 0.288057
5 0.155615
6 0.176471
7 0.25098
8 0.229234
9 0.14902
10 0.631729
11 0.984889
12 0.610981
13 0.0468411
14 0.991676
15 0.0726208
16 0.326862
17 0.0374596
end fitness = 10.2081
