brain 22858 fitness=1.60056 numneurons+1=52 maxWeight=8 maxBias=8 redinput=2-11 greeninput=12-25 blueinput=26-27
+0.0000 +0.0000 +0.0000 +0.0000 +0.0000 +0.0000 +0.0000 +0.0000 +0.0000 +0.0000 +0.0000 +0.0000 +0.0000 +0.0000 +0.0000 +0.0000 +0.0000 +0.0000 +0.0000 +0.0000 +0.0000 +0.0000 +0.0000 +0.0000 +0.0000 +0.0000 +0.0000 +0.0000 +0.0000 +0.0000 +0.0000 +0.0000 +0.0000 +0.0000 +0.0000 +0.0000 +0.0000 +0.0000 +0.0000 +0.0000 +0.0000 +0.0000 +0.0000 +0.0000 +0.0000 +0.0000 +0.0000 +0.0000 +0.0000 +0.0000 +0.0000 +0.0000 ;
+0.0000 +0.0000 +0.0000 +0.0000 +0.0000 +0.0000 +0.0000 +0.0000 +0.0000 +0.0000 +0.0000 +0.0000 +0.0000 +0.0000 +0.0000 +0.0000 +0.0000 +0.0000 +0.0000 +0.0000 +0.0000 +0.0000 +0.0000 +0.0000 +0.0000 +0.0000 +0.0000 +0.0000 +0.0000 +0.0000 +0.0000 +0.0000 +0.0000 +0.0000 +0.0000 +0.0000 +0.0000 +0.0000 +0.0000 +0.0000 +0.0000 +0.0000 +0.0000 +0.0000 +0.0000 +0.0000 +0.0000 +0.0000 +0.0000 +0.0000 +0.0000 +0.0000 ;
+0.0000 +0.0000 +0.0000 +0.0000 +0.0000 +0.0000 +0.0000 +0.0000 +0.0000 +0.0000 +0.0000 +0.0000 +0.0000 +0.0000 +0.0000 +0.0000 +0.0000 +0.0000 +0.0000 +0.0000 +0.0000 +0.0000 +0.0000 +0.0000 +0.0000 +0.0000 +0.0000 +0.0000 +0.0000 +0.0000 +0.0000 +0.0000 +0.0000 +0.0000 +0.0000 +0.0000 +0.0000 +0.0000 +0.0000 +0.0000 +0.0000 +0.0000 +0.0000 +0.0000 +0.0000 +0.0000 +0.0000 +0.0000 +0.0000 +0.0000 +0.0000 +0.0000 ;
+0.0000 +0.0000 +0.0000 +0.0000 +0.0000 +0.0000 +0.0000 +0.0000 +0.0000 +0.0000 +0.0000 +0.0000 +0.0000 +0.0000 +0.0000 +0.0000 +0.0000 +0.0000 +0.0000 +0.0000 +0.0000 +0.0000 +0.0000 +0.0000 +0.0000 +0.0000 +0.0000 +0.0000 +0.0000 +0.0000 +0.0000 +0.0000 +0.0000 +0.0000 +0.0000 +0.0000 +0.0000 +0.0000 +0.0000 +0.0000 +0.0000 +0.0000 +0.0000 +0.0000 +0.0000 +0.0000 +0.0000 +0.0000 +0.0000 +0.0000 +0.0000 +0.0000 ;
+0.0000 +0.0000 +0.0000 +0.0000 +0.0000 +0.0000 +0.0000 +0.0000 +0.0000 +0.0000 +0.0000 +0.0000 +0.0000 +0.0000 +0.0000 +0.0000 +0.0000 +0.0000 +0.0000 +0.0000 +0.0000 +0.0000 +0.0000 +0.0000 +0.0000 +0.0000 +0.0000 +0.0000 +0.0000 +0.0000 +0.0000 +0.0000 +0.0000 +0.0000 +0.0000 +0.0000 +0.0000 +0.0000 +0.0000 +0.0000 +0.0000 +0.0000 +0.0000 +0.0000 +0.0000 +0.0000 +0.0000 +0.0000 +0.0000 +0.0000 +0.0000 +0.0000 ;
+0.0000 +0.0000 +0.0000 +0.0000 +0.0000 +0.0000 +0.0000 +0.0000 +0.0000 +0.0000 +0.0000 +0.0000 +0.0000 +0.0000 +0.0000 +0.0000 +0.0000 +0.0000 +0.0000 +0.0000 +0.0000 +0.0000 +0.0000 +0.0000 +0.0000 +0.0000 +0.0000 +0.0000 +0.0000 +0.0000 +0.0000 +0.0000 +0.0000 +0.0000 +0.0000 +0.0000 +0.0000 +0.0000 +0.0000 +0.0000 +0.0000 +0.0000 +0.0000 +0.0000 +0.0000 +0.0000 +0.0000 +0.0000 +0.0000 +0.0000 +0.0000 +0.0000 ;
+0.0000 +0.0000 +0.0000 +0.0000 +0.0000 +0.0000 +0.0000 +0.0000 +0.0000 +0.0000 +0.0000 +0.0000 +0.0000 +0.0000 +0.0000 +0.0000 +0.0000 +0.0000 +0.0000 +0.0000 +0.0000 +0.0000 +0.0000 +0.0000 +0.0000 +0.0000 +0.0000 +0.0000 +0.0000 +0.0000 +0.0000 +0.0000 +0.0000 +0.0000 +0.0000 +0.0000 +0.0000 +0.0000 +0.0000 +0.0000 +0.0000 +0.0000 +0.0000 +0.0000 +0.0000 +0.0000 +0.0000 +0.0000 +0.0000 +0.0000 +0.0000 +0.0000 ;
+0.0000 +0.0000 +0.0000 +0.0000 +0.0000 +0.0000 +0.0000 +0.0000 +0.0000 +0.0000 +0.0000 +0.0000 +0.0000 +0.0000 +0.0000 +0.0000 +0.0000 +0.0000 +0.0000 +0.0000 +0.0000 +0.0000 +0.0000 +0.0000 +0.0000 +0.0000 +0.0000 +0.0000 +0.0000 +0.0000 +0.0000 +0.0000 +0.0000 +0.0000 +0.0000 +0.0000 +0.0000 +0.0000 +0.0000 +0.0000 +0.0000 +0.0000 +0.0000 +0.0000 +0.0000 +0.0000 +0.0000 +0.0000 +0.0000 +0.0000 +0.0000 +0.0000 ;
+0.0000 +0.0000 +0.0000 +0.0000 +0.0000 +0.0000 +0.0000 +0.0000 +0.0000 +0.0000 +0.0000 +0.0000 +0.0000 +0.0000 +0.0000 +0.0000 +0.0000 +0.0000 +0.0000 +0.0000 +0.0000 +0.0000 +0.0000 +0.0000 +0.0000 +0.0000 +0.0000 +0.0000 +0.0000 +0.0000 +0.0000 +0.0000 +0.0000 +0.0000 +0.0000 +0.0000 +0.0000 +0.0000 +0.0000 +0.0000 +0.0000 +0.0000 +0.0000 +0.0000 +0.0000 +0.0000 +0.0000 +0.0000 +0.0000 +0.0000 +0.0000 +0.0000 ;
+0.0000 +0.0000 +0.0000 +0.0000 +0.0000 +0.0000 +0.0000 +0.0000 +0.0000 +0.0000 +0.0000 +0.0000 +0.0000 +0.0000 +0.0000 +0.0000 +0.0000 +0.0000 +0.0000 +0.0000 +0.0000 +0.0000 +0.0000 +0.0000 +0.0000 +0.0000 +0.0000 +0.0000 +0.0000 +0.0000 +0.0000 +0.0000 +0.0000 +0.0000 +0.0000 +0.0000 +0.0000 +0.0000 +0.0000 +0.0000 +0.0000 +0.0000 +0.0000 +0.0000 +0.0000 +0.0000 +0.0000 +0.0000 +0.0000 +0.0000 +0.0000 +0.0000 ;
+0.0000 +0.0000 +0.0000 +0.0000 +0.0000 +0.0000 +0.0000 +0.0000 +0.0000 +0.0000 +0.0000 +0.0000 +0.0000 +0.0000 +0.0000 +0.0000 +0.0000 +0.0000 +0.0000 +0.0000 +0.0000 +0.0000 +0.0000 +0.0000 +0.0000 +0.0000 +0.0000 +0.0000 +0.0000 +0.0000 +0.0000 +0.0000 +0.0000 +0.0000 +0.0000 +0.0000 +0.0000 +0.0000 +0.0000 +0.0000 +0.0000 +0.0000 +0.0000 +0.0000 +0.0000 +0.0000 +0.0000 +0.0000 +0.0000 +0.0000 +0.0000 +0.0000 ;
+0.0000 +0.0000 +0.0000 +0.0000 +0.0000 +0.0000 +0.0000 +0.0000 +0.0000 +0.0000 +0.0000 +0.0000 +0.0000 +0.0000 +0.0000 +0.0000 +0.0000 +0.0000 +0.0000 +0.0000 +0.0000 +0.0000 +0.0000 +0.0000 +0.0000 +0.0000 +0.0000 +0.0000 +0.0000 +0.0000 +0.0000 +0.0000 +0.0000 +0.0000 +0.0000 +0.0000 +0.0000 +0.0000 +0.0000 +0.0000 +0.0000 +0.0000 +0.0000 +0.0000 +0.0000 +0.0000 +0.0000 +0.0000 +0.0000 +0.0000 +0.0000 +0.0000 ;
+0.0000 +0.0000 +0.0000 +0.0000 +0.0000 +0.0000 +0.0000 +0.0000 +0.0000 +0.0000 +0.0000 +0.0000 +0.0000 +0.0000 +0.0000 +0.0000 +0.0000 +0.0000 +0.0000 +0.0000 +0.0000 +0.0000 +0.0000 +0.0000 +0.0000 +0.0000 +0.0000 +0.0000 +0.0000 +0.0000 +0.0000 +0.0000 +0.0000 +0.0000 +0.0000 +0.0000 +0.0000 +0.0000 +0.0000 +0.0000 +0.0000 +0.0000 +0.0000 +0.0000 +0.0000 +0.0000 +0.0000 +0.0000 +0.0000 +0.0000 +0.0000 +0.0000 ;
+0.0000 +0.0000 +0.0000 +0.0000 +0.0000 +0.0000 +0.0000 +0.0000 +0.0000 +0.0000 +0.0000 +0.0000 +0.0000 +0.0000 +0.0000 +0.0000 +0.0000 +0.0000 +0.0000 +0.0000 +0.0000 +0.0000 +0.0000 +0.0000 +0.0000 +0.0000 +0.0000 +0.0000 +0.0000 +0.0000 +0.0000 +0.0000 +0.0000 +0.0000 +0.0000 +0.0000 +0.0000 +0.0000 +0.0000 +0.0000 +0.0000 +0.0000 +0.0000 +0.0000 +0.0000 +0.0000 +0.0000 +0.0000 +0.0000 +0.0000 +0.0000 +0.0000 ;
+0.0000 +0.0000 +0.0000 +0.0000 +0.0000 +0.0000 +0.0000 +0.0000 +0.0000 +0.0000 +0.0000 +0.0000 +0.0000 +0.0000 +0.0000 +0.0000 +0.0000 +0.0000 +0.0000 +0.0000 +0.0000 +0.0000 +0.0000 +0.0000 +0.0000 +0.0000 +0.0000 +0.0000 +0.0000 +0.0000 +0.0000 +0.0000 +0.0000 +0.0000 +0.0000 +0.0000 +0.0000 +0.0000 +0.0000 +0.0000 +0.0000 +0.0000 +0.0000 +0.0000 +0.0000 +0.0000 +0.0000 +0.0000 +0.0000 +0.0000 +0.0000 +0.0000 ;
+0.0000 +0.0000 +0.0000 +0.0000 +0.0000 +0.0000 +0.0000 +0.0000 +0.0000 +0.0000 +0.0000 +0.0000 +0.0000 +0.0000 +0.0000 +0.0000 +0.0000 +0.0000 +0.0000 +0.0000 +0.0000 +0.0000 +0.0000 +0.0000 +0.0000 +0.0000 +0.0000 +0.0000 +0.0000 +0.0000 +0.0000 +0.0000 +0.0000 +0.0000 +0.0000 +0.0000 +0.0000 +0.0000 +0.0000 +0.0000 +0.0000 +0.0000 +0.0000 +0.0000 +0.0000 +0.0000 +0.0000 +0.0000 +0.0000 +0.0000 +0.0000 +0.0000 ;
+0.0000 +0.0000 +0.0000 +0.0000 +0.0000 +0.0000 +0.0000 +0.0000 +0.0000 +0.0000 +0.0000 +0.0000 +0.0000 +0.0000 +0.0000 +0.0000 +0.0000 +0.0000 +0.0000 +0.0000 +0.0000 +0.0000 +0.0000 +0.0000 +0.0000 +0.0000 +0.0000 +0.0000 +0.0000 +0.0000 +0.0000 +0.0000 +0.0000 +0.0000 +0.0000 +0.0000 +0.0000 +0.0000 +0.0000 +0.0000 +0.0000 +0.0000 +0.0000 +0.0000 +0.0000 +0.0000 +0.0000 +0.0000 +0.0000 +0.0000 +0.0000 +0.0000 ;
+0.0000 +0.0000 +0.0000 +0.0000 +0.0000 +0.0000 +0.0000 +0.0000 +0.0000 +0.0000 +0.0000 +0.0000 +0.0000 +0.0000 +0.0000 +0.0000 +0.0000 +0.0000 +0.0000 +0.0000 +0.0000 +0.0000 +0.0000 +0.0000 +0.0000 +0.0000 +0.0000 +0.0000 +0.0000 +0.0000 +0.0000 +0.0000 +0.0000 +0.0000 +0.0000 +0.0000 +0.0000 +0.0000 +0.0000 +0.0000 +0.0000 +0.0000 +0.0000 +0.0000 +0.0000 +0.0000 +0.0000 +0.0000 +0.0000 +0.0000 +0.0000 +0.0000 ;
+0.0000 +0.0000 +0.0000 +0.0000 +0.0000 +0.0000 +0.0000 +0.0000 +0.0000 +0.0000 +0.0000 +0.0000 +0.0000 +0.0000 +0.0000 +0.0000 +0.0000 +0.0000 +0.0000 +0.0000 +0.0000 +0.0000 +0.0000 +0.0000 +0.0000 +0.0000 +0.0000 +0.0000 +0.0000 +0.0000 +0.0000 +0.0000 +0.0000 +0.0000 +0.0000 +0.0000 +0.0000 +0.0000 +0.0000 +0.0000 +0.0000 +0.0000 +0.0000 +0.0000 +0.0000 +0.0000 +0.0000 +0.0000 +0.0000 +0.0000 +0.0000 +0.0000 ;
+0.0000 +0.0000 +0.0000 +0.0000 +0.0000 +0.0000 +0.0000 +0.0000 +0.0000 +0.0000 +0.0000 +0.0000 +0.0000 +0.0000 +0.0000 +0.0000 +0.0000 +0.0000 +0.0000 +0.0000 +0.0000 +0.0000 +0.0000 +0.0000 +0.0000 +0.0000 +0.0000 +0.0000 +0.0000 +0.0000 +0.0000 +0.0000 +0.0000 +0.0000 +0.0000 +0.0000 +0.0000 +0.0000 +0.0000 +0.0000 +0.0000 +0.0000 +0.0000 +0.0000 +0.0000 +0.0000 +0.0000 +0.0000 +0.0000 +0.0000 +0.0000 +0.0000 ;
+0.0000 +0.0000 +0.0000 +0.0000 +0.0000 +0.0000 +0.0000 +0.0000 +0.0000 +0.0000 +0.0000 +0.0000 +0.0000 +0.0000 +0.0000 +0.0000 +0.0000 +0.0000 +0.0000 +0.0000 +0.0000 +0.0000 +0.0000 +0.0000 +0.0000 +0.0000 +0.0000 +0.0000 +0.0000 +0.0000 +0.0000 +0.0000 +0.0000 +0.0000 +0.0000 +0.0000 +0.0000 +0.0000 +0.0000 +0.0000 +0.0000 +0.0000 +0.0000 +0.0000 +0.0000 +0.0000 +0.0000 +0.0000 +0.0000 +0.0000 +0.0000 +0.0000 ;
+0.0000 +0.0000 +0.0000 +0.0000 +0.0000 +0.0000 +0.0000 +0.0000 +0.0000 +0.0000 +0.0000 +0.0000 +0.0000 +0.0000 +0.0000 +0.0000 +0.0000 +0.0000 +0.0000 +0.0000 +0.0000 +0.0000 +0.0000 +0.0000 +0.0000 +0.0000 +0.0000 +0.0000 +0.0000 +0.0000 +0.0000 +0.0000 +0.0000 +0.0000 +0.0000 +0.0000 +0.0000 +0.0000 +0.0000 +0.0000 +0.0000 +0.0000 +0.0000 +0.0000 +0.0000 +0.0000 +0.0000 +0.0000 +0.0000 +0.0000 +0.0000 +0.0000 ;
+0.0000 +0.0000 +0.0000 +0.0000 +0.0000 +0.0000 +0.0000 +0.0000 +0.0000 +0.0000 +0.0000 +0.0000 +0.0000 +0.0000 +0.0000 +0.0000 +0.0000 +0.0000 +0.0000 +0.0000 +0.0000 +0.0000 +0.0000 +0.0000 +0.0000 +0.0000 +0.0000 +0.0000 +0.0000 +0.0000 +0.0000 +0.0000 +0.0000 +0.0000 +0.0000 +0.0000 +0.0000 +0.0000 +0.0000 +0.0000 +0.0000 +0.0000 +0.0000 +0.0000 +0.0000 +0.0000 +0.0000 +0.0000 +0.0000 +0.0000 +0.0000 +0.0000 ;
+0.0000 +0.0000 +0.0000 +0.0000 +0.0000 +0.0000 +0.0000 +0.0000 +0.0000 +0.0000 +0.0000 +0.0000 +0.0000 +0.0000 +0.0000 +0.0000 +0.0000 +0.0000 +0.0000 +0.0000 +0.0000 +0.0000 +0.0000 +0.0000 +0.0000 +0.0000 +0.0000 +0.0000 +0.0000 +0.0000 +0.0000 +0.0000 +0.0000 +0.0000 +0.0000 +0.0000 +0.0000 +0.0000 +0.0000 +0.0000 +0.0000 +0.0000 +0.0000 +0.0000 +0.0000 +0.0000 +0.0000 +0.0000 +0.0000 +0.0000 +0.0000 +0.0000 ;
+0.0000 +0.0000 +0.0000 +0.0000 +0.0000 +0.0000 +0.0000 +0.0000 +0.0000 +0.0000 +0.0000 +0.0000 +0.0000 +0.0000 +0.0000 +0.0000 +0.0000 +0.0000 +0.0000 +0.0000 +0.0000 +0.0000 +0.0000 +0.0000 +0.0000 +0.0000 +0.0000 +0.0000 +0.0000 +0.0000 +0.0000 +0.0000 +0.0000 +0.0000 +0.0000 +0.0000 +0.0000 +0.0000 +0.0000 +0.0000 +0.0000 +0.0000 +0.0000 +0.0000 +0.0000 +0.0000 +0.0000 +0.0000 +0.0000 +0.0000 +0.0000 +0.0000 ;
+0.0000 +0.0000 +0.0000 +0.0000 +0.0000 +0.0000 +0.0000 +0.0000 +0.0000 +0.0000 +0.0000 +0.0000 +0.0000 +0.0000 +0.0000 +0.0000 +0.0000 +0.0000 +0.0000 +0.0000 +0.0000 +0.0000 +0.0000 +0.0000 +0.0000 +0.0000 +0.0000 +0.0000 +0.0000 +0.0000 +0.0000 +0.0000 +0.0000 +0.0000 +0.0000 +0.0000 +0.0000 +0.0000 +0.0000 +0.0000 +0.0000 +0.0000 +0.0000 +0.0000 +0.0000 +0.0000 +0.0000 +0.0000 +0.0000 +0.0000 +0.0000 +0.0000 ;
+0.0000 +0.0000 +0.0000 +0.0000 +0.0000 +0.0000 +0.0000 +0.0000 +0.0000 +0.0000 +0.0000 +0.0000 +0.0000 +0.0000 +0.0000 +0.0000 +0.0000 +0.0000 +0.0000 +0.0000 +0.0000 +0.0000 +0.0000 +0.0000 +0.0000 +0.0000 +0.0000 +0.0000 +0.0000 +0.0000 +0.0000 +0.0000 +0.0000 +0.0000 +0.0000 +0.0000 +0.0000 +0.0000 +0.0000 +0.0000 +0.0000 +0.0000 +0.0000 +0.0000 +0.0000 +0.0000 +0.0000 +0.0000 +0.0000 +0.0000 +0.0000 +0.0000 ;
+0.0000 +0.0000 +0.0000 +0.0000 +0.0000 +0.0000 +0.0000 +0.0000 +0.0000 +0.0000 +0.0000 +0.0000 +0.0000 +0.0000 +0.0000 +0.0000 +0.0000 +0.0000 +0.0000 +0.0000 +0.0000 +0.0000 +0.0000 +0.0000 +0.0000 +0.0000 +0.0000 +0.0000 +0.0000 +0.0000 +0.0000 +0.0000 +0.0000 +0.0000 +0.0000 +0.0000 +0.0000 +0.0000 +0.0000 +0.0000 +0.0000 +0.0000 +0.0000 +0.0000 +0.0000 +0.0000 +0.0000 +0.0000 +0.0000 +0.0000 +0.0000 +0.0000 ;
-0.0084 +0.1394 -0.1078 +0.0084 +0.1523 +0.1577 +0.0134 -0.0268 -0.0086 +0.0963 +0.1792 +0.0000 -0.2062 -0.0663 -0.0000 +0.0000 -0.2091 -0.1707 -0.0509 +0.0000 -0.1327 -0.1368 +0.0000 -0.0693 +0.0000 -0.0716 +0.0825 +0.0000 +0.0000 +0.2844 +0.0000 +0.0000 +0.0000 +0.0000 -0.1331 +0.2258 +0.0407 +0.0000 -0.1943 -0.0365 -0.0431 -0.1343 -0.1439 -0.1744 -0.0566 -0.0000 -0.1593 -0.0510 -0.1589 -0.2014 -0.2098 +0.6046 ;
+0.0000 +0.1003 +0.0000 -0.0529 -0.1381 -0.1063 -0.0000 -0.1190 +0.0000 -0.2189 +0.0000 +0.0000 -0.0066 -0.2018 -0.0542 -0.0009 +0.1460 +0.0000 +0.0000 -0.0917 +0.0000 +0.0000 +0.0000 +0.0000 +0.0000 +0.0000 +0.0180 +0.0000 +0.0573 +0.0000 +0.0000 +0.2396 +0.0727 +0.0000 +0.0000 +0.0744 +0.0000 +0.0000 -0.0000 -0.0406 -0.0553 -0.1178 -0.0990 -0.1038 -0.2087 -0.0117 -0.0272 -0.0202 -0.1124 -0.1767 -0.0000 +0.2863 ;
-0.0014 +0.1740 -0.1546 +0.1897 +0.2517 +0.0654 +0.0554 +0.0706 +0.0771 +0.1447 +0.0955 +0.1479 +0.1621 +0.0130 -0.0199 +0.0310 -0.1810 -0.1451 -0.0142 -0.0572 -0.0805 -0.0118 -0.0202 -0.0294 -0.0784 -0.1807 +0.0892 +0.1006 -0.0973 -0.1880 +0.0000 +0.1468 +0.0000 -0.0530 +0.0905 +0.0000 +0.0000 -0.1036 -0.0222 -0.0141 -0.1599 -0.0788 -0.0270 -0.0009 -0.2104 -0.0692 +0.0000 +0.0000 +0.0000 +0.0000 +0.0000 -0.0667 ;
+0.0000 -0.1060 -0.0378 +0.0395 +0.1454 +0.1681 -0.1211 +0.0402 +0.0114 +0.0000 +0.0000 +0.0000 +0.0000 +0.0037 +0.2016 +0.0590 -0.0024 +0.1470 +0.0000 +0.1795 +0.0658 +0.0018 +0.1472 +0.0639 +0.0000 +0.0000 -0.1262 -0.1961 +0.0376 +0.1904 +0.0000 +0.0000 +0.1018 +0.0000 +0.0000 +0.1664 +0.1517 -0.0794 -0.0000 -0.0000 -0.0465 -0.0000 +0.0000 -0.1457 -0.0027 -0.0489 -0.1292 -0.1624 -0.0333 -0.1160 +0.0000 -0.0902 ;
-0.1360 +0.0340 -0.0770 -0.0872 +0.0000 -0.1073 -0.2117 -0.0000 -0.1472 -0.0864 -0.0242 +0.0000 -0.1206 -0.1853 -0.1914 +0.1060 +0.0000 +0.0675 +0.0284 +0.0104 +0.0000 +0.1283 +0.0000 +0.0000 +0.0000 +0.0000 +0.0881 +0.1479 +0.0874 +0.1163 +0.0400 +0.2864 +0.0000 +0.0000 -0.1924 +0.2120 +0.0000 -0.0000 +0.0000 +0.0000 +0.0000 -0.0264 -0.0902 -0.0000 -0.0000 -0.0000 +0.0000 +0.0000 -0.0000 +0.0000 +0.0000 +0.6009 ;
-0.0022 +0.0365 -0.2401 +0.0788 -0.0068 -0.0658 +0.2354 +0.1568 +0.0859 +0.1676 +0.0000 +0.0000 +0.0089 -0.2291 +0.0867 +0.0000 +0.0000 +0.0000 +0.0000 +0.0000 +0.0000 +0.0000 +0.0000 +0.0000 +0.0000 +0.0000 -0.0228 -0.0087 -0.0156 +0.0000 +0.0000 +0.0266 -0.1856 +0.0000 +0.1413 +0.0000 +0.0000 +0.0000 -0.1946 -0.1496 +0.0000 +0.0000 +0.0000 +0.0000 +0.0000 +0.0000 +0.0000 +0.0000 +0.0000 +0.0000 -0.0805 +0.0039 ;
-0.0908 -0.1058 -0.0250 -0.1447 -0.0961 -0.1419 +0.0241 -0.0838 -0.1556 -0.0296 -0.0113 +0.1546 -0.1632 -0.0232 +0.0000 +0.0000 +0.0000 +0.0000 +0.0000 +0.0000 +0.0000 +0.0000 +0.0000 +0.0000 +0.0000 +0.0000 +0.0364 +0.2113 +0.0750 +0.0270 +0.2290 +0.0000 +0.1273 +0.0000 +0.0000 +0.1570 +0.1896 -0.1282 -0.2401 -0.2476 -0.1025 -0.0864 -0.2091 +0.0000 -0.1867 -0.2234 -0.0378 +0.0000 +0.0000 +0.0000 +0.0000 -0.6082 ;
+0.0000 +0.0000 +0.1740 +0.2347 +0.1559 +0.2229 +0.2799 +0.1986 +0.1001 +0.1805 -0.1976 +0.0000 +0.1913 +0.1945 -0.1890 +0.1119 +0.1754 +0.0211 +0.0030 -0.1767 +0.0432 -0.0576 -0.0403 -0.1136 -0.1575 -0.2365 +0.0601 +0.0000 +0.0871 +0.0982 +0.0822 +0.0978 +0.0000 -0.0542 +0.0242 +0.0000 +0.0000 -0.2444 -0.0739 -0.2170 -0.0071 -0.2104 +0.0000 +0.0000 +0.0000 +0.0000 -0.1419 -0.1986 -0.2049 -0.0349 -0.0542 -0.5475 ;
-0.1342 -0.0416 +0.0000 +0.1179 +0.1449 +0.1316 +0.2530 +0.1859 +0.2075 +0.1346 +0.2425 +0.0000 +0.1592 -0.1030 -0.1013 +0.0829 +0.1124 +0.0000 -0.0120 +0.0323 +0.2093 -0.2068 -0.0316 +0.1759 -0.0484 -0.1709 +0.1148 +0.0000 +0.0801 +0.0591 +0.1594 +0.0455 -0.0318 -0.1768 +0.1253 +0.2671 +0.0000 -0.0421 -0.1551 +0.0000 -0.1496 -0.0825 -0.0520 -0.2371 +0.0000 -0.1613 -0.0696 -0.0665 -0.2120 +0.0000 -0.0378 -0.5475 ;
+0.0000 +0.0000 +0.1536 +0.0323 -0.0141 +0.2174 +0.1092 +0.0732 +0.0906 +0.2147 +0.0000 -0.2192 -0.1042 -0.1318 -0.2840 -0.1299 -0.2032 -0.2527 -0.1427 -0.2904 -0.2778 -0.2245 -0.2962 -0.0635 +0.1112 +0.0732 -0.0099 +0.0000 +0.0000 +0.0000 +0.0000 +0.0000 +0.0000 +0.0000 +0.0000 +0.2219 +0.0000 +0.0000 -0.0817 +0.0000 -0.2580 +0.0000 -0.0554 -0.2309 +0.0000 +0.0000 +0.0000 +0.0000 +0.0000 +0.0000 -0.1781 -0.5475 ;
-0.0001 +0.2213 -0.0645 -0.0808 -0.0164 +0.2600 +0.1644 +0.0278 -0.1455 +0.2448 +0.0000 +0.0000 +0.0997 -0.1933 -0.0644 -0.2071 -0.2597 -0.1722 -0.1313 -0.0618 -0.2444 -0.2143 -0.1776 -0.1477 -0.1267 -0.1097 -0.1555 +0.1511 +0.0000 +0.1370 +0.0511 -0.1070 -0.1625 +0.0636 -0.1291 +0.0013 +0.1218 +0.0000 +0.0000 -0.1479 -0.1954 +0.0000 -0.0775 +0.0000 +0.0000 -0.0324 +0.0000 +0.0000 +0.0000 -0.1069 +0.0000 -0.5475 ;
-0.1946 +0.0831 +0.1847 -0.0448 +0.1711 +0.0449 -0.0021 +0.0080 +0.1255 +0.2007 +0.0000 -0.1816 -0.0602 -0.1608 -0.2803 +0.2926 -0.0887 +0.0656 -0.0846 -0.3067 -0.3128 -0.1011 -0.1508 -0.1066 -0.2789 -0.1509 +0.0017 -0.0557 +0.0000 -0.1409 +0.0000 +0.0000 +0.0000 -0.1606 +0.0267 +0.0000 +0.1272 +0.0000 -0.0829 +0.0000 -0.0880 +0.0000 +0.0000 -0.0762 +0.0000 -0.2330 +0.0000 +0.0000 +0.0000 +0.0000 -0.2689 -0.5475 ;
-0.0001 +0.0000 +0.0436 +0.2264 +0.0604 +0.1912 -0.0026 +0.2239 -0.0797 +0.2703 -0.1663 -0.2471 -0.1944 +0.1854 -0.1584 -0.1466 -0.3000 -0.2837 -0.2858 -0.2433 -0.1962 -0.1820 -0.2827 -0.1456 -0.2061 -0.1332 +0.1349 -0.1889 +0.0000 -0.1124 +0.1902 -0.1463 -0.1123 -0.0408 -0.1915 +0.0936 +0.1653 +0.0000 -0.0489 +0.0000 +0.0000 -0.0432 -0.1342 -0.2071 +0.0000 +0.0000 +0.0000 +0.0000 +0.0000 +0.0000 -0.2550 -0.5475 ;
-0.1653 +0.2502 +0.0684 +0.0918 +0.0101 +0.1550 +0.0529 -0.0736 -0.0508 -0.1294 +0.0000 -0.1350 -0.1783 -0.1142 -0.0869 -0.2218 -0.0898 +0.0010 -0.1984 -0.2837 -0.2047 -0.1166 -0.2276 -0.2926 -0.2992 -0.2046 +0.0435 +0.0000 -0.0803 +0.0000 +0.0000 +0.0000 +0.0000 -0.0358 +0.0000 +0.0062 +0.0000 +0.0000 -0.0351 +0.0000 +0.0000 +0.0000 -0.0524 -0.1081 +0.0000 +0.0000 +0.0000 +0.0000 +0.0000 -0.1483 -0.2044 -0.5475 ;
-0.0001 +0.1915 -0.0835 +0.0581 -0.0206 +0.0737 -0.1899 +0.1949 +0.1388 +0.0738 +0.0000 +0.0000 -0.2279 -0.2392 -0.1108 -0.2472 -0.1549 -0.2406 -0.0429 +0.0000 -0.0915 -0.2746 -0.2366 -0.2095 -0.2984 -0.1572 +0.0016 -0.0948 +0.0000 -0.0198 +0.1993 -0.0652 -0.1798 +0.0589 +0.1547 +0.2130 +0.0775 +0.0000 +0.0000 -0.0912 -0.1081 -0.0976 +0.0000 -0.0314 -0.1540 +0.0000 +0.0000 +0.0000 +0.0000 +0.0000 +0.0000 -0.5475 ;
-0.0966 +0.2570 -0.0307 +0.1561 +0.1937 -0.0176 +0.1253 +0.0598 +0.0907 +0.1605 -0.2012 +0.0000 -0.2414 -0.1484 -0.2314 -0.1850 -0.2777 -0.1970 +0.2241 +0.0177 -0.2797 -0.0468 -0.0697 -0.1695 -0.2833 -0.1757 -0.0993 +0.0000 +0.0000 -0.0032 -0.1133 +0.1592 +0.0093 -0.2423 -0.2412 +0.1974 +0.0000 +0.0000 +0.0000 -0.1503 -0.1013 -0.0310 +0.0000 +0.0000 -0.0635 +0.0000 -0.0811 +0.0000 +0.0000 +0.0000 +0.0000 -0.5475 ;
+0.0000 +0.0000 +0.0000 +0.2398 +0.1625 +0.1299 -0.0365 -0.0305 -0.1533 +0.0585 -0.1086 -0.2465 -0.0964 -0.2898 -0.1828 -0.1923 -0.2855 -0.1143 -0.0477 -0.0688 -0.1528 -0.0900 -0.0928 -0.1954 -0.1494 -0.1280 -0.1708 +0.0626 +0.0000 -0.0676 +0.2331 -0.0378 +0.0000 +0.1390 -0.2418 +0.1172 +0.0002 +0.0000 -0.2548 +0.0000 +0.0000 +0.0000 -0.0696 -0.2451 +0.0000 -0.1610 -0.2600 +0.0000 +0.0000 +0.0000 +0.0000 -0.5475 ;
-0.0001 +0.2306 -0.0412 -0.1296 -0.1180 +0.0258 +0.0026 -0.0518 -0.0569 +0.0558 +0.0512 +0.0000 +0.0000 -0.1294 +0.0232 -0.1572 -0.2455 -0.2066 -0.2613 -0.0986 +0.0093 -0.1067 -0.1440 -0.1921 -0.1944 -0.1263 +0.0902 +0.0030 +0.0000 -0.1222 +0.0000 +0.0000 -0.2123 -0.2098 +0.0276 +0.1952 +0.0000 +0.0000 +0.0000 +0.0000 -0.1201 -0.1506 -0.0718 +0.0000 +0.0000 +0.0000 +0.0000 -0.0674 +0.0000 +0.0000 -0.1611 -0.5475 ;
-0.0325 +0.1340 +0.0000 +0.0000 -0.0325 +0.2079 -0.0345 -0.0472 +0.0623 -0.0714 -0.1532 +0.0261 -0.1409 -0.2301 -0.1234 -0.0946 -0.1890 -0.2488 -0.0551 -0.0808 -0.2660 -0.1355 -0.1362 +0.0362 -0.1735 -0.0681 -0.0238 +0.0000 -0.1186 +0.0000 +0.2124 -0.1932 +0.0488 -0.0270 +0.0000 +0.0055 +0.2072 +0.0000 +0.0000 +0.0000 +0.0000 +0.0000 +0.0000 -0.1303 -0.0870 +0.0000 +0.0000 -0.1215 -0.2448 -0.2422 +0.0000 -0.5475 ;
-0.0001 +0.0000 +0.0000 +0.0000 +0.1648 +0.0546 -0.1197 -0.0892 -0.0300 -0.0844 -0.0927 -0.1426 -0.0642 -0.0701 -0.1046 -0.2622 -0.1707 -0.3092 -0.2404 +0.0133 -0.1442 -0.2918 -0.0996 -0.3034 -0.0712 -0.0556 +0.0000 -0.1650 +0.0000 +0.0036 +0.0000 +0.0000 -0.0364 -0.1928 -0.2026 +0.0000 +0.0935 +0.0000 +0.0000 +0.0000 +0.0000 +0.0000 -0.1884 -0.0963 +0.0000 +0.0000 -0.2504 +0.0000 -0.2134 -0.2243 +0.0000 -0.5475 ;
-0.2358 +0.0831 -0.0463 -0.1259 +0.1124 +0.0155 -0.1984 +0.0248 +0.0616 -0.1800 -0.2061 +0.1682 +0.0000 -0.1809 +0.0533 -0.1678 -0.2844 -0.2828 -0.2273 -0.1525 -0.2423 -0.1587 -0.2691 -0.3011 -0.2126 -0.0986 +0.1401 +0.1807 +0.0000 +0.0545 +0.1124 -0.0588 +0.0000 +0.0306 +0.1404 +0.1269 +0.1761 +0.0000 +0.0000 +0.0000 +0.0000 +0.0000 +0.0000 +0.0000 -0.0500 -0.1013 -0.2285 +0.0000 +0.0000 -0.1119 -0.0590 -0.5475 ;
-0.0001 +0.1994 +0.0000 +0.0000 +0.1786 +0.0143 +0.2173 +0.1068 +0.0667 -0.1304 -0.0915 +0.1313 -0.2460 -0.1518 -0.3074 -0.1715 -0.2698 -0.1587 -0.0854 +0.0145 -0.2453 -0.1918 -0.2956 -0.1241 +0.0059 -0.1014 +0.0016 -0.1759 +0.0000 -0.2134 +0.0000 +0.0000 -0.1615 -0.0625 -0.0977 +0.0000 +0.0002 +0.0000 -0.0934 +0.0000 +0.0000 +0.0000 +0.0000 +0.0000 -0.1198 -0.1116 -0.2108 -0.2268 +0.0000 +0.0000 +0.0000 -0.5475 ;
-0.0110 +0.2070 +0.0000 +0.0000 +0.1808 -0.1217 -0.0555 -0.1188 -0.1389 -0.0037 -0.1551 +0.1956 -0.2375 -0.1693 -0.0717 +0.0315 -0.0517 -0.1773 -0.2220 -0.1220 -0.2918 -0.2777 -0.1392 -0.1128 -0.0784 -0.2128 -0.1449 +0.0156 +0.0719 -0.0481 -0.0183 +0.0565 -0.0621 -0.0215 +0.0548 +0.1784 +0.1314 +0.0000 +0.0000 +0.0000 +0.0000 +0.0000 +0.0000 -0.2275 -0.1141 -0.0251 -0.1825 +0.0000 -0.0906 -0.0332 +0.0000 -0.5475 ;
+0.0000 +0.0000 +0.0000 +0.0000 +0.0000 +0.0000 +0.0000 +0.0000 +0.0000 +0.0000 +0.0000 +0.0000 +0.0000 +0.0000 +0.0000 +0.0000 +0.0000 +0.0000 +0.0000 +0.0000 +0.0000 +0.0000 +0.0000 +0.0000 +0.0000 +0.0000 +0.0000 +0.0000 +0.0000 +0.0000 +0.0000 +0.0000 +0.0000 +0.0000 +0.0000 +0.0000 +0.0000 +0.0000 +0.0000 +0.0000 +0.0000 +0.0000 +0.0000 +0.0000 +0.0000 +0.0000 +0.0000 +0.0000 +0.0000 +0.0000 +0.0000 +0.0000 ;
