brain 22881 fitness=2.17201 numneurons+1=61 maxWeight=8 maxBias=8 redinput=2-12 greeninput=13-22 blueinput=23-25
+0.0000 +0.0000 +0.0000 +0.0000 +0.0000 +0.0000 +0.0000 +0.0000 +0.0000 +0.0000 +0.0000 +0.0000 +0.0000 +0.0000 +0.0000 +0.0000 +0.0000 +0.0000 +0.0000 +0.0000 +0.0000 +0.0000 +0.0000 +0.0000 +0.0000 +0.0000 +0.0000 +0.0000 +0.0000 +0.0000 +0.0000 +0.0000 +0.0000 +0.0000 +0.0000 +0.0000 +0.0000 +0.0000 +0.0000 +0.0000 +0.0000 +0.0000 +0.0000 +0.0000 +0.0000 +0.0000 +0.0000 +0.0000 +0.0000 +0.0000 +0.0000 +0.0000 +0.0000 +0.0000 +0.0000 +0.0000 +0.0000 +0.0000 +0.0000 +0.0000 +0.0000 ;
+0.0000 +0.0000 +0.0000 +0.0000 +0.0000 +0.0000 +0.0000 +0.0000 +0.0000 +0.0000 +0.0000 +0.0000 +0.0000 +0.0000 +0.0000 +0.0000 +0.0000 +0.0000 +0.0000 +0.0000 +0.0000 +0.0000 +0.0000 +0.0000 +0.0000 +0.0000 +0.0000 +0.0000 +0.0000 +0.0000 +0.0000 +0.0000 +0.0000 +0.0000 +0.0000 +0.0000 +0.0000 +0.0000 +0.0000 +0.0000 +0.0000 +0.0000 +0.0000 +0.0000 +0.0000 +0.0000 +0.0000 +0.0000 +0.0000 +0.0000 +0.0000 +0.0000 +0.0000 +0.0000 +0.0000 +0.0000 +0.0000 +0.0000 +0.0000 +0.0000 +0.0000 ;
+0.0000 +0.0000 +0.0000 +0.0000 +0.0000 +0.0000 +0.0000 +0.0000 +0.0000 +0.0000 +0.0000 +0.0000 +0.0000 +0.0000 +0.0000 +0.0000 +0.0000 +0.0000 +0.0000 +0.0000 +0.0000 +0.0000 +0.0000 +0.0000 +0.0000 +0.0000 +0.0000 +0.0000 +0.0000 +0.0000 +0.0000 +0.0000 +0.0000 +0.0000 +0.0000 +0.0000 +0.0000 +0.0000 +0.0000 +0.0000 +0.0000 +0.0000 +0.0000 +0.0000 +0.0000 +0.0000 +0.0000 +0.0000 +0.0000 +0.0000 +0.0000 +0.0000 +0.0000 +0.0000 +0.0000 +0.0000 +0.0000 +0.0000 +0.0000 +0.0000 +0.0000 ;
+0.0000 +0.0000 +0.0000 +0.0000 +0.0000 +0.0000 +0.0000 +0.0000 +0.0000 +0.0000 +0.0000 +0.0000 +0.0000 +0.0000 +0.0000 +0.0000 +0.0000 +0.0000 +0.0000 +0.0000 +0.0000 +0.0000 +0.0000 +0.0000 +0.0000 +0.0000 +0.0000 +0.0000 +0.0000 +0.0000 +0.0000 +0.0000 +0.0000 +0.0000 +0.0000 +0.0000 +0.0000 +0.0000 +0.0000 +0.0000 +0.0000 +0.0000 +0.0000 +0.0000 +0.0000 +0.0000 +0.0000 +0.0000 +0.0000 +0.0000 +0.0000 +0.0000 +0.0000 +0.0000 +0.0000 +0.0000 +0.0000 +0.0000 +0.0000 +0.0000 +0.0000 ;
+0.0000 +0.0000 +0.0000 +0.0000 +0.0000 +0.0000 +0.0000 +0.0000 +0.0000 +0.0000 +0.0000 +0.0000 +0.0000 +0.0000 +0.0000 +0.0000 +0.0000 +0.0000 +0.0000 +0.0000 +0.0000 +0.0000 +0.0000 +0.0000 +0.0000 +0.0000 +0.0000 +0.0000 +0.0000 +0.0000 +0.0000 +0.0000 +0.0000 +0.0000 +0.0000 +0.0000 +0.0000 +0.0000 +0.0000 +0.0000 +0.0000 +0.0000 +0.0000 +0.0000 +0.0000 +0.0000 +0.0000 +0.0000 +0.0000 +0.0000 +0.0000 +0.0000 +0.0000 +0.0000 +0.0000 +0.0000 +0.0000 +0.0000 +0.0000 +0.0000 +0.0000 ;
+0.0000 +0.0000 +0.0000 +0.0000 +0.0000 +0.0000 +0.0000 +0.0000 +0.0000 +0.0000 +0.0000 +0.0000 +0.0000 +0.0000 +0.0000 +0.0000 +0.0000 +0.0000 +0.0000 +0.0000 +0.0000 +0.0000 +0.0000 +0.0000 +0.0000 +0.0000 +0.0000 +0.0000 +0.0000 +0.0000 +0.0000 +0.0000 +0.0000 +0.0000 +0.0000 +0.0000 +0.0000 +0.0000 +0.0000 +0.0000 +0.0000 +0.0000 +0.0000 +0.0000 +0.0000 +0.0000 +0.0000 +0.0000 +0.0000 +0.0000 +0.0000 +0.0000 +0.0000 +0.0000 +0.0000 +0.0000 +0.0000 +0.0000 +0.0000 +0.0000 +0.0000 ;
+0.0000 +0.0000 +0.0000 +0.0000 +0.0000 +0.0000 +0.0000 +0.0000 +0.0000 +0.0000 +0.0000 +0.0000 +0.0000 +0.0000 +0.0000 +0.0000 +0.0000 +0.0000 +0.0000 +0.0000 +0.0000 +0.0000 +0.0000 +0.0000 +0.0000 +0.0000 +0.0000 +0.0000 +0.0000 +0.0000 +0.0000 +0.0000 +0.0000 +0.0000 +0.0000 +0.0000 +0.0000 +0.0000 +0.0000 +0.0000 +0.0000 +0.0000 +0.0000 +0.0000 +0.0000 +0.0000 +0.0000 +0.0000 +0.0000 +0.0000 +0.0000 +0.0000 +0.0000 +0.0000 +0.0000 +0.0000 +0.0000 +0.0000 +0.0000 +0.0000 +0.0000 ;
+0.0000 +0.0000 +0.0000 +0.0000 +0.0000 +0.0000 +0.0000 +0.0000 +0.0000 +0.0000 +0.0000 +0.0000 +0.0000 +0.0000 +0.0000 +0.0000 +0.0000 +0.0000 +0.0000 +0.0000 +0.0000 +0.0000 +0.0000 +0.0000 +0.0000 +0.0000 +0.0000 +0.0000 +0.0000 +0.0000 +0.0000 +0.0000 +0.0000 +0.0000 +0.0000 +0.0000 +0.0000 +0.0000 +0.0000 +0.0000 +0.0000 +0.0000 +0.0000 +0.0000 +0.0000 +0.0000 +0.0000 +0.0000 +0.0000 +0.0000 +0.0000 +0.0000 +0.0000 +0.0000 +0.0000 +0.0000 +0.0000 +0.0000 +0.0000 +0.0000 +0.0000 ;
+0.0000 +0.0000 +0.0000 +0.0000 +0.0000 +0.0000 +0.0000 +0.0000 +0.0000 +0.0000 +0.0000 +0.0000 +0.0000 +0.0000 +0.0000 +0.0000 +0.0000 +0.0000 +0.0000 +0.0000 +0.0000 +0.0000 +0.0000 +0.0000 +0.0000 +0.0000 +0.0000 +0.0000 +0.0000 +0.0000 +0.0000 +0.0000 +0.0000 +0.0000 +0.0000 +0.0000 +0.0000 +0.0000 +0.0000 +0.0000 +0.0000 +0.0000 +0.0000 +0.0000 +0.0000 +0.0000 +0.0000 +0.0000 +0.0000 +0.0000 +0.0000 +0.0000 +0.0000 +0.0000 +0.0000 +0.0000 +0.0000 +0.0000 +0.0000 +0.0000 +0.0000 ;
+0.0000 +0.0000 +0.0000 +0.0000 +0.0000 +0.0000 +0.0000 +0.0000 +0.0000 +0.0000 +0.0000 +0.0000 +0.0000 +0.0000 +0.0000 +0.0000 +0.0000 +0.0000 +0.0000 +0.0000 +0.0000 +0.0000 +0.0000 +0.0000 +0.0000 +0.0000 +0.0000 +0.0000 +0.0000 +0.0000 +0.0000 +0.0000 +0.0000 +0.0000 +0.0000 +0.0000 +0.0000 +0.0000 +0.0000 +0.0000 +0.0000 +0.0000 +0.0000 +0.0000 +0.0000 +0.0000 +0.0000 +0.0000 +0.0000 +0.0000 +0.0000 +0.0000 +0.0000 +0.0000 +0.0000 +0.0000 +0.0000 +0.0000 +0.0000 +0.0000 +0.0000 ;
+0.0000 +0.0000 +0.0000 +0.0000 +0.0000 +0.0000 +0.0000 +0.0000 +0.0000 +0.0000 +0.0000 +0.0000 +0.0000 +0.0000 +0.0000 +0.0000 +0.0000 +0.0000 +0.0000 +0.0000 +0.0000 +0.0000 +0.0000 +0.0000 +0.0000 +0.0000 +0.0000 +0.0000 +0.0000 +0.0000 +0.0000 +0.0000 +0.0000 +0.0000 +0.0000 +0.0000 +0.0000 +0.0000 +0.0000 +0.0000 +0.0000 +0.0000 +0.0000 +0.0000 +0.0000 +0.0000 +0.0000 +0.0000 +0.0000 +0.0000 +0.0000 +0.0000 +0.0000 +0.0000 +0.0000 +0.0000 +0.0000 +0.0000 +0.0000 +0.0000 +0.0000 ;
+0.0000 +0.0000 +0.0000 +0.0000 +0.0000 +0.0000 +0.0000 +0.0000 +0.0000 +0.0000 +0.0000 +0.0000 +0.0000 +0.0000 +0.0000 +0.0000 +0.0000 +0.0000 +0.0000 +0.0000 +0.0000 +0.0000 +0.0000 +0.0000 +0.0000 +0.0000 +0.0000 +0.0000 +0.0000 +0.0000 +0.0000 +0.0000 +0.0000 +0.0000 +0.0000 +0.0000 +0.0000 +0.0000 +0.0000 +0.0000 +0.0000 +0.0000 +0.0000 +0.0000 +0.0000 +0.0000 +0.0000 +0.0000 +0.0000 +0.0000 +0.0000 +0.0000 +0.0000 +0.0000 +0.0000 +0.0000 +0.0000 +0.0000 +0.0000 +0.0000 +0.0000 ;
+0.0000 +0.0000 +0.0000 +0.0000 +0.0000 +0.0000 +0.0000 +0.0000 +0.0000 +0.0000 +0.0000 +0.0000 +0.0000 +0.0000 +0.0000 +0.0000 +0.0000 +0.0000 +0.0000 +0.0000 +0.0000 +0.0000 +0.0000 +0.0000 +0.0000 +0.0000 +0.0000 +0.0000 +0.0000 +0.0000 +0.0000 +0.0000 +0.0000 +0.0000 +0.0000 +0.0000 +0.0000 +0.0000 +0.0000 +0.0000 +0.0000 +0.0000 +0.0000 +0.0000 +0.0000 +0.0000 +0.0000 +0.0000 +0.0000 +0.0000 +0.0000 +0.0000 +0.0000 +0.0000 +0.0000 +0.0000 +0.0000 +0.0000 +0.0000 +0.0000 +0.0000 ;
+0.0000 +0.0000 +0.0000 +0.0000 +0.0000 +0.0000 +0.0000 +0.0000 +0.0000 +0.0000 +0.0000 +0.0000 +0.0000 +0.0000 +0.0000 +0.0000 +0.0000 +0.0000 +0.0000 +0.0000 +0.0000 +0.0000 +0.0000 +0.0000 +0.0000 +0.0000 +0.0000 +0.0000 +0.0000 +0.0000 +0.0000 +0.0000 +0.0000 +0.0000 +0.0000 +0.0000 +0.0000 +0.0000 +0.0000 +0.0000 +0.0000 +0.0000 +0.0000 +0.0000 +0.0000 +0.0000 +0.0000 +0.0000 +0.0000 +0.0000 +0.0000 +0.0000 +0.0000 +0.0000 +0.0000 +0.0000 +0.0000 +0.0000 +0.0000 +0.0000 +0.0000 ;
+0.0000 +0.0000 +0.0000 +0.0000 +0.0000 +0.0000 +0.0000 +0.0000 +0.0000 +0.0000 +0.0000 +0.0000 +0.0000 +0.0000 +0.0000 +0.0000 +0.0000 +0.0000 +0.0000 +0.0000 +0.0000 +0.0000 +0.0000 +0.0000 +0.0000 +0.0000 +0.0000 +0.0000 +0.0000 +0.0000 +0.0000 +0.0000 +0.0000 +0.0000 +0.0000 +0.0000 +0.0000 +0.0000 +0.0000 +0.0000 +0.0000 +0.0000 +0.0000 +0.0000 +0.0000 +0.0000 +0.0000 +0.0000 +0.0000 +0.0000 +0.0000 +0.0000 +0.0000 +0.0000 +0.0000 +0.0000 +0.0000 +0.0000 +0.0000 +0.0000 +0.0000 ;
+0.0000 +0.0000 +0.0000 +0.0000 +0.0000 +0.0000 +0.0000 +0.0000 +0.0000 +0.0000 +0.0000 +0.0000 +0.0000 +0.0000 +0.0000 +0.0000 +0.0000 +0.0000 +0.0000 +0.0000 +0.0000 +0.0000 +0.0000 +0.0000 +0.0000 +0.0000 +0.0000 +0.0000 +0.0000 +0.0000 +0.0000 +0.0000 +0.0000 +0.0000 +0.0000 +0.0000 +0.0000 +0.0000 +0.0000 +0.0000 +0.0000 +0.0000 +0.0000 +0.0000 +0.0000 +0.0000 +0.0000 +0.0000 +0.0000 +0.0000 +0.0000 +0.0000 +0.0000 +0.0000 +0.0000 +0.0000 +0.0000 +0.0000 +0.0000 +0.0000 +0.0000 ;
+0.0000 +0.0000 +0.0000 +0.0000 +0.0000 +0.0000 +0.0000 +0.0000 +0.0000 +0.0000 +0.0000 +0.0000 +0.0000 +0.0000 +0.0000 +0.0000 +0.0000 +0.0000 +0.0000 +0.0000 +0.0000 +0.0000 +0.0000 +0.0000 +0.0000 +0.0000 +0.0000 +0.0000 +0.0000 +0.0000 +0.0000 +0.0000 +0.0000 +0.0000 +0.0000 +0.0000 +0.0000 +0.0000 +0.0000 +0.0000 +0.0000 +0.0000 +0.0000 +0.0000 +0.0000 +0.0000 +0.0000 +0.0000 +0.0000 +0.0000 +0.0000 +0.0000 +0.0000 +0.0000 +0.0000 +0.0000 +0.0000 +0.0000 +0.0000 +0.0000 +0.0000 ;
+0.0000 +0.0000 +0.0000 +0.0000 +0.0000 +0.0000 +0.0000 +0.0000 +0.0000 +0.0000 +0.0000 +0.0000 +0.0000 +0.0000 +0.0000 +0.0000 +0.0000 +0.0000 +0.0000 +0.0000 +0.0000 +0.0000 +0.0000 +0.0000 +0.0000 +0.0000 +0.0000 +0.0000 +0.0000 +0.0000 +0.0000 +0.0000 +0.0000 +0.0000 +0.0000 +0.0000 +0.0000 +0.0000 +0.0000 +0.0000 +0.0000 +0.0000 +0.0000 +0.0000 +0.0000 +0.0000 +0.0000 +0.0000 +0.0000 +0.0000 +0.0000 +0.0000 +0.0000 +0.0000 +0.0000 +0.0000 +0.0000 +0.0000 +0.0000 +0.0000 +0.0000 ;
+0.0000 +0.0000 +0.0000 +0.0000 +0.0000 +0.0000 +0.0000 +0.0000 +0.0000 +0.0000 +0.0000 +0.0000 +0.0000 +0.0000 +0.0000 +0.0000 +0.0000 +0.0000 +0.0000 +0.0000 +0.0000 +0.0000 +0.0000 +0.0000 +0.0000 +0.0000 +0.0000 +0.0000 +0.0000 +0.0000 +0.0000 +0.0000 +0.0000 +0.0000 +0.0000 +0.0000 +0.0000 +0.0000 +0.0000 +0.0000 +0.0000 +0.0000 +0.0000 +0.0000 +0.0000 +0.0000 +0.0000 +0.0000 +0.0000 +0.0000 +0.0000 +0.0000 +0.0000 +0.0000 +0.0000 +0.0000 +0.0000 +0.0000 +0.0000 +0.0000 +0.0000 ;
+0.0000 +0.0000 +0.0000 +0.0000 +0.0000 +0.0000 +0.0000 +0.0000 +0.0000 +0.0000 +0.0000 +0.0000 +0.0000 +0.0000 +0.0000 +0.0000 +0.0000 +0.0000 +0.0000 +0.0000 +0.0000 +0.0000 +0.0000 +0.0000 +0.0000 +0.0000 +0.0000 +0.0000 +0.0000 +0.0000 +0.0000 +0.0000 +0.0000 +0.0000 +0.0000 +0.0000 +0.0000 +0.0000 +0.0000 +0.0000 +0.0000 +0.0000 +0.0000 +0.0000 +0.0000 +0.0000 +0.0000 +0.0000 +0.0000 +0.0000 +0.0000 +0.0000 +0.0000 +0.0000 +0.0000 +0.0000 +0.0000 +0.0000 +0.0000 +0.0000 +0.0000 ;
+0.0000 +0.0000 +0.0000 +0.0000 +0.0000 +0.0000 +0.0000 +0.0000 +0.0000 +0.0000 +0.0000 +0.0000 +0.0000 +0.0000 +0.0000 +0.0000 +0.0000 +0.0000 +0.0000 +0.0000 +0.0000 +0.0000 +0.0000 +0.0000 +0.0000 +0.0000 +0.0000 +0.0000 +0.0000 +0.0000 +0.0000 +0.0000 +0.0000 +0.0000 +0.0000 +0.0000 +0.0000 +0.0000 +0.0000 +0.0000 +0.0000 +0.0000 +0.0000 +0.0000 +0.0000 +0.0000 +0.0000 +0.0000 +0.0000 +0.0000 +0.0000 +0.0000 +0.0000 +0.0000 +0.0000 +0.0000 +0.0000 +0.0000 +0.0000 +0.0000 +0.0000 ;
+0.0000 +0.0000 +0.0000 +0.0000 +0.0000 +0.0000 +0.0000 +0.0000 +0.0000 +0.0000 +0.0000 +0.0000 +0.0000 +0.0000 +0.0000 +0.0000 +0.0000 +0.0000 +0.0000 +0.0000 +0.0000 +0.0000 +0.0000 +0.0000 +0.0000 +0.0000 +0.0000 +0.0000 +0.0000 +0.0000 +0.0000 +0.0000 +0.0000 +0.0000 +0.0000 +0.0000 +0.0000 +0.0000 +0.0000 +0.0000 +0.0000 +0.0000 +0.0000 +0.0000 +0.0000 +0.0000 +0.0000 +0.0000 +0.0000 +0.0000 +0.0000 +0.0000 +0.0000 +0.0000 +0.0000 +0.0000 +0.0000 +0.0000 +0.0000 +0.0000 +0.0000 ;
+0.0000 +0.0000 +0.0000 +0.0000 +0.0000 +0.0000 +0.0000 +0.0000 +0.0000 +0.0000 +0.0000 +0.0000 +0.0000 +0.0000 +0.0000 +0.0000 +0.0000 +0.0000 +0.0000 +0.0000 +0.0000 +0.0000 +0.0000 +0.0000 +0.0000 +0.0000 +0.0000 +0.0000 +0.0000 +0.0000 +0.0000 +0.0000 +0.0000 +0.0000 +0.0000 +0.0000 +0.0000 +0.0000 +0.0000 +0.0000 +0.0000 +0.0000 +0.0000 +0.0000 +0.0000 +0.0000 +0.0000 +0.0000 +0.0000 +0.0000 +0.0000 +0.0000 +0.0000 +0.0000 +0.0000 +0.0000 +0.0000 +0.0000 +0.0000 +0.0000 +0.0000 ;
+0.0000 +0.0000 +0.0000 +0.0000 +0.0000 +0.0000 +0.0000 +0.0000 +0.0000 +0.0000 +0.0000 +0.0000 +0.0000 +0.0000 +0.0000 +0.0000 +0.0000 +0.0000 +0.0000 +0.0000 +0.0000 +0.0000 +0.0000 +0.0000 +0.0000 +0.0000 +0.0000 +0.0000 +0.0000 +0.0000 +0.0000 +0.0000 +0.0000 +0.0000 +0.0000 +0.0000 +0.0000 +0.0000 +0.0000 +0.0000 +0.0000 +0.0000 +0.0000 +0.0000 +0.0000 +0.0000 +0.0000 +0.0000 +0.0000 +0.0000 +0.0000 +0.0000 +0.0000 +0.0000 +0.0000 +0.0000 +0.0000 +0.0000 +0.0000 +0.0000 +0.0000 ;
+0.0000 +0.0000 +0.0000 +0.0000 +0.0000 +0.0000 +0.0000 +0.0000 +0.0000 +0.0000 +0.0000 +0.0000 +0.0000 +0.0000 +0.0000 +0.0000 +0.0000 +0.0000 +0.0000 +0.0000 +0.0000 +0.0000 +0.0000 +0.0000 +0.0000 +0.0000 +0.0000 +0.0000 +0.0000 +0.0000 +0.0000 +0.0000 +0.0000 +0.0000 +0.0000 +0.0000 +0.0000 +0.0000 +0.0000 +0.0000 +0.0000 +0.0000 +0.0000 +0.0000 +0.0000 +0.0000 +0.0000 +0.0000 +0.0000 +0.0000 +0.0000 +0.0000 +0.0000 +0.0000 +0.0000 +0.0000 +0.0000 +0.0000 +0.0000 +0.0000 +0.0000 ;
+0.0000 +0.0000 +0.0000 +0.0000 +0.0000 +0.0000 +0.0000 +0.0000 +0.0000 +0.0000 +0.0000 +0.0000 +0.0000 +0.0000 +0.0000 +0.0000 +0.0000 +0.0000 +0.0000 +0.0000 +0.0000 +0.0000 +0.0000 +0.0000 +0.0000 +0.0000 +0.0000 +0.0000 +0.0000 +0.0000 +0.0000 +0.0000 +0.0000 +0.0000 +0.0000 +0.0000 +0.0000 +0.0000 +0.0000 +0.0000 +0.0000 +0.0000 +0.0000 +0.0000 +0.0000 +0.0000 +0.0000 +0.0000 +0.0000 +0.0000 +0.0000 +0.0000 +0.0000 +0.0000 +0.0000 +0.0000 +0.0000 +0.0000 +0.0000 +0.0000 +0.0000 ;
-0.0171 +0.0092 -0.1214 +0.0581 +0.1719 -0.0095 -0.0536 -0.0414 -0.0022 +0.1456 -0.0115 +0.0445 +0.0002 +0.2296 +0.0147 +0.1314 +0.0702 +0.0648 +0.1331 +0.0056 +0.1638 +0.0322 +0.0000 +0.0570 +0.0000 +0.0000 +0.0000 +0.0000 +0.0000 +0.1245 +0.1217 -0.2425 +0.0509 +0.0000 +0.2517 +0.0000 +0.2097 +0.2474 +0.0000 -0.0006 -0.0928 -0.1397 -0.0496 +0.1971 +0.0705 +0.0503 +0.0113 +0.1783 +0.1778 +0.0024 +0.0736 +0.0440 +0.0000 +0.0000 +0.0000 +0.0000 +0.0000 +0.0000 +0.0000 +0.0000 +0.5612 ;
-0.1385 -0.1394 -0.0513 +0.0865 +0.0810 -0.0171 +0.2052 -0.1368 +0.0125 +0.0215 +0.0000 +0.0699 +0.0181 +0.0476 +0.0258 -0.1789 +0.0470 +0.1234 -0.1094 -0.0219 -0.0301 +0.0231 -0.0000 -0.1394 -0.0433 +0.0000 +0.1678 +0.0000 +0.0522 -0.1121 +0.1268 -0.1492 +0.1155 +0.0000 +0.0000 +0.0000 +0.0000 +0.0000 -0.0200 -0.1048 -0.0806 -0.0697 -0.0000 +0.0910 +0.0000 +0.0000 +0.0000 +0.0000 +0.0000 +0.0000 +0.0000 +0.0000 +0.0000 +0.0000 +0.0000 +0.0000 +0.0000 +0.0000 -0.0599 +0.0000 +0.5158 ;
-0.0556 -0.0306 +0.0255 -0.0261 +0.2384 +0.0000 +0.0000 +0.0000 +0.0000 +0.0000 +0.0000 +0.0000 +0.0000 +0.0033 +0.0467 +0.1350 -0.0656 -0.0481 -0.1373 -0.1431 -0.2112 +0.0000 +0.0000 +0.0488 +0.0523 +0.0000 +0.0794 +0.2426 +0.0000 -0.2173 +0.0214 +0.0000 +0.1683 +0.0000 +0.2870 +0.0000 +0.0000 +0.0000 -0.2010 -0.2313 -0.1831 -0.2239 +0.0000 +0.0000 +0.0000 +0.0000 +0.0000 +0.0000 +0.0000 +0.0000 +0.0000 +0.0000 +0.0000 +0.0000 +0.0000 +0.0000 +0.0000 +0.0000 -0.1076 +0.0000 +0.1529 ;
-0.1865 +0.0000 +0.1190 +0.0526 +0.0941 +0.0483 +0.1697 +0.2200 +0.0000 +0.0000 +0.0000 -0.0036 +0.0000 +0.0906 +0.0000 +0.0000 +0.0000 +0.1629 +0.0000 +0.0000 +0.0095 +0.2403 +0.0000 +0.0038 +0.0000 +0.0000 +0.2666 +0.0000 +0.0000 +0.0000 -0.0000 -0.3986 -0.0964 +0.0000 +0.1933 +0.0000 +0.3642 +0.4411 -0.0809 +0.0000 +0.0000 +0.0000 +0.0000 +0.1798 +0.0893 +0.1025 +0.0029 +0.0000 +0.0000 +0.0000 +0.0000 +0.0000 +0.0000 +0.0000 +0.0000 +0.0000 +0.0000 +0.0000 -0.0725 -0.0006 +0.4353 ;
+0.0000 -0.2333 -0.2743 +0.1127 -0.1236 -0.1198 -0.0615 -0.1836 -0.2317 -0.1987 +0.0423 +0.2054 +0.0327 +0.0000 -0.1197 -0.1398 -0.0890 -0.2101 -0.1481 -0.0801 -0.1739 -0.1704 -0.2227 +0.0653 -0.1159 +0.0000 -0.0000 +0.0000 +0.0000 +0.0000 +0.0000 +0.0000 -0.2079 +0.0480 +0.1579 +0.0000 +0.0000 +0.0000 -0.2440 +0.0000 -0.0530 -0.0699 +0.0000 +0.0000 +0.0000 +0.3130 +0.0000 +0.0000 +0.0000 +0.0000 +0.0000 +0.0000 +0.0000 +0.0000 +0.0000 +0.0000 +0.0725 +0.0000 -0.3222 +0.0000 -0.1843 ;
+0.0000 -0.0000 +0.0760 +0.1576 +0.0129 +0.0395 +0.0638 +0.2402 +0.1949 +0.2275 +0.0863 +0.0555 +0.0000 +0.1325 +0.0847 +0.0000 +0.0000 +0.0000 +0.0000 +0.0000 +0.0000 +0.0000 +0.0000 +0.0123 +0.0000 +0.0000 -0.0473 -0.3025 -0.0088 +0.3775 +0.0000 +0.0000 -0.0124 +0.0000 +0.1761 +0.0000 +0.0000 +0.1476 +0.0000 +0.0000 +0.0000 +0.0000 +0.0000 +0.3160 +0.2488 +0.0054 +0.0763 +0.2721 +0.1771 +0.0043 +0.2519 +0.1312 +0.1637 +0.2637 +0.0012 +0.1222 +0.0000 +0.0000 -0.0619 +0.0000 -0.5682 ;
-0.2161 -0.1341 -0.0638 +0.0756 +0.0612 -0.1507 -0.1202 +0.0000 +0.1193 +0.0266 +0.2227 +0.0814 +0.0000 +0.0000 +0.1544 +0.1624 +0.0000 +0.0000 +0.0000 +0.0000 +0.0000 +0.0000 -0.0709 +0.0918 +0.0000 +0.0000 +0.0895 +0.1544 -0.0199 +0.0000 +0.0000 -0.0816 +0.0000 +0.2047 +0.2630 +0.1407 +0.0434 +0.0758 -0.0000 +0.0000 -0.1454 -0.0629 +0.0000 +0.2129 +0.1832 +0.1862 +0.0016 +0.0217 +0.1073 +0.0560 +0.1542 +0.1682 +0.0138 +0.0489 +0.0426 +0.1784 +0.0000 +0.0000 -0.1486 -0.0896 +0.5779 ;
+0.0000 +0.0000 +0.1780 -0.2463 +0.1154 +0.1809 +0.0000 -0.0989 -0.1970 +0.0213 -0.0201 -0.2487 +0.1196 +0.1070 -0.1889 -0.1554 +0.0703 -0.0887 +0.1034 +0.0000 +0.0000 +0.0000 -0.1915 +0.1250 +0.0000 +0.0000 +0.0000 +0.0000 +0.0000 +0.0000 +0.0000 +0.0000 +0.0000 +0.0000 +0.1292 +0.1452 +0.0000 +0.0000 -0.1901 +0.0000 +0.0000 +0.0000 +0.0000 +0.0745 +0.2410 +0.0000 +0.0000 +0.0000 +0.0000 +0.0000 +0.0000 +0.0000 +0.0000 +0.0000 +0.0000 +0.0000 +0.0000 +0.0000 +0.0000 +0.0000 -0.5132 ;
+0.0000 +0.1658 -0.0785 -0.2226 -0.1586 -0.1995 +0.1624 -0.0458 +0.0491 +0.0875 +0.0536 +0.0222 +0.1327 -0.1393 -0.0000 +0.0375 +0.1022 +0.0745 +0.1607 +0.0000 +0.0000 +0.0000 +0.0000 +0.0000 -0.1535 +0.0245 +0.1526 +0.0593 +0.1031 +0.0000 -0.0379 +0.2391 +0.0150 +0.0000 +0.1176 +0.0890 +0.2042 +0.3375 -0.0000 +0.0000 +0.0000 +0.0000 +0.0000 +0.0000 +0.2614 +0.0014 +0.1187 +0.0000 +0.0000 +0.0000 +0.0000 +0.0000 +0.0000 +0.0000 +0.0000 +0.0000 +0.0000 +0.0000 +0.0000 +0.0000 -0.5132 ;
-0.2468 +0.1611 -0.0626 -0.1142 -0.0090 -0.0156 +0.0436 -0.0857 +0.1111 -0.0870 +0.0761 -0.1367 +0.0000 +0.0000 -0.2349 +0.2212 -0.0490 +0.0042 -0.0715 -0.1978 +0.0000 -0.1737 +0.0000 -0.1436 +0.0293 +0.0000 -0.0465 +0.0000 +0.0001 +0.0000 -0.2916 +0.0439 -0.0000 +0.3324 +0.0003 +0.2057 +0.0000 +0.0000 +0.0000 +0.0000 -0.0002 -0.1414 +0.0000 +0.0000 +0.0000 +0.0000 +0.0000 +0.2414 +0.2774 +0.0000 +0.0000 +0.2718 +0.0000 +0.0000 +0.0000 +0.0000 +0.0000 +0.0000 +0.0000 +0.0000 -0.5132 ;
+0.0000 -0.2017 +0.0000 -0.1350 +0.1081 +0.1994 +0.0491 -0.1412 -0.0024 +0.1217 -0.0259 -0.1272 +0.0321 +0.0000 +0.0000 +0.0000 +0.2077 +0.0276 -0.1278 -0.0365 +0.0906 +0.0569 +0.0000 +0.1089 -0.1663 +0.0000 +0.1805 -0.1955 +0.2835 +0.0000 +0.1323 +0.1444 +0.1901 +0.0000 +0.3657 +0.0000 +0.1675 +0.4053 +0.0000 +0.0000 +0.0000 -0.0000 +0.0000 +0.0000 +0.0000 +0.0000 +0.0000 +0.0000 +0.1446 +0.0000 +0.0000 +0.1333 +0.1668 +0.0000 +0.0000 +0.0000 +0.0000 +0.0000 +0.0000 +0.0000 -0.5132 ;
-0.0968 +0.0285 +0.1085 +0.0322 +0.0279 -0.0486 +0.1930 +0.0617 -0.0620 -0.0783 +0.1386 +0.1114 +0.1204 +0.0000 +0.0000 +0.0000 +0.1853 -0.0000 +0.1024 +0.0185 -0.0362 +0.0869 +0.0818 +0.0000 +0.0949 +0.0763 -0.0891 +0.0623 +0.0908 +0.4179 +0.2154 +0.2861 +0.0940 +0.0151 +0.0000 +0.0000 +0.4232 +0.2312 +0.0000 +0.0000 +0.0000 -0.1106 -0.0874 +0.0000 +0.0000 +0.0000 +0.0000 +0.0000 +0.0000 +0.0000 +0.0000 +0.0000 +0.0000 +0.0750 +0.0362 +0.1603 +0.0000 +0.0000 +0.0000 +0.0000 -0.5132 ;
+0.0000 +0.0000 +0.1162 -0.1938 +0.1622 -0.1463 +0.1545 -0.0055 -0.1243 -0.1350 +0.0000 +0.0000 +0.0000 -0.0729 -0.0760 -0.1606 -0.0778 +0.0746 -0.1382 -0.0649 -0.1510 -0.1472 +0.0000 +0.1020 +0.0000 -0.1193 +0.0000 +0.0463 +0.0000 +0.0000 +0.0000 +0.0000 +0.0000 +0.0000 +0.1933 +0.2134 +0.0443 +0.0000 +0.0000 -0.2514 -0.1311 +0.0000 -0.1695 +0.0321 +0.0000 +0.0000 +0.0000 +0.0000 +0.0000 +0.0000 +0.0000 +0.0000 +0.0000 +0.0000 +0.0000 +0.0000 +0.0000 +0.0000 +0.0000 +0.0000 -0.5132 ;
+0.0000 +0.0189 +0.1506 -0.0289 +0.0717 +0.0988 +0.1953 +0.0506 +0.1382 -0.0355 +0.1504 +0.0000 +0.0000 -0.0753 +0.0214 -0.1594 +0.1330 +0.0318 -0.1513 -0.2151 -0.0675 -0.2221 -0.1032 +0.0000 +0.0270 +0.2548 +0.0002 +0.0002 +0.1256 -0.1137 +0.0990 -0.0657 -0.0126 +0.0524 +0.1032 +0.1379 +0.0001 +0.0000 +0.0000 -0.0980 -0.0283 -0.2052 -0.1097 +0.0000 +0.0000 +0.0000 +0.3031 +0.1960 +0.0000 +0.0000 +0.0000 +0.0000 +0.0000 +0.0000 +0.0000 +0.0000 +0.0000 +0.0000 +0.0000 +0.0000 -0.5132 ;
-0.1522 -0.0975 -0.2305 -0.0448 +0.0146 -0.2196 -0.1610 +0.0921 -0.0391 -0.1144 +0.0935 +0.0000 +0.0000 -0.2173 +0.1841 -0.1442 -0.0000 +0.0257 +0.0899 -0.1723 -0.0042 -0.0421 -0.1220 +0.0647 +0.0708 +0.0000 +0.2701 +0.1931 +0.0000 +0.0787 +0.0000 +0.0821 +0.1711 +0.1052 +0.0152 +0.2030 +0.2336 +0.2459 -0.2015 -0.1179 +0.0000 -0.1345 -0.2092 +0.0000 +0.0000 +0.0000 +0.0000 +0.0000 +0.0690 +0.0000 +0.0000 +0.0000 +0.0000 +0.0000 +0.0000 +0.0000 +0.0000 +0.0000 +0.0000 +0.0000 -0.5132 ;
+0.0000 +0.0513 +0.1006 +0.0000 +0.0255 -0.0378 +0.0344 -0.0128 -0.1231 +0.1560 -0.0260 +0.1379 +0.0000 -0.1478 -0.1441 -0.2437 -0.2545 +0.0391 -0.0073 +0.1363 +0.2253 -0.0617 -0.2006 +0.1440 -0.2031 +0.2403 +0.1464 +0.0000 +0.1855 -0.1438 +0.0870 -0.0337 -0.0615 +0.0000 +0.1959 +0.2266 +0.0000 +0.0445 -0.3368 -0.2012 -0.1871 -0.0799 +0.0000 +0.0000 +0.0000 +0.0000 +0.0000 +0.0000 +0.0000 +0.0000 +0.0000 +0.2111 +0.1229 +0.0000 +0.0000 +0.0000 +0.0000 +0.0000 +0.0000 +0.0000 -0.5132 ;
-0.1420 +0.0663 +0.0000 +0.0000 +0.0672 +0.0186 -0.1411 +0.1090 -0.0583 -0.0548 +0.2306 +0.2593 +0.0134 -0.1391 -0.0343 -0.2116 -0.2531 -0.1790 +0.0249 -0.0341 +0.0897 +0.1350 -0.1079 +0.0000 -0.0721 +0.0757 +0.1533 -0.0967 +0.0731 -0.0763 +0.1123 +0.0922 -0.0268 +0.1810 +0.0747 +0.1852 +0.0804 +0.0000 -0.2550 -0.1850 -0.1976 -0.2684 +0.0000 +0.0000 +0.0000 +0.0000 +0.0000 +0.0000 +0.0000 +0.0000 +0.0000 +0.0000 +0.0000 +0.0000 +0.0800 +0.0162 +0.0000 +0.0000 +0.0000 -0.2753 -0.5132 ;
+0.0000 +0.0000 +0.0900 +0.0821 +0.0722 +0.1336 +0.2499 -0.1209 +0.1900 +0.0895 +0.1213 +0.0000 +0.0000 +0.2068 -0.0798 +0.0167 -0.0081 -0.0666 +0.1343 +0.1065 +0.0000 +0.2016 -0.0673 -0.2238 +0.2155 +0.2455 +0.0000 +0.0000 +0.2049 +0.0000 +0.0000 +0.0000 +0.0000 +0.2011 +0.0000 +0.0000 +0.0000 +0.0000 -0.0006 -0.0044 +0.0000 +0.0000 +0.0000 +0.0000 +0.2575 +0.0000 +0.0000 +0.0000 +0.0000 +0.0000 +0.0000 +0.0000 +0.0000 +0.0000 +0.0000 +0.0000 +0.0000 +0.0000 +0.0000 +0.0000 -0.5949 ;
-0.2384 -0.0536 +0.0770 -0.1153 -0.1188 +0.1400 +0.2232 +0.1408 +0.0129 +0.0648 +0.0255 +0.2073 +0.0000 +0.0352 +0.0688 +0.1852 +0.1647 +0.2202 +0.2746 +0.2574 +0.0978 +0.1579 +0.0000 -0.1067 +0.1994 +0.0000 -0.1287 +0.0000 -0.0544 +0.2111 -0.1098 -0.1653 -0.0294 +0.1175 +0.2026 +0.0000 +0.0000 +0.0000 -0.0016 -0.1109 +0.0000 +0.0000 +0.0000 +0.0704 +0.0000 +0.0000 +0.0000 +0.0000 +0.0000 +0.0000 +0.0000 +0.0000 +0.0000 +0.0000 +0.0000 +0.0000 +0.0000 +0.2151 +0.0000 +0.0000 -0.5949 ;
-0.0905 -0.1714 +0.1043 -0.1220 +0.1441 -0.1427 -0.0407 +0.0309 +0.0399 +0.0857 +0.0818 +0.1226 +0.0000 +0.2051 -0.0534 -0.0557 +0.0343 -0.0927 +0.2497 +0.2934 +0.1571 +0.2521 +0.0000 +0.1414 +0.0454 -0.1241 +0.0000 +0.0000 -0.1366 +0.0329 -0.2195 +0.0286 -0.2081 +0.1714 +0.1603 +0.0000 +0.0000 +0.0000 -0.3391 -0.3027 +0.0000 +0.0000 +0.0000 +0.0000 +0.1322 +0.0000 +0.0931 +0.0000 +0.0000 +0.0000 +0.0000 +0.0000 +0.0000 +0.0000 +0.0000 +0.0000 +0.0000 +0.0000 +0.0000 +0.0000 -0.5949 ;
-0.0312 -0.1164 +0.2164 +0.1087 +0.0277 +0.1130 +0.0831 +0.0713 -0.0790 +0.0000 +0.0046 +0.1986 +0.0296 +0.1748 -0.0014 -0.1924 +0.2362 -0.2875 +0.0993 +0.0648 +0.3186 +0.1158 +0.2250 +0.1968 +0.0324 -0.2264 +0.0067 -0.0691 +0.0003 +0.0000 -0.0954 -0.0655 -0.0816 +0.2524 +0.0000 +0.0000 +0.0000 +0.0000 -0.2236 -0.2239 -0.0216 +0.0000 +0.0000 +0.0000 +0.0000 +0.0854 +0.0000 +0.0000 +0.0000 +0.1024 +0.0000 +0.0000 +0.0000 +0.0000 +0.0000 +0.0000 +0.0000 +0.0000 +0.0000 +0.0000 -0.5949 ;
-0.2167 +0.0471 -0.0806 -0.0877 +0.1988 +0.2011 +0.2450 -0.0833 +0.2130 +0.1501 +0.2195 +0.1308 +0.0000 -0.0952 -0.2178 -0.0766 +0.0514 +0.2257 +0.2385 +0.1226 +0.1569 +0.1381 +0.1658 +0.2645 +0.0767 -0.0764 -0.0122 +0.0000 -0.0800 -0.0289 -0.1819 -0.0377 -0.1056 +0.1482 +0.2316 +0.0000 +0.0000 +0.0000 -0.2261 -0.1174 +0.0000 +0.0000 +0.0000 +0.0000 +0.0000 +0.1544 +0.1891 +0.0000 +0.0000 +0.0000 +0.0000 +0.0000 +0.0000 +0.0000 +0.0000 +0.0000 +0.0000 +0.0000 +0.0000 -0.1796 -0.5949 ;
-0.0253 +0.1345 +0.0674 +0.1647 -0.2144 -0.1218 -0.1969 +0.1594 +0.2553 +0.2119 -0.0851 +0.1960 +0.0853 +0.1399 -0.1879 +0.1063 +0.0556 +0.0244 +0.0929 +0.2247 +0.0976 +0.0000 +0.0000 +0.1599 +0.0053 +0.0000 +0.0000 +0.0000 +0.0603 +0.0005 +0.0000 -0.0273 -0.0001 +0.1458 +0.0165 +0.0000 +0.0000 +0.0000 -0.1488 -0.2558 +0.0000 +0.0000 +0.0000 +0.0000 +0.0000 +0.0000 +0.0000 +0.0000 +0.0000 +0.1273 +0.0000 +0.0000 +0.0000 +0.0000 +0.0000 +0.0000 +0.0000 +0.0000 +0.0000 +0.0000 -0.5949 ;
-0.1667 -0.1221 +0.1480 +0.2242 +0.1368 -0.1106 -0.1695 +0.0215 +0.1044 -0.0276 +0.0834 +0.1637 +0.0000 +0.2414 +0.0364 +0.0841 +0.0100 +0.1319 +0.2096 +0.2011 +0.1728 +0.2607 +0.0000 -0.1366 +0.0338 +0.0000 -0.0016 +0.0000 +0.0116 +0.0000 -0.1031 -0.0967 -0.1961 +0.0000 +0.1044 +0.0000 +0.0000 +0.0000 +0.0000 -0.1204 -0.0424 +0.0000 +0.0000 +0.0000 +0.0000 +0.0000 +0.0000 +0.0000 +0.1273 +0.0000 +0.0795 +0.0000 +0.0000 +0.0000 +0.0000 +0.0000 +0.0000 +0.0000 +0.0000 +0.0000 -0.5949 ;
-0.0024 +0.0926 -0.1411 +0.2013 +0.1978 +0.0792 +0.1786 +0.1279 -0.0586 +0.1354 +0.1058 +0.1685 +0.0000 +0.2513 +0.2366 +0.1521 -0.0364 -0.0562 +0.0040 +0.1671 +0.1930 +0.1292 +0.0000 +0.0877 +0.0930 +0.0000 +0.2309 -0.1281 -0.1413 -0.1390 -0.2071 +0.1530 +0.0000 +0.0000 +0.0733 +0.1998 +0.0000 +0.0000 -0.1386 +0.0000 -0.0207 +0.0000 -0.1808 +0.0000 +0.0000 +0.0000 +0.0000 +0.0000 +0.0000 +0.0186 +0.0000 +0.0000 +0.0922 +0.0000 +0.0000 +0.0000 +0.0000 +0.0000 +0.0000 +0.0000 -0.5949 ;
-0.0000 -0.0702 +0.2343 -0.1924 +0.2095 +0.1391 -0.0302 +0.0303 +0.0709 +0.2646 -0.0118 +0.0213 +0.0000 +0.0000 +0.1533 +0.1211 -0.0576 -0.1946 +0.1404 -0.1885 +0.0625 +0.2677 +0.2633 +0.0000 -0.0372 -0.0093 -0.0032 +0.0000 +0.0298 +0.0118 -0.2371 -0.0025 -0.1368 +0.0000 +0.2135 +0.2303 +0.0000 +0.0000 +0.0000 -0.2307 -0.0729 +0.0000 +0.0000 +0.0000 +0.0000 +0.0000 +0.0000 +0.0000 +0.0848 +0.0000 +0.0000 +0.0000 +0.1004 +0.0000 +0.0000 +0.0000 +0.0000 +0.0000 +0.0000 +0.0000 -0.5949 ;
-0.0259 -0.1002 +0.0000 -0.0326 +0.1998 +0.2024 +0.2113 +0.2597 +0.1996 +0.1996 +0.1599 -0.1048 +0.0200 +0.0000 +0.2089 +0.1527 +0.1285 +0.0195 -0.0693 +0.0948 +0.2004 +0.2508 +0.1717 -0.2253 +0.0851 +0.0944 -0.1151 +0.0000 +0.0008 -0.0065 -0.1492 -0.1124 -0.1101 +0.0000 +0.0000 +0.1203 +0.0000 +0.0000 +0.0000 -0.1133 -0.1062 +0.0000 +0.0000 +0.0000 +0.0000 +0.0000 +0.0000 +0.0000 +0.0000 +0.0000 +0.0000 +0.1466 +0.0000 +0.0854 +0.0000 +0.0000 +0.0000 +0.0000 -0.1094 +0.0000 -0.5949 ;
-0.0368 +0.0796 +0.0000 +0.1483 +0.1586 +0.2101 +0.2458 +0.1777 -0.2367 -0.0540 +0.2460 -0.0512 +0.1042 +0.0000 +0.0000 +0.2470 +0.1436 +0.2596 +0.0423 -0.0211 +0.0039 +0.0665 +0.2018 +0.0000 -0.0940 -0.0940 +0.0000 +0.0000 +0.1084 +0.3038 +0.0000 -0.1163 -0.1242 +0.0000 +0.0000 +0.0002 +0.1884 +0.0000 +0.0000 +0.0000 -0.0988 -0.1277 +0.0000 +0.0000 +0.0000 +0.0000 +0.0000 +0.0000 +0.0000 +0.0000 +0.0000 +0.0000 +0.1852 +0.0000 +0.0000 +0.0000 +0.0000 +0.0000 +0.0000 +0.0000 -0.5949 ;
-0.0314 +0.0177 +0.0000 +0.0520 +0.1306 +0.0614 +0.1645 -0.0799 +0.1706 +0.0744 -0.0668 -0.2196 +0.1818 +0.0000 +0.0849 +0.0727 +0.1895 +0.1003 -0.0349 -0.0848 -0.0615 +0.0564 +0.0934 +0.0000 -0.0908 +0.1512 -0.0000 -0.0000 -0.0265 +0.0416 -0.1470 -0.0459 -0.0850 +0.0000 +0.0000 +0.2868 +0.0000 +0.0000 +0.0000 -0.3181 -0.0004 +0.0000 -0.3225 +0.0000 +0.0000 +0.0000 +0.0000 +0.0000 +0.0000 +0.0000 +0.0000 +0.0000 +0.0000 +0.0000 +0.0000 +0.2112 +0.0000 +0.2916 +0.0000 +0.0000 -0.5949 ;
-0.0921 -0.0199 +0.0000 -0.2253 +0.0404 +0.1323 +0.0463 +0.0435 +0.1075 +0.0945 +0.1346 -0.1329 -0.1619 +0.0000 +0.1514 +0.2888 +0.1980 +0.2846 +0.2412 +0.1102 -0.0850 +0.0043 +0.1663 +0.0000 -0.0407 +0.1239 +0.0000 +0.0000 +0.0866 -0.1415 -0.1861 +0.0820 -0.0629 +0.0000 +0.0000 +0.0000 +0.2061 +0.0000 +0.0000 +0.0000 -0.1131 +0.0000 -0.1177 +0.0000 +0.0000 +0.0000 +0.0000 +0.0000 +0.0000 +0.0000 +0.0970 +0.0000 +0.0000 +0.0000 +0.0000 +0.0000 +0.1775 +0.0000 +0.0000 +0.0000 -0.5949 ;
-0.0805 -0.1071 +0.0000 +0.0078 +0.2167 +0.0904 +0.0076 +0.1801 +0.1790 +0.2322 +0.1786 +0.0211 +0.0454 +0.0000 +0.0434 +0.2813 +0.2083 +0.2496 +0.2296 -0.0432 +0.1252 +0.0978 -0.0496 +0.0000 +0.1522 -0.0083 -0.2279 +0.0000 +0.0340 +0.2222 -0.0003 -0.1736 -0.1113 +0.0000 +0.0000 +0.2128 +0.0000 +0.1894 +0.0000 +0.0000 +0.0000 -0.0181 -0.0165 +0.0000 +0.1939 +0.0000 +0.0000 +0.0000 +0.0000 +0.0000 +0.0000 +0.0000 +0.0000 +0.0000 +0.0000 +0.0000 +0.0000 +0.0391 +0.0000 +0.0000 -0.5949 ;
-0.2067 -0.0189 -0.2351 +0.2698 +0.1231 +0.2118 +0.0312 +0.1503 +0.0324 +0.0644 +0.0707 +0.1922 -0.0607 +0.0000 +0.2620 +0.3128 +0.0835 +0.0910 +0.0688 -0.0742 -0.0395 -0.0236 +0.1510 +0.0000 -0.1710 +0.0107 -0.0196 +0.0522 -0.1245 -0.0002 -0.2495 +0.1309 -0.0684 +0.0000 +0.0000 +0.1349 +0.0000 +0.0546 -0.0728 +0.0000 -0.1501 -0.0565 +0.0000 +0.0000 +0.0000 +0.0000 +0.0000 +0.0000 +0.0000 +0.0000 +0.0000 +0.0000 +0.0000 +0.0000 +0.2774 +0.0000 +0.1767 +0.0000 +0.0000 -0.2482 -0.5949 ;
+0.0000 +0.0000 -0.0248 +0.0124 +0.0016 -0.0151 +0.1584 -0.0471 +0.0370 -0.1880 +0.0048 +0.0000 +0.1112 +0.0000 +0.0000 -0.2694 -0.1557 -0.1537 -0.0543 -0.2215 -0.2824 -0.1735 +0.0000 +0.1990 -0.1040 +0.0000 +0.0000 +0.0000 +0.0023 +0.0000 +0.1512 +0.1187 +0.0000 +0.0000 +0.0000 +0.0000 +0.0000 +0.0000 +0.0000 -0.3096 -0.0335 +0.0000 +0.0000 +0.0000 +0.2437 +0.0000 +0.1443 +0.1062 +0.0671 +0.0606 +0.1423 +0.1150 +0.0000 +0.1867 +0.2064 +0.0000 +0.0000 +0.0000 +0.0000 +0.0000 -0.5949 ;
-0.1017 -0.1061 -0.1919 -0.0016 +0.0269 +0.0500 -0.0983 -0.0172 +0.2559 +0.1109 -0.0475 +0.1710 -0.0734 -0.1132 -0.2533 -0.1774 -0.2065 -0.2754 -0.1394 -0.1373 -0.0471 +0.0000 +0.0000 +0.1498 -0.1282 -0.1758 -0.0652 -0.0668 +0.0625 +0.0027 +0.1848 +0.1357 -0.0027 +0.0000 +0.0000 +0.2244 +0.0000 +0.0000 +0.0000 +0.0000 -0.0310 +0.0000 -0.3689 +0.0000 +0.0000 +0.0484 +0.1793 +0.0283 +0.0242 +0.1088 +0.1303 +0.2473 +0.2810 +0.1726 +0.2124 +0.0000 +0.0000 +0.0000 -0.2724 +0.0000 -0.5949 ;
+0.0000 +0.0000 +0.0000 +0.0000 +0.0000 +0.0000 +0.0000 +0.0000 +0.0000 +0.0000 +0.0000 +0.0000 +0.0000 +0.0000 +0.0000 +0.0000 +0.0000 +0.0000 +0.0000 +0.0000 +0.0000 +0.0000 +0.0000 +0.0000 +0.0000 +0.0000 +0.0000 +0.0000 +0.0000 +0.0000 +0.0000 +0.0000 +0.0000 +0.0000 +0.0000 +0.0000 +0.0000 +0.0000 +0.0000 +0.0000 +0.0000 +0.0000 +0.0000 +0.0000 +0.0000 +0.0000 +0.0000 +0.0000 +0.0000 +0.0000 +0.0000 +0.0000 +0.0000 +0.0000 +0.0000 +0.0000 +0.0000 +0.0000 +0.0000 +0.0000 +0.0000 ;
