brainFunction 22899 22 15 152 24802 2-6 7-12 13-14
0 0.782762
1 0.673444
2 0.422816
3 0.44492
4 0.327808
5 0.394474
6 0.464349
7 0.680927
8 0.744385
9 0.344741
10 0.545811
11 0.331907
12 0.510517
13 0.461319
14 0.374332
15 0.986277
16 0.736084
17 0.0418154
18 0.91781
19 0.0698313
20 0.31085
21 0.0471069
0 0.512478
1 0.711281
2 0.0941176
3 0.172727
4 0.286275
5 0.286274
6 0.286274
7 0.0509804
8 0.0723708
9 0.286274
10 0.286275
11 0.286275
12 0.286274
13 0.54082
14 0.286275
15 0.981581
16 0.677986
17 0.0530085
18 0.928615
19 0.055786
20 0.336505
21 0.0664477
0 0.362038
1 0.704237
2 0.137255
3 0.137255
4 0.137255
5 0.137255
6 0.137255
7 0.0823529
8 0.0823529
9 0.0823529
10 0.082353
11 0.082353
12 0.0823529
13 0.839216
14 0.839216
15 0.989638
16 0.787377
17 0.0283057
18 0.932309
19 0.0783675
20 0.318067
21 0.0449254
0 0.527326
1 0.697594
2 0.317647
3 0.317647
4 0.317647
5 0.317647
6 0.317647
7 0.317647
8 0.317647
9 0.317647
10 0.317647
11 0.317647
12 0.317647
13 0.317647
14 0.317647
15 0.989152
16 0.781937
17 0.0332269
18 0.937857
19 0.0555627
20 0.251129
21 0.041377
0 0.867958
1 0.690006
2 0.27451
3 0.27451
4 0.27451
5 0.27451
6 0.27451
7 0.27451
8 0.27451
9 0.27451
10 0.27451
11 0.27451
12 0.27451
13 0.27451
14 0.27451
15 0.99107
16 0.781958
17 0.0322736
18 0.943303
19 0.0952692
20 0.369847
21 0.0592524
0 0.208599
1 0.682715
2 0.305882
3 0.305882
4 0.305882
5 0.305882
6 0.305882
7 0.305882
8 0.305882
9 0.305882
10 0.305882
11 0.305882
12 0.305882
13 0.305882
14 0.305882
15 0.982257
16 0.658655
17 0.0570655
18 0.931872
19 0.056331
20 0.346533
21 0.0862742
0 0.20046
1 0.675272
2 0.0862745
3 0.0862745
4 0.0862745
5 0.0862745
6 0.0862745
7 0.0509804
8 0.0509804
9 0.0509804
10 0.0509804
11 0.0509804
12 0.0509804
13 0.831373
14 0.831373
15 0.976914
16 0.669399
17 0.0537906
18 0.926025
19 0.0372516
20 0.238316
21 0.0556656
0 0.833541
1 0.668002
2 0.0901961
3 0.0901961
4 0.0901961
5 0.0901961
6 0.0901961
7 0.0509804
8 0.0509804
9 0.0509804
10 0.0509804
11 0.0509804
12 0.0509804
13 0.839216
14 0.839216
15 0.977427
16 0.671599
17 0.0595375
18 0.933895
19 0.0433308
20 0.258455
21 0.0607821
0 0.690075
1 0.660821
2 0.0980392
3 0.0980392
4 0.0980392
5 0.0980392
6 0.0980392
7 0.0509804
8 0.0509804
9 0.0509804
10 0.0509804
11 0.0509804
12 0.0509804
13 0.831373
14 0.831373
15 0.989114
16 0.809444
17 0.032976
18 0.954697
19 0.0558987
20 0.338543
21 0.0592254
0 0.438791
1 0.65488
2 0.34902
3 0.34902
4 0.34902
5 0.260606
6 0.105882
7 0.25098
8 0.25098
9 0.25098
10 0.25098
11 0.123708
12 0.0509804
13 0.14902
14 0.497683
15 0.992385
16 0.823679
17 0.0304684
18 0.952447
19 0.0628089
20 0.366801
21 0.0530508
0 0.283144
1 0.649061
2 0.34902
3 0.34902
4 0.34902
5 0.34902
6 0.309804
7 0.25098
8 0.25098
9 0.25098
10 0.25098
11 0.25098
12 0.124777
13 0.14902
14 0.285205
15 0.990557
16 0.770478
17 0.025836
18 0.9369
19 0.0673106
20 0.284546
21 0.0408656
0 0.756939
1 0.643241
2 0.34902
3 0.34902
4 0.34902
5 0.34902
6 0.34902
7 0.34902
8 0.34902
9 0.34902
10 0.34902
11 0.34902
12 0.34902
13 0.34902
14 0.34902
15 0.98382
16 0.674464
17 0.056702
18 0.943101
19 0.0529888
20 0.37508
21 0.10212
0 0.202221
1 0.637047
2 0.223529
3 0.217825
4 0.0524064
5 0
6 0
7 0.0196078
8 0.0196078
9 0.108378
10 0
11 0
12 0
13 0.696613
14 0
15 0.988942
16 0.816141
17 0.0543137
18 0.96067
19 0.0506494
20 0.258195
21 0.0856062
0 0.225642
1 0.63103
2 0.0392157
3 0
4 0
5 0.0513369
6 0.141176
7 0.0470588
8 0
9 0
10 0
11 0.0124777
12 0.0196078
13 0.0156863
14 0.350802
15 0.985133
16 0.734465
17 0.061491
18 0.949825
19 0.0345229
20 0.255698
21 0.0705468
0 0.64932
1 0.625
2 0.0770053
3 0.141176
4 0.141176
5 0.0256684
6 0.108734
7 0.00891266
8 0.0196078
9 0.0196078
10 0.0160428
11 0
12 0.00534759
13 0.526203
14 0.239572
15 0.977965
16 0.639731
17 0.0676167
18 0.938748
19 0.04405
20 0.270045
21 0.0796372
0 0.513192
1 0.61905
2 0.0431373
3 0.0431373
4 0.0431373
5 0.0431372
6 0.0431372
7 0.00392157
8 0.00392157
9 0.00392157
10 0.00392157
11 0.00392157
12 0.00392157
13 0.905882
14 0.905882
15 0.984057
16 0.699599
17 0.0439925
18 0.942708
19 0.0459647
20 0.457972
21 0.0806499
0 0.15985
1 0.613237
2 0.360784
3 0.360784
4 0.307843
5 0
6 0.0748663
7 0.0196078
8 0.0196078
9 0.0196078
10 0.168984
11 0.000356507
12 0.00392157
13 0.756863
14 0.403565
15 0.987874
16 0.776042
17 0.053834
18 0.946929
19 0.0562448
20 0.29466
21 0.074446
0 0.132726
1 0.606848
2 0
3 0.0374332
4 0.0588235
5 0.114439
6 0.309804
7 0
8 0.00142603
9 0.00392157
10 0.00392157
11 0.130481
12 0.00784314
13 0.402852
14 0.802496
15 0.98519
16 0.69092
17 0.0367928
18 0.930922
19 0.0689868
20 0.342057
21 0.0498932
0 0.37655
1 0.600261
2 0.12656
3 0.111943
4 0.202496
5 0.34902
6 0.287522
7 0.00463458
8 0.00784314
9 0.16934
10 0.441355
11 0.25098
12 0.204991
13 0.753298
14 0.22139
15 0.989476
16 0.790412
17 0.0385671
18 0.960549
19 0.0554006
20 0.314567
21 0.0708892
0 0.360678
1 0.593861
2 0.34902
3 0.249198
4 0.178253
5 0.141176
6 0.141176
7 0.25098
8 0.22959
9 0.192157
10 0.0666667
11 0.0196078
12 0.0196078
13 0.168627
14 0.812478
15 0.991211
16 0.780636
17 0.0342711
18 0.953429
19 0.0965198
20 0.379625
21 0.0658574
0 0.00202332
1 0.587624
2 0.227451
3 0.249911
4 0.178431
5 0.34902
6 0.34902
7 0.227451
8 0.236007
9 0.231729
10 0.25098
11 0.25098
12 0.25098
13 0.334403
14 0.14902
15 0.990425
16 0.767636
17 0.02785
18 0.955287
19 0.0729561
20 0.335644
21 0.0697822
0 0.429839
1 0.580739
2 0.34902
3 0.34902
4 0.34902
5 0.154367
6 0.0909091
7 0.25098
8 0.25098
9 0.25098
10 0.314439
11 0.218182
12 0.327273
13 0.14902
14 0.113369
15 0.988922
16 0.717695
17 0.0472849
18 0.947277
19 0.104528
20 0.251629
21 0.0829028
0 0.318576
1 0.574244
2 0.0636364
3 0.0272727
4 0
5 0.0727273
6 0.335472
7 0.109091
8 0.260963
9 0.117647
10 0.0641711
11 0.350089
12 0.25098
13 0.489127
14 0.271658
15 0.989413
16 0.773749
17 0.0292158
18 0.943349
19 0.105964
20 0.425192
21 0.0683455
0 0.226261
1 0.567156
2 0.235829
3 0.675936
4 0.203922
5 0.34902
6 0.34902
7 0.277718
8 0.47344
9 0.565419
10 0.269162
11 0.25098
12 0.25098
13 0.453832
14 0.208556
15 0.992171
16 0.811064
17 0.0280706
18 0.955949
19 0.0698941
20 0.358652
21 0.0483672
0 0.294766
1 0.56032
2 0.34902
3 0.34902
4 0.34902
5 0.34902
6 0.34902
7 0.25098
8 0.25098
9 0.25098
10 0.25098
11 0.25098
12 0.25098
13 0.14902
14 0.14902
15 0.992565
16 0.809646
17 0.0293746
18 0.959557
19 0.071793
20 0.351269
21 0.0485649
0 0.308065
1 0.554762
2 0.34902
3 0.34902
4 0.34902
5 0.34902
6 0.34902
7 0.25098
8 0.25098
9 0.25098
10 0.25098
11 0.25098
12 0.25098
13 0.14902
14 0.14902
15 0.985202
16 0.660944
17 0.0609624
18 0.944333
19 0.0530989
20 0.38971
21 0.0809788
0 0.0575715
1 0.549068
2 0.156863
3 0.156863
4 0.156863
5 0.156863
6 0.156863
7 0.0196078
8 0.0196078
9 0.0196078
10 0.0196078
11 0.0196078
12 0.0196078
13 0.894118
14 0.894118
15 0.990285
16 0.816394
17 0.0256409
18 0.956517
19 0.0471663
20 0.242258
21 0.0296509
0 0.939827
1 0.543382
2 0.34902
3 0.34902
4 0.34902
5 0.34902
6 0.34902
7 0.25098
8 0.25098
9 0.25098
10 0.25098
11 0.25098
12 0.25098
13 0.14902
14 0.14902
15 0.991913
16 0.807477
17 0.0317625
18 0.964188
19 0.0591514
20 0.277038
21 0.0368724
0 0.711102
1 0.537625
2 0.34902
3 0.34902
4 0.34902
5 0.34902
6 0.34902
7 0.25098
8 0.25098
9 0.25098
10 0.25098
11 0.25098
12 0.25098
13 0.14902
14 0.14902
15 0.990584
16 0.792244
17 0.0317242
18 0.96766
19 0.0613099
20 0.335219
21 0.062742
0 0.367546
1 0.531867
2 0.34902
3 0.34902
4 0.34902
5 0.34902
6 0.031729
7 0.25098
8 0.25098
9 0.25098
10 0.25098
11 0.228164
12 0
13 0.14902
14 0.0948307
15 0.989631
16 0.805656
17 0.0544306
18 0.960847
19 0.0392369
20 0.202079
21 0.0609108
0 0.76428
1 0.526107
2 0
3 0.15918
4 0.17451
5 0.164706
6 0.164706
7 0
8 0.117291
9 0.184314
10 0.0156863
11 0.0156863
12 0.0156863
13 0.100535
14 0.901961
15 0.983909
16 0.659942
17 0.0740925
18 0.954457
19 0.0531255
20 0.308686
21 0.0831745
0 0.259037
1 0.520217
2 0.0606061
3 0.0784314
4 0.0827095
5 0.0941176
6 0.0941176
7 0.00285205
8 0.00392157
9 0.00392157
10 0.0124777
11 0.0156863
12 0.0156863
13 0.83066
14 0.724777
15 0.984023
16 0.726337
17 0.0577754
18 0.952717
19 0.0337658
20 0.257414
21 0.049691
0 0.697789
1 0.514319
2 0.160784
3 0.160784
4 0.160784
5 0.160784
6 0.160784
7 0.0156863
8 0.0156863
9 0.0156863
10 0.0156863
11 0.0156863
12 0.0156863
13 0.623529
14 0.623529
15 0.987933
16 0.782346
17 0.0483633
18 0.971714
19 0.0692355
20 0.178495
21 0.0629157
0 0.633172
1 0.508504
2 0.0998217
3 0
4 0
5 0.163636
6 0.0475936
7 0.119786
8 0
9 0
10 0.109091
11 0.545454
12 0.0224599
13 0.0399287
14 0.149376
15 0.987861
16 0.780099
17 0.0696856
18 0.968078
19 0.0373543
20 0.194525
21 0.0362241
0 0.756485
1 0.50273
2 0.0454545
3 0.0497326
4 0.130838
5 0.32549
6 0.32549
7 0.163636
8 0.00748663
9 0.0823529
10 0.0538324
11 0.0196078
12 0.0196078
13 0.323351
14 0.778253
15 0.987728
16 0.705629
17 0.0675054
18 0.961487
19 0.0580548
20 0.383255
21 0.0695061
0 0.0293029
1 0.497097
2 0.224777
3 0.188235
4 0.188235
5 0.188235
6 0.201604
7 0.0827094
8 0.0196078
9 0.0196078
10 0.0196078
11 0.0196078
12 0.0816399
13 0.687344
14 0.696257
15 0.984457
16 0.705247
17 0.0476414
18 0.948954
19 0.0329096
20 0.26982
21 0.0383429
0 0.821056
1 0.491303
2 0.247059
3 0.247059
4 0.247059
5 0.26631
6 0.160963
7 0.0196078
8 0.0196078
9 0.0196078
10 0.0652407
11 0.247772
12 0.0163993
13 0.74902
14 0.602852
15 0.986829
16 0.694495
17 0.0474732
18 0.953267
19 0.0707627
20 0.385987
21 0.0539095
0 0.21606
1 0.48563
2 0.25098
3 0.25098
4 0.241177
5 0.231373
6 0.25811
7 0.0196078
8 0.0196078
9 0.0196078
10 0.231373
11 0.231373
12 0.23672
13 0.741176
14 0.223886
15 0.987977
16 0.73664
17 0.0547926
18 0.951596
19 0.0405528
20 0.419648
21 0.0489224
0 0.125353
1 0.479671
2 0.298039
3 0.298039
4 0.298039
5 0.298039
6 0.298039
7 0.0196078
8 0.0196078
9 0.0196078
10 0.0196078
11 0.0196078
12 0.0196078
13 0.72549
14 0.72549
15 0.987933
16 0.699716
17 0.0340623
18 0.965745
19 0.0888391
20 0.139246
21 0.0467198
0 0.987252
1 0.473569
2 0.249554
3 0.0363636
4 0.1
5 0.0727273
6 0.109091
7 0.409626
8 0.0545454
9 0.490909
10 0
11 0.327273
12 0.327273
13 0.118004
14 0.0727273
15 0.989684
16 0.800198
17 0.0472465
18 0.971989
19 0.0779264
20 0.217117
21 0.0375353
0 0.744879
1 0.467267
2 0.0909091
3 0.267558
4 0.34902
5 0.34902
6 0.34902
7 0.272727
8 0.309447
9 0.25098
10 0.25098
11 0.25098
12 0.25098
13 0.122282
14 0.14902
15 0.986405
16 0.683258
17 0.0870006
18 0.963967
19 0.0607559
20 0.299524
21 0.0983274
0 0.162528
1 0.461288
2 0.0509804
3 0.0509804
4 0.0509804
5 0.0509804
6 0.0509804
7 0.00392157
8 0.00392157
9 0.00392157
10 0.00392157
11 0.00392157
12 0.00392157
13 0.596078
14 0.596078
15 0.990743
16 0.796998
17 0.0324512
18 0.970271
19 0.0558347
20 0.335135
21 0.057512
0 0.361063
1 0.455239
2 0.34902
3 0.34902
4 0.34902
5 0.230838
6 0.14902
7 0.25098
8 0.25098
9 0.25098
10 0.25098
11 0.0406417
12 0.0196078
13 0.14902
14 0.625668
15 0.986682
16 0.658974
17 0.0660107
18 0.956683
19 0.0508152
20 0.325078
21 0.0654169
0 0.2974
1 0.44928
2 0.197504
3 0.152941
4 0.130125
5 0.121569
6 0.173262
7 0.0827094
8 0.0196078
9 0.0185383
10 0.0156863
11 0.0156863
12 0.0798574
13 0.829234
14 0.822816
15 0.992146
16 0.80231
17 0.0310087
18 0.969503
19 0.101886
20 0.382878
21 0.0497598
0 0.0547116
1 0.443454
2 0.34902
3 0.34902
4 0.34902
5 0.34902
6 0.34902
7 0.25098
8 0.25098
9 0.25098
10 0.25098
11 0.25098
12 0.25098
13 0.14902
14 0.14902
15 0.992486
16 0.791955
17 0.0310107
18 0.969005
19 0.0589766
20 0.25961
21 0.0314551
0 0.803153
1 0.437605
2 0.34902
3 0.34902
4 0.34902
5 0.34902
6 0.34902
7 0.25098
8 0.25098
9 0.25098
10 0.25098
11 0.25098
12 0.25098
13 0.14902
14 0.14902
15 0.993247
16 0.793939
17 0.0356139
18 0.973226
19 0.103381
20 0.371353
21 0.0496868
0 0.117914
1 0.43178
2 0.34902
3 0.34902
4 0.34902
5 0.34902
6 0.34902
7 0.25098
8 0.25098
9 0.25098
10 0.25098
11 0.25098
12 0.25098
13 0.14902
14 0.14902
15 0.991468
16 0.7779
17 0.050619
18 0.975348
19 0.0501819
20 0.281009
21 0.0942017
0 0.408729
1 0.42586
2 0.34902
3 0.285561
4 0
5 0
6 0
7 0.25098
8 0.25098
9 0.0456328
10 0
11 0
12 0
13 0.108378
14 0
15 0.990957
16 0.805426
17 0.0746187
18 0.973914
19 0.0458271
20 0.181461
21 0.0725484
0 0.596941
1 0.419826
2 0
3 0
4 0
5 0.0229947
6 0.168627
7 0
8 0
9 0
10 0
11 0.0057041
12 0.0156863
13 0
14 0.270945
15 0.988526
16 0.763502
17 0.0853362
18 0.972318
19 0.0397855
20 0.178774
21 0.0581994
0 0.80005
1 0.413227
2 0
3 0.0433155
4 0.105882
5 0.105882
6 0.105882
7 0
8 0.00142603
9 0.0156863
10 0.0156863
11 0.0156863
12 0.0156863
13 0.270945
14 0.745098
15 0.986993
16 0.670178
17 0.0846709
18 0.965282
19 0.0789356
20 0.231534
21 0.0574505
0 0.606936
1 0.406641
2 0.0784314
3 0.0784314
4 0.0784314
5 0.0928699
6 0.195009
7 0.0156863
8 0.0156863
9 0.0156863
10 0.0156863
11 0.0770054
12 0.524421
13 0.611765
14 0.421747
15 0.986281
16 0.697748
17 0.0684364
18 0.964819
19 0.0586982
20 0.279601
21 0.0548281
0 0.513697
1 0.400054
2 0.141176
3 0.141176
4 0.231373
5 0.13262
6 0.145098
7 0.0156863
8 0.0156863
9 0.0862745
10 0.151515
11 0.0538325
12 0.0823529
13 0.56328
14 0.755793
15 0.98935
16 0.769438
17 0.0566982
18 0.965956
19 0.0466861
20 0.201062
21 0.0347429
0 0.909053
1 0.393491
2 0.14902
3 0.161141
4 0.295365
5 0.321569
6 0.321569
7 0.0613191
8 0.242424
9 0.271658
10 0.0196078
11 0.0196078
12 0.0196078
13 0.355793
14 0.623529
15 0.990735
16 0.717655
17 0.0456883
18 0.970786
19 0.0791514
20 0.381256
21 0.0408477
0 0.277332
1 0.386876
2 0.328342
3 0.337255
4 0.348485
5 0.22852
6 0.330481
7 0.182175
8 0.0196078
9 0.199287
10 0.34902
11 0.0705883
12 0.25098
13 0.493048
14 0.426025
15 0.990166
16 0.735493
17 0.0487344
18 0.967001
19 0.0990514
20 0.288484
21 0.0678689
0 0.33948
1 0.380252
2 0.117291
3 0.192157
4 0.192157
5 0.192157
6 0.192157
7 0.0477718
8 0.192157
9 0.192157
10 0.192157
11 0.192157
12 0.192157
13 0.322638
14 0.192157
15 0.986647
16 0.69504
17 0.0864907
18 0.966554
19 0.0500271
20 0.244855
21 0.066916
0 0.530533
1 0.372911
2 0.0823529
3 0.0823529
4 0.082353
5 0.0823529
6 0.0823529
7 0.0156863
8 0.0156863
9 0.0156863
10 0.0156863
11 0.0156863
12 0.0156863
13 0.576471
14 0.576471
15 0.990956
16 0.753664
17 0.0397799
18 0.976383
19 0.0954422
20 0.287889
21 0.0667186
0 0.459092
1 0.365148
2 0.34902
3 0.34902
4 0.333155
5 0.0272727
6 0.109091
7 0.25098
8 0.25098
9 0.25098
10 0.136898
11 0.218182
12 0.272727
13 0.14902
14 0.0816399
15 0.992093
16 0.760289
17 0.064318
18 0.979196
19 0.118397
20 0.243703
21 0.064495
0 0.0943703
1 0.357623
2 0.0909091
3 0.0363636
4 0.0545454
5 0.0475936
6 0.34902
7 0.327273
8 0
9 0.163636
10 0.163636
11 0.0912656
12 0.25098
13 0.0545455
14 0.085918
15 0.987585
16 0.68844
17 0.0894516
18 0.96715
19 0.0412251
20 0.268448
21 0.0482784
0 0.61139
1 0.351145
2 0.164706
3 0.164706
4 0.164706
5 0.164706
6 0.164706
7 0.0196078
8 0.0196078
9 0.0196078
10 0.0196078
11 0.0196078
12 0.0196078
13 0.682353
14 0.682353
15 0.985115
16 0.670088
17 0.0838443
18 0.966698
19 0.0481023
20 0.259847
21 0.0718318
0 0.546664
1 0.344837
2 0.152941
3 0.152941
4 0.0843137
5 0.0156863
6 0.0156863
7 0.0196078
8 0.0196078
9 0.0196078
10 0.00392157
11 0.00392157
12 0.00392157
13 0.690196
14 0.607843
15 0.986378
16 0.701975
17 0.061738
18 0.967517
19 0.0721537
20 0.200954
21 0.0458468
0 0.825577
1 0.33873
2 0.027451
3 0.127273
4 0.184314
5 0.184314
6 0.184314
7 0.0196078
8 0.0795009
9 0.184314
10 0.184314
11 0.184314
12 0.184314
13 0.494474
14 0.184314
15 0.983897
16 0.634657
17 0.097286
18 0.964905
19 0.0505262
20 0.292614
21 0.0583281
0 0.474168
1 0.332621
2 0.152941
3 0.152941
4 0.152941
5 0.152941
6 0.0593583
7 0.0196078
8 0.0196078
9 0.0196078
10 0.0196078
11 0.0196078
12 0.0196078
13 0.901961
14 0.857041
15 0.989636
16 0.763836
17 0.0363866
18 0.974539
19 0.0761651
20 0.225119
21 0.0274345
0 0.945226
1 0.326574
2 0.28574
3 0.34902
4 0.34902
5 0.34902
6 0.281283
7 0.217825
8 0.25098
9 0.25098
10 0.25098
11 0.25098
12 0.441355
13 0.223173
14 0.158289
15 0.992586
16 0.717203
17 0.0226977
18 0.979589
19 0.265438
20 0.271777
21 0.0561828
0 0.381224
1 0.320403
2 0.267736
3 0.2
4 0.2
5 0.321925
6 0.34902
7 0.409626
8 0.6
9 0.6
10 0.536542
11 0.25098
12 0.25098
13 0.190731
14 0.162923
15 0.99101
16 0.755368
17 0.0548514
18 0.981278
19 0.0776556
20 0.231308
21 0.0241788
0 0.744296
1 0.314074
2 0.247415
3 0.34902
4 0.34902
5 0.34902
6 0.34902
7 0.536542
8 0.25098
9 0.25098
10 0.25098
11 0.25098
12 0.25098
13 0.162923
14 0.14902
15 0.99069
16 0.762782
17 0.0614385
18 0.98038
19 0.0470132
20 0.224958
21 0.069156
0 0.786118
1 0.307889
2 0.34902
3 0.34902
4 0.0951871
5 0
6 0
7 0.25098
8 0.25098
9 0.182531
10 0
11 0
12 0
13 0.135472
14 0
15 0.990927
16 0.788009
17 0.0983797
18 0.979896
19 0.0617371
20 0.207303
21 0.105455
0 0.301428
1 0.301582
2 0
3 0
4 0
5 0
6 0
7 0
8 0
9 0
10 0
11 0
12 0
13 0
14 0
15 0.991295
16 0.810477
17 0.0946764
18 0.979239
19 0.0395188
20 0.152424
21 0.054044
0 0.779986
1 0.29518
2 0
3 0
4 0
5 0.127451
6 0.215686
7 0
8 0
9 0
10 0
11 0.0178253
12 0.0196078
13 0
14 0.531551
15 0.989187
16 0.676904
17 0.0938634
18 0.977072
19 0.0568157
20 0.305474
21 0.0550459
0 0.198868
1 0.288791
2 0.234938
3 0.144563
4 0.160784
5 0.157041
6 0.133333
7 0.231729
8 0.00534759
9 0.0196078
10 0.0196078
11 0.0196078
12 0.0196078
13 0.718717
14 0.790018
15 0.990786
16 0.717896
17 0.0356706
18 0.974394
19 0.139922
20 0.319257
21 0.0453126
0 0.357772
1 0.282335
2 0.22959
3 0.309804
4 0.309804
5 0.309804
6 0.309804
7 0.151515
8 0.309804
9 0.309804
10 0.309804
11 0.309804
12 0.309804
13 0.407487
14 0.309804
15 0.984943
16 0.606434
17 0.114559
18 0.965761
19 0.0540445
20 0.256017
21 0.0648869
0 0.516866
1 0.275933
2 0.0588235
3 0.0588235
4 0.0588235
5 0.0588235
6 0.0588235
7 0.00392157
8 0.00392157
9 0.00392157
10 0.00392157
11 0.00392157
12 0.00392157
13 0.901961
14 0.901961
15 0.985374
16 0.670248
17 0.0932935
18 0.969309
19 0.0597015
20 0.307721
21 0.062555
0 0.209355
1 0.269876
2 0.124599
3 0.128699
4 0.133333
5 0.133333
6 0.133333
7 0.0367201
8 0.0196078
9 0.0196078
10 0.0196078
11 0.0196078
12 0.0196078
13 0.769697
14 0.843137
15 0.989457
16 0.722776
17 0.0698193
18 0.967877
19 0.032445
20 0.394049
21 0.0292012
0 0.285742
1 0.263443
2 0.356863
3 0.356863
4 0.356863
5 0.356863
6 0.356863
7 0.0196078
8 0.0196078
9 0.0196078
10 0.0196078
11 0.0196078
12 0.0196078
13 0.776471
14 0.776471
15 0.987684
16 0.671269
17 0.08119
18 0.968886
19 0.0540377
20 0.276767
21 0.0637554
0 0.346557
1 0.257309
2 0.117647
3 0.117647
4 0.117647
5 0.117647
6 0.117647
7 0.0196078
8 0.0196078
9 0.0196078
10 0.0196078
11 0.0196078
12 0.0196078
13 0.733333
14 0.733333
15 0.987258
16 0.687343
17 0.0886219
18 0.971542
19 0.0554762
20 0.286673
21 0.0634785
0 0.289821
1 0.251333
2 0.12549
3 0.12549
4 0.12549
5 0.12549
6 0.12549
7 0.0196078
8 0.0196078
9 0.0196078
10 0.0196078
11 0.0196078
12 0.0196078
13 0.678431
14 0.678431
15 0.991986
16 0.790616
17 0.0690766
18 0.984702
19 0.101165
20 0.186748
21 0.0524281
0 0.258487
1 0.245149
2 0.136364
3 0.0454545
4 0
5 0.126916
6 0.34902
7 0.436364
8 0.218182
9 0
10 0
11 0.159715
12 0.25098
13 0.0727273
14 0.0812834
15 0.993796
16 0.772174
17 0.0435466
18 0.984683
19 0.126777
20 0.35828
21 0.0416851
0 0.0125162
1 0.23874
2 0.315152
3 0.34902
4 0.34902
5 0.34902
6 0.34902
7 0.346168
8 0.25098
9 0.25098
10 0.25098
11 0.25098
12 0.25098
13 0.153654
14 0.14902
15 0.993575
16 0.769306
17 0.0350758
18 0.981548
19 0.0853112
20 0.289367
21 0.0301525
0 0.526186
1 0.232265
2 0.34902
3 0.34902
4 0.34902
5 0.34902
6 0.34902
7 0.25098
8 0.25098
9 0.25098
10 0.25098
11 0.25098
12 0.25098
13 0.14902
14 0.14902
15 0.993305
16 0.76012
17 0.0560803
18 0.982668
19 0.0824011
20 0.325649
21 0.0597402
0 0.167835
1 0.225752
2 0.34902
3 0.34902
4 0.183601
5 0.121569
6 0.265954
7 0.25098
8 0.25098
9 0.187879
10 0.0196078
11 0.0196078
12 0.221747
13 0.218182
14 0.806061
15 0.990447
16 0.692027
17 0.0460392
18 0.973814
19 0.072921
20 0.246293
21 0.0267104
0 0.870756
1 0.219229
2 0.129412
3 0.306595
4 0.34902
5 0.34902
6 0.34902
7 0.0196078
8 0.175401
9 0.25098
10 0.25098
11 0.25098
12 0.25098
13 0.595009
14 0.14902
15 0.992408
16 0.774541
17 0.0365206
18 0.983086
19 0.082084
20 0.250191
21 0.0255985
0 0.722173
1 0.212357
2 0.34902
3 0.34902
4 0.34902
5 0.34902
6 0.34902
7 0.25098
8 0.25098
9 0.25098
10 0.25098
11 0.25098
12 0.25098
13 0.14902
14 0.14902
15 0.994121
16 0.755648
17 0.0304785
18 0.984246
19 0.177272
20 0.377869
21 0.0475812
0 0.015826
1 0.205977
2 0.34902
3 0.34902
4 0.342246
5 0.254189
6 0.34902
7 0.25098
8 0.25098
9 0.25098
10 0.409626
11 0.377897
12 0.25098
13 0.14902
14 0.162923
15 0.993274
16 0.761657
17 0.0371238
18 0.983296
19 0.0758194
20 0.242625
21 0.0236101
0 0.733712
1 0.199618
2 0.315152
3 0.34902
4 0.34902
5 0.34902
6 0.34902
7 0.346168
8 0.25098
9 0.25098
10 0.25098
11 0.25098
12 0.25098
13 0.153654
14 0.14902
15 0.992806
16 0.752054
17 0.0455566
18 0.985206
19 0.0799488
20 0.340229
21 0.078923
0 0.157147
1 0.193375
2 0.34902
3 0.34902
4 0.34902
5 0.0634581
6 0
7 0.25098
8 0.25098
9 0.25098
10 0.205348
11 0
12 0
13 0.14902
14 0.0406417
15 0.991286
16 0.785091
17 0.0854705
18 0.982221
19 0.0392138
20 0.135145
21 0.0700978
0 0.869236
1 0.187125
2 0
3 0
4 0
5 0
6 0
7 0
8 0
9 0
10 0
11 0
12 0
13 0
14 0
15 0.9923
16 0.789538
17 0.106185
18 0.985072
19 0.0686463
20 0.194237
21 0.0960114
0 0.279509
1 0.180874
2 0
3 0
4 0
5 0
6 0.0864528
7 0
8 0
9 0
10 0
11 0
12 0.0652406
13 0
14 0.137255
15 0.988135
16 0.624312
17 0.104247
18 0.97634
19 0.0552693
20 0.250467
21 0.0705235
0 0.462135
1 0.174595
2 0.0862745
3 0.0862745
4 0.0301248
5 0.027451
6 0.027451
7 0.00392157
8 0.00392157
9 0.0124777
10 0.0196078
11 0.0196078
12 0.0196078
13 0.871301
14 0.662745
15 0.988089
16 0.716037
17 0.0812769
18 0.977118
19 0.0338492
20 0.2207
21 0.0351955
0 0.751683
1 0.168337
2 0.184314
3 0.184314
4 0.184314
5 0.184314
6 0.184314
7 0.0196078
8 0.0196078
9 0.0196078
10 0.0196078
11 0.0196078
12 0.0196078
13 0.584314
14 0.584314
15 0.989171
16 0.675844
17 0.0844696
18 0.977096
19 0.0527518
20 0.320168
21 0.0465061
0 0.261993
1 0.162097
2 0.223529
3 0.223529
4 0.223529
5 0.239216
6 0.136542
7 0.0196078
8 0.0196078
9 0.0196078
10 0.0196078
11 0.112656
12 0.0196078
13 0.780392
14 0.708021
15 0.990489
16 0.701887
17 0.0392695
18 0.980483
19 0.143169
20 0.320624
21 0.0833381
0 0.107684
1 0.155726
2 0.177718
3 0.233868
4 0.100357
5 0.234046
6 0.192513
7 0.0616756
8 0.473084
9 0.317647
10 0.173262
11 0.159715
12 0.00392157
13 0.509447
14 0.64492
15 0.989358
16 0.639702
17 0.0640535
18 0.973973
19 0.076495
20 0.257552
21 0.0240393
0 0.633014
1 0.149652
2 0.121569
3 0.121569
4 0.257576
5 0.34902
6 0.34902
7 0.00392157
8 0.00392157
9 0.0627451
10 0.25098
11 0.25098
12 0.25098
13 0.804278
14 0.14902
15 0.992503
16 0.769172
17 0.0350439
18 0.98539
19 0.10179
20 0.28125
21 0.0286055
0 0.433612
1 0.143605
2 0.34902
3 0.34902
4 0.34902
5 0.34902
6 0.34902
7 0.25098
8 0.25098
9 0.25098
10 0.25098
11 0.25098
12 0.25098
13 0.14902
14 0.14902
15 0.992838
16 0.743047
17 0.033274
18 0.986259
19 0.0882438
20 0.209453
21 0.0253447
0 0.966562
1 0.137682
2 0.34902
3 0.34902
4 0.34902
5 0.34902
6 0.168093
7 0.25098
8 0.25098
9 0.25098
10 0.25098
11 0.28271
12 0.436364
13 0.14902
14 0.149376
15 0.991788
16 0.733804
17 0.0761086
18 0.98814
19 0.0754762
20 0.144471
21 0.0611401
0 0.639317
1 0.131701
2 0.170232
3 0.0454545
4 0.0454545
5 0
6 0
7 0.395722
8 0.0545455
9 0.272727
10 0
11 0
12 0
13 0.0862745
14 0
15 0.993102
16 0.767486
17 0.0544094
18 0.987055
19 0.139815
20 0.24257
21 0.0399537
0 0.226434
1 0.125836
2 0.0636364
3 0.170053
4 0.34902
5 0.34902
6 0.34902
7 0.163636
8 0.186453
9 0.25098
10 0.25098
11 0.25098
12 0.25098
13 0.0905526
14 0.14902
15 0.994178
16 0.759496
17 0.038906
18 0.987073
19 0.116163
20 0.324451
21 0.0343003
0 0.189976
1 0.119949
2 0.34902
3 0.34902
4 0.34902
5 0.34902
6 0.34902
7 0.25098
8 0.25098
9 0.25098
10 0.25098
11 0.25098
12 0.25098
13 0.14902
14 0.14902
15 0.993648
16 0.761252
17 0.0323808
18 0.986492
19 0.0734295
20 0.218022
21 0.021823
0 0.846493
1 0.113949
2 0.34902
3 0.34902
4 0.34902
5 0.34902
6 0.34902
7 0.25098
8 0.25098
9 0.25098
10 0.25098
11 0.25098
12 0.25098
13 0.14902
14 0.14902
15 0.993997
16 0.763978
17 0.0363055
18 0.987802
19 0.109134
20 0.283305
21 0.030995
0 0.368063
1 0.107975
2 0.34902
3 0.34902
4 0.34902
5 0.34902
6 0.34902
7 0.25098
8 0.25098
9 0.25098
10 0.25098
11 0.25098
12 0.25098
13 0.14902
14 0.14902
15 0.994271
16 0.767712
17 0.0358167
18 0.987604
19 0.107296
20 0.345512
21 0.0431584
0 0.0197616
1 0.101846
2 0.34902
3 0.34902
4 0.34902
5 0.34902
6 0.260784
7 0.25098
8 0.25098
9 0.25098
10 0.25098
11 0.25098
12 0.0616755
13 0.14902
14 0.356506
15 0.991133
16 0.627542
17 0.0705198
18 0.977616
19 0.0727248
20 0.28343
21 0.025629
0 0.488965
1 0.0956511
2 0.196078
3 0.196078
4 0.20303
5 0.34902
6 0.34902
7 0.0196078
8 0.0196078
9 0.0196078
10 0.124777
11 0.25098
12 0.25098
13 0.909804
14 0.287344
15 0.99285
16 0.765467
17 0.032767
18 0.987038
19 0.108759
20 0.284937
21 0.0304319
0 0.329556
1 0.0894683
2 0.34902
3 0.34902
4 0.34902
5 0.34902
6 0.34902
7 0.25098
8 0.25098
9 0.25098
10 0.25098
11 0.25098
12 0.25098
13 0.14902
14 0.14902
15 0.993947
16 0.759504
17 0.0333583
18 0.987888
19 0.0822921
20 0.226743
21 0.0235959
0 0.732316
1 0.0832751
2 0.34902
3 0.34902
4 0.34902
5 0.34902
6 0.34902
7 0.25098
8 0.25098
9 0.25098
10 0.25098
11 0.25098
12 0.25098
13 0.14902
14 0.14902
15 0.992816
16 0.768937
17 0.069198
18 0.988793
19 0.0429467
20 0.144389
21 0.056237
0 0.808987
1 0.0769622
2 0.34902
3 0.0475936
4 0
5 0
6 0
7 0.25098
8 0.0912656
9 0
10 0
11 0
12 0
13 0.0677362
14 0
15 0.991995
16 0.784219
17 0.104684
18 0.987861
19 0.0450323
20 0.120531
21 0.0763625
0 0.811116
1 0.0707161
2 0
3 0
4 0
5 0
6 0.0151515
7 0
8 0
9 0
10 0
11 0
12 0.00106952
13 0
14 0.0823529
15 0.990641
16 0.64689
17 0.111433
18 0.98331
19 0.0638575
20 0.271523
21 0.0663113
0 0.185491
1 0.0645158
2 0.109804
3 0.109804
4 0.109804
5 0.109804
6 0.109804
7 0.0196078
8 0.0196078
9 0.0196078
10 0.0196078
11 0.0196078
12 0.0196078
13 0.815686
14 0.815686
15 0.98907
16 0.640148
17 0.0962262
18 0.980195
19 0.0613525
20 0.29703
21 0.0609738
0 0.102538
1 0.0583112
2 0.133333
3 0.133333
4 0.133333
5 0.133333
6 0.133333
7 0.0196078
8 0.0196078
9 0.0196078
10 0.0196078
11 0.0196078
12 0.0196078
13 0.854902
14 0.854902
15 0.988888
16 0.685861
17 0.0867446
18 0.981739
19 0.0384204
20 0.183389
21 0.044394
0 0.738422
1 0.0520514
2 0.117647
3 0.117647
4 0.117647
5 0.117647
6 0.117647
7 0.0156863
8 0.0156863
9 0.0156863
10 0.0156863
11 0.0156863
12 0.0156863
13 0.627451
14 0.627451
15 0.988564
16 0.663138
17 0.0997446
18 0.982848
19 0.0405833
20 0.169828
21 0.042736
0 0.850499
1 0.0456726
2 0.109804
3 0.109804
4 0.109804
5 0.109804
6 0.109804
7 0.0196078
8 0.0196078
9 0.0196078
10 0.0196078
11 0.0196078
12 0.0196078
13 0.721569
14 0.721569
15 0.989834
16 0.690894
17 0.0578383
18 0.985636
19 0.0544258
20 0.189973
21 0.0257671
0 0.762921
1 0.0391083
2 0.277897
3 0.108021
4 0.196791
5 0.31533
6 0.142068
7 0.206774
8 0.0121212
9 0.0196078
10 0.25098
11 0.166845
12 0.0901961
13 0.565775
14 0.469875
15 0.991227
16 0.710278
17 0.0473962
18 0.987034
19 0.0784174
20 0.179013
21 0.0288623
0 0.934527
1 0.0323955
2 0.155437
3 0.261854
4 0.34902
5 0.289483
6 0.264171
7 0.101604
8 0.233512
9 0.25098
10 0.25098
11 0.144742
12 0.220321
13 0.350089
14 0.289483
15 0.993628
16 0.737533
17 0.0343845
18 0.989725
19 0.176493
20 0.292048
21 0.038178
0 0.206123
1 0.0256245
2 0.34902
3 0.34902
4 0.34902
5 0.328699
6 0.267736
7 0.25098
8 0.25098
9 0.25098
10 0.25098
11 0.346168
12 0.441355
13 0.14902
14 0.162923
15 0.992742
16 0.753823
17 0.0440523
18 0.990035
19 0.0646873
20 0.193295
21 0.066897
0 0.665051
1 0.019129
2 0.315152
3 0.251693
4 0.00909094
5 0.0818181
6 0
7 0.314438
8 0.377897
9 0.0456328
10 0.272727
11 0.0545454
12 0
13 0.117647
14 0.0363636
15 0.993891
16 0.743356
17 0.0493663
18 0.989026
19 0.17863
20 0.191431
21 0.0416899
0 0.220876
1 0.0126187
2 0.0454545
3 0
4 0.265419
5 0.34902
6 0.34902
7 0.109091
8 0.0545454
9 0.327273
10 0.25098
11 0.25098
12 0.25098
13 0.0545455
14 0.14902
15 0.994154
16 0.742401
17 0.0414405
18 0.989889
19 0.113534
20 0.282355
21 0.0304295
end fitness = 3.42632
