brain 22852 fitness=2.52426 numneurons+1=63 maxWeight=8 maxBias=8 redinput=2-14 greeninput=15-24 blueinput=25-28
+0.0000 +0.0000 +0.0000 +0.0000 +0.0000 +0.0000 +0.0000 +0.0000 +0.0000 +0.0000 +0.0000 +0.0000 +0.0000 +0.0000 +0.0000 +0.0000 +0.0000 +0.0000 +0.0000 +0.0000 +0.0000 +0.0000 +0.0000 +0.0000 +0.0000 +0.0000 +0.0000 +0.0000 +0.0000 +0.0000 +0.0000 +0.0000 +0.0000 +0.0000 +0.0000 +0.0000 +0.0000 +0.0000 +0.0000 +0.0000 +0.0000 +0.0000 +0.0000 +0.0000 +0.0000 +0.0000 +0.0000 +0.0000 +0.0000 +0.0000 +0.0000 +0.0000 +0.0000 +0.0000 +0.0000 +0.0000 +0.0000 +0.0000 +0.0000 +0.0000 +0.0000 +0.0000 +0.0000 ;
+0.0000 +0.0000 +0.0000 +0.0000 +0.0000 +0.0000 +0.0000 +0.0000 +0.0000 +0.0000 +0.0000 +0.0000 +0.0000 +0.0000 +0.0000 +0.0000 +0.0000 +0.0000 +0.0000 +0.0000 +0.0000 +0.0000 +0.0000 +0.0000 +0.0000 +0.0000 +0.0000 +0.0000 +0.0000 +0.0000 +0.0000 +0.0000 +0.0000 +0.0000 +0.0000 +0.0000 +0.0000 +0.0000 +0.0000 +0.0000 +0.0000 +0.0000 +0.0000 +0.0000 +0.0000 +0.0000 +0.0000 +0.0000 +0.0000 +0.0000 +0.0000 +0.0000 +0.0000 +0.0000 +0.0000 +0.0000 +0.0000 +0.0000 +0.0000 +0.0000 +0.0000 +0.0000 +0.0000 ;
+0.0000 +0.0000 +0.0000 +0.0000 +0.0000 +0.0000 +0.0000 +0.0000 +0.0000 +0.0000 +0.0000 +0.0000 +0.0000 +0.0000 +0.0000 +0.0000 +0.0000 +0.0000 +0.0000 +0.0000 +0.0000 +0.0000 +0.0000 +0.0000 +0.0000 +0.0000 +0.0000 +0.0000 +0.0000 +0.0000 +0.0000 +0.0000 +0.0000 +0.0000 +0.0000 +0.0000 +0.0000 +0.0000 +0.0000 +0.0000 +0.0000 +0.0000 +0.0000 +0.0000 +0.0000 +0.0000 +0.0000 +0.0000 +0.0000 +0.0000 +0.0000 +0.0000 +0.0000 +0.0000 +0.0000 +0.0000 +0.0000 +0.0000 +0.0000 +0.0000 +0.0000 +0.0000 +0.0000 ;
+0.0000 +0.0000 +0.0000 +0.0000 +0.0000 +0.0000 +0.0000 +0.0000 +0.0000 +0.0000 +0.0000 +0.0000 +0.0000 +0.0000 +0.0000 +0.0000 +0.0000 +0.0000 +0.0000 +0.0000 +0.0000 +0.0000 +0.0000 +0.0000 +0.0000 +0.0000 +0.0000 +0.0000 +0.0000 +0.0000 +0.0000 +0.0000 +0.0000 +0.0000 +0.0000 +0.0000 +0.0000 +0.0000 +0.0000 +0.0000 +0.0000 +0.0000 +0.0000 +0.0000 +0.0000 +0.0000 +0.0000 +0.0000 +0.0000 +0.0000 +0.0000 +0.0000 +0.0000 +0.0000 +0.0000 +0.0000 +0.0000 +0.0000 +0.0000 +0.0000 +0.0000 +0.0000 +0.0000 ;
+0.0000 +0.0000 +0.0000 +0.0000 +0.0000 +0.0000 +0.0000 +0.0000 +0.0000 +0.0000 +0.0000 +0.0000 +0.0000 +0.0000 +0.0000 +0.0000 +0.0000 +0.0000 +0.0000 +0.0000 +0.0000 +0.0000 +0.0000 +0.0000 +0.0000 +0.0000 +0.0000 +0.0000 +0.0000 +0.0000 +0.0000 +0.0000 +0.0000 +0.0000 +0.0000 +0.0000 +0.0000 +0.0000 +0.0000 +0.0000 +0.0000 +0.0000 +0.0000 +0.0000 +0.0000 +0.0000 +0.0000 +0.0000 +0.0000 +0.0000 +0.0000 +0.0000 +0.0000 +0.0000 +0.0000 +0.0000 +0.0000 +0.0000 +0.0000 +0.0000 +0.0000 +0.0000 +0.0000 ;
+0.0000 +0.0000 +0.0000 +0.0000 +0.0000 +0.0000 +0.0000 +0.0000 +0.0000 +0.0000 +0.0000 +0.0000 +0.0000 +0.0000 +0.0000 +0.0000 +0.0000 +0.0000 +0.0000 +0.0000 +0.0000 +0.0000 +0.0000 +0.0000 +0.0000 +0.0000 +0.0000 +0.0000 +0.0000 +0.0000 +0.0000 +0.0000 +0.0000 +0.0000 +0.0000 +0.0000 +0.0000 +0.0000 +0.0000 +0.0000 +0.0000 +0.0000 +0.0000 +0.0000 +0.0000 +0.0000 +0.0000 +0.0000 +0.0000 +0.0000 +0.0000 +0.0000 +0.0000 +0.0000 +0.0000 +0.0000 +0.0000 +0.0000 +0.0000 +0.0000 +0.0000 +0.0000 +0.0000 ;
+0.0000 +0.0000 +0.0000 +0.0000 +0.0000 +0.0000 +0.0000 +0.0000 +0.0000 +0.0000 +0.0000 +0.0000 +0.0000 +0.0000 +0.0000 +0.0000 +0.0000 +0.0000 +0.0000 +0.0000 +0.0000 +0.0000 +0.0000 +0.0000 +0.0000 +0.0000 +0.0000 +0.0000 +0.0000 +0.0000 +0.0000 +0.0000 +0.0000 +0.0000 +0.0000 +0.0000 +0.0000 +0.0000 +0.0000 +0.0000 +0.0000 +0.0000 +0.0000 +0.0000 +0.0000 +0.0000 +0.0000 +0.0000 +0.0000 +0.0000 +0.0000 +0.0000 +0.0000 +0.0000 +0.0000 +0.0000 +0.0000 +0.0000 +0.0000 +0.0000 +0.0000 +0.0000 +0.0000 ;
+0.0000 +0.0000 +0.0000 +0.0000 +0.0000 +0.0000 +0.0000 +0.0000 +0.0000 +0.0000 +0.0000 +0.0000 +0.0000 +0.0000 +0.0000 +0.0000 +0.0000 +0.0000 +0.0000 +0.0000 +0.0000 +0.0000 +0.0000 +0.0000 +0.0000 +0.0000 +0.0000 +0.0000 +0.0000 +0.0000 +0.0000 +0.0000 +0.0000 +0.0000 +0.0000 +0.0000 +0.0000 +0.0000 +0.0000 +0.0000 +0.0000 +0.0000 +0.0000 +0.0000 +0.0000 +0.0000 +0.0000 +0.0000 +0.0000 +0.0000 +0.0000 +0.0000 +0.0000 +0.0000 +0.0000 +0.0000 +0.0000 +0.0000 +0.0000 +0.0000 +0.0000 +0.0000 +0.0000 ;
+0.0000 +0.0000 +0.0000 +0.0000 +0.0000 +0.0000 +0.0000 +0.0000 +0.0000 +0.0000 +0.0000 +0.0000 +0.0000 +0.0000 +0.0000 +0.0000 +0.0000 +0.0000 +0.0000 +0.0000 +0.0000 +0.0000 +0.0000 +0.0000 +0.0000 +0.0000 +0.0000 +0.0000 +0.0000 +0.0000 +0.0000 +0.0000 +0.0000 +0.0000 +0.0000 +0.0000 +0.0000 +0.0000 +0.0000 +0.0000 +0.0000 +0.0000 +0.0000 +0.0000 +0.0000 +0.0000 +0.0000 +0.0000 +0.0000 +0.0000 +0.0000 +0.0000 +0.0000 +0.0000 +0.0000 +0.0000 +0.0000 +0.0000 +0.0000 +0.0000 +0.0000 +0.0000 +0.0000 ;
+0.0000 +0.0000 +0.0000 +0.0000 +0.0000 +0.0000 +0.0000 +0.0000 +0.0000 +0.0000 +0.0000 +0.0000 +0.0000 +0.0000 +0.0000 +0.0000 +0.0000 +0.0000 +0.0000 +0.0000 +0.0000 +0.0000 +0.0000 +0.0000 +0.0000 +0.0000 +0.0000 +0.0000 +0.0000 +0.0000 +0.0000 +0.0000 +0.0000 +0.0000 +0.0000 +0.0000 +0.0000 +0.0000 +0.0000 +0.0000 +0.0000 +0.0000 +0.0000 +0.0000 +0.0000 +0.0000 +0.0000 +0.0000 +0.0000 +0.0000 +0.0000 +0.0000 +0.0000 +0.0000 +0.0000 +0.0000 +0.0000 +0.0000 +0.0000 +0.0000 +0.0000 +0.0000 +0.0000 ;
+0.0000 +0.0000 +0.0000 +0.0000 +0.0000 +0.0000 +0.0000 +0.0000 +0.0000 +0.0000 +0.0000 +0.0000 +0.0000 +0.0000 +0.0000 +0.0000 +0.0000 +0.0000 +0.0000 +0.0000 +0.0000 +0.0000 +0.0000 +0.0000 +0.0000 +0.0000 +0.0000 +0.0000 +0.0000 +0.0000 +0.0000 +0.0000 +0.0000 +0.0000 +0.0000 +0.0000 +0.0000 +0.0000 +0.0000 +0.0000 +0.0000 +0.0000 +0.0000 +0.0000 +0.0000 +0.0000 +0.0000 +0.0000 +0.0000 +0.0000 +0.0000 +0.0000 +0.0000 +0.0000 +0.0000 +0.0000 +0.0000 +0.0000 +0.0000 +0.0000 +0.0000 +0.0000 +0.0000 ;
+0.0000 +0.0000 +0.0000 +0.0000 +0.0000 +0.0000 +0.0000 +0.0000 +0.0000 +0.0000 +0.0000 +0.0000 +0.0000 +0.0000 +0.0000 +0.0000 +0.0000 +0.0000 +0.0000 +0.0000 +0.0000 +0.0000 +0.0000 +0.0000 +0.0000 +0.0000 +0.0000 +0.0000 +0.0000 +0.0000 +0.0000 +0.0000 +0.0000 +0.0000 +0.0000 +0.0000 +0.0000 +0.0000 +0.0000 +0.0000 +0.0000 +0.0000 +0.0000 +0.0000 +0.0000 +0.0000 +0.0000 +0.0000 +0.0000 +0.0000 +0.0000 +0.0000 +0.0000 +0.0000 +0.0000 +0.0000 +0.0000 +0.0000 +0.0000 +0.0000 +0.0000 +0.0000 +0.0000 ;
+0.0000 +0.0000 +0.0000 +0.0000 +0.0000 +0.0000 +0.0000 +0.0000 +0.0000 +0.0000 +0.0000 +0.0000 +0.0000 +0.0000 +0.0000 +0.0000 +0.0000 +0.0000 +0.0000 +0.0000 +0.0000 +0.0000 +0.0000 +0.0000 +0.0000 +0.0000 +0.0000 +0.0000 +0.0000 +0.0000 +0.0000 +0.0000 +0.0000 +0.0000 +0.0000 +0.0000 +0.0000 +0.0000 +0.0000 +0.0000 +0.0000 +0.0000 +0.0000 +0.0000 +0.0000 +0.0000 +0.0000 +0.0000 +0.0000 +0.0000 +0.0000 +0.0000 +0.0000 +0.0000 +0.0000 +0.0000 +0.0000 +0.0000 +0.0000 +0.0000 +0.0000 +0.0000 +0.0000 ;
+0.0000 +0.0000 +0.0000 +0.0000 +0.0000 +0.0000 +0.0000 +0.0000 +0.0000 +0.0000 +0.0000 +0.0000 +0.0000 +0.0000 +0.0000 +0.0000 +0.0000 +0.0000 +0.0000 +0.0000 +0.0000 +0.0000 +0.0000 +0.0000 +0.0000 +0.0000 +0.0000 +0.0000 +0.0000 +0.0000 +0.0000 +0.0000 +0.0000 +0.0000 +0.0000 +0.0000 +0.0000 +0.0000 +0.0000 +0.0000 +0.0000 +0.0000 +0.0000 +0.0000 +0.0000 +0.0000 +0.0000 +0.0000 +0.0000 +0.0000 +0.0000 +0.0000 +0.0000 +0.0000 +0.0000 +0.0000 +0.0000 +0.0000 +0.0000 +0.0000 +0.0000 +0.0000 +0.0000 ;
+0.0000 +0.0000 +0.0000 +0.0000 +0.0000 +0.0000 +0.0000 +0.0000 +0.0000 +0.0000 +0.0000 +0.0000 +0.0000 +0.0000 +0.0000 +0.0000 +0.0000 +0.0000 +0.0000 +0.0000 +0.0000 +0.0000 +0.0000 +0.0000 +0.0000 +0.0000 +0.0000 +0.0000 +0.0000 +0.0000 +0.0000 +0.0000 +0.0000 +0.0000 +0.0000 +0.0000 +0.0000 +0.0000 +0.0000 +0.0000 +0.0000 +0.0000 +0.0000 +0.0000 +0.0000 +0.0000 +0.0000 +0.0000 +0.0000 +0.0000 +0.0000 +0.0000 +0.0000 +0.0000 +0.0000 +0.0000 +0.0000 +0.0000 +0.0000 +0.0000 +0.0000 +0.0000 +0.0000 ;
+0.0000 +0.0000 +0.0000 +0.0000 +0.0000 +0.0000 +0.0000 +0.0000 +0.0000 +0.0000 +0.0000 +0.0000 +0.0000 +0.0000 +0.0000 +0.0000 +0.0000 +0.0000 +0.0000 +0.0000 +0.0000 +0.0000 +0.0000 +0.0000 +0.0000 +0.0000 +0.0000 +0.0000 +0.0000 +0.0000 +0.0000 +0.0000 +0.0000 +0.0000 +0.0000 +0.0000 +0.0000 +0.0000 +0.0000 +0.0000 +0.0000 +0.0000 +0.0000 +0.0000 +0.0000 +0.0000 +0.0000 +0.0000 +0.0000 +0.0000 +0.0000 +0.0000 +0.0000 +0.0000 +0.0000 +0.0000 +0.0000 +0.0000 +0.0000 +0.0000 +0.0000 +0.0000 +0.0000 ;
+0.0000 +0.0000 +0.0000 +0.0000 +0.0000 +0.0000 +0.0000 +0.0000 +0.0000 +0.0000 +0.0000 +0.0000 +0.0000 +0.0000 +0.0000 +0.0000 +0.0000 +0.0000 +0.0000 +0.0000 +0.0000 +0.0000 +0.0000 +0.0000 +0.0000 +0.0000 +0.0000 +0.0000 +0.0000 +0.0000 +0.0000 +0.0000 +0.0000 +0.0000 +0.0000 +0.0000 +0.0000 +0.0000 +0.0000 +0.0000 +0.0000 +0.0000 +0.0000 +0.0000 +0.0000 +0.0000 +0.0000 +0.0000 +0.0000 +0.0000 +0.0000 +0.0000 +0.0000 +0.0000 +0.0000 +0.0000 +0.0000 +0.0000 +0.0000 +0.0000 +0.0000 +0.0000 +0.0000 ;
+0.0000 +0.0000 +0.0000 +0.0000 +0.0000 +0.0000 +0.0000 +0.0000 +0.0000 +0.0000 +0.0000 +0.0000 +0.0000 +0.0000 +0.0000 +0.0000 +0.0000 +0.0000 +0.0000 +0.0000 +0.0000 +0.0000 +0.0000 +0.0000 +0.0000 +0.0000 +0.0000 +0.0000 +0.0000 +0.0000 +0.0000 +0.0000 +0.0000 +0.0000 +0.0000 +0.0000 +0.0000 +0.0000 +0.0000 +0.0000 +0.0000 +0.0000 +0.0000 +0.0000 +0.0000 +0.0000 +0.0000 +0.0000 +0.0000 +0.0000 +0.0000 +0.0000 +0.0000 +0.0000 +0.0000 +0.0000 +0.0000 +0.0000 +0.0000 +0.0000 +0.0000 +0.0000 +0.0000 ;
+0.0000 +0.0000 +0.0000 +0.0000 +0.0000 +0.0000 +0.0000 +0.0000 +0.0000 +0.0000 +0.0000 +0.0000 +0.0000 +0.0000 +0.0000 +0.0000 +0.0000 +0.0000 +0.0000 +0.0000 +0.0000 +0.0000 +0.0000 +0.0000 +0.0000 +0.0000 +0.0000 +0.0000 +0.0000 +0.0000 +0.0000 +0.0000 +0.0000 +0.0000 +0.0000 +0.0000 +0.0000 +0.0000 +0.0000 +0.0000 +0.0000 +0.0000 +0.0000 +0.0000 +0.0000 +0.0000 +0.0000 +0.0000 +0.0000 +0.0000 +0.0000 +0.0000 +0.0000 +0.0000 +0.0000 +0.0000 +0.0000 +0.0000 +0.0000 +0.0000 +0.0000 +0.0000 +0.0000 ;
+0.0000 +0.0000 +0.0000 +0.0000 +0.0000 +0.0000 +0.0000 +0.0000 +0.0000 +0.0000 +0.0000 +0.0000 +0.0000 +0.0000 +0.0000 +0.0000 +0.0000 +0.0000 +0.0000 +0.0000 +0.0000 +0.0000 +0.0000 +0.0000 +0.0000 +0.0000 +0.0000 +0.0000 +0.0000 +0.0000 +0.0000 +0.0000 +0.0000 +0.0000 +0.0000 +0.0000 +0.0000 +0.0000 +0.0000 +0.0000 +0.0000 +0.0000 +0.0000 +0.0000 +0.0000 +0.0000 +0.0000 +0.0000 +0.0000 +0.0000 +0.0000 +0.0000 +0.0000 +0.0000 +0.0000 +0.0000 +0.0000 +0.0000 +0.0000 +0.0000 +0.0000 +0.0000 +0.0000 ;
+0.0000 +0.0000 +0.0000 +0.0000 +0.0000 +0.0000 +0.0000 +0.0000 +0.0000 +0.0000 +0.0000 +0.0000 +0.0000 +0.0000 +0.0000 +0.0000 +0.0000 +0.0000 +0.0000 +0.0000 +0.0000 +0.0000 +0.0000 +0.0000 +0.0000 +0.0000 +0.0000 +0.0000 +0.0000 +0.0000 +0.0000 +0.0000 +0.0000 +0.0000 +0.0000 +0.0000 +0.0000 +0.0000 +0.0000 +0.0000 +0.0000 +0.0000 +0.0000 +0.0000 +0.0000 +0.0000 +0.0000 +0.0000 +0.0000 +0.0000 +0.0000 +0.0000 +0.0000 +0.0000 +0.0000 +0.0000 +0.0000 +0.0000 +0.0000 +0.0000 +0.0000 +0.0000 +0.0000 ;
+0.0000 +0.0000 +0.0000 +0.0000 +0.0000 +0.0000 +0.0000 +0.0000 +0.0000 +0.0000 +0.0000 +0.0000 +0.0000 +0.0000 +0.0000 +0.0000 +0.0000 +0.0000 +0.0000 +0.0000 +0.0000 +0.0000 +0.0000 +0.0000 +0.0000 +0.0000 +0.0000 +0.0000 +0.0000 +0.0000 +0.0000 +0.0000 +0.0000 +0.0000 +0.0000 +0.0000 +0.0000 +0.0000 +0.0000 +0.0000 +0.0000 +0.0000 +0.0000 +0.0000 +0.0000 +0.0000 +0.0000 +0.0000 +0.0000 +0.0000 +0.0000 +0.0000 +0.0000 +0.0000 +0.0000 +0.0000 +0.0000 +0.0000 +0.0000 +0.0000 +0.0000 +0.0000 +0.0000 ;
+0.0000 +0.0000 +0.0000 +0.0000 +0.0000 +0.0000 +0.0000 +0.0000 +0.0000 +0.0000 +0.0000 +0.0000 +0.0000 +0.0000 +0.0000 +0.0000 +0.0000 +0.0000 +0.0000 +0.0000 +0.0000 +0.0000 +0.0000 +0.0000 +0.0000 +0.0000 +0.0000 +0.0000 +0.0000 +0.0000 +0.0000 +0.0000 +0.0000 +0.0000 +0.0000 +0.0000 +0.0000 +0.0000 +0.0000 +0.0000 +0.0000 +0.0000 +0.0000 +0.0000 +0.0000 +0.0000 +0.0000 +0.0000 +0.0000 +0.0000 +0.0000 +0.0000 +0.0000 +0.0000 +0.0000 +0.0000 +0.0000 +0.0000 +0.0000 +0.0000 +0.0000 +0.0000 +0.0000 ;
+0.0000 +0.0000 +0.0000 +0.0000 +0.0000 +0.0000 +0.0000 +0.0000 +0.0000 +0.0000 +0.0000 +0.0000 +0.0000 +0.0000 +0.0000 +0.0000 +0.0000 +0.0000 +0.0000 +0.0000 +0.0000 +0.0000 +0.0000 +0.0000 +0.0000 +0.0000 +0.0000 +0.0000 +0.0000 +0.0000 +0.0000 +0.0000 +0.0000 +0.0000 +0.0000 +0.0000 +0.0000 +0.0000 +0.0000 +0.0000 +0.0000 +0.0000 +0.0000 +0.0000 +0.0000 +0.0000 +0.0000 +0.0000 +0.0000 +0.0000 +0.0000 +0.0000 +0.0000 +0.0000 +0.0000 +0.0000 +0.0000 +0.0000 +0.0000 +0.0000 +0.0000 +0.0000 +0.0000 ;
+0.0000 +0.0000 +0.0000 +0.0000 +0.0000 +0.0000 +0.0000 +0.0000 +0.0000 +0.0000 +0.0000 +0.0000 +0.0000 +0.0000 +0.0000 +0.0000 +0.0000 +0.0000 +0.0000 +0.0000 +0.0000 +0.0000 +0.0000 +0.0000 +0.0000 +0.0000 +0.0000 +0.0000 +0.0000 +0.0000 +0.0000 +0.0000 +0.0000 +0.0000 +0.0000 +0.0000 +0.0000 +0.0000 +0.0000 +0.0000 +0.0000 +0.0000 +0.0000 +0.0000 +0.0000 +0.0000 +0.0000 +0.0000 +0.0000 +0.0000 +0.0000 +0.0000 +0.0000 +0.0000 +0.0000 +0.0000 +0.0000 +0.0000 +0.0000 +0.0000 +0.0000 +0.0000 +0.0000 ;
+0.0000 +0.0000 +0.0000 +0.0000 +0.0000 +0.0000 +0.0000 +0.0000 +0.0000 +0.0000 +0.0000 +0.0000 +0.0000 +0.0000 +0.0000 +0.0000 +0.0000 +0.0000 +0.0000 +0.0000 +0.0000 +0.0000 +0.0000 +0.0000 +0.0000 +0.0000 +0.0000 +0.0000 +0.0000 +0.0000 +0.0000 +0.0000 +0.0000 +0.0000 +0.0000 +0.0000 +0.0000 +0.0000 +0.0000 +0.0000 +0.0000 +0.0000 +0.0000 +0.0000 +0.0000 +0.0000 +0.0000 +0.0000 +0.0000 +0.0000 +0.0000 +0.0000 +0.0000 +0.0000 +0.0000 +0.0000 +0.0000 +0.0000 +0.0000 +0.0000 +0.0000 +0.0000 +0.0000 ;
+0.0000 +0.0000 +0.0000 +0.0000 +0.0000 +0.0000 +0.0000 +0.0000 +0.0000 +0.0000 +0.0000 +0.0000 +0.0000 +0.0000 +0.0000 +0.0000 +0.0000 +0.0000 +0.0000 +0.0000 +0.0000 +0.0000 +0.0000 +0.0000 +0.0000 +0.0000 +0.0000 +0.0000 +0.0000 +0.0000 +0.0000 +0.0000 +0.0000 +0.0000 +0.0000 +0.0000 +0.0000 +0.0000 +0.0000 +0.0000 +0.0000 +0.0000 +0.0000 +0.0000 +0.0000 +0.0000 +0.0000 +0.0000 +0.0000 +0.0000 +0.0000 +0.0000 +0.0000 +0.0000 +0.0000 +0.0000 +0.0000 +0.0000 +0.0000 +0.0000 +0.0000 +0.0000 +0.0000 ;
+0.0000 +0.0000 +0.0000 +0.0000 +0.0000 +0.0000 +0.0000 +0.0000 +0.0000 +0.0000 +0.0000 +0.0000 +0.0000 +0.0000 +0.0000 +0.0000 +0.0000 +0.0000 +0.0000 +0.0000 +0.0000 +0.0000 +0.0000 +0.0000 +0.0000 +0.0000 +0.0000 +0.0000 +0.0000 +0.0000 +0.0000 +0.0000 +0.0000 +0.0000 +0.0000 +0.0000 +0.0000 +0.0000 +0.0000 +0.0000 +0.0000 +0.0000 +0.0000 +0.0000 +0.0000 +0.0000 +0.0000 +0.0000 +0.0000 +0.0000 +0.0000 +0.0000 +0.0000 +0.0000 +0.0000 +0.0000 +0.0000 +0.0000 +0.0000 +0.0000 +0.0000 +0.0000 +0.0000 ;
+0.0000 +0.0000 +0.0000 +0.0000 +0.0000 +0.0000 +0.0000 +0.0000 +0.0000 +0.0000 +0.0000 +0.0000 +0.0000 +0.0000 +0.0000 +0.0000 +0.0000 +0.0000 +0.0000 +0.0000 +0.0000 +0.0000 +0.0000 +0.0000 +0.0000 +0.0000 +0.0000 +0.0000 +0.0000 +0.0000 +0.0000 +0.0000 +0.0000 +0.0000 +0.0000 +0.0000 +0.0000 +0.0000 +0.0000 +0.0000 +0.0000 +0.0000 +0.0000 +0.0000 +0.0000 +0.0000 +0.0000 +0.0000 +0.0000 +0.0000 +0.0000 +0.0000 +0.0000 +0.0000 +0.0000 +0.0000 +0.0000 +0.0000 +0.0000 +0.0000 +0.0000 +0.0000 +0.0000 ;
-0.0094 +0.1889 +0.0086 +0.0000 +0.0000 +0.0000 +0.0000 +0.0864 +0.0000 +0.0000 +0.0701 +0.0000 +0.0000 +0.0000 -0.0002 -0.1897 +0.1316 +0.1783 +0.0169 +0.0947 +0.0141 +0.0702 +0.1715 +0.2205 +0.0000 +0.0541 +0.1345 +0.2388 +0.0000 +0.0000 +0.0000 +0.0000 +0.0442 -0.2211 -0.1580 -0.0001 +0.0347 +0.0300 +0.1079 +0.0404 +0.0006 +0.1397 +0.1294 +0.1824 +0.0000 +0.0000 +0.0000 +0.0000 -0.1299 -0.0492 +0.0000 -0.2413 -0.1741 -0.1140 +0.1746 +0.0897 +0.0000 +0.0393 +0.0000 +0.0000 +0.0000 +0.0000 +0.0824 ;
+0.0000 +0.0000 -0.0551 -0.0058 -0.1034 -0.0070 -0.1424 -0.0172 -0.0604 +0.1280 +0.0266 -0.1073 +0.2095 +0.0514 -0.0000 -0.0119 +0.2143 +0.0499 +0.1665 -0.0091 +0.1245 +0.0550 +0.0340 +0.2079 +0.0000 +0.0898 +0.0657 +0.1507 +0.2665 +0.3394 +0.0000 +0.0000 +0.0426 +0.1564 -0.1366 +0.0000 +0.0000 +0.0000 +0.2643 +0.0005 +0.0006 +0.0013 +0.0121 +0.0957 +0.0000 +0.0000 +0.0000 +0.0000 +0.0000 +0.0000 +0.0000 +0.0000 +0.0000 -0.1414 +0.1683 +0.0000 +0.0434 +0.0409 +0.0000 -0.0000 -0.0000 +0.0000 +0.4667 ;
-0.0996 -0.1656 -0.0112 +0.3235 +0.2251 +0.1790 +0.2351 +0.1078 +0.3165 +0.1851 +0.1524 +0.2431 +0.1750 +0.1786 +0.2424 +0.0000 +0.1959 +0.0000 +0.1565 +0.1545 +0.0000 +0.0000 +0.0000 +0.1113 -0.2837 +0.1947 +0.1612 +0.1781 -0.0066 -0.1426 +0.0765 +0.0000 +0.1519 +0.0000 -0.1391 -0.0133 +0.0000 +0.0000 +0.0000 +0.0000 +0.0000 +0.0000 +0.0000 +0.0000 +0.0000 -0.0759 -0.0278 -0.1751 -0.0125 -0.0734 -0.0042 -0.1975 -0.0844 +0.0000 +0.0142 +0.2847 +0.0000 +0.0000 +0.0000 -0.2785 -0.3793 +0.0000 -0.5835 ;
+0.0000 +0.0433 -0.2136 -0.0277 +0.1209 -0.1228 -0.2161 +0.0389 +0.1352 +0.0025 +0.0367 -0.1365 +0.0000 +0.0000 +0.1784 +0.1359 +0.0000 -0.1392 +0.0000 +0.0000 +0.0000 +0.0000 +0.0000 +0.0000 +0.0000 -0.0710 +0.0000 -0.1166 -0.1642 +0.2152 -0.0656 +0.0000 +0.0000 +0.0637 -0.0669 -0.0407 +0.0000 +0.1579 +0.0000 +0.0000 +0.0000 +0.0000 +0.0000 +0.0000 +0.2305 -0.0997 -0.1713 -0.0443 -0.1976 +0.0000 +0.0000 +0.0000 +0.0000 +0.0000 +0.2499 +0.1731 +0.0000 +0.0000 +0.0000 -0.0664 -0.1151 +0.0000 +0.2784 ;
+0.0000 -0.1868 +0.1472 -0.1997 -0.1731 +0.0000 +0.0000 +0.0000 +0.0000 +0.0000 +0.0000 +0.0000 +0.0000 +0.0000 +0.0000 +0.0000 +0.1843 +0.2297 -0.1734 +0.0000 +0.2426 +0.2463 +0.2414 +0.0000 +0.0476 +0.1604 -0.1124 +0.0000 +0.0000 -0.2465 +0.0722 -0.1895 +0.0000 +0.0000 +0.0000 +0.0000 +0.2205 +0.1732 +0.0846 +0.0448 +0.0822 +0.1975 +0.0256 +0.1790 +0.1115 +0.0000 +0.0000 +0.0000 +0.0000 +0.0000 +0.0000 +0.0000 +0.0000 +0.0000 +0.0106 +0.1916 +0.1378 +0.0000 +0.0000 -0.1951 -0.1883 +0.0000 -0.2941 ;
-0.1279 +0.1943 -0.1971 +0.0689 -0.0192 -0.1042 -0.1975 -0.1587 -0.0000 +0.0000 -0.1770 -0.2071 -0.2005 -0.1245 -0.0363 -0.0035 +0.0219 +0.0314 +0.0505 +0.0745 +0.0982 +0.0000 -0.0919 +0.0000 +0.0000 +0.0000 -0.0179 -0.1812 -0.1300 +0.0047 +0.0667 +0.1943 +0.0521 -0.1333 +0.0000 +0.0905 +0.1426 +0.1597 +0.2034 +0.0000 +0.0000 +0.0000 +0.0000 +0.0000 +0.0000 -0.2283 +0.0000 +0.0000 +0.0000 +0.0000 +0.0000 +0.0000 +0.0000 +0.0000 +0.2084 +0.1001 +0.0557 +0.0000 +0.0000 -0.0281 -0.0745 +0.0000 +0.5769 ;
-0.0886 +0.1096 -0.2375 +0.0372 +0.0917 +0.0000 +0.3468 +0.1717 +0.0000 +0.3396 +0.0000 +0.0000 +0.1601 +0.0000 +0.0000 +0.2264 -0.1817 -0.0619 -0.2091 +0.0000 -0.2564 +0.0000 +0.0000 -0.2806 +0.0000 +0.2106 +0.0000 +0.0000 +0.0000 +0.0000 -0.0579 -0.2337 -0.2120 +0.1112 -0.1018 +0.0000 +0.1136 +0.1155 +0.1203 +0.3345 +0.0000 +0.0000 +0.0000 +0.0000 +0.0000 -0.0073 -0.1512 -0.0617 +0.0000 -0.1140 -0.1519 +0.0000 +0.0000 +0.0000 +0.1211 +0.2604 +0.3135 +0.0000 +0.0000 -0.3588 -0.4495 +0.0000 -0.3647 ;
+0.0000 +0.0000 -0.1340 -0.0709 -0.1750 +0.0770 +0.0666 +0.0305 +0.0000 +0.0000 +0.0000 +0.0000 +0.0000 +0.0000 +0.0000 +0.0175 +0.0000 +0.0929 +0.0479 -0.0316 +0.0000 -0.1743 +0.0000 +0.0000 +0.0342 -0.0108 +0.0434 +0.0000 +0.0000 +0.0000 +0.0000 +0.2017 +0.2123 +0.0000 +0.0000 -0.1383 +0.0000 +0.1602 +0.0000 +0.0918 +0.0000 +0.0000 +0.0000 +0.0000 +0.1590 -0.0061 -0.1160 -0.1461 +0.0000 +0.0000 +0.0000 +0.0000 +0.0000 +0.0000 +0.1314 +0.0000 +0.0000 +0.0000 +0.0000 -0.0970 -0.1497 +0.0000 -0.2941 ;
-0.0043 +0.1577 -0.1242 +0.2660 +0.0420 +0.0844 -0.0483 +0.1004 -0.0794 -0.2160 -0.0571 +0.0000 +0.0000 +0.0000 +0.0000 -0.0788 +0.0000 +0.1259 +0.1232 -0.1289 +0.0978 +0.0000 -0.2710 -0.2486 -0.0693 -0.0217 +0.1168 -0.1340 +0.0000 +0.0940 +0.0000 +0.1634 +0.1736 -0.1268 +0.0636 -0.2369 +0.2154 +0.0813 +0.0000 +0.1788 +0.0000 +0.0000 +0.0000 +0.0000 +0.0000 -0.0500 -0.2073 -0.1647 +0.0000 +0.0000 +0.0000 +0.0000 +0.0000 +0.0000 +0.0205 +0.0000 +0.0000 +0.0000 +0.0000 -0.1501 -0.1631 +0.0000 -0.2941 ;
-0.0494 +0.0966 +0.1940 +0.0028 +0.0328 +0.0868 +0.2117 -0.0563 +0.1330 -0.1140 +0.0000 +0.0000 +0.0000 +0.0000 +0.0000 +0.0000 +0.0987 +0.0316 -0.1891 +0.0000 +0.0000 -0.0820 +0.0109 -0.2000 +0.0000 -0.0447 +0.0059 -0.0980 +0.0000 +0.1492 +0.0000 +0.0931 +0.1860 -0.0926 +0.2455 -0.0302 +0.2325 +0.0000 +0.0000 +0.0000 +0.1711 +0.0000 +0.0000 +0.0000 +0.0000 -0.0150 -0.0395 -0.1786 +0.0000 +0.0000 +0.0000 +0.0000 +0.0000 +0.0000 +0.0917 +0.0946 +0.0000 +0.0000 +0.0000 -0.1370 -0.2273 -0.1553 -0.2941 ;
-0.0917 +0.0000 +0.0000 +0.0078 +0.0532 +0.0581 -0.0021 +0.0816 +0.1717 +0.0000 +0.0000 +0.0000 +0.0000 -0.1813 +0.0000 +0.1088 +0.2302 +0.2337 -0.0959 -0.1995 -0.2020 +0.0559 +0.2581 +0.0000 +0.0000 -0.0514 -0.0652 -0.0387 +0.0000 +0.0003 +0.0000 +0.2099 +0.1329 -0.1588 +0.0330 -0.1634 +0.0000 +0.0000 +0.1313 +0.0798 +0.1890 +0.2390 +0.0000 +0.0000 +0.0000 +0.0000 -0.0135 +0.0000 -0.2108 -0.1521 +0.0000 +0.0000 +0.0000 +0.0000 +0.0000 +0.2445 +0.0000 +0.0000 +0.0000 -0.0627 -0.1909 +0.0000 -0.2941 ;
-0.2044 -0.0809 +0.0000 -0.1719 +0.0348 +0.2593 +0.0654 -0.0077 +0.1554 +0.0968 -0.0073 +0.0000 +0.0000 +0.0000 +0.0000 +0.0000 +0.0000 -0.0872 +0.1206 -0.1255 -0.2044 +0.0000 +0.2399 -0.1523 +0.1078 +0.1147 +0.0991 -0.0397 +0.0000 +0.0000 +0.0201 +0.2719 +0.0387 -0.2308 -0.0033 -0.0575 +0.0000 +0.0000 +0.0000 +0.0893 +0.0794 +0.0000 +0.0000 +0.2925 +0.0000 +0.0000 +0.0000 -0.0588 -0.1412 -0.0236 +0.0000 +0.0000 +0.0000 +0.0000 +0.0000 +0.0054 +0.1867 +0.0000 +0.0000 -0.1189 -0.1582 +0.0000 -0.2941 ;
-0.1642 -0.0740 +0.0000 +0.0000 +0.0000 +0.2510 +0.0636 +0.0239 +0.1286 +0.1519 +0.0958 +0.0072 +0.0000 +0.0000 +0.0000 -0.0940 +0.1993 +0.0000 -0.2246 +0.0000 +0.2456 -0.0248 -0.2703 -0.0417 +0.0000 -0.0323 -0.1251 +0.1680 +0.0000 +0.0011 +0.0000 +0.2121 +0.0713 -0.2337 +0.1052 -0.3013 +0.0000 +0.0000 +0.0000 +0.0000 +0.1219 +0.0745 +0.2106 +0.2271 +0.0000 +0.0000 +0.0000 +0.0000 -0.1147 -0.0004 -0.0411 +0.0000 +0.0000 +0.0000 +0.0000 +0.0000 +0.0769 +0.0000 +0.0000 -0.0753 -0.1907 -0.1988 -0.2941 ;
-0.2286 +0.0000 +0.0000 +0.0000 +0.0000 +0.0000 +0.0000 -0.0313 +0.0605 +0.2477 +0.0564 +0.2465 +0.1666 -0.0671 -0.0729 -0.1319 +0.0000 +0.0890 -0.1294 +0.0000 +0.1619 +0.2294 +0.2595 +0.1009 -0.1030 +0.0000 -0.0785 +0.0067 -0.0302 -0.0447 +0.0000 +0.0618 -0.0002 -0.1116 +0.0275 -0.1010 +0.0000 +0.0000 +0.0000 +0.0000 +0.0000 +0.1557 +0.0000 +0.0774 +0.2538 +0.0000 +0.0000 +0.0000 +0.0000 -0.0291 -0.2032 -0.0803 +0.0000 +0.0000 +0.0000 +0.0000 +0.1951 +0.1761 +0.0000 +0.0000 -0.1782 -0.0702 -0.2941 ;
-0.2242 -0.0271 -0.0467 +0.0000 +0.0000 +0.0000 +0.0000 +0.0000 +0.2868 +0.0735 -0.0191 +0.1607 +0.1298 -0.0285 +0.1671 +0.0000 +0.2474 +0.0000 +0.0000 -0.0743 +0.1354 -0.0391 -0.2081 -0.0363 +0.1494 +0.0000 -0.0817 +0.1384 -0.1485 -0.0873 +0.0000 +0.1839 +0.2515 -0.0239 +0.0608 -0.0847 +0.0000 +0.2374 +0.0000 +0.0000 +0.0000 +0.0000 +0.1201 +0.0590 +0.2789 +0.0000 +0.0000 +0.0000 +0.0000 +0.0000 -0.1759 -0.0619 -0.1521 +0.0000 +0.0000 +0.0000 +0.0000 +0.0772 +0.0000 +0.0000 -0.1502 -0.1857 -0.2941 ;
-0.2463 -0.0032 -0.0355 -0.0564 +0.0000 +0.0000 +0.0000 -0.0596 +0.1062 +0.1451 +0.1423 +0.1728 +0.0157 +0.2948 +0.2212 +0.0212 +0.0000 +0.0000 +0.0927 -0.1013 -0.0900 +0.2321 +0.0000 -0.0999 -0.3010 +0.0000 +0.0236 +0.0001 -0.0166 -0.1525 +0.0736 -0.1438 -0.2173 -0.0031 +0.1472 -0.0800 +0.0000 +0.0000 +0.2238 +0.0000 +0.0000 +0.2281 +0.1597 +0.2577 +0.0000 +0.0000 +0.0000 +0.0000 +0.0000 +0.0000 -0.1511 -0.2082 -0.2241 -0.1719 +0.0000 +0.0000 +0.0000 +0.1685 +0.1081 -0.2332 -0.1743 -0.2795 -0.2941 ;
+0.0000 +0.0000 +0.0030 +0.1642 -0.1765 +0.1697 +0.1300 +0.1923 +0.0000 +0.0000 +0.0000 +0.0000 +0.0000 +0.0000 +0.0000 +0.0168 +0.2368 +0.0169 +0.2322 +0.2128 +0.0657 +0.0000 +0.0000 +0.0000 +0.0000 -0.2448 +0.0000 +0.0000 +0.0000 +0.0000 +0.0000 +0.0000 +0.0000 +0.0000 +0.0000 +0.0000 +0.0139 +0.0964 +0.2408 +0.0862 +0.0004 +0.1400 +0.0000 +0.0031 +0.0000 +0.0000 -0.2207 +0.0000 +0.0000 +0.0000 +0.0000 +0.0000 +0.0000 +0.0000 +0.1122 +0.1275 +0.1863 +0.0840 +0.0000 -0.0782 -0.0843 +0.0000 -0.2941 ;
-0.0000 +0.0000 -0.0431 -0.0106 +0.0119 +0.1792 +0.1140 +0.2732 +0.1734 +0.0000 +0.0000 +0.0000 +0.0000 +0.0000 +0.0000 -0.1603 +0.1295 +0.1155 +0.1399 +0.2594 +0.1441 +0.0000 +0.0000 +0.0000 +0.0000 +0.0048 +0.0000 +0.0000 -0.1658 +0.0000 -0.1503 +0.0477 -0.1481 -0.2331 +0.0000 +0.0605 +0.0830 +0.2174 +0.0072 +0.1303 +0.0310 +0.0979 +0.1326 +0.1899 +0.2350 +0.0000 +0.0000 -0.0021 +0.0000 +0.0000 +0.0000 +0.0000 +0.0000 +0.0000 +0.2249 +0.0447 +0.0273 +0.0802 +0.2420 +0.0000 -0.1575 -0.1059 -0.2941 ;
-0.1682 +0.0510 +0.0000 -0.0125 -0.1426 -0.0698 +0.1123 +0.2213 +0.2285 +0.0000 +0.0000 +0.0000 +0.0000 +0.0000 +0.1329 +0.0427 +0.1353 +0.0753 +0.2184 +0.0682 +0.1909 +0.0000 +0.0000 +0.0000 +0.0000 -0.1229 +0.0000 +0.0000 +0.0000 +0.0348 -0.0864 -0.1966 -0.1345 -0.0656 +0.0000 +0.2403 +0.2527 +0.1712 +0.0151 +0.2031 +0.2015 +0.2625 +0.0657 +0.2205 +0.2074 +0.0000 -0.1723 +0.0000 -0.2357 +0.0000 +0.0000 +0.0000 +0.0000 +0.0000 +0.0415 +0.0525 +0.0913 +0.1069 +0.0141 -0.1881 -0.1361 +0.0000 -0.2941 ;
-0.0000 +0.0000 +0.1374 +0.2063 +0.1421 +0.1368 +0.1210 +0.0870 +0.0197 +0.0000 +0.0000 +0.0000 +0.0000 +0.0000 +0.0000 +0.1033 +0.1656 +0.0078 +0.0781 +0.0076 +0.0617 +0.0000 +0.0000 +0.0000 +0.0000 +0.1523 +0.0000 +0.0000 +0.0000 +0.0000 -0.0640 +0.1312 +0.0000 -0.1495 +0.0000 +0.0197 +0.0648 +0.0624 +0.2202 +0.1082 +0.0432 +0.0149 +0.0935 +0.0643 +0.0000 +0.0000 +0.0000 -0.0852 +0.0000 +0.0000 +0.0000 +0.0000 +0.0000 +0.0000 +0.1702 +0.1539 +0.1126 +0.0000 +0.1890 -0.0163 -0.0000 +0.0000 -0.2941 ;
-0.1854 +0.0000 +0.0000 +0.0000 +0.2415 +0.1103 -0.1371 -0.0019 +0.0158 +0.1313 +0.0000 +0.0000 +0.0000 +0.0000 +0.0000 +0.1799 +0.0984 +0.1278 +0.1167 +0.0821 +0.1868 +0.0263 +0.0000 +0.0000 +0.0000 +0.0000 +0.1948 -0.0840 +0.0000 +0.0000 -0.0519 -0.0667 -0.0648 +0.1160 +0.0349 +0.0000 +0.0126 +0.0181 +0.2333 +0.1060 +0.0012 +0.1571 +0.0633 +0.0892 +0.0000 +0.0000 +0.0000 +0.0000 -0.0673 +0.0000 -0.1428 +0.0000 +0.0000 +0.0000 +0.0853 +0.0642 +0.1204 +0.0945 +0.0000 -0.0254 -0.1360 +0.0000 -0.2941 ;
-0.0000 -0.0780 +0.0000 +0.0000 +0.0000 +0.2220 +0.0436 -0.0240 -0.0840 -0.1818 +0.0000 +0.1617 +0.1399 +0.0000 +0.0000 +0.0000 +0.0000 +0.0153 +0.0425 +0.1094 -0.0217 +0.0658 +0.1641 +0.0000 +0.0000 +0.0000 -0.0274 +0.0000 +0.0000 -0.1852 +0.1631 +0.0916 -0.0564 -0.0474 +0.0000 +0.0128 +0.1515 +0.0376 +0.0996 +0.1326 +0.0830 +0.0185 +0.1215 +0.0911 +0.0686 +0.0000 +0.0000 +0.0000 +0.0000 -0.0335 +0.0000 +0.0000 +0.0000 +0.0000 +0.2304 +0.1688 +0.1553 +0.0574 +0.1702 +0.0000 -0.1669 -0.0000 -0.2941 ;
-0.0213 +0.0000 +0.0000 +0.0000 +0.0000 +0.0000 +0.0000 +0.0562 +0.0135 +0.2420 +0.1449 +0.0258 +0.0329 +0.1035 +0.0000 +0.0000 +0.0000 +0.0000 +0.0500 +0.1316 +0.2409 +0.2054 +0.0346 +0.0507 +0.0000 +0.0000 +0.0000 +0.1739 +0.0000 +0.0000 -0.1444 +0.0000 +0.0000 -0.1973 +0.0000 +0.1473 +0.2113 +0.0481 +0.0821 +0.2116 +0.1794 +0.1452 +0.1593 +0.2046 +0.0005 +0.0000 +0.0000 +0.0000 +0.0000 -0.1678 +0.0000 +0.0000 -0.1786 +0.0000 +0.0228 +0.1100 +0.1214 +0.0781 +0.2164 +0.0000 -0.0746 -0.1000 -0.2941 ;
-0.0000 +0.0000 +0.0000 +0.0000 +0.0000 +0.0000 +0.0000 +0.0000 +0.1504 +0.1299 +0.0332 +0.0065 +0.0137 +0.0230 +0.0155 +0.0000 +0.0000 +0.0000 +0.0000 +0.1397 +0.0826 +0.2279 -0.0142 +0.1355 +0.1362 +0.0000 +0.0000 -0.1071 +0.0000 +0.0000 -0.0879 -0.0114 -0.0941 -0.1185 +0.0000 +0.0981 +0.0943 +0.2082 +0.0051 +0.1719 +0.0584 +0.0358 +0.1784 +0.0595 +0.1019 +0.0000 +0.0000 +0.0000 +0.0000 -0.0840 +0.0000 +0.0000 +0.0000 +0.0000 +0.0958 +0.0553 +0.0654 +0.0582 +0.1683 +0.0000 -0.0740 -0.0249 -0.2941 ;
-0.0724 -0.0774 +0.0000 +0.0000 +0.0000 +0.0000 +0.0000 +0.0000 +0.0096 +0.2243 +0.2062 -0.2055 -0.0059 -0.0361 -0.0130 +0.0000 +0.0000 +0.0000 +0.0700 +0.1941 +0.2023 +0.1768 +0.1858 +0.1490 +0.1510 +0.0000 +0.0000 -0.1205 +0.0303 -0.0106 +0.0210 +0.1329 +0.1074 +0.1752 -0.0573 +0.1154 +0.1604 +0.1416 +0.0240 +0.1099 +0.0005 +0.0949 +0.0426 +0.1069 +0.0000 +0.0000 +0.0000 +0.0000 +0.0000 -0.0133 +0.0000 +0.0000 -0.1591 +0.0000 +0.2205 +0.0041 +0.0329 +0.1474 +0.2273 +0.0000 -0.0000 -0.0944 -0.2941 ;
-0.0397 +0.0000 -0.0886 +0.0283 +0.0638 -0.1829 +0.0000 +0.0978 +0.0701 +0.0020 -0.0497 +0.0614 +0.0000 +0.0000 +0.0816 +0.0079 +0.0092 -0.0162 +0.2309 +0.0153 -0.1348 +0.1088 -0.1513 +0.0152 -0.0020 -0.0844 -0.0689 -0.0040 +0.1670 -0.0866 +0.0000 -0.1152 +0.0000 +0.0000 +0.0000 +0.0000 +0.2513 +0.2547 +0.0971 +0.0000 +0.0000 +0.0000 +0.0000 +0.0000 +0.0000 -0.1121 -0.1012 -0.0649 +0.0000 +0.0000 +0.0000 +0.0000 +0.0000 +0.0000 +0.0000 +0.0948 +0.2530 +0.2488 +0.0000 +0.0000 +0.0000 +0.0000 -0.1059 ;
-0.2427 +0.1244 +0.1626 +0.0133 +0.0177 +0.1806 -0.1534 +0.0575 +0.1376 -0.0187 +0.1174 +0.0417 +0.0000 +0.0000 +0.0000 +0.0422 +0.0375 -0.1389 +0.1207 +0.0730 -0.1994 +0.1506 +0.1447 -0.0802 -0.1571 -0.0795 -0.1148 +0.0086 -0.1760 -0.0000 -0.1127 -0.1490 +0.0000 +0.0000 +0.0000 -0.0519 +0.1308 +0.0000 +0.0000 +0.1889 +0.0000 +0.2525 +0.0000 +0.0000 +0.0000 -0.1554 -0.1118 -0.0583 +0.0000 +0.0000 +0.0000 +0.0000 +0.0000 +0.0000 +0.2307 +0.0000 +0.1279 +0.0592 +0.0000 -0.0812 +0.0000 +0.0000 -0.1059 ;
-0.2289 +0.0000 -0.0206 -0.0086 +0.0725 -0.1420 -0.0601 +0.0982 -0.0612 +0.0705 -0.0826 +0.1554 +0.0000 +0.0000 +0.0000 +0.0366 +0.1422 +0.0759 -0.0686 +0.1844 +0.1207 +0.1398 -0.0402 -0.2425 -0.1406 +0.0371 -0.1028 +0.0151 +0.1871 -0.0755 -0.1720 -0.2646 -0.0282 +0.0000 +0.1566 -0.1389 +0.0000 +0.0000 +0.0000 +0.2685 +0.2741 +0.2259 +0.0000 +0.0000 +0.0000 +0.0000 -0.2314 -0.0527 -0.1637 -0.0734 +0.0000 +0.0000 +0.0000 +0.0000 +0.0916 +0.1912 +0.0000 +0.1520 +0.0000 +0.0000 +0.0000 +0.0000 -0.1059 ;
-0.0919 +0.2677 -0.0217 +0.0000 +0.0000 -0.0953 -0.0169 -0.1092 -0.1563 +0.0001 +0.1535 +0.0195 +0.1047 +0.1076 +0.0000 -0.1533 +0.1993 -0.0353 -0.1651 -0.1648 +0.1131 +0.0137 +0.0304 -0.0480 +0.1923 +0.0318 +0.0001 -0.0313 -0.0272 -0.1166 -0.0393 -0.2222 +0.0000 +0.0000 +0.0000 -0.0368 +0.0000 +0.0000 +0.0000 +0.1503 +0.0000 +0.3067 +0.1581 +0.0000 +0.2249 +0.0000 +0.0000 +0.0000 -0.0878 -0.0325 -0.1882 +0.0000 +0.0000 +0.0000 +0.0000 +0.1792 +0.0857 +0.0000 +0.2202 +0.0000 -0.0391 +0.0000 -0.1059 ;
-0.0670 -0.1634 +0.0000 +0.0278 -0.0817 +0.0000 -0.0207 +0.1673 +0.1619 +0.0115 +0.1913 +0.0263 -0.0490 +0.0348 +0.2140 -0.1247 -0.0317 -0.0549 -0.0371 +0.1566 -0.0875 -0.1194 -0.1927 -0.0252 +0.1657 -0.0717 -0.0464 -0.0340 +0.0153 -0.1083 -0.1765 +0.0333 +0.0524 -0.0006 +0.1051 -0.0383 +0.1993 +0.0000 +0.0247 +0.0000 +0.0000 +0.3631 +0.1804 +0.0000 +0.0000 +0.0000 +0.0000 +0.0000 +0.0000 +0.0000 -0.1964 -0.2153 -0.2173 -0.1611 +0.0000 +0.2711 +0.2580 +0.1409 +0.0000 +0.0000 -0.1739 +0.0000 -0.1059 ;
-0.1298 +0.0000 -0.2598 -0.1480 +0.0000 -0.1997 +0.0813 -0.1132 +0.0000 +0.0000 +0.0000 +0.0000 +0.0000 +0.0000 -0.1705 -0.1648 +0.1135 -0.1502 -0.1569 -0.2838 -0.2999 -0.1126 +0.0000 +0.0000 +0.0000 +0.0084 -0.0575 -0.1142 +0.0000 +0.0000 +0.0000 +0.0000 -0.1464 +0.0000 +0.0000 +0.0000 +0.2905 +0.0000 +0.0000 +0.0000 +0.0000 +0.0000 +0.0000 +0.0000 +0.0000 -0.1940 +0.0000 +0.0000 +0.0000 +0.0000 +0.0000 +0.0000 +0.0000 +0.0000 +0.0152 +0.1658 +0.0000 +0.2072 +0.0000 +0.0000 -0.2474 +0.0000 -0.1059 ;
-0.2036 -0.1894 -0.2612 +0.0000 -0.2851 +0.0000 -0.2123 -0.1419 -0.1460 -0.2531 +0.0000 +0.0000 +0.0000 +0.0000 +0.0000 -0.3184 -0.0266 +0.1865 -0.1002 -0.1631 -0.1351 -0.1927 +0.0000 +0.0000 +0.0000 -0.1789 +0.0000 -0.2198 -0.1854 +0.0000 +0.0000 +0.0000 -0.2615 +0.0000 -0.0355 +0.0000 +0.0000 +0.0000 +0.1579 +0.0000 +0.0000 +0.0000 +0.0000 +0.0000 +0.0000 +0.0000 +0.0000 -0.2464 -0.0120 +0.0000 +0.0000 +0.0000 +0.0000 +0.0000 +0.0000 +0.1113 +0.0352 +0.2393 +0.2327 -0.2570 +0.0000 +0.0000 -0.1059 ;
-0.1061 -0.1070 +0.0000 +0.0000 +0.0000 -0.2890 -0.1382 -0.1613 -0.2844 -0.1871 -0.1610 +0.0000 +0.0000 +0.0000 +0.0000 +0.0000 +0.0000 +0.0000 -0.2676 -0.3008 -0.0710 -0.1246 -0.0803 -0.1584 -0.0781 +0.0000 +0.0693 +0.0213 -0.1727 -0.0168 +0.0000 +0.1361 +0.0999 +0.0325 -0.1922 +0.1054 +0.0000 +0.0000 +0.0000 +0.0000 +0.0000 +0.2429 +0.2222 +0.0000 +0.0000 +0.0000 +0.0000 +0.0000 +0.0000 +0.0000 -0.1768 -0.0539 +0.0000 +0.0000 +0.1959 +0.2403 +0.1161 +0.2451 +0.0000 +0.0000 -0.3114 +0.0000 -0.1059 ;
+0.0000 +0.0000 +0.0000 +0.0000 +0.0000 +0.0000 +0.0000 +0.0000 +0.0000 +0.0000 +0.0000 +0.0000 +0.0000 +0.0000 +0.0000 +0.0000 +0.0000 +0.0000 +0.0000 +0.0000 +0.0000 +0.0000 +0.0000 +0.0000 +0.0000 +0.0000 +0.0000 +0.0000 +0.0000 +0.0000 +0.0000 +0.0000 +0.0000 +0.0000 +0.0000 +0.0000 +0.0000 +0.0000 +0.0000 +0.0000 +0.0000 +0.0000 +0.0000 +0.0000 +0.0000 +0.0000 +0.0000 +0.0000 +0.0000 +0.0000 +0.0000 +0.0000 +0.0000 +0.0000 +0.0000 +0.0000 +0.0000 +0.0000 +0.0000 +0.0000 +0.0000 +0.0000 +0.0000 ;
