brain 22889 fitness=5.66163 numneurons+1=65 maxWeight=8 maxBias=8 redinput=2-12 greeninput=13-26 blueinput=27-33
+0.0000 +0.0000 +0.0000 +0.0000 +0.0000 +0.0000 +0.0000 +0.0000 +0.0000 +0.0000 +0.0000 +0.0000 +0.0000 +0.0000 +0.0000 +0.0000 +0.0000 +0.0000 +0.0000 +0.0000 +0.0000 +0.0000 +0.0000 +0.0000 +0.0000 +0.0000 +0.0000 +0.0000 +0.0000 +0.0000 +0.0000 +0.0000 +0.0000 +0.0000 +0.0000 +0.0000 +0.0000 +0.0000 +0.0000 +0.0000 +0.0000 +0.0000 +0.0000 +0.0000 +0.0000 +0.0000 +0.0000 +0.0000 +0.0000 +0.0000 +0.0000 +0.0000 +0.0000 +0.0000 +0.0000 +0.0000 +0.0000 +0.0000 +0.0000 +0.0000 +0.0000 +0.0000 +0.0000 +0.0000 +0.0000 ;
+0.0000 +0.0000 +0.0000 +0.0000 +0.0000 +0.0000 +0.0000 +0.0000 +0.0000 +0.0000 +0.0000 +0.0000 +0.0000 +0.0000 +0.0000 +0.0000 +0.0000 +0.0000 +0.0000 +0.0000 +0.0000 +0.0000 +0.0000 +0.0000 +0.0000 +0.0000 +0.0000 +0.0000 +0.0000 +0.0000 +0.0000 +0.0000 +0.0000 +0.0000 +0.0000 +0.0000 +0.0000 +0.0000 +0.0000 +0.0000 +0.0000 +0.0000 +0.0000 +0.0000 +0.0000 +0.0000 +0.0000 +0.0000 +0.0000 +0.0000 +0.0000 +0.0000 +0.0000 +0.0000 +0.0000 +0.0000 +0.0000 +0.0000 +0.0000 +0.0000 +0.0000 +0.0000 +0.0000 +0.0000 +0.0000 ;
+0.0000 +0.0000 +0.0000 +0.0000 +0.0000 +0.0000 +0.0000 +0.0000 +0.0000 +0.0000 +0.0000 +0.0000 +0.0000 +0.0000 +0.0000 +0.0000 +0.0000 +0.0000 +0.0000 +0.0000 +0.0000 +0.0000 +0.0000 +0.0000 +0.0000 +0.0000 +0.0000 +0.0000 +0.0000 +0.0000 +0.0000 +0.0000 +0.0000 +0.0000 +0.0000 +0.0000 +0.0000 +0.0000 +0.0000 +0.0000 +0.0000 +0.0000 +0.0000 +0.0000 +0.0000 +0.0000 +0.0000 +0.0000 +0.0000 +0.0000 +0.0000 +0.0000 +0.0000 +0.0000 +0.0000 +0.0000 +0.0000 +0.0000 +0.0000 +0.0000 +0.0000 +0.0000 +0.0000 +0.0000 +0.0000 ;
+0.0000 +0.0000 +0.0000 +0.0000 +0.0000 +0.0000 +0.0000 +0.0000 +0.0000 +0.0000 +0.0000 +0.0000 +0.0000 +0.0000 +0.0000 +0.0000 +0.0000 +0.0000 +0.0000 +0.0000 +0.0000 +0.0000 +0.0000 +0.0000 +0.0000 +0.0000 +0.0000 +0.0000 +0.0000 +0.0000 +0.0000 +0.0000 +0.0000 +0.0000 +0.0000 +0.0000 +0.0000 +0.0000 +0.0000 +0.0000 +0.0000 +0.0000 +0.0000 +0.0000 +0.0000 +0.0000 +0.0000 +0.0000 +0.0000 +0.0000 +0.0000 +0.0000 +0.0000 +0.0000 +0.0000 +0.0000 +0.0000 +0.0000 +0.0000 +0.0000 +0.0000 +0.0000 +0.0000 +0.0000 +0.0000 ;
+0.0000 +0.0000 +0.0000 +0.0000 +0.0000 +0.0000 +0.0000 +0.0000 +0.0000 +0.0000 +0.0000 +0.0000 +0.0000 +0.0000 +0.0000 +0.0000 +0.0000 +0.0000 +0.0000 +0.0000 +0.0000 +0.0000 +0.0000 +0.0000 +0.0000 +0.0000 +0.0000 +0.0000 +0.0000 +0.0000 +0.0000 +0.0000 +0.0000 +0.0000 +0.0000 +0.0000 +0.0000 +0.0000 +0.0000 +0.0000 +0.0000 +0.0000 +0.0000 +0.0000 +0.0000 +0.0000 +0.0000 +0.0000 +0.0000 +0.0000 +0.0000 +0.0000 +0.0000 +0.0000 +0.0000 +0.0000 +0.0000 +0.0000 +0.0000 +0.0000 +0.0000 +0.0000 +0.0000 +0.0000 +0.0000 ;
+0.0000 +0.0000 +0.0000 +0.0000 +0.0000 +0.0000 +0.0000 +0.0000 +0.0000 +0.0000 +0.0000 +0.0000 +0.0000 +0.0000 +0.0000 +0.0000 +0.0000 +0.0000 +0.0000 +0.0000 +0.0000 +0.0000 +0.0000 +0.0000 +0.0000 +0.0000 +0.0000 +0.0000 +0.0000 +0.0000 +0.0000 +0.0000 +0.0000 +0.0000 +0.0000 +0.0000 +0.0000 +0.0000 +0.0000 +0.0000 +0.0000 +0.0000 +0.0000 +0.0000 +0.0000 +0.0000 +0.0000 +0.0000 +0.0000 +0.0000 +0.0000 +0.0000 +0.0000 +0.0000 +0.0000 +0.0000 +0.0000 +0.0000 +0.0000 +0.0000 +0.0000 +0.0000 +0.0000 +0.0000 +0.0000 ;
+0.0000 +0.0000 +0.0000 +0.0000 +0.0000 +0.0000 +0.0000 +0.0000 +0.0000 +0.0000 +0.0000 +0.0000 +0.0000 +0.0000 +0.0000 +0.0000 +0.0000 +0.0000 +0.0000 +0.0000 +0.0000 +0.0000 +0.0000 +0.0000 +0.0000 +0.0000 +0.0000 +0.0000 +0.0000 +0.0000 +0.0000 +0.0000 +0.0000 +0.0000 +0.0000 +0.0000 +0.0000 +0.0000 +0.0000 +0.0000 +0.0000 +0.0000 +0.0000 +0.0000 +0.0000 +0.0000 +0.0000 +0.0000 +0.0000 +0.0000 +0.0000 +0.0000 +0.0000 +0.0000 +0.0000 +0.0000 +0.0000 +0.0000 +0.0000 +0.0000 +0.0000 +0.0000 +0.0000 +0.0000 +0.0000 ;
+0.0000 +0.0000 +0.0000 +0.0000 +0.0000 +0.0000 +0.0000 +0.0000 +0.0000 +0.0000 +0.0000 +0.0000 +0.0000 +0.0000 +0.0000 +0.0000 +0.0000 +0.0000 +0.0000 +0.0000 +0.0000 +0.0000 +0.0000 +0.0000 +0.0000 +0.0000 +0.0000 +0.0000 +0.0000 +0.0000 +0.0000 +0.0000 +0.0000 +0.0000 +0.0000 +0.0000 +0.0000 +0.0000 +0.0000 +0.0000 +0.0000 +0.0000 +0.0000 +0.0000 +0.0000 +0.0000 +0.0000 +0.0000 +0.0000 +0.0000 +0.0000 +0.0000 +0.0000 +0.0000 +0.0000 +0.0000 +0.0000 +0.0000 +0.0000 +0.0000 +0.0000 +0.0000 +0.0000 +0.0000 +0.0000 ;
+0.0000 +0.0000 +0.0000 +0.0000 +0.0000 +0.0000 +0.0000 +0.0000 +0.0000 +0.0000 +0.0000 +0.0000 +0.0000 +0.0000 +0.0000 +0.0000 +0.0000 +0.0000 +0.0000 +0.0000 +0.0000 +0.0000 +0.0000 +0.0000 +0.0000 +0.0000 +0.0000 +0.0000 +0.0000 +0.0000 +0.0000 +0.0000 +0.0000 +0.0000 +0.0000 +0.0000 +0.0000 +0.0000 +0.0000 +0.0000 +0.0000 +0.0000 +0.0000 +0.0000 +0.0000 +0.0000 +0.0000 +0.0000 +0.0000 +0.0000 +0.0000 +0.0000 +0.0000 +0.0000 +0.0000 +0.0000 +0.0000 +0.0000 +0.0000 +0.0000 +0.0000 +0.0000 +0.0000 +0.0000 +0.0000 ;
+0.0000 +0.0000 +0.0000 +0.0000 +0.0000 +0.0000 +0.0000 +0.0000 +0.0000 +0.0000 +0.0000 +0.0000 +0.0000 +0.0000 +0.0000 +0.0000 +0.0000 +0.0000 +0.0000 +0.0000 +0.0000 +0.0000 +0.0000 +0.0000 +0.0000 +0.0000 +0.0000 +0.0000 +0.0000 +0.0000 +0.0000 +0.0000 +0.0000 +0.0000 +0.0000 +0.0000 +0.0000 +0.0000 +0.0000 +0.0000 +0.0000 +0.0000 +0.0000 +0.0000 +0.0000 +0.0000 +0.0000 +0.0000 +0.0000 +0.0000 +0.0000 +0.0000 +0.0000 +0.0000 +0.0000 +0.0000 +0.0000 +0.0000 +0.0000 +0.0000 +0.0000 +0.0000 +0.0000 +0.0000 +0.0000 ;
+0.0000 +0.0000 +0.0000 +0.0000 +0.0000 +0.0000 +0.0000 +0.0000 +0.0000 +0.0000 +0.0000 +0.0000 +0.0000 +0.0000 +0.0000 +0.0000 +0.0000 +0.0000 +0.0000 +0.0000 +0.0000 +0.0000 +0.0000 +0.0000 +0.0000 +0.0000 +0.0000 +0.0000 +0.0000 +0.0000 +0.0000 +0.0000 +0.0000 +0.0000 +0.0000 +0.0000 +0.0000 +0.0000 +0.0000 +0.0000 +0.0000 +0.0000 +0.0000 +0.0000 +0.0000 +0.0000 +0.0000 +0.0000 +0.0000 +0.0000 +0.0000 +0.0000 +0.0000 +0.0000 +0.0000 +0.0000 +0.0000 +0.0000 +0.0000 +0.0000 +0.0000 +0.0000 +0.0000 +0.0000 +0.0000 ;
+0.0000 +0.0000 +0.0000 +0.0000 +0.0000 +0.0000 +0.0000 +0.0000 +0.0000 +0.0000 +0.0000 +0.0000 +0.0000 +0.0000 +0.0000 +0.0000 +0.0000 +0.0000 +0.0000 +0.0000 +0.0000 +0.0000 +0.0000 +0.0000 +0.0000 +0.0000 +0.0000 +0.0000 +0.0000 +0.0000 +0.0000 +0.0000 +0.0000 +0.0000 +0.0000 +0.0000 +0.0000 +0.0000 +0.0000 +0.0000 +0.0000 +0.0000 +0.0000 +0.0000 +0.0000 +0.0000 +0.0000 +0.0000 +0.0000 +0.0000 +0.0000 +0.0000 +0.0000 +0.0000 +0.0000 +0.0000 +0.0000 +0.0000 +0.0000 +0.0000 +0.0000 +0.0000 +0.0000 +0.0000 +0.0000 ;
+0.0000 +0.0000 +0.0000 +0.0000 +0.0000 +0.0000 +0.0000 +0.0000 +0.0000 +0.0000 +0.0000 +0.0000 +0.0000 +0.0000 +0.0000 +0.0000 +0.0000 +0.0000 +0.0000 +0.0000 +0.0000 +0.0000 +0.0000 +0.0000 +0.0000 +0.0000 +0.0000 +0.0000 +0.0000 +0.0000 +0.0000 +0.0000 +0.0000 +0.0000 +0.0000 +0.0000 +0.0000 +0.0000 +0.0000 +0.0000 +0.0000 +0.0000 +0.0000 +0.0000 +0.0000 +0.0000 +0.0000 +0.0000 +0.0000 +0.0000 +0.0000 +0.0000 +0.0000 +0.0000 +0.0000 +0.0000 +0.0000 +0.0000 +0.0000 +0.0000 +0.0000 +0.0000 +0.0000 +0.0000 +0.0000 ;
+0.0000 +0.0000 +0.0000 +0.0000 +0.0000 +0.0000 +0.0000 +0.0000 +0.0000 +0.0000 +0.0000 +0.0000 +0.0000 +0.0000 +0.0000 +0.0000 +0.0000 +0.0000 +0.0000 +0.0000 +0.0000 +0.0000 +0.0000 +0.0000 +0.0000 +0.0000 +0.0000 +0.0000 +0.0000 +0.0000 +0.0000 +0.0000 +0.0000 +0.0000 +0.0000 +0.0000 +0.0000 +0.0000 +0.0000 +0.0000 +0.0000 +0.0000 +0.0000 +0.0000 +0.0000 +0.0000 +0.0000 +0.0000 +0.0000 +0.0000 +0.0000 +0.0000 +0.0000 +0.0000 +0.0000 +0.0000 +0.0000 +0.0000 +0.0000 +0.0000 +0.0000 +0.0000 +0.0000 +0.0000 +0.0000 ;
+0.0000 +0.0000 +0.0000 +0.0000 +0.0000 +0.0000 +0.0000 +0.0000 +0.0000 +0.0000 +0.0000 +0.0000 +0.0000 +0.0000 +0.0000 +0.0000 +0.0000 +0.0000 +0.0000 +0.0000 +0.0000 +0.0000 +0.0000 +0.0000 +0.0000 +0.0000 +0.0000 +0.0000 +0.0000 +0.0000 +0.0000 +0.0000 +0.0000 +0.0000 +0.0000 +0.0000 +0.0000 +0.0000 +0.0000 +0.0000 +0.0000 +0.0000 +0.0000 +0.0000 +0.0000 +0.0000 +0.0000 +0.0000 +0.0000 +0.0000 +0.0000 +0.0000 +0.0000 +0.0000 +0.0000 +0.0000 +0.0000 +0.0000 +0.0000 +0.0000 +0.0000 +0.0000 +0.0000 +0.0000 +0.0000 ;
+0.0000 +0.0000 +0.0000 +0.0000 +0.0000 +0.0000 +0.0000 +0.0000 +0.0000 +0.0000 +0.0000 +0.0000 +0.0000 +0.0000 +0.0000 +0.0000 +0.0000 +0.0000 +0.0000 +0.0000 +0.0000 +0.0000 +0.0000 +0.0000 +0.0000 +0.0000 +0.0000 +0.0000 +0.0000 +0.0000 +0.0000 +0.0000 +0.0000 +0.0000 +0.0000 +0.0000 +0.0000 +0.0000 +0.0000 +0.0000 +0.0000 +0.0000 +0.0000 +0.0000 +0.0000 +0.0000 +0.0000 +0.0000 +0.0000 +0.0000 +0.0000 +0.0000 +0.0000 +0.0000 +0.0000 +0.0000 +0.0000 +0.0000 +0.0000 +0.0000 +0.0000 +0.0000 +0.0000 +0.0000 +0.0000 ;
+0.0000 +0.0000 +0.0000 +0.0000 +0.0000 +0.0000 +0.0000 +0.0000 +0.0000 +0.0000 +0.0000 +0.0000 +0.0000 +0.0000 +0.0000 +0.0000 +0.0000 +0.0000 +0.0000 +0.0000 +0.0000 +0.0000 +0.0000 +0.0000 +0.0000 +0.0000 +0.0000 +0.0000 +0.0000 +0.0000 +0.0000 +0.0000 +0.0000 +0.0000 +0.0000 +0.0000 +0.0000 +0.0000 +0.0000 +0.0000 +0.0000 +0.0000 +0.0000 +0.0000 +0.0000 +0.0000 +0.0000 +0.0000 +0.0000 +0.0000 +0.0000 +0.0000 +0.0000 +0.0000 +0.0000 +0.0000 +0.0000 +0.0000 +0.0000 +0.0000 +0.0000 +0.0000 +0.0000 +0.0000 +0.0000 ;
+0.0000 +0.0000 +0.0000 +0.0000 +0.0000 +0.0000 +0.0000 +0.0000 +0.0000 +0.0000 +0.0000 +0.0000 +0.0000 +0.0000 +0.0000 +0.0000 +0.0000 +0.0000 +0.0000 +0.0000 +0.0000 +0.0000 +0.0000 +0.0000 +0.0000 +0.0000 +0.0000 +0.0000 +0.0000 +0.0000 +0.0000 +0.0000 +0.0000 +0.0000 +0.0000 +0.0000 +0.0000 +0.0000 +0.0000 +0.0000 +0.0000 +0.0000 +0.0000 +0.0000 +0.0000 +0.0000 +0.0000 +0.0000 +0.0000 +0.0000 +0.0000 +0.0000 +0.0000 +0.0000 +0.0000 +0.0000 +0.0000 +0.0000 +0.0000 +0.0000 +0.0000 +0.0000 +0.0000 +0.0000 +0.0000 ;
+0.0000 +0.0000 +0.0000 +0.0000 +0.0000 +0.0000 +0.0000 +0.0000 +0.0000 +0.0000 +0.0000 +0.0000 +0.0000 +0.0000 +0.0000 +0.0000 +0.0000 +0.0000 +0.0000 +0.0000 +0.0000 +0.0000 +0.0000 +0.0000 +0.0000 +0.0000 +0.0000 +0.0000 +0.0000 +0.0000 +0.0000 +0.0000 +0.0000 +0.0000 +0.0000 +0.0000 +0.0000 +0.0000 +0.0000 +0.0000 +0.0000 +0.0000 +0.0000 +0.0000 +0.0000 +0.0000 +0.0000 +0.0000 +0.0000 +0.0000 +0.0000 +0.0000 +0.0000 +0.0000 +0.0000 +0.0000 +0.0000 +0.0000 +0.0000 +0.0000 +0.0000 +0.0000 +0.0000 +0.0000 +0.0000 ;
+0.0000 +0.0000 +0.0000 +0.0000 +0.0000 +0.0000 +0.0000 +0.0000 +0.0000 +0.0000 +0.0000 +0.0000 +0.0000 +0.0000 +0.0000 +0.0000 +0.0000 +0.0000 +0.0000 +0.0000 +0.0000 +0.0000 +0.0000 +0.0000 +0.0000 +0.0000 +0.0000 +0.0000 +0.0000 +0.0000 +0.0000 +0.0000 +0.0000 +0.0000 +0.0000 +0.0000 +0.0000 +0.0000 +0.0000 +0.0000 +0.0000 +0.0000 +0.0000 +0.0000 +0.0000 +0.0000 +0.0000 +0.0000 +0.0000 +0.0000 +0.0000 +0.0000 +0.0000 +0.0000 +0.0000 +0.0000 +0.0000 +0.0000 +0.0000 +0.0000 +0.0000 +0.0000 +0.0000 +0.0000 +0.0000 ;
+0.0000 +0.0000 +0.0000 +0.0000 +0.0000 +0.0000 +0.0000 +0.0000 +0.0000 +0.0000 +0.0000 +0.0000 +0.0000 +0.0000 +0.0000 +0.0000 +0.0000 +0.0000 +0.0000 +0.0000 +0.0000 +0.0000 +0.0000 +0.0000 +0.0000 +0.0000 +0.0000 +0.0000 +0.0000 +0.0000 +0.0000 +0.0000 +0.0000 +0.0000 +0.0000 +0.0000 +0.0000 +0.0000 +0.0000 +0.0000 +0.0000 +0.0000 +0.0000 +0.0000 +0.0000 +0.0000 +0.0000 +0.0000 +0.0000 +0.0000 +0.0000 +0.0000 +0.0000 +0.0000 +0.0000 +0.0000 +0.0000 +0.0000 +0.0000 +0.0000 +0.0000 +0.0000 +0.0000 +0.0000 +0.0000 ;
+0.0000 +0.0000 +0.0000 +0.0000 +0.0000 +0.0000 +0.0000 +0.0000 +0.0000 +0.0000 +0.0000 +0.0000 +0.0000 +0.0000 +0.0000 +0.0000 +0.0000 +0.0000 +0.0000 +0.0000 +0.0000 +0.0000 +0.0000 +0.0000 +0.0000 +0.0000 +0.0000 +0.0000 +0.0000 +0.0000 +0.0000 +0.0000 +0.0000 +0.0000 +0.0000 +0.0000 +0.0000 +0.0000 +0.0000 +0.0000 +0.0000 +0.0000 +0.0000 +0.0000 +0.0000 +0.0000 +0.0000 +0.0000 +0.0000 +0.0000 +0.0000 +0.0000 +0.0000 +0.0000 +0.0000 +0.0000 +0.0000 +0.0000 +0.0000 +0.0000 +0.0000 +0.0000 +0.0000 +0.0000 +0.0000 ;
+0.0000 +0.0000 +0.0000 +0.0000 +0.0000 +0.0000 +0.0000 +0.0000 +0.0000 +0.0000 +0.0000 +0.0000 +0.0000 +0.0000 +0.0000 +0.0000 +0.0000 +0.0000 +0.0000 +0.0000 +0.0000 +0.0000 +0.0000 +0.0000 +0.0000 +0.0000 +0.0000 +0.0000 +0.0000 +0.0000 +0.0000 +0.0000 +0.0000 +0.0000 +0.0000 +0.0000 +0.0000 +0.0000 +0.0000 +0.0000 +0.0000 +0.0000 +0.0000 +0.0000 +0.0000 +0.0000 +0.0000 +0.0000 +0.0000 +0.0000 +0.0000 +0.0000 +0.0000 +0.0000 +0.0000 +0.0000 +0.0000 +0.0000 +0.0000 +0.0000 +0.0000 +0.0000 +0.0000 +0.0000 +0.0000 ;
+0.0000 +0.0000 +0.0000 +0.0000 +0.0000 +0.0000 +0.0000 +0.0000 +0.0000 +0.0000 +0.0000 +0.0000 +0.0000 +0.0000 +0.0000 +0.0000 +0.0000 +0.0000 +0.0000 +0.0000 +0.0000 +0.0000 +0.0000 +0.0000 +0.0000 +0.0000 +0.0000 +0.0000 +0.0000 +0.0000 +0.0000 +0.0000 +0.0000 +0.0000 +0.0000 +0.0000 +0.0000 +0.0000 +0.0000 +0.0000 +0.0000 +0.0000 +0.0000 +0.0000 +0.0000 +0.0000 +0.0000 +0.0000 +0.0000 +0.0000 +0.0000 +0.0000 +0.0000 +0.0000 +0.0000 +0.0000 +0.0000 +0.0000 +0.0000 +0.0000 +0.0000 +0.0000 +0.0000 +0.0000 +0.0000 ;
+0.0000 +0.0000 +0.0000 +0.0000 +0.0000 +0.0000 +0.0000 +0.0000 +0.0000 +0.0000 +0.0000 +0.0000 +0.0000 +0.0000 +0.0000 +0.0000 +0.0000 +0.0000 +0.0000 +0.0000 +0.0000 +0.0000 +0.0000 +0.0000 +0.0000 +0.0000 +0.0000 +0.0000 +0.0000 +0.0000 +0.0000 +0.0000 +0.0000 +0.0000 +0.0000 +0.0000 +0.0000 +0.0000 +0.0000 +0.0000 +0.0000 +0.0000 +0.0000 +0.0000 +0.0000 +0.0000 +0.0000 +0.0000 +0.0000 +0.0000 +0.0000 +0.0000 +0.0000 +0.0000 +0.0000 +0.0000 +0.0000 +0.0000 +0.0000 +0.0000 +0.0000 +0.0000 +0.0000 +0.0000 +0.0000 ;
+0.0000 +0.0000 +0.0000 +0.0000 +0.0000 +0.0000 +0.0000 +0.0000 +0.0000 +0.0000 +0.0000 +0.0000 +0.0000 +0.0000 +0.0000 +0.0000 +0.0000 +0.0000 +0.0000 +0.0000 +0.0000 +0.0000 +0.0000 +0.0000 +0.0000 +0.0000 +0.0000 +0.0000 +0.0000 +0.0000 +0.0000 +0.0000 +0.0000 +0.0000 +0.0000 +0.0000 +0.0000 +0.0000 +0.0000 +0.0000 +0.0000 +0.0000 +0.0000 +0.0000 +0.0000 +0.0000 +0.0000 +0.0000 +0.0000 +0.0000 +0.0000 +0.0000 +0.0000 +0.0000 +0.0000 +0.0000 +0.0000 +0.0000 +0.0000 +0.0000 +0.0000 +0.0000 +0.0000 +0.0000 +0.0000 ;
+0.0000 +0.0000 +0.0000 +0.0000 +0.0000 +0.0000 +0.0000 +0.0000 +0.0000 +0.0000 +0.0000 +0.0000 +0.0000 +0.0000 +0.0000 +0.0000 +0.0000 +0.0000 +0.0000 +0.0000 +0.0000 +0.0000 +0.0000 +0.0000 +0.0000 +0.0000 +0.0000 +0.0000 +0.0000 +0.0000 +0.0000 +0.0000 +0.0000 +0.0000 +0.0000 +0.0000 +0.0000 +0.0000 +0.0000 +0.0000 +0.0000 +0.0000 +0.0000 +0.0000 +0.0000 +0.0000 +0.0000 +0.0000 +0.0000 +0.0000 +0.0000 +0.0000 +0.0000 +0.0000 +0.0000 +0.0000 +0.0000 +0.0000 +0.0000 +0.0000 +0.0000 +0.0000 +0.0000 +0.0000 +0.0000 ;
+0.0000 +0.0000 +0.0000 +0.0000 +0.0000 +0.0000 +0.0000 +0.0000 +0.0000 +0.0000 +0.0000 +0.0000 +0.0000 +0.0000 +0.0000 +0.0000 +0.0000 +0.0000 +0.0000 +0.0000 +0.0000 +0.0000 +0.0000 +0.0000 +0.0000 +0.0000 +0.0000 +0.0000 +0.0000 +0.0000 +0.0000 +0.0000 +0.0000 +0.0000 +0.0000 +0.0000 +0.0000 +0.0000 +0.0000 +0.0000 +0.0000 +0.0000 +0.0000 +0.0000 +0.0000 +0.0000 +0.0000 +0.0000 +0.0000 +0.0000 +0.0000 +0.0000 +0.0000 +0.0000 +0.0000 +0.0000 +0.0000 +0.0000 +0.0000 +0.0000 +0.0000 +0.0000 +0.0000 +0.0000 +0.0000 ;
+0.0000 +0.0000 +0.0000 +0.0000 +0.0000 +0.0000 +0.0000 +0.0000 +0.0000 +0.0000 +0.0000 +0.0000 +0.0000 +0.0000 +0.0000 +0.0000 +0.0000 +0.0000 +0.0000 +0.0000 +0.0000 +0.0000 +0.0000 +0.0000 +0.0000 +0.0000 +0.0000 +0.0000 +0.0000 +0.0000 +0.0000 +0.0000 +0.0000 +0.0000 +0.0000 +0.0000 +0.0000 +0.0000 +0.0000 +0.0000 +0.0000 +0.0000 +0.0000 +0.0000 +0.0000 +0.0000 +0.0000 +0.0000 +0.0000 +0.0000 +0.0000 +0.0000 +0.0000 +0.0000 +0.0000 +0.0000 +0.0000 +0.0000 +0.0000 +0.0000 +0.0000 +0.0000 +0.0000 +0.0000 +0.0000 ;
+0.0000 +0.0000 +0.0000 +0.0000 +0.0000 +0.0000 +0.0000 +0.0000 +0.0000 +0.0000 +0.0000 +0.0000 +0.0000 +0.0000 +0.0000 +0.0000 +0.0000 +0.0000 +0.0000 +0.0000 +0.0000 +0.0000 +0.0000 +0.0000 +0.0000 +0.0000 +0.0000 +0.0000 +0.0000 +0.0000 +0.0000 +0.0000 +0.0000 +0.0000 +0.0000 +0.0000 +0.0000 +0.0000 +0.0000 +0.0000 +0.0000 +0.0000 +0.0000 +0.0000 +0.0000 +0.0000 +0.0000 +0.0000 +0.0000 +0.0000 +0.0000 +0.0000 +0.0000 +0.0000 +0.0000 +0.0000 +0.0000 +0.0000 +0.0000 +0.0000 +0.0000 +0.0000 +0.0000 +0.0000 +0.0000 ;
+0.0000 +0.0000 +0.0000 +0.0000 +0.0000 +0.0000 +0.0000 +0.0000 +0.0000 +0.0000 +0.0000 +0.0000 +0.0000 +0.0000 +0.0000 +0.0000 +0.0000 +0.0000 +0.0000 +0.0000 +0.0000 +0.0000 +0.0000 +0.0000 +0.0000 +0.0000 +0.0000 +0.0000 +0.0000 +0.0000 +0.0000 +0.0000 +0.0000 +0.0000 +0.0000 +0.0000 +0.0000 +0.0000 +0.0000 +0.0000 +0.0000 +0.0000 +0.0000 +0.0000 +0.0000 +0.0000 +0.0000 +0.0000 +0.0000 +0.0000 +0.0000 +0.0000 +0.0000 +0.0000 +0.0000 +0.0000 +0.0000 +0.0000 +0.0000 +0.0000 +0.0000 +0.0000 +0.0000 +0.0000 +0.0000 ;
+0.0000 +0.0000 +0.0000 +0.0000 +0.0000 +0.0000 +0.0000 +0.0000 +0.0000 +0.0000 +0.0000 +0.0000 +0.0000 +0.0000 +0.0000 +0.0000 +0.0000 +0.0000 +0.0000 +0.0000 +0.0000 +0.0000 +0.0000 +0.0000 +0.0000 +0.0000 +0.0000 +0.0000 +0.0000 +0.0000 +0.0000 +0.0000 +0.0000 +0.0000 +0.0000 +0.0000 +0.0000 +0.0000 +0.0000 +0.0000 +0.0000 +0.0000 +0.0000 +0.0000 +0.0000 +0.0000 +0.0000 +0.0000 +0.0000 +0.0000 +0.0000 +0.0000 +0.0000 +0.0000 +0.0000 +0.0000 +0.0000 +0.0000 +0.0000 +0.0000 +0.0000 +0.0000 +0.0000 +0.0000 +0.0000 ;
+0.0000 +0.0000 +0.0000 +0.0000 +0.0000 +0.0000 +0.0000 +0.0000 +0.0000 +0.0000 +0.0000 +0.0000 +0.0000 +0.0000 +0.0000 +0.0000 +0.0000 +0.0000 +0.0000 +0.0000 +0.0000 +0.0000 +0.0000 +0.0000 +0.0000 +0.0000 +0.0000 +0.0000 +0.0000 +0.0000 +0.0000 +0.0000 +0.0000 +0.0000 +0.0000 +0.0000 +0.0000 +0.0000 +0.0000 +0.0000 +0.0000 +0.0000 +0.0000 +0.0000 +0.0000 +0.0000 +0.0000 +0.0000 +0.0000 +0.0000 +0.0000 +0.0000 +0.0000 +0.0000 +0.0000 +0.0000 +0.0000 +0.0000 +0.0000 +0.0000 +0.0000 +0.0000 +0.0000 +0.0000 +0.0000 ;
+0.0000 +0.0000 +0.0000 +0.0000 +0.0000 +0.0000 +0.0000 +0.0000 +0.0000 +0.0000 +0.0000 +0.0000 +0.0000 +0.0000 +0.0000 +0.0000 +0.0000 +0.0000 +0.0000 +0.0000 +0.0000 +0.0000 +0.0000 +0.0000 +0.0000 +0.0000 +0.0000 +0.0000 +0.0000 +0.0000 +0.0000 +0.0000 +0.0000 +0.0000 +0.0000 +0.0000 +0.0000 +0.0000 +0.0000 +0.0000 +0.0000 +0.0000 +0.0000 +0.0000 +0.0000 +0.0000 +0.0000 +0.0000 +0.0000 +0.0000 +0.0000 +0.0000 +0.0000 +0.0000 +0.0000 +0.0000 +0.0000 +0.0000 +0.0000 +0.0000 +0.0000 +0.0000 +0.0000 +0.0000 +0.0000 ;
-0.0078 +0.0171 -0.0083 +0.1035 -0.0902 +0.0874 +0.2319 +0.1825 +0.1200 +0.0972 +0.0382 +0.0678 +0.1770 +0.1150 +0.1344 -0.0412 -0.0856 +0.2028 +0.1681 -0.1937 -0.1556 +0.0405 +0.1257 +0.0973 +0.1362 +0.0105 +0.0000 -0.1062 +0.0000 +0.0000 +0.0000 +0.0000 +0.0000 +0.0000 +0.0000 +0.0000 +0.1339 +0.1354 +0.1740 +0.0058 +0.0282 +0.2475 +0.0000 +0.0000 +0.0000 +0.0000 +0.0000 +0.0640 +0.0893 +0.0000 +0.0000 +0.0000 +0.0000 +0.0000 +0.0000 +0.0000 +0.0000 +0.0000 +0.0000 +0.0000 -0.0000 -0.0244 +0.0000 +0.0000 +0.5574 ;
-0.1398 -0.1125 -0.1521 +0.1420 +0.0891 +0.0934 +0.0116 -0.0179 +0.0531 +0.0201 +0.0019 +0.0000 +0.0000 -0.1038 +0.1004 -0.1832 +0.0595 +0.0617 +0.0684 +0.1652 +0.1981 +0.1194 +0.2018 +0.1008 +0.1268 +0.0700 +0.0000 +0.0328 +0.0000 +0.0000 +0.0000 +0.0000 +0.0000 +0.0000 -0.2488 +0.0000 +0.1140 -0.0765 +0.1680 -0.0000 +0.0719 +0.0000 -0.0428 +0.0000 +0.0000 +0.0000 +0.0000 +0.0000 +0.0000 +0.0000 +0.0000 +0.0000 +0.0000 +0.0000 +0.0000 +0.0000 +0.0000 +0.0000 +0.0000 +0.0000 +0.0000 +0.0000 +0.0000 +0.0000 +0.5202 ;
-0.0732 +0.0000 +0.1025 -0.1118 +0.0305 -0.1135 -0.1956 -0.0576 +0.0000 +0.0000 +0.0000 +0.0000 +0.0000 +0.1218 +0.1017 +0.0360 +0.2266 -0.1791 +0.0000 +0.0000 +0.0000 -0.2162 +0.0000 +0.0000 +0.0000 +0.0000 -0.0064 +0.1609 +0.1238 +0.1942 +0.0000 +0.1918 +0.0000 +0.0000 +0.0000 +0.0000 +0.0000 -0.0755 +0.0606 +0.0000 +0.1300 +0.0000 -0.0000 -0.0480 +0.0000 +0.0000 +0.0000 +0.1473 +0.0000 +0.0000 +0.0000 +0.0000 +0.0000 +0.0000 +0.0000 +0.0000 +0.0000 +0.0000 +0.0000 +0.0000 -0.0811 -0.1064 -0.1142 +0.0000 +0.1529 ;
-0.0785 +0.0959 +0.1353 +0.0839 -0.1424 +0.1940 +0.2541 +0.0758 +0.1758 +0.0674 +0.0000 +0.0000 -0.0621 -0.1052 -0.1532 -0.2147 +0.0347 +0.0293 +0.2697 +0.2446 +0.1186 +0.2138 +0.2793 +0.2486 +0.1210 +0.1454 +0.0918 +0.0898 -0.0412 +0.0341 -0.0747 -0.2392 +0.0000 +0.1229 +0.0000 -0.1572 -0.2155 +0.0000 -0.0140 +0.0000 -0.0714 +0.2394 +0.0000 -0.2933 +0.0000 +0.0000 +0.0000 +0.1011 +0.2998 +0.2052 +0.1659 +0.0000 +0.0000 +0.0000 +0.0000 +0.0000 +0.0000 +0.0000 +0.0000 +0.0000 -0.0642 -0.1377 -0.0856 -0.2711 -0.5226 ;
-0.2038 -0.0353 -0.0113 +0.0000 -0.0730 -0.0211 -0.0117 -0.0822 +0.0000 +0.0000 -0.0417 -0.1050 +0.0000 -0.0831 +0.0378 +0.0072 -0.1360 -0.1268 -0.1199 -0.0418 -0.1852 -0.1674 +0.0000 +0.0000 +0.0000 +0.0000 +0.0000 -0.0495 -0.0800 -0.1858 +0.0397 -0.1383 -0.0647 +0.0000 -0.0136 +0.0000 +0.2481 +0.1515 +0.0000 -0.1316 +0.0700 +0.0000 -0.0629 -0.2004 -0.0894 -0.0671 +0.0000 +0.2031 +0.2263 +0.0000 +0.1833 +0.0000 +0.0702 +0.1209 +0.0000 +0.0698 +0.0547 +0.0528 +0.0000 +0.1956 -0.2341 -0.0278 -0.1627 +0.0000 +0.5318 ;
+0.0000 +0.0000 +0.0953 +0.0371 +0.0542 +0.0390 +0.1373 -0.0724 +0.2451 +0.0000 +0.0000 +0.0000 +0.0000 +0.0000 -0.2190 +0.0000 -0.1420 -0.2341 -0.2115 -0.1746 +0.0000 -0.1353 -0.2767 -0.2821 +0.0000 -0.2692 +0.0000 -0.0650 +0.0328 +0.1839 +0.0000 +0.0000 +0.0000 +0.0000 -0.0000 +0.0000 -0.0000 +0.0219 +0.1817 +0.0000 +0.2530 +0.0136 -0.2680 -0.2430 +0.0000 +0.0000 +0.0000 +0.3304 +0.4068 +0.2201 +0.3421 +0.3320 +0.0000 +0.0000 +0.0000 +0.0000 +0.0000 +0.0000 +0.0000 +0.0000 -0.1361 -0.3042 +0.0000 +0.0000 -0.6076 ;
-0.1542 +0.0000 +0.0224 +0.1669 -0.0067 +0.0219 -0.1386 +0.1111 -0.1227 -0.1254 +0.1059 -0.0658 -0.2284 +0.0215 +0.0234 -0.0988 -0.0441 -0.0686 -0.0167 -0.1778 -0.1082 +0.0000 +0.0000 +0.0000 +0.0000 +0.0000 +0.0000 +0.0000 +0.1287 -0.2265 +0.0000 -0.0054 -0.0688 +0.2259 -0.0233 +0.0510 +0.0847 +0.0000 -0.0656 -0.2729 +0.0000 +0.1729 -0.2064 +0.0000 +0.0000 +0.0000 +0.0000 +0.2156 +0.2750 +0.1294 +0.2247 +0.1160 +0.1522 +0.1616 +0.2311 +0.2132 +0.2338 +0.3093 +0.0000 +0.0000 -0.0969 +0.0000 +0.0000 +0.0000 -0.0902 ;
+0.0000 -0.0831 +0.0000 -0.0140 -0.0136 +0.0578 -0.1052 +0.1110 +0.1941 +0.0437 +0.1078 +0.0032 -0.0694 +0.0529 -0.0952 -0.0934 +0.1960 +0.2238 +0.0751 +0.2716 +0.1012 +0.2694 +0.1002 +0.0000 +0.0000 +0.0000 +0.0000 +0.1243 +0.0294 +0.1398 +0.0000 +0.0000 +0.0000 +0.0000 -0.0309 +0.0171 +0.0194 +0.0000 +0.2196 +0.0364 -0.0195 +0.0000 -0.2198 -0.0182 -0.0574 +0.0000 +0.0000 +0.0000 +0.0000 +0.0000 +0.0000 +0.0000 +0.0000 +0.0000 +0.0000 +0.0000 +0.0000 +0.0000 +0.0000 +0.0000 -0.1406 -0.0480 +0.0000 +0.0000 -0.5127 ;
+0.0000 +0.0000 +0.1111 +0.1725 +0.0098 +0.0669 +0.1246 +0.0182 +0.0356 +0.0101 +0.0569 -0.0574 +0.0000 -0.1839 +0.0000 -0.2331 -0.0703 -0.2204 +0.0335 +0.2076 -0.2696 -0.1028 -0.0558 -0.0922 -0.1446 +0.1755 +0.2465 +0.0475 -0.0043 -0.0154 +0.0385 +0.0609 +0.1058 +0.0000 +0.0000 +0.0000 +0.0000 +0.0000 +0.0000 +0.0000 +0.0000 +0.0000 +0.0000 -0.2662 -0.2977 -0.2498 +0.0000 +0.1137 +0.0000 +0.0000 +0.0000 +0.0000 +0.0000 +0.0000 +0.0000 +0.0000 +0.0000 +0.0000 +0.0000 +0.0000 -0.2783 -0.1469 -0.3235 +0.0000 -0.5127 ;
+0.0000 +0.0000 +0.0093 +0.1257 +0.0659 +0.1571 +0.0409 -0.0635 +0.1330 -0.0546 -0.0441 -0.0274 -0.2023 -0.0751 -0.0735 -0.2182 +0.1838 -0.0680 -0.0047 -0.0238 +0.0962 -0.2748 -0.1620 -0.1976 -0.1238 +0.0000 +0.0000 +0.1115 +0.1474 +0.1966 +0.0443 +0.1582 +0.0831 +0.0000 +0.0094 +0.0922 -0.0418 +0.1213 -0.0188 -0.1313 -0.1816 +0.2225 -0.2169 +0.0000 -0.1229 -0.3216 +0.0000 +0.0000 +0.0000 +0.1772 +0.0000 +0.0000 +0.0000 +0.0000 +0.0000 +0.0000 +0.0000 +0.0000 +0.0000 +0.0000 -0.1630 -0.2424 -0.0727 -0.0860 -0.5127 ;
+0.0000 +0.0000 -0.1401 -0.0102 +0.1042 +0.0488 +0.0783 -0.0209 +0.1977 -0.0743 -0.2223 -0.1267 -0.1658 -0.1709 +0.0909 +0.0045 -0.0428 -0.1643 -0.0649 -0.0704 -0.0627 +0.1549 +0.1674 -0.2421 -0.0938 +0.0000 +0.0000 +0.1372 +0.1065 +0.2134 +0.1028 +0.2421 +0.1465 +0.0000 -0.0000 +0.0000 +0.0000 -0.0662 -0.1153 -0.0999 -0.3072 +0.1862 -0.3405 -0.2544 +0.0000 -0.2207 +0.0000 +0.0000 +0.0000 +0.0000 +0.0000 +0.1604 +0.0000 +0.0000 +0.0000 +0.0000 +0.0000 +0.0000 +0.0000 +0.0000 -0.3627 -0.2686 -0.1729 -0.2474 -0.5127 ;
+0.0000 +0.0000 -0.0406 -0.1246 +0.1072 +0.0609 -0.1061 -0.0575 +0.1283 +0.1321 -0.1245 -0.0965 +0.2132 +0.0000 +0.0000 +0.0809 -0.1530 -0.2165 -0.1694 +0.1301 -0.0962 -0.1601 -0.1180 +0.0557 -0.1131 +0.1888 -0.1314 +0.0000 +0.2415 -0.0918 -0.1006 -0.1362 +0.1584 +0.2120 -0.0000 +0.0000 -0.0017 +0.1439 -0.0657 -0.3075 -0.0900 +0.2046 +0.0000 -0.2630 -0.3569 +0.0000 -0.3307 +0.0000 +0.0000 +0.0000 +0.0000 +0.0000 +0.0000 +0.0000 +0.2262 +0.0000 +0.0000 +0.0000 +0.0000 +0.0000 -0.2392 -0.3360 -0.1536 -0.1785 -0.5127 ;
-0.0837 +0.2119 -0.0516 +0.0380 -0.0271 +0.0330 -0.1666 -0.0374 +0.0388 +0.1531 +0.0585 -0.0601 +0.1044 +0.0000 +0.2048 -0.0956 +0.2407 -0.2037 -0.2422 -0.2560 -0.1701 +0.0356 -0.2269 -0.0588 +0.1472 +0.0461 -0.0851 +0.0000 +0.0795 +0.2307 -0.1891 -0.0803 -0.0324 +0.0602 +0.0421 +0.0000 +0.1168 +0.1130 +0.1406 -0.1457 +0.0414 +0.2358 +0.0000 +0.0000 -0.3102 -0.1630 -0.1103 +0.0000 +0.0000 +0.0000 +0.0000 +0.0000 +0.0000 +0.0000 +0.0000 +0.0000 +0.2222 +0.0000 +0.0000 +0.0000 -0.1575 -0.1341 -0.2548 -0.2886 -0.5127 ;
+0.0000 +0.0000 +0.0694 -0.1876 +0.0206 +0.2445 +0.1769 +0.0000 +0.0000 +0.0000 +0.0000 -0.1505 -0.1668 -0.2659 +0.0979 -0.1264 +0.2273 -0.1619 -0.0131 -0.1595 -0.2927 -0.1035 +0.0000 +0.0000 +0.0000 +0.0000 +0.0000 +0.0635 +0.0715 +0.0364 -0.2237 +0.1186 +0.0218 +0.0000 +0.0000 +0.0000 +0.0000 +0.0000 -0.2070 +0.0000 +0.0000 +0.0000 -0.3046 -0.2964 -0.3470 +0.0000 +0.0000 +0.0000 +0.0000 +0.0000 +0.0000 +0.0000 +0.0000 +0.0000 +0.0000 +0.0000 +0.0000 +0.0000 +0.3262 +0.2458 +0.0000 +0.0000 +0.0000 +0.0000 -0.5916 ;
-0.2480 +0.0000 -0.0453 -0.0570 +0.2214 +0.1512 +0.1679 +0.0000 +0.0000 -0.1334 +0.0000 -0.2100 +0.0000 +0.0340 +0.0962 -0.0411 +0.0000 -0.0561 +0.0515 -0.2036 -0.1310 -0.3245 +0.0000 +0.0000 +0.0000 +0.0000 +0.0000 -0.0112 -0.0398 -0.0936 +0.0121 +0.2154 +0.0806 +0.0000 +0.0000 -0.0236 +0.0210 +0.2555 -0.1959 +0.0000 -0.0197 +0.0000 -0.2820 -0.1691 -0.1651 -0.1875 +0.0000 +0.3542 +0.1631 +0.0000 +0.0000 +0.0000 +0.0000 +0.0000 +0.0000 +0.0000 +0.0000 +0.0000 +0.0000 +0.2503 -0.0990 +0.0000 +0.0000 +0.0000 -0.5916 ;
-0.0058 +0.0000 +0.0585 +0.0490 +0.0452 +0.2166 +0.2225 -0.2193 -0.1757 +0.0000 +0.0000 +0.0000 -0.3929 +0.0755 +0.2255 -0.0116 +0.2051 +0.0570 -0.2631 -0.2769 -0.0998 -0.1019 -0.1170 +0.0000 +0.0000 +0.0000 -0.2272 +0.0000 +0.0706 +0.1523 -0.0369 +0.0968 +0.0000 +0.0863 +0.0000 -0.0374 +0.0016 -0.2236 -0.1774 +0.0989 -0.2382 +0.0000 -0.2543 -0.2982 -0.2554 -0.3092 +0.0000 +0.2241 +0.2579 +0.0000 +0.0000 +0.0000 +0.2356 +0.0000 +0.0000 +0.0000 +0.0000 +0.0000 +0.0000 +0.0000 +0.0000 -0.1288 +0.0000 +0.0000 -0.5916 ;
-0.2235 +0.0000 +0.2289 +0.0869 -0.0961 +0.0475 -0.2143 -0.2063 +0.0000 +0.0000 +0.0000 +0.0000 +0.0000 -0.0909 +0.0803 -0.0004 +0.1778 +0.1390 -0.1472 -0.1108 -0.1583 -0.2294 +0.0000 +0.0000 +0.0000 +0.0000 +0.0000 -0.2419 +0.0048 -0.1432 +0.0731 +0.2066 +0.2653 +0.0723 +0.1800 -0.0000 +0.0883 +0.2583 -0.0413 +0.0000 -0.1110 +0.1644 -0.2293 +0.0000 -0.2692 -0.3017 -0.1943 +0.0000 +0.0000 +0.1916 +0.0000 +0.1906 +0.1717 +0.0000 +0.0000 +0.0000 +0.0000 +0.0000 +0.0000 +0.0000 +0.0000 +0.0000 -0.1043 +0.0000 -0.5916 ;
-0.2433 +0.2123 -0.0438 +0.1205 -0.1786 -0.0344 -0.1894 +0.0000 +0.0000 +0.0000 +0.0000 +0.0000 +0.0000 -0.0768 -0.1003 -0.0141 +0.0494 +0.1430 +0.0120 -0.1838 -0.2095 -0.3100 +0.0000 +0.0000 +0.0000 +0.0000 +0.0000 +0.0875 +0.2075 -0.0388 +0.2738 +0.1321 -0.0319 +0.0000 +0.0000 +0.0000 +0.0000 +0.3117 -0.1119 +0.0000 -0.2523 +0.0000 -0.3700 -0.3196 -0.1501 +0.0000 +0.0000 +0.0000 +0.0000 +0.2523 +0.0000 +0.0000 +0.0000 +0.0000 +0.4027 +0.0000 +0.0000 +0.0000 +0.0000 +0.0000 +0.0000 +0.0000 +0.0000 +0.0000 -0.5916 ;
-0.0048 +0.0000 +0.0000 +0.0686 +0.0163 +0.0726 +0.0223 +0.2344 -0.2590 -0.1349 +0.0000 +0.0000 +0.0000 +0.0000 -0.2713 +0.1227 -0.0484 +0.1669 -0.0767 -0.1028 -0.2219 -0.2813 +0.0000 +0.0000 +0.0000 +0.0000 +0.0000 +0.0940 +0.0946 +0.0346 +0.2159 +0.1393 +0.0000 +0.0000 +0.0000 -0.0000 +0.1321 -0.2868 -0.0278 +0.0114 -0.0154 +0.0000 -0.1881 -0.1518 -0.1578 -0.2658 +0.0000 +0.0000 +0.0000 +0.0000 +0.1908 +0.2759 +0.0000 +0.2865 +0.0000 +0.0000 +0.0000 +0.0000 +0.0000 +0.0000 +0.0000 -0.1762 +0.0000 +0.0000 -0.5916 ;
-0.1638 -0.1481 +0.0000 +0.0000 -0.0935 -0.1459 -0.0016 -0.1987 +0.0872 +0.0000 +0.0000 +0.0000 -0.3903 -0.2685 -0.1744 +0.0000 -0.0499 +0.2060 +0.1490 -0.0613 +0.0608 +0.0053 -0.2324 -0.2145 +0.0000 +0.0000 +0.0000 +0.0933 -0.2406 +0.0753 +0.0745 +0.0945 +0.0582 +0.2764 -0.0202 -0.0000 +0.0000 +0.1295 -0.2440 -0.4491 -0.1114 +0.0754 -0.3365 -0.2591 -0.3052 -0.2594 +0.0000 +0.0000 +0.0000 +0.0000 +0.0000 +0.3532 +0.1677 +0.0000 +0.2988 +0.0000 +0.0000 +0.0000 +0.0000 +0.0000 +0.0000 +0.0000 -0.1143 +0.0000 -0.5916 ;
-0.0057 +0.0000 -0.1282 +0.0000 +0.0000 -0.1626 -0.2370 -0.1080 +0.0222 +0.1901 +0.0000 +0.0000 +0.0000 +0.0000 +0.0000 +0.0000 -0.1400 -0.2152 -0.0378 +0.1877 +0.0126 +0.0800 +0.0349 -0.2820 -0.3312 +0.0000 +0.0000 +0.0000 +0.1780 +0.2131 -0.0723 +0.1229 +0.0690 +0.0000 +0.0000 -0.0000 -0.1964 -0.2532 -0.1204 +0.1640 -0.0722 +0.0000 -0.1451 -0.1228 -0.2239 -0.3129 +0.0000 +0.0000 +0.0000 +0.0000 +0.3352 +0.0000 +0.2213 +0.3204 +0.0000 +0.0000 +0.0000 +0.0000 +0.0000 +0.0000 +0.0000 -0.2363 +0.0000 +0.0000 -0.5916 ;
-0.0118 +0.0667 +0.0000 +0.0000 +0.0000 +0.0007 -0.1254 +0.0448 +0.0402 +0.1133 -0.1440 -0.3737 -0.2129 +0.0000 +0.0000 +0.0000 +0.0000 +0.1167 -0.2871 -0.2274 -0.0198 +0.2070 -0.0976 +0.0000 -0.1488 +0.1391 -0.1780 +0.0000 -0.0031 -0.0339 -0.0552 +0.0906 -0.0300 +0.0000 +0.0000 +0.0000 +0.0010 +0.2768 -0.1422 +0.0000 -0.1237 +0.0000 +0.0000 -0.1386 -0.3650 -0.3193 +0.0000 +0.0000 +0.0000 +0.0000 +0.0000 +0.0000 +0.0000 +0.0000 +0.0000 +0.0000 +0.2882 +0.2619 +0.0000 +0.0000 +0.0000 +0.0000 +0.0000 +0.0000 -0.5916 ;
-0.0091 +0.0000 +0.0000 -0.1158 +0.0000 +0.0000 +0.0000 +0.2335 +0.2290 +0.0559 +0.0868 -0.3617 -0.1593 +0.0000 +0.0000 +0.0000 +0.0000 +0.0000 -0.1921 -0.1611 -0.1476 +0.0302 +0.1655 +0.0640 -0.1000 -0.1882 -0.3721 +0.0000 -0.2342 -0.1186 -0.0249 +0.1248 +0.2564 +0.2340 +0.0389 -0.0827 +0.0924 +0.2408 -0.0717 +0.0000 +0.1570 +0.1946 +0.0000 -0.0894 -0.1377 -0.2022 -0.1567 +0.0000 +0.0000 +0.0000 +0.0000 +0.0000 +0.0000 +0.0000 +0.2829 +0.2475 +0.0000 +0.2283 +0.0000 +0.0000 +0.0000 +0.0000 -0.2319 +0.0000 -0.5916 ;
-0.0059 +0.0000 +0.0000 +0.0000 +0.0000 +0.0000 +0.0000 -0.1253 -0.2218 -0.2003 -0.0169 -0.2935 +0.0275 +0.0000 +0.0000 +0.0000 +0.0000 +0.0000 -0.1696 -0.2043 -0.1044 +0.0676 +0.0524 -0.1831 -0.0436 -0.0536 -0.2803 +0.0000 +0.1209 +0.1935 -0.1383 +0.0009 +0.2447 -0.1102 +0.0000 -0.0000 +0.0932 -0.1083 -0.2281 +0.1231 -0.1758 +0.0000 +0.0000 -0.2477 -0.2263 -0.2296 -0.2651 +0.0000 +0.0000 +0.0000 +0.0000 +0.0000 +0.0000 +0.0000 +0.0000 +0.4158 +0.0000 +0.0000 +0.2815 +0.2911 +0.0000 +0.0000 +0.0000 -0.2727 -0.5916 ;
-0.2267 +0.0000 -0.2133 +0.0000 -0.1089 +0.0000 -0.1097 +0.0000 +0.0000 -0.0386 +0.2244 +0.2170 +0.0184 +0.0000 +0.0000 +0.0000 +0.0000 +0.0000 +0.0000 -0.1435 -0.3391 -0.1587 +0.2204 -0.0914 +0.0394 +0.0715 +0.0252 +0.0000 +0.0000 +0.0730 -0.0738 +0.1590 -0.0146 +0.1667 +0.0000 -0.0000 +0.0927 +0.2354 -0.0525 +0.0000 +0.0148 +0.0000 +0.0000 -0.2802 -0.3682 -0.2182 -0.3468 +0.0000 +0.0000 +0.0000 +0.0000 +0.0000 +0.0000 +0.0000 +0.0000 +0.2532 +0.1554 +0.2567 +0.0000 +0.0000 +0.0000 +0.0000 +0.0000 -0.2465 -0.5916 ;
-0.0656 -0.0275 +0.0000 -0.1362 -0.1255 -0.2062 +0.0000 +0.0000 +0.1208 -0.2016 +0.2355 +0.1227 -0.1292 +0.0000 +0.0000 +0.0000 +0.0000 -0.0911 -0.2244 -0.1440 -0.2662 -0.2089 -0.1282 +0.0241 +0.1626 +0.2787 +0.1799 -0.1228 +0.1792 +0.1281 -0.1539 +0.1320 +0.1528 +0.2736 +0.0389 -0.0393 -0.1155 +0.0679 +0.0111 -0.1249 -0.1934 +0.2126 +0.0000 -0.1237 -0.1540 -0.2843 -0.1491 +0.0000 +0.0000 +0.0000 +0.0000 +0.0000 +0.0000 +0.0000 +0.0000 +0.0000 +0.2597 +0.0000 +0.2215 +0.1629 +0.0000 -0.0636 +0.0000 +0.0000 -0.5916 ;
+0.0000 +0.0000 -0.0110 -0.0837 +0.1902 -0.0173 +0.1175 -0.0302 +0.1590 +0.2466 +0.3177 +0.3163 -0.1139 -0.0183 -0.1733 -0.0502 +0.1354 +0.3181 +0.2402 +0.3353 +0.2032 +0.1815 +0.0000 +0.0000 +0.0000 +0.0000 +0.0000 +0.1358 -0.1717 -0.2011 +0.1867 -0.1974 -0.1602 +0.0000 +0.0000 +0.0000 +0.0000 +0.0000 -0.0507 +0.0000 -0.1429 +0.0000 -0.1326 +0.0000 +0.0000 +0.0000 +0.0000 +0.1249 +0.0000 +0.0000 +0.0000 +0.0000 +0.0000 +0.0000 +0.0000 +0.0000 +0.0000 +0.0000 +0.0000 +0.0000 +0.0000 -0.0388 -0.2585 +0.0000 -0.5916 ;
-0.0048 +0.2157 +0.1542 +0.0247 +0.0218 -0.1362 +0.0694 +0.1631 +0.0248 -0.0842 +0.1096 +0.2922 +0.2462 -0.0893 +0.0544 +0.0728 +0.2736 +0.3216 +0.2586 +0.0963 +0.1798 +0.2936 +0.0000 +0.0000 +0.0000 +0.0000 +0.0000 +0.0857 +0.2838 -0.0706 +0.2185 -0.1656 +0.0732 -0.2032 -0.1126 +0.0239 -0.1643 +0.1889 -0.1793 +0.1615 -0.2290 +0.0000 -0.2253 -0.0874 +0.0000 +0.0000 +0.0000 +0.0000 +0.0000 +0.0000 +0.0391 +0.0620 +0.0000 +0.0000 +0.0000 +0.0000 +0.0000 +0.0000 +0.0000 +0.0000 -0.0357 -0.0114 -0.2171 +0.0000 -0.5916 ;
+0.0000 +0.0561 +0.1010 +0.2277 -0.0482 -0.1096 +0.0603 +0.1551 +0.1112 +0.2446 +0.1430 +0.0478 -0.0341 +0.0000 +0.0000 +0.1165 +0.1235 +0.2176 +0.1463 +0.2174 +0.1507 -0.0776 +0.3093 +0.3287 +0.0000 +0.0000 +0.0000 +0.0000 +0.2525 +0.0140 +0.0177 +0.1519 -0.0473 -0.2459 -0.0396 +0.0000 +0.0000 +0.1512 -0.1972 +0.0000 -0.2623 +0.0000 +0.0000 +0.0000 -0.0400 +0.0000 +0.0000 +0.0000 +0.0000 +0.0000 +0.0000 +0.0000 +0.0435 +0.0000 +0.0000 +0.0250 +0.0000 +0.0000 +0.0000 +0.0000 +0.0000 -0.1585 -0.0097 -0.1386 -0.5916 ;
-0.0901 -0.1038 +0.1594 +0.0971 +0.0843 +0.2378 +0.1927 +0.0050 +0.1540 -0.0214 +0.0318 +0.3050 +0.2453 +0.0000 +0.0000 +0.0000 +0.0000 +0.0000 +0.2021 +0.2335 +0.1809 +0.2618 -0.0748 +0.1446 -0.0694 -0.0105 +0.2619 +0.0000 -0.0488 -0.2235 -0.1446 -0.0381 +0.0596 -0.0772 +0.0352 +0.0698 -0.0285 -0.1464 +0.1172 +0.0287 -0.0915 +0.2001 +0.0000 +0.0000 -0.1664 -0.1217 +0.0000 +0.0000 +0.0000 +0.0000 +0.0000 +0.0000 +0.0000 +0.0000 +0.0000 +0.1817 +0.1630 +0.0000 +0.0000 +0.0000 -0.0109 -0.0925 -0.1990 +0.0000 -0.5916 ;
+0.0000 +0.0000 +0.0000 +0.0000 +0.0000 +0.0000 +0.0000 +0.0000 +0.0000 +0.0000 +0.0000 +0.0000 +0.0000 +0.0000 +0.0000 +0.0000 +0.0000 +0.0000 +0.0000 +0.0000 +0.0000 +0.0000 +0.0000 +0.0000 +0.0000 +0.0000 +0.0000 +0.0000 +0.0000 +0.0000 +0.0000 +0.0000 +0.0000 +0.0000 +0.0000 +0.0000 +0.0000 +0.0000 +0.0000 +0.0000 +0.0000 +0.0000 +0.0000 +0.0000 +0.0000 +0.0000 +0.0000 +0.0000 +0.0000 +0.0000 +0.0000 +0.0000 +0.0000 +0.0000 +0.0000 +0.0000 +0.0000 +0.0000 +0.0000 +0.0000 +0.0000 +0.0000 +0.0000 +0.0000 +0.0000 ;
