brainFunction 22901 71 28 2340 24804 2-13 14-23 24-27
0 0.475021
1 0.531707
2 0.757219
3 0.223173
4 0.635651
5 0.436007
6 0.770053
7 0.63672
8 0.498396
9 0.130481
10 0.205348
11 0.432799
12 0.545455
13 0.482709
14 0.393226
15 0.649911
16 0.57754
17 0.573262
18 0.702674
19 0.502674
20 0.431016
21 0.436007
22 0.34082
23 0.396435
24 0.467736
25 0.557576
26 0.572549
27 0.362923
28 0.936477
29 0.975646
30 0.00974191
31 0.72645
32 0.196848
33 0.0177188
34 0.0824682
35 0.0475165
36 0.0293267
37 0.0395999
38 0.145022
39 0.0128065
40 0.0272239
41 0.0649184
42 0.0325674
43 0.0397174
44 0.397729
45 0.345091
46 0.544031
47 0.595574
48 0.726959
49 0.335512
50 0.462728
51 0.479397
52 0.76286
53 0.494512
54 0.449524
55 0.520254
56 0.398289
57 0.0147427
58 0.0395634
59 0.0207132
60 0.0249827
61 0.0283478
62 0.0119457
63 0.0263674
64 0.177702
65 0.00709123
66 0.0778952
67 0.0461213
68 0.0436304
69 0.0866928
70 0.163245
0 0.467209
1 0.475508
2 0.164706
3 0.164706
4 0.164706
5 0.164706
6 0.164706
7 0.164706
8 0.164706
9 0.164706
10 0.164706
11 0.164706
12 0.164706
13 0.164706
14 0.52549
15 0.52549
16 0.52549
17 0.52549
18 0.52549
19 0.52549
20 0.52549
21 0.52549
22 0.52549
23 0.52549
24 0.686275
25 0.686275
26 0.686275
27 0.686275
28 0.801058
29 0.902909
30 0.00465849
31 0.708124
32 0.0494929
33 0.0163331
34 0.0144994
35 0.0306101
36 0.0157567
37 0.0136104
38 0.0351387
39 0.0130204
40 0.0189133
41 0.0219153
42 0.0239944
43 0.013824
44 0.144389
45 0.067221
46 0.0564675
47 0.24585
48 0.198058
49 0.0425683
50 0.225137
51 0.179768
52 0.228459
53 0.309084
54 0.16245
55 0.34994
56 0.241719
57 0.0284753
58 0.0620574
59 0.0246539
60 0.0295175
61 0.0553066
62 0.022508
63 0.0363545
64 0.227673
65 0.0468919
66 0.205596
67 0.0961417
68 0.0428457
69 0.0882076
70 0.155437
0 0.85033
1 0.46938
2 0.0588235
3 0.0588235
4 0.0588235
5 0.0588235
6 0.0588235
7 0.217112
8 0.34902
9 0.34902
10 0.34902
11 0.34902
12 0.34902
13 0.349019
14 0.0588235
15 0.0588235
16 0.0588235
17 0.0588235
18 0.146168
19 0.25098
20 0.25098
21 0.25098
22 0.25098
23 0.25098
24 0.0588235
25 0.0752228
26 0.14902
27 0.14902
28 0.95431
29 0.910855
30 0.0883391
31 0.85137
32 0.0975604
33 0.0644068
34 0.111438
35 0.09221
36 0.173203
37 0.230855
38 0.237512
39 0.0776485
40 0.0795398
41 0.0947054
42 0.148618
43 0.0670717
44 0.213264
45 0.0896044
46 0.124022
47 0.359118
48 0.279142
49 0.10912
50 0.331359
51 0.273874
52 0.492349
53 0.303834
54 0.197046
55 0.264416
56 0.385496
57 0.0694112
58 0.17895
59 0.066641
60 0.183845
61 0.124153
62 0.0766312
63 0.122841
64 0.485581
65 0.0577657
66 0.248281
67 0.115712
68 0.0469969
69 0.0871461
70 0.170902
0 0.33647
1 0.463303
2 0.34902
3 0.34902
4 0.34902
5 0.34902
6 0.34902
7 0.34902
8 0.34902
9 0.34902
10 0.34902
11 0.34902
12 0.34902
13 0.349019
14 0.25098
15 0.25098
16 0.25098
17 0.25098
18 0.25098
19 0.25098
20 0.25098
21 0.25098
22 0.25098
23 0.25098
24 0.14902
25 0.14902
26 0.14902
27 0.14902
28 0.968289
29 0.956023
30 0.0963761
31 0.88492
32 0.139507
33 0.0770508
34 0.0644222
35 0.107313
36 0.272589
37 0.186235
38 0.25924
39 0.0959652
40 0.110657
41 0.153589
42 0.163957
43 0.078876
44 0.341362
45 0.248043
46 0.277826
47 0.584805
48 0.514567
49 0.226
50 0.515947
51 0.513945
52 0.609329
53 0.530346
54 0.319822
55 0.514911
56 0.570052
57 0.0734393
58 0.16398
59 0.0603145
60 0.163927
61 0.131126
62 0.092284
63 0.0951938
64 0.461357
65 0.0421646
66 0.300944
67 0.16149
68 0.0439937
69 0.0696001
70 0.201281
0 0.857185
1 0.457034
2 0.34902
3 0.34902
4 0.34902
5 0.34902
6 0.34902
7 0.34902
8 0.34902
9 0.34902
10 0.34902
11 0.34902
12 0.34902
13 0.349019
14 0.25098
15 0.25098
16 0.25098
17 0.25098
18 0.25098
19 0.25098
20 0.25098
21 0.25098
22 0.25098
23 0.25098
24 0.14902
25 0.14902
26 0.14902
27 0.14902
28 0.952169
29 0.954753
30 0.0329346
31 0.841641
32 0.124594
33 0.0753277
34 0.0533828
35 0.0627926
36 0.111063
37 0.139133
38 0.273575
39 0.0505805
40 0.047796
41 0.0743005
42 0.074156
43 0.0615048
44 0.3595
45 0.207689
46 0.298973
47 0.575189
48 0.57651
49 0.172345
50 0.482006
51 0.497634
52 0.698198
53 0.52797
54 0.438064
55 0.542077
56 0.623153
57 0.0389364
58 0.206437
59 0.0717339
60 0.150835
61 0.113666
62 0.0505193
63 0.095913
64 0.419995
65 0.0519443
66 0.239312
67 0.141101
68 0.0391165
69 0.118074
70 0.266062
0 0.0686079
1 0.450772
2 0.34902
3 0.34902
4 0.34902
5 0.34902
6 0.34902
7 0.34902
8 0.34902
9 0.34902
10 0.34902
11 0.34902
12 0.34902
13 0.349019
14 0.25098
15 0.25098
16 0.25098
17 0.25098
18 0.25098
19 0.25098
20 0.25098
21 0.25098
22 0.25098
23 0.25098
24 0.14902
25 0.14902
26 0.14902
27 0.14902
28 0.934533
29 0.945384
30 0.0265863
31 0.798374
32 0.109945
33 0.0564561
34 0.0408105
35 0.0442889
36 0.0679777
37 0.103576
38 0.175538
39 0.0294544
40 0.0272156
41 0.0503941
42 0.0476143
43 0.0315616
44 0.268413
45 0.144535
46 0.209891
47 0.464508
48 0.500856
49 0.114616
50 0.407287
51 0.408835
52 0.609493
53 0.39058
54 0.27834
55 0.432664
56 0.441773
57 0.0386217
58 0.15206
59 0.0592225
60 0.117298
61 0.100681
62 0.0485486
63 0.0717716
64 0.376025
65 0.0397911
66 0.194357
67 0.101809
68 0.0373898
69 0.1033
70 0.192159
0 0.223577
1 0.444666
2 0.34902
3 0.34902
4 0.34902
5 0.34902
6 0.34902
7 0.34902
8 0.34902
9 0.34902
10 0.34902
11 0.34902
12 0.34902
13 0.349019
14 0.25098
15 0.25098
16 0.25098
17 0.25098
18 0.25098
19 0.25098
20 0.25098
21 0.25098
22 0.25098
23 0.25098
24 0.14902
25 0.14902
26 0.14902
27 0.14902
28 0.93903
29 0.93605
30 0.0470052
31 0.823219
32 0.107859
33 0.061203
34 0.0586102
35 0.0530506
36 0.103467
37 0.142727
38 0.225844
39 0.0423901
40 0.0404827
41 0.0621417
42 0.0671781
43 0.0455096
44 0.229464
45 0.115804
46 0.181556
47 0.433067
48 0.41394
49 0.0995305
50 0.370336
51 0.354836
52 0.572957
53 0.351947
54 0.240215
55 0.370192
56 0.402093
57 0.0469722
58 0.179893
59 0.0670875
60 0.137764
61 0.115304
62 0.0568811
63 0.0981145
64 0.424823
65 0.0523091
66 0.224789
67 0.11945
68 0.0414529
69 0.108948
70 0.181238
0 0.122721
1 0.437778
2 0.34902
3 0.34902
4 0.34902
5 0.34902
6 0.34902
7 0.34902
8 0.34902
9 0.34902
10 0.34902
11 0.34902
12 0.34902
13 0.349019
14 0.25098
15 0.25098
16 0.25098
17 0.25098
18 0.25098
19 0.25098
20 0.25098
21 0.25098
22 0.25098
23 0.25098
24 0.14902
25 0.14902
26 0.14902
27 0.14902
28 0.949375
29 0.947103
30 0.0667116
31 0.84989
32 0.122645
33 0.0585972
34 0.0535242
35 0.0731988
36 0.14995
37 0.141763
38 0.204912
39 0.0523259
40 0.0559191
41 0.0850816
42 0.0902859
43 0.0477303
44 0.268615
45 0.159052
46 0.203362
47 0.49057
48 0.45236
49 0.135504
50 0.41694
51 0.419136
52 0.556832
53 0.426709
54 0.234968
55 0.426496
56 0.444346
57 0.0591868
58 0.1401
59 0.0550714
60 0.131074
61 0.10985
62 0.0722668
63 0.0825343
64 0.425303
65 0.0412362
66 0.240287
67 0.118576
68 0.04067
69 0.0780726
70 0.172987
0 0.626799
1 0.431818
2 0.34902
3 0.34902
4 0.34902
5 0.34902
6 0.34902
7 0.34902
8 0.34902
9 0.34902
10 0.34902
11 0.34902
12 0.34902
13 0.349019
14 0.25098
15 0.25098
16 0.25098
17 0.25098
18 0.25098
19 0.25098
20 0.25098
21 0.25098
22 0.25098
23 0.25098
24 0.14902
25 0.14902
26 0.14902
27 0.14902
28 0.94977
29 0.976407
30 0.00395791
31 0.768537
32 0.200799
33 0.0383609
34 0.0854497
35 0.0670177
36 0.0271358
37 0.0396954
38 0.143814
39 0.0257577
40 0.0344962
41 0.0843593
42 0.0544699
43 0.0453746
44 0.563395
45 0.480741
46 0.682886
47 0.677525
48 0.812702
49 0.521773
50 0.53938
51 0.706068
52 0.837497
53 0.644497
54 0.701518
55 0.657276
56 0.574064
57 0.0401979
58 0.0644188
59 0.0298041
60 0.0426778
61 0.0462465
62 0.0274836
63 0.0426357
64 0.184209
65 0.0116234
66 0.0733546
67 0.0596958
68 0.115943
69 0.212915
70 0.447472
0 0.279051
1 0.425815
2 0.0117647
3 0.0117647
4 0.0117647
5 0.0117647
6 0.0117647
7 0.0117647
8 0.0117647
9 0.0117647
10 0.0117647
11 0.0117647
12 0.0117647
13 0.0117647
14 0.52549
15 0.52549
16 0.52549
17 0.52549
18 0.52549
19 0.52549
20 0.52549
21 0.52549
22 0.52549
23 0.52549
24 0.454902
25 0.454902
26 0.454902
27 0.454902
28 0.793598
29 0.949741
30 0.000304305
31 0.573907
32 0.0896745
33 0.00491795
34 0.010694
35 0.0142437
36 0.00134705
37 0.00468653
38 0.0269405
39 0.00213463
40 0.00471782
41 0.0156613
42 0.0068301
43 0.00531627
44 0.401132
45 0.196266
46 0.415614
47 0.496073
48 0.678138
49 0.240109
50 0.334562
51 0.400411
52 0.632989
53 0.404619
54 0.435123
55 0.493831
56 0.290979
57 0.0101993
58 0.0146969
59 0.00895051
60 0.00881175
61 0.0175603
62 0.0056678
63 0.00907753
64 0.068145
65 0.00545021
66 0.025005
67 0.0142465
68 0.0332835
69 0.10055
70 0.210233
0 0.616391
1 0.419795
2 0.00784314
3 0.00784314
4 0.00784314
5 0.00784314
6 0.00784314
7 0.00784314
8 0.00784314
9 0.00784314
10 0.00784314
11 0.00784314
12 0.00784314
13 0.00784313
14 0.52549
15 0.52549
16 0.52549
17 0.52549
18 0.52549
19 0.52549
20 0.52549
21 0.52549
22 0.52549
23 0.52549
24 0.290196
25 0.290196
26 0.290196
27 0.290196
28 0.927064
29 0.931004
30 0.454181
31 0.835079
32 0.0564124
33 0.0096093
34 0.14605
35 0.0215651
36 0.0685864
37 0.133917
38 0.0601699
39 0.0144254
40 0.00706768
41 0.00684516
42 0.00961129
43 0.0249907
44 0.0337593
45 0.00722262
46 0.0223132
47 0.0592942
48 0.139945
49 0.0117296
50 0.231426
51 0.0199029
52 0.346526
53 0.103999
54 0.0129556
55 0.0498426
56 0.0994136
57 0.00957912
58 0.203276
59 0.0747465
60 0.0774482
61 0.0742224
62 0.00926492
63 0.0628699
64 0.517514
65 0.0335138
66 0.199466
67 0.0371823
68 0.00317309
69 0.00655424
70 0.00902665
0 0.323705
1 0.410364
2 0.898039
3 0.0923351
4 0.736898
5 0.898039
6 0.898039
7 0.898039
8 0.89804
9 0.898039
10 0.898039
11 0.89804
12 0.898039
13 0.898039
14 0.190374
15 0.458467
16 0.156863
17 0.156863
18 0.156863
19 0.156863
20 0.156863
21 0.156863
22 0.156863
23 0.156863
24 0.763993
25 0.945098
26 0.945098
27 0.945098
28 0.970117
29 0.929427
30 0.0636184
31 0.809237
32 0.354141
33 0.0888781
34 0.249276
35 0.197142
36 0.270229
37 0.20512
38 0.413434
39 0.105679
40 0.160856
41 0.252234
42 0.14209
43 0.152115
44 0.445283
45 0.521115
46 0.311427
47 0.605967
48 0.729178
49 0.365941
50 0.290891
51 0.412607
52 0.679797
53 0.494971
54 0.130157
55 0.293363
56 0.438868
57 0.174998
58 0.312268
59 0.10838
60 0.205693
61 0.131163
62 0.207759
63 0.12665
64 0.497996
65 0.0323464
66 0.105264
67 0.236107
68 0.199079
69 0.12169
70 0.458513
0 0.376415
1 0.399408
2 0.898039
3 0.138681
4 0.0627451
5 0.0627451
6 0.0627451
7 0.0627451
8 0.0627451
9 0.0199643
10 0.0178253
11 0.0235294
12 0.0235294
13 0.0235294
14 0.186809
15 0.486275
16 0.486275
17 0.486274
18 0.486274
19 0.458111
20 0.176471
21 0.0509803
22 0.00392157
23 0.00392157
24 0.640642
25 0.466667
26 0.801426
27 0.94902
28 0.942289
29 0.974025
30 0.00675934
31 0.757688
32 0.0766909
33 0.0881396
34 0.225024
35 0.1081
36 0.0246648
37 0.0332004
38 0.156083
39 0.0259732
40 0.0603817
41 0.0536771
42 0.0211283
43 0.0944822
44 0.510068
45 0.36942
46 0.665563
47 0.524227
48 0.83989
49 0.230141
50 0.486974
51 0.498972
52 0.802915
53 0.554913
54 0.177912
55 0.535921
56 0.415108
57 0.110516
58 0.299997
59 0.143961
60 0.20374
61 0.135522
62 0.0653219
63 0.0896832
64 0.41823
65 0.0375755
66 0.313839
67 0.160474
68 0.144872
69 0.13498
70 0.505356
0 0.347626
1 0.388141
2 0.0431373
3 0.00748663
4 0.00392157
5 0.0317291
6 0.599287
7 0.0352941
8 0.0352941
9 0.0352941
10 0.0352941
11 0.028877
12 0.0456331
13 0.50196
14 0.458111
15 0.176471
16 0.176471
17 0.630303
18 0.0934045
19 0.00392157
20 0.00392157
21 0.00392157
22 0.00392157
23 0.157219
24 0.77041
25 0.918004
26 0.972549
27 0.968271
28 0.926871
29 0.955184
30 0.012695
31 0.579707
32 0.112481
33 0.0350691
34 0.0867242
35 0.0308533
36 0.0138934
37 0.0108649
38 0.0335714
39 0.00940159
40 0.0135773
41 0.0137758
42 0.00717054
43 0.0396969
44 0.200653
45 0.126285
46 0.0941531
47 0.20152
48 0.423974
49 0.0228265
50 0.332822
51 0.199473
52 0.409146
53 0.416038
54 0.282397
55 0.494907
56 0.256303
57 0.0449508
58 0.188349
59 0.0706501
60 0.0600922
61 0.0456796
62 0.0346591
63 0.073898
64 0.281983
65 0.0935741
66 0.287977
67 0.213212
68 0.0875962
69 0.0858819
70 0.191586
0 0.31509
1 0.381422
2 0.0784314
3 0.0784314
4 0.0784314
5 0.135472
6 0.142602
7 0
8 0.220321
9 0.534759
10 0.588235
11 0.588235
12 0.588235
13 0.588235
14 0.00392157
15 0.00392157
16 0.00392157
17 0.0666667
18 0.176471
19 0.199287
20 0.172549
21 0.172549
22 0.172549
23 0.172549
24 0.956863
25 0.451337
26 0.692335
27 0.972549
28 0.955527
29 0.961414
30 0.063039
31 0.68005
32 0.0921601
33 0.0502712
34 0.209273
35 0.0652564
36 0.0202889
37 0.0571822
38 0.0707158
39 0.0176379
40 0.0239802
41 0.0317847
42 0.0398476
43 0.0264322
44 0.264454
45 0.171534
46 0.103897
47 0.325115
48 0.346034
49 0.0675503
50 0.277164
51 0.178502
52 0.380683
53 0.304679
54 0.103362
55 0.263517
56 0.207966
57 0.0429468
58 0.0608298
59 0.0342754
60 0.220566
61 0.0386948
62 0.068068
63 0.0858678
64 0.267614
65 0.0325522
66 0.199713
67 0.0962722
68 0.15459
69 0.0871165
70 0.136564
0 0.914238
1 0.375642
2 0
3 0.545455
4 0.218182
5 0.133333
6 0.133333
7 0.133333
8 0.133333
9 0.133333
10 0.133333
11 0.128342
12 0.604992
13 0.918003
14 0.0370767
15 0.365062
16 0.172549
17 0.172549
18 0.172549
19 0.172549
20 0.172549
21 0.172549
22 0.403209
23 0.490909
24 0.582531
25 0.964706
26 0.964706
27 0.767914
28 0.95379
29 0.942725
30 0.0105462
31 0.800407
32 0.0738312
33 0.117252
34 0.346417
35 0.0686911
36 0.0553427
37 0.0657267
38 0.182289
39 0.0493294
40 0.0648194
41 0.0439053
42 0.045529
43 0.0935828
44 0.227126
45 0.150519
46 0.203936
47 0.289764
48 0.502197
49 0.167137
50 0.31132
51 0.294339
52 0.633635
53 0.243045
54 0.135511
55 0.200462
56 0.245761
57 0.0705672
58 0.302669
59 0.0639569
60 0.217846
61 0.0979104
62 0.0787962
63 0.137895
64 0.403837
65 0.0409777
66 0.180102
67 0.298503
68 0.189918
69 0.185492
70 0.432558
0 0.268488
1 0.369703
2 0.141176
3 0.141176
4 0.141176
5 0.141176
6 0.127629
7 0.0862745
8 0.423173
9 0.0787876
10 0.00392157
11 0.00392157
12 0.00392157
13 0.00392157
14 0.172549
15 0.172549
16 0.172549
17 0.155437
18 0.236007
19 0.128342
20 0.176471
21 0.176471
22 0.176471
23 0.17647
24 0.960784
25 0.797504
26 0.937255
27 0.976471
28 0.964094
29 0.971224
30 0.047514
31 0.760519
32 0.110037
33 0.150797
34 0.158951
35 0.0572245
36 0.0600579
37 0.11116
38 0.243385
39 0.0138904
40 0.0476676
41 0.0487966
42 0.0193088
43 0.0783144
44 0.335838
45 0.337754
46 0.321901
47 0.574495
48 0.517751
49 0.107183
50 0.340634
51 0.324428
52 0.612138
53 0.183908
54 0.139574
55 0.257317
56 0.125628
57 0.046003
58 0.12053
59 0.0543824
60 0.237897
61 0.0884303
62 0.0847559
63 0.0763411
64 0.262737
65 0.0264887
66 0.174496
67 0.245073
68 0.0875169
69 0.0492523
70 0.279832
0 0.839096
1 0.363874
2 0.194296
3 0.437433
4 0.878431
5 0.559002
6 0.00392157
7 0.00392157
8 0.00392157
9 0.00392157
10 0.00392157
11 0.268449
12 0.0106952
13 0
14 0.209626
15 0.0898396
16 0.139038
17 0.237077
18 0.176471
19 0.176471
20 0.176471
21 0.260963
22 0.104456
23 0.0516934
24 0.74902
25 0.845989
26 0.811765
27 0.888057
28 0.977859
29 0.990112
30 0.727207
31 0.829759
32 0.29749
33 0.0013188
34 0.0992792
35 0.0445656
36 0.125624
37 0.263703
38 0.194098
39 0.0119624
40 0.0092711
41 0.0270948
42 0.0389729
43 0.0308543
44 0.322482
45 0.0725374
46 0.523337
47 0.627625
48 0.776096
49 0.195728
50 0.629987
51 0.314838
52 0.935453
53 0.467645
54 0.256246
55 0.385442
56 0.494209
57 0.00236004
58 0.00951702
59 0.00468084
60 0.0150292
61 0.00733442
62 0.00100996
63 0.00892709
64 0.255551
65 0.00261853
66 0.0731707
67 0.00436029
68 0.000684177
69 0.000902465
70 0.0046607
0 0.907654
1 0.358083
2 0.854902
3 0.854902
4 0.854902
5 0.854902
6 0.854902
7 0.854902
8 0.854902
9 0.854902
10 0.854902
11 0.854902
12 0.854902
13 0.854901
14 0.854902
15 0.854902
16 0.854902
17 0.854902
18 0.854902
19 0.854902
20 0.854902
21 0.854902
22 0.854902
23 0.854901
24 0.854902
25 0.854902
26 0.854902
27 0.854902
28 0.812943
29 0.9268
30 0.00273495
31 0.624335
32 0.0662268
33 0.0725733
34 0.0418861
35 0.0499929
36 0.0283549
37 0.0259607
38 0.162146
39 0.0264198
40 0.0452837
41 0.0677641
42 0.0279163
43 0.0252253
44 0.15204
45 0.181569
46 0.0792838
47 0.38946
48 0.270476
49 0.0689956
50 0.160185
51 0.164959
52 0.233147
53 0.350874
54 0.0568362
55 0.238615
56 0.242881
57 0.0562196
58 0.207051
59 0.0892789
60 0.112701
61 0.0974195
62 0.080942
63 0.0933126
64 0.362242
65 0.044781
66 0.10893
67 0.302476
68 0.219694
69 0.286114
70 0.509008
0 0.207311
1 0.351514
2 0.00784314
3 0.00784314
4 0.00784314
5 0.00784314
6 0.00784314
7 0.00784314
8 0.00784314
9 0.00784314
10 0.00784314
11 0.00784314
12 0.00784314
13 0.00784313
14 0.0588235
15 0.0588235
16 0.0588235
17 0.0588235
18 0.0588235
19 0.0588235
20 0.0588235
21 0.0588235
22 0.0588235
23 0.0588235
24 0.588235
25 0.588235
26 0.588235
27 0.588235
28 0.950911
29 0.963267
30 0.00739776
31 0.777784
32 0.0959804
33 0.0974716
34 0.273891
35 0.132906
36 0.0276715
37 0.0457291
38 0.0879868
39 0.030905
40 0.0554237
41 0.0483177
42 0.0412709
43 0.0862993
44 0.379546
45 0.269442
46 0.328488
47 0.338843
48 0.626416
49 0.208364
50 0.279965
51 0.380025
52 0.584234
53 0.401234
54 0.205799
55 0.270525
56 0.219909
57 0.141257
58 0.16541
59 0.0677761
60 0.201205
61 0.0766746
62 0.152387
63 0.104292
64 0.326572
65 0.0244328
66 0.188409
67 0.17577
68 0.265873
69 0.193612
70 0.491017
0 0.839918
1 0.345879
2 0.00392157
3 0.00392157
4 0.00392157
5 0.00392157
6 0.00392157
7 0.00392157
8 0.00392157
9 0.00392157
10 0.00392157
11 0.00392157
12 0.00392157
13 0.00392157
14 0.176471
15 0.176471
16 0.176471
17 0.176471
18 0.176471
19 0.176471
20 0.176471
21 0.176471
22 0.176471
23 0.17647
24 0.952941
25 0.952941
26 0.952941
27 0.952941
28 0.937108
29 0.962922
30 0.00264358
31 0.759163
32 0.095323
33 0.0545484
34 0.130887
35 0.0490944
36 0.0117075
37 0.0134124
38 0.0428333
39 0.0147668
40 0.0327219
41 0.0249456
42 0.0153363
43 0.0454684
44 0.337945
45 0.23667
46 0.327198
47 0.335338
48 0.599903
49 0.128006
50 0.283144
51 0.320522
52 0.531198
53 0.379398
54 0.180523
55 0.293064
56 0.194497
57 0.0716582
58 0.165881
59 0.0547899
60 0.112914
61 0.0537328
62 0.0674018
63 0.0791232
64 0.235286
65 0.0215796
66 0.147807
67 0.173939
68 0.202954
69 0.118322
70 0.421477
0 0.946946
1 0.339116
2 0.0117647
3 0.0117647
4 0.0117647
5 0.0117647
6 0.0117647
7 0.0117647
8 0.0117647
9 0.0117647
10 0.0117647
11 0.0117647
12 0.0117647
13 0.0117647
14 0.176471
15 0.176471
16 0.176471
17 0.176471
18 0.176471
19 0.176471
20 0.176471
21 0.176471
22 0.176471
23 0.17647
24 0.968627
25 0.968627
26 0.968627
27 0.968627
28 0.921307
29 0.970891
30 0.00870297
31 0.774588
32 0.110472
33 0.00779719
34 0.071363
35 0.0382705
36 0.013891
37 0.0294951
38 0.0641865
39 0.0177169
40 0.0193762
41 0.0249284
42 0.044765
43 0.0501128
44 0.222325
45 0.102306
46 0.181224
47 0.188222
48 0.458036
49 0.0678741
50 0.242543
51 0.231154
52 0.399682
53 0.434154
54 0.355916
55 0.499896
56 0.359254
57 0.0497526
58 0.0804395
59 0.0298819
60 0.0522547
61 0.0390145
62 0.035956
63 0.08516
64 0.208961
65 0.054111
66 0.18126
67 0.11273
68 0.0827984
69 0.105083
70 0.161545
0 0.570807
1 0.333372
2 0.0156863
3 0.0156863
4 0.0156863
5 0.0156863
6 0.0156863
7 0.0156863
8 0.384314
9 0.384314
10 0.384314
11 0.384314
12 0.384314
13 0.384313
14 0.176471
15 0.176471
16 0.176471
17 0.176471
18 0.176471
19 0.384314
20 0.384314
21 0.384314
22 0.384314
23 0.384314
24 0.945098
25 0.945098
26 0.384314
27 0.384314
28 0.949898
29 0.95995
30 0.103938
31 0.841973
32 0.149776
33 0.0177848
34 0.0991119
35 0.06245
36 0.0576356
37 0.126039
38 0.127835
39 0.0310815
40 0.0233714
41 0.05811
42 0.057455
43 0.0342583
44 0.244866
45 0.0864422
46 0.159863
47 0.370288
48 0.41808
49 0.110766
50 0.342031
51 0.286397
52 0.565223
53 0.305034
54 0.174501
55 0.283188
56 0.348841
57 0.0329122
58 0.0723303
59 0.0347583
60 0.0772682
61 0.0528936
62 0.0310745
63 0.0493287
64 0.342181
65 0.017395
66 0.104776
67 0.048441
68 0.0234527
69 0.0337049
70 0.0915134
0 0.67178
1 0.327736
2 0.384314
3 0.384314
4 0.384314
5 0.384314
6 0.384314
7 0.384314
8 0.384314
9 0.384314
10 0.384314
11 0.384314
12 0.384314
13 0.384313
14 0.384314
15 0.384314
16 0.384314
17 0.384314
18 0.384314
19 0.384314
20 0.384314
21 0.384314
22 0.384314
23 0.384314
24 0.384314
25 0.384314
26 0.384314
27 0.384314
28 0.937917
29 0.960301
30 0.00683394
31 0.760033
32 0.145053
33 0.106245
34 0.319045
35 0.0698637
36 0.0281147
37 0.0301389
38 0.118229
39 0.0278489
40 0.048029
41 0.0489685
42 0.0308087
43 0.0679912
44 0.258809
45 0.233706
46 0.263941
47 0.316609
48 0.509353
49 0.16079
50 0.226693
51 0.301482
52 0.532795
53 0.31932
54 0.179557
55 0.254752
56 0.23397
57 0.0824319
58 0.22761
59 0.089568
60 0.152925
61 0.087655
62 0.0993959
63 0.145396
64 0.274455
65 0.0291333
66 0.134807
67 0.226239
68 0.269591
69 0.271867
70 0.473069
0 0.282727
1 0.321823
2 0.00392157
3 0.00392157
4 0.00392157
5 0.00392157
6 0.00392157
7 0.00392157
8 0.00392157
9 0.00392157
10 0.00392157
11 0.00392157
12 0.00392157
13 0.00392157
14 0.176471
15 0.176471
16 0.176471
17 0.176471
18 0.176471
19 0.176471
20 0.176471
21 0.176471
22 0.176471
23 0.17647
24 0.956863
25 0.956863
26 0.956863
27 0.956863
28 0.932236
29 0.96549
30 0.00352971
31 0.772694
32 0.102332
33 0.0608377
34 0.16711
35 0.0732017
36 0.0148551
37 0.0233054
38 0.0571378
39 0.0212064
40 0.0362025
41 0.0344383
42 0.0199427
43 0.0641496
44 0.349456
45 0.254764
46 0.334798
47 0.321298
48 0.625041
49 0.141237
50 0.274128
51 0.298475
52 0.56371
53 0.368186
54 0.179819
55 0.287093
56 0.188151
57 0.099717
58 0.187844
59 0.0699742
60 0.147801
61 0.0741192
62 0.0868998
63 0.0945376
64 0.276999
65 0.0251744
66 0.169905
67 0.204183
68 0.218151
69 0.138016
70 0.441977
0 0.804251
1 0.316043
2 0.00392157
3 0.00392157
4 0.00392157
5 0.00392157
6 0.00392157
7 0.00392157
8 0.00392157
9 0.00392157
10 0.00392157
11 0.00392157
12 0.00392157
13 0.00392157
14 0.176471
15 0.176471
16 0.176471
17 0.176471
18 0.176471
19 0.176471
20 0.176471
21 0.176471
22 0.176471
23 0.17647
24 0.956863
25 0.956863
26 0.956863
27 0.956863
28 0.924395
29 0.944572
30 0.0644204
31 0.845426
32 0.096811
33 0.023963
34 0.0335981
35 0.057334
36 0.064338
37 0.115603
38 0.156032
39 0.0370624
40 0.0423221
41 0.0532932
42 0.0608188
43 0.0530021
44 0.238347
45 0.0794041
46 0.181159
47 0.407591
48 0.388681
49 0.0671294
50 0.344926
51 0.287355
52 0.480449
53 0.37079
54 0.163767
55 0.321799
56 0.311341
57 0.0481577
58 0.143224
59 0.0592611
60 0.112452
61 0.0970756
62 0.0491817
63 0.0783528
64 0.430674
65 0.0551208
66 0.236028
67 0.117951
68 0.0320698
69 0.0483253
70 0.142803
0 0.559786
1 0.310352
2 0.34902
3 0.34902
4 0.34902
5 0.34902
6 0.34902
7 0.34902
8 0.34902
9 0.34902
10 0.34902
11 0.34902
12 0.34902
13 0.349019
14 0.25098
15 0.25098
16 0.25098
17 0.25098
18 0.25098
19 0.25098
20 0.25098
21 0.25098
22 0.25098
23 0.25098
24 0.14902
25 0.14902
26 0.14902
27 0.14902
28 0.94282
29 0.956414
30 0.130183
31 0.854175
32 0.15104
33 0.0447508
34 0.0564941
35 0.0913098
36 0.154443
37 0.142137
38 0.206394
39 0.0597654
40 0.0650475
41 0.0918319
42 0.111586
43 0.0520217
44 0.250911
45 0.123673
46 0.178479
47 0.472134
48 0.392692
49 0.121497
50 0.37277
51 0.396224
52 0.474471
53 0.426407
54 0.181388
55 0.377032
56 0.404629
57 0.065663
58 0.129074
59 0.0585563
60 0.120286
61 0.114503
62 0.0921354
63 0.0890451
64 0.428936
65 0.0450902
66 0.227868
67 0.129625
68 0.0408546
69 0.0632867
70 0.169299
0 0.809542
1 0.304437
2 0.34902
3 0.34902
4 0.34902
5 0.34902
6 0.34902
7 0.34902
8 0.34902
9 0.34902
10 0.34902
11 0.34902
12 0.34902
13 0.349019
14 0.25098
15 0.25098
16 0.25098
17 0.25098
18 0.25098
19 0.25098
20 0.25098
21 0.25098
22 0.25098
23 0.25098
24 0.14902
25 0.14902
26 0.14902
27 0.14902
28 0.945542
29 0.960812
30 0.10799
31 0.855532
32 0.154285
33 0.0684248
34 0.0734125
35 0.100716
36 0.160074
37 0.201758
38 0.326507
39 0.0830517
40 0.0691468
41 0.104546
42 0.114901
43 0.0811346
44 0.301563
45 0.147431
46 0.251964
47 0.534712
48 0.474513
49 0.136416
50 0.404242
51 0.440899
52 0.607293
53 0.478508
54 0.29517
55 0.429277
56 0.532541
57 0.0595757
58 0.232814
59 0.0913865
60 0.181261
61 0.149368
62 0.0833111
63 0.129211
64 0.479897
65 0.069595
66 0.24883
67 0.17545
68 0.043242
69 0.105428
70 0.238956
0 0.130883
1 0.298428
2 0.34902
3 0.34902
4 0.34902
5 0.34902
6 0.34902
7 0.34902
8 0.34902
9 0.34902
10 0.34902
11 0.34902
12 0.34902
13 0.349019
14 0.25098
15 0.25098
16 0.25098
17 0.25098
18 0.25098
19 0.25098
20 0.25098
21 0.25098
22 0.25098
23 0.25098
24 0.14902
25 0.14902
26 0.14902
27 0.14902
28 0.950613
29 0.977398
30 0.00676346
31 0.766758
32 0.182702
33 0.127581
34 0.21907
35 0.08991
36 0.0280346
37 0.0256203
38 0.087959
39 0.0246297
40 0.0363371
41 0.0442155
42 0.0233877
43 0.0511227
44 0.41016
45 0.389147
46 0.37663
47 0.426235
48 0.710996
49 0.24055
50 0.323143
51 0.483435
52 0.603651
53 0.485512
54 0.246984
55 0.401925
56 0.337162
57 0.0956129
58 0.177412
59 0.0828519
60 0.159878
61 0.0797355
62 0.121449
63 0.0990349
64 0.264166
65 0.0209069
66 0.141163
67 0.201108
68 0.242903
69 0.210946
70 0.509303
0 0.850588
1 0.29014
2 0.0431373
3 0.0431373
4 0.0431373
5 0.0431373
6 0.0431373
7 0.0431372
8 0.0431373
9 0.0431372
10 0.0431372
11 0.0431373
12 0.0431373
13 0.0431372
14 0.156863
15 0.156863
16 0.156863
17 0.156863
18 0.156863
19 0.156863
20 0.156863
21 0.156863
22 0.156863
23 0.156863
24 0.984314
25 0.984314
26 0.984314
27 0.984314
28 0.904847
29 0.960042
30 0.0023721
31 0.704645
32 0.135711
33 0.0414948
34 0.113801
35 0.0337135
36 0.00591896
37 0.017974
38 0.0588149
39 0.0101854
40 0.0129115
41 0.0149212
42 0.00845286
43 0.0365702
44 0.367884
45 0.131857
46 0.33768
47 0.373277
48 0.669373
49 0.124003
50 0.166208
51 0.296307
52 0.631411
53 0.271682
54 0.134676
55 0.316341
56 0.178733
57 0.0598039
58 0.283485
59 0.10884
60 0.141258
61 0.0480358
62 0.0335983
63 0.0836073
64 0.230319
65 0.0191606
66 0.0822441
67 0.142295
68 0.170394
69 0.0766759
70 0.359378
0 0.38229
1 0.28413
2 0.548663
3 0.0944741
4 0.00392157
5 0.00392157
6 0.00392157
7 0.00392157
8 0.00392157
9 0.00392157
10 0.00392157
11 0.00392157
12 0.00392157
13 0.00392157
14 0.538324
15 0.176471
16 0.176471
17 0.176471
18 0.176471
19 0.176471
20 0.176471
21 0.176471
22 0.176471
23 0.17647
24 0.795365
25 0.929412
26 0.929412
27 0.929412
28 0.91326
29 0.956954
30 0.00536213
31 0.768385
32 0.128433
33 0.048209
34 0.133026
35 0.0601386
36 0.011736
37 0.0180619
38 0.0580328
39 0.0128039
40 0.0258586
41 0.0274566
42 0.0140032
43 0.0396216
44 0.281225
45 0.172102
46 0.227536
47 0.276835
48 0.534131
49 0.0994455
50 0.216085
51 0.25656
52 0.432371
53 0.319292
54 0.119508
55 0.253898
56 0.133132
57 0.0767595
58 0.122279
59 0.0646055
60 0.10787
61 0.0618485
62 0.0797028
63 0.0775772
64 0.235319
65 0.0234463
66 0.112847
67 0.140252
68 0.252607
69 0.165729
70 0.361043
0 0.833168
1 0.274955
2 0.00392157
3 0.00392157
4 0.00392157
5 0.00392157
6 0.00392157
7 0.00392157
8 0.00392157
9 0.00392157
10 0.00392157
11 0.00392157
12 0.00392157
13 0.00392157
14 0.176471
15 0.176471
16 0.176471
17 0.176471
18 0.176471
19 0.176471
20 0.176471
21 0.176471
22 0.176471
23 0.17647
24 0.913725
25 0.913725
26 0.913725
27 0.913725
28 0.937383
29 0.958793
30 0.00481544
31 0.785514
32 0.112092
33 0.0819741
34 0.270871
35 0.0676408
36 0.0144934
37 0.0313607
38 0.0971562
39 0.0232856
40 0.0360858
41 0.0331364
42 0.0223582
43 0.0856362
44 0.288151
45 0.16775
46 0.294767
47 0.270528
48 0.539875
49 0.111725
50 0.211529
51 0.258074
52 0.555868
53 0.313186
54 0.187959
55 0.219449
56 0.188702
57 0.083457
58 0.251723
59 0.0969171
60 0.181528
61 0.072142
62 0.0805465
63 0.146499
64 0.301369
65 0.0346622
66 0.143116
67 0.223657
68 0.254618
69 0.226131
70 0.452715
0 0.148692
1 0.265762
2 0.00392157
3 0.00392157
4 0.00392157
5 0.00392157
6 0.00392157
7 0.00392157
8 0.00392157
9 0.00392157
10 0.00392157
11 0.00392157
12 0.00392157
13 0.00392157
14 0.176471
15 0.176471
16 0.176471
17 0.176471
18 0.176471
19 0.176471
20 0.176471
21 0.176471
22 0.176471
23 0.17647
24 0.996078
25 0.996078
26 0.996078
27 0.996078
28 0.943781
29 0.966675
30 0.00474587
31 0.796531
32 0.127655
33 0.0961546
34 0.212153
35 0.0759766
36 0.0182204
37 0.0396149
38 0.103486
39 0.0310787
40 0.0426613
41 0.0432221
42 0.0258002
43 0.105057
44 0.34747
45 0.250776
46 0.393048
47 0.32066
48 0.630657
49 0.14407
50 0.290355
51 0.311737
52 0.62148
53 0.385135
54 0.233684
55 0.292963
56 0.221532
57 0.103468
58 0.283839
59 0.114214
60 0.199976
61 0.0909144
62 0.0957879
63 0.14058
64 0.326165
65 0.0386439
66 0.177873
67 0.271116
68 0.251059
69 0.217057
70 0.498473
0 0.239562
1 0.260056
2 0.00784314
3 0.00784314
4 0.00784314
5 0.00784314
6 0.00784314
7 0.00784314
8 0.00784314
9 0.00784314
10 0.00784314
11 0.00784314
12 0.00784314
13 0.00784313
14 0.176471
15 0.176471
16 0.176471
17 0.176471
18 0.176471
19 0.176471
20 0.176471
21 0.176471
22 0.176471
23 0.17647
24 0.941176
25 0.941176
26 0.941176
27 0.941176
28 0.937811
29 0.970449
30 0.00323854
31 0.773127
32 0.128547
33 0.0648016
34 0.144667
35 0.0648088
36 0.0113484
37 0.0211447
38 0.0602501
39 0.0165061
40 0.0278306
41 0.0273328
42 0.0157644
43 0.0615697
44 0.369212
45 0.258051
46 0.363638
47 0.323263
48 0.659786
49 0.143675
50 0.27565
51 0.327696
52 0.5778
53 0.410236
54 0.191626
55 0.313121
56 0.207892
57 0.090579
58 0.171176
59 0.0761333
60 0.137204
61 0.0603138
62 0.0774645
63 0.0883032
64 0.259052
65 0.0229043
66 0.138963
67 0.190948
68 0.224484
69 0.156308
70 0.459279
0 0.740748
1 0.251855
2 0.00392157
3 0.00392157
4 0.00392157
5 0.00392157
6 0.00392157
7 0.00392157
8 0.00392157
9 0.00392157
10 0.00392157
11 0.00392157
12 0.00392157
13 0.00392157
14 0.176471
15 0.176471
16 0.176471
17 0.176471
18 0.176471
19 0.176471
20 0.176471
21 0.176471
22 0.176471
23 0.17647
24 0.988235
25 0.988235
26 0.988235
27 0.988235
28 0.924244
29 0.960443
30 0.00337824
31 0.770529
32 0.112827
33 0.0576792
34 0.155947
35 0.0523797
36 0.00934301
37 0.0211046
38 0.0652865
39 0.0150356
40 0.024785
41 0.0238864
42 0.0146252
43 0.0554912
44 0.290116
45 0.162721
46 0.272559
47 0.277911
48 0.551155
49 0.0998375
50 0.21315
51 0.258703
52 0.514998
53 0.322705
54 0.162709
55 0.239486
56 0.175
57 0.0693663
58 0.181108
59 0.0775495
60 0.133095
61 0.0602856
62 0.0637131
63 0.100073
64 0.259346
65 0.0279587
66 0.121684
67 0.173682
68 0.205163
69 0.174063
70 0.417456
0 0.427215
1 0.245591
2 0.0196078
3 0.0196078
4 0.0196078
5 0.0196078
6 0.0196078
7 0.0196078
8 0.0196078
9 0.0196078
10 0.0196078
11 0.0196078
12 0.0196078
13 0.0196078
14 0.172549
15 0.172549
16 0.172549
17 0.172549
18 0.172549
19 0.172549
20 0.172549
21 0.172549
22 0.172549
23 0.172549
24 0.929412
25 0.929412
26 0.929412
27 0.929412
28 0.933303
29 0.962548
30 0.00551057
31 0.786706
32 0.127312
33 0.0656083
34 0.181303
35 0.0729631
36 0.0141931
37 0.0242933
38 0.0639428
39 0.0199776
40 0.0321542
41 0.0328988
42 0.0192249
43 0.0594776
44 0.301176
45 0.192375
46 0.271414
47 0.291765
48 0.528144
49 0.11999
50 0.218023
51 0.26921
52 0.485259
53 0.315522
54 0.137829
55 0.229952
56 0.157886
57 0.0849309
58 0.156553
59 0.0706848
60 0.13756
61 0.062664
62 0.082407
63 0.0936789
64 0.262128
65 0.0219662
66 0.125818
67 0.177923
68 0.22404
69 0.146229
70 0.39661
0 0.770157
1 0.239828
2 0.0235294
3 0.0235294
4 0.0235294
5 0.0199644
6 0.00392157
7 0.00392157
8 0.00392157
9 0.00392157
10 0.00392157
11 0.00392157
12 0.00392157
13 0.00392157
14 0.172549
15 0.172549
16 0.172549
17 0.175758
18 0.176471
19 0.176471
20 0.176471
21 0.176471
22 0.176471
23 0.17647
24 0.92549
25 0.973975
26 0.992157
27 0.992157
28 0.938292
29 0.96427
30 0.00647867
31 0.797509
32 0.127612
33 0.0768735
34 0.229554
35 0.074037
36 0.0174073
37 0.0330488
38 0.08838
39 0.0250092
40 0.0395661
41 0.033698
42 0.023341
43 0.0858274
44 0.284292
45 0.167033
46 0.276304
47 0.27223
48 0.534497
49 0.104102
50 0.212514
51 0.250747
52 0.528259
53 0.320093
54 0.155489
55 0.22261
56 0.180959
57 0.0880215
58 0.243591
59 0.0966121
60 0.183566
61 0.0780766
62 0.0879369
63 0.140899
64 0.305991
65 0.0359856
66 0.160252
67 0.229698
68 0.221592
69 0.171944
70 0.419834
0 0.409366
1 0.232219
2 0.0392157
3 0.0392157
4 0.0392157
5 0.0392157
6 0.0392157
7 0.0392157
8 0.0392157
9 0.0392157
10 0.0392157
11 0.0392157
12 0.0392157
13 0.0392157
14 0.156863
15 0.156863
16 0.156863
17 0.156863
18 0.156863
19 0.156863
20 0.156863
21 0.156863
22 0.156863
23 0.156863
24 0.980392
25 0.980392
26 0.980392
27 0.980392
28 0.901473
29 0.95956
30 0.0176556
31 0.698494
32 0.465325
33 0.0333016
34 0.0930656
35 0.0494413
36 0.0413643
37 0.127181
38 0.225792
39 0.0264656
40 0.0594121
41 0.0588497
42 0.0451457
43 0.0481359
44 0.350156
45 0.177149
46 0.215636
47 0.304406
48 0.580924
49 0.115136
50 0.264088
51 0.509334
52 0.475973
53 0.313523
54 0.222826
55 0.463858
56 0.393666
57 0.100821
58 0.223656
59 0.113179
60 0.0760546
61 0.0578394
62 0.139425
63 0.0596588
64 0.346077
65 0.061219
66 0.0968188
67 0.214238
68 0.144214
69 0.10184
70 0.270861
0 0.704049
1 0.226159
2 0.6
3 0.552941
4 0.100535
5 0
6 0
7 0
8 0.2
9 0.2
10 0.0791444
11 0.233868
12 0.156863
13 0.188948
14 0.254545
15 0.381818
16 0
17 0
18 0
19 0.6
20 0.505169
21 0.0224599
22 0.00962568
23 0.144385
24 0.700178
25 0
26 0.159715
27 0.775045
28 0.92249
29 0.96739
30 0.0217833
31 0.742653
32 0.352295
33 0.0117449
34 0.0450508
35 0.0745118
36 0.0351098
37 0.0523555
38 0.131837
39 0.0196793
40 0.0188913
41 0.057253
42 0.0357141
43 0.0264248
44 0.39028
45 0.176048
46 0.141244
47 0.413458
48 0.689173
49 0.0682186
50 0.191089
51 0.467123
52 0.525411
53 0.422163
54 0.3767
55 0.432266
56 0.512571
57 0.0750091
58 0.120371
59 0.0537249
60 0.0584924
61 0.0500798
62 0.0829714
63 0.0876068
64 0.23733
65 0.0640561
66 0.114969
67 0.148318
68 0.112287
69 0.0830524
70 0.253892
0 0.451424
1 0.219938
2 0.435294
3 0.277005
4 0
5 0
6 0.0181819
7 0.2
8 0.2
9 0.2
10 0.167914
11 0.272727
12 0.182175
13 0.457397
14 0.137255
15 0.0499109
16 0
17 0
18 0.545455
19 0.6
20 0.6
21 0.328342
22 0.0862744
23 0.274866
24 0.545455
25 0.0727273
26 0.189305
27 0.532977
28 0.934655
29 0.972496
30 0.105111
31 0.723081
32 0.181649
33 0.0111796
34 0.0948908
35 0.0698003
36 0.0162178
37 0.0397825
38 0.0711196
39 0.0154369
40 0.00827852
41 0.0404384
42 0.0341378
43 0.0501181
44 0.370416
45 0.0708673
46 0.290617
47 0.380513
48 0.616567
49 0.123022
50 0.469624
51 0.301595
52 0.651493
53 0.329966
54 0.195954
55 0.497574
56 0.311561
57 0.01576
58 0.0607253
59 0.0226319
60 0.0227921
61 0.0356052
62 0.00422982
63 0.0215873
64 0.19291
65 0.00749193
66 0.149149
67 0.046309
68 0.027006
69 0.0293159
70 0.0848357
0 0.271329
1 0.211543
2 0.15508
3 0.2
4 0.2
5 0.2
6 0.2
7 0.2
8 0.553654
9 0.299108
10 0.353654
11 0.627451
12 0.627451
13 0.627451
14 0.566132
15 0.6
16 0.6
17 0.6
18 0.6
19 0.567201
20 0.00392157
21 0.451694
22 0.619608
23 0.619608
24 0.320499
25 0.2
26 0.830303
27 0.803922
28 0.919595
29 0.951888
30 0.230288
31 0.796166
32 0.258502
33 0.0202662
34 0.128122
35 0.0409116
36 0.0659756
37 0.250173
38 0.296416
39 0.00744048
40 0.0130045
41 0.0523158
42 0.0155484
43 0.0386912
44 0.13852
45 0.0837354
46 0.0938536
47 0.416986
48 0.506225
49 0.022767
50 0.0853238
51 0.160128
52 0.45938
53 0.0943479
54 0.0218588
55 0.0645198
56 0.0920851
57 0.0131476
58 0.093997
59 0.0463998
60 0.268558
61 0.100406
62 0.0388986
63 0.0877793
64 0.249389
65 0.0240996
66 0.0281422
67 0.0479052
68 0.0221319
69 0.0369158
70 0.0597039
0 0.325771
1 0.205417
2 0.905882
3 0.88877
4 0.858824
5 0.858824
6 0.431016
7 0.152941
8 0.0573975
9 0.197148
10 0.494118
11 0.194652
12 0.26631
13 0.0352941
14 0.00392157
15 0.395722
16 0.619608
17 0.458467
18 0.15508
19 0.0784314
20 0.321569
21 0.4
22 0.391087
23 0.0549018
24 0.869519
25 0.544385
26 0.690196
27 0.204635
28 0.908583
29 0.947225
30 0.0909307
31 0.840047
32 0.154036
33 0.0872679
34 0.0464727
35 0.211631
36 0.191358
37 0.0698385
38 0.170706
39 0.165081
40 0.125771
41 0.180703
42 0.118342
43 0.0948062
44 0.263434
45 0.251899
46 0.186277
47 0.548959
48 0.25176
49 0.103597
50 0.3949
51 0.516575
52 0.356563
53 0.565214
54 0.350166
55 0.525254
56 0.40152
57 0.0390156
58 0.113532
59 0.0446452
60 0.0631165
61 0.106952
62 0.0335118
63 0.0761349
64 0.417906
65 0.0828438
66 0.306932
67 0.384901
68 0.109006
69 0.111726
70 0.28437
0 0.813797
1 0.19923
2 0.0235294
3 0.0235294
4 0.0235294
5 0.0235294
6 0.0235294
7 0.0235294
8 0.153654
9 0.309804
10 0.309804
11 0.309804
12 0.309804
13 0.309804
14 0.0235294
15 0.0235294
16 0.0235294
17 0.0235294
18 0.0235294
19 0.297326
20 0.52549
21 0.52549
22 0.52549
23 0.52549
24 0.0235294
25 0.0235294
26 0.463102
27 0.560784
28 0.947962
29 0.97285
30 0.0212724
31 0.87832
32 0.156043
33 0.139478
34 0.117674
35 0.12883
36 0.0412824
37 0.103283
38 0.168222
39 0.0312215
40 0.0395084
41 0.0588725
42 0.0547713
43 0.0975152
44 0.411981
45 0.258851
46 0.485656
47 0.50267
48 0.661993
49 0.304608
50 0.405994
51 0.514278
52 0.745396
53 0.462655
54 0.335443
55 0.341459
56 0.439831
57 0.0279377
58 0.171908
59 0.0471141
60 0.265471
61 0.0793508
62 0.0523998
63 0.129879
64 0.322772
65 0.0209737
66 0.118039
67 0.0966739
68 0.0897285
69 0.0959878
70 0.43128
0 0.519102
1 0.192628
2 0.129412
3 0.253476
4 0.437433
5 0.314082
6 0.156863
7 0.156863
8 0.156863
9 0.156863
10 0.156863
11 0.128342
12 0.109091
13 0
14 0.14902
15 0.353654
16 0.310873
17 0.190018
18 0.176471
19 0.176471
20 0.176471
21 0.176471
22 0.471301
23 0.496613
24 0.522638
25 0.736542
26 0.956863
27 0.297326
28 0.955334
29 0.982106
30 0.22262
31 0.763096
32 0.159822
33 0.00160969
34 0.0979971
35 0.0643632
36 0.0170179
37 0.00774698
38 0.0169159
39 0.0216691
40 0.0107719
41 0.0131034
42 0.0328487
43 0.0598117
44 0.21484
45 0.0367122
46 0.0576672
47 0.115639
48 0.453506
49 0.0251757
50 0.274051
51 0.0430316
52 0.501028
53 0.469966
54 0.132154
55 0.34247
56 0.299162
57 0.0538614
58 0.0852836
59 0.0473144
60 0.0153641
61 0.0367387
62 0.0298354
63 0.0625461
64 0.263234
65 0.0937401
66 0.664008
67 0.116272
68 0.00918028
69 0.0136473
70 0.0624034
0 0.889602
1 0.185975
2 0.0196078
3 0.0196078
4 0.0313725
5 0.0627451
6 0.0627451
7 0.573975
8 0.941177
9 0.870588
10 0.870588
11 0.870588
12 0.870589
13 0.870588
14 0.176471
15 0.176471
16 0.401783
17 0.486274
18 0.719786
19 0.454545
20 0
21 0
22 0
23 0
24 0.96328
25 0.862032
26 1
27 1
28 0.986595
29 0.990867
30 0.644557
31 0.930992
32 0.131111
33 0.00638801
34 0.10141
35 0.16999
36 0.355037
37 0.526923
38 0.469819
39 0.0731358
40 0.0296754
41 0.117849
42 0.160125
43 0.0575074
44 0.200439
45 0.0804419
46 0.183271
47 0.364657
48 0.78548
49 0.107447
50 0.244698
51 0.184525
52 0.788513
53 0.203065
54 0.0671737
55 0.0696734
56 0.514357
57 0.0400429
58 0.0822584
59 0.0268436
60 0.158662
61 0.137683
62 0.0813227
63 0.174067
64 0.537946
65 0.0138849
66 0.0793833
67 0.0339403
68 0.00455115
69 0.0185404
70 0.0735252
0 0.319923
1 0.17981
2 0.521569
3 0.521569
4 0.800713
5 0.862745
6 0.862745
7 0.862745
8 0.862745
9 0.395722
10 0.34902
11 0.34902
12 0.34902
13 0.201426
14 0
15 0.156863
16 0.862745
17 0.862745
18 0.862745
19 0.80713
20 0.25098
21 0.25098
22 0.25098
23 0.375757
24 0.962567
25 0.862745
26 0.408556
27 0.216756
28 0.943073
29 0.982179
30 0.260907
31 0.866618
32 0.261739
33 0.0862115
34 0.0383585
35 0.201907
36 0.431393
37 0.354032
38 0.547309
39 0.244212
40 0.277251
41 0.52179
42 0.243119
43 0.147534
44 0.333058
45 0.360067
46 0.433677
47 0.73126
48 0.515599
49 0.354234
50 0.688813
51 0.655593
52 0.46061
53 0.73769
54 0.266454
55 0.688577
56 0.672763
57 0.0506542
58 0.167696
59 0.116699
60 0.113845
61 0.111555
62 0.055699
63 0.0681621
64 0.551001
65 0.0290216
66 0.186022
67 0.200878
68 0.0403601
69 0.0572373
70 0.173179
0 0.968583
1 0.173083
2 0.254902
3 0.289127
4 0.34902
5 0.34902
6 0.34902
7 0.34902
8 0.34902
9 0.34902
10 0.34902
11 0.34902
12 0.274153
13 0.231372
14 0.486275
15 0.336542
16 0.25098
17 0.25098
18 0.25098
19 0.25098
20 0.25098
21 0.25098
22 0.350802
23 0.52549
24 0.373619
25 0.14902
26 0.14902
27 0.296613
28 0.942466
29 0.980823
30 0.0572034
31 0.830604
32 0.223817
33 0.0402727
34 0.0650027
35 0.246427
36 0.174834
37 0.221312
38 0.428887
39 0.0992922
40 0.0667681
41 0.140818
42 0.108551
43 0.11609
44 0.57013
45 0.43001
46 0.499783
47 0.785934
48 0.76209
49 0.431969
50 0.551037
51 0.703106
52 0.677096
53 0.789012
54 0.646253
55 0.741718
56 0.82711
57 0.0383404
58 0.162913
59 0.0794777
60 0.139244
61 0.120334
62 0.0533852
63 0.0731655
64 0.327021
65 0.0666077
66 0.192684
67 0.114833
68 0.0233982
69 0.0958928
70 0.341488
0 0.341118
1 0.165498
2 0.34902
3 0.34902
4 0.34902
5 0.34902
6 0.34902
7 0.34902
8 0.34902
9 0.34902
10 0.34902
11 0.34902
12 0.34902
13 0.349019
14 0.25098
15 0.25098
16 0.25098
17 0.25098
18 0.25098
19 0.25098
20 0.25098
21 0.25098
22 0.25098
23 0.25098
24 0.14902
25 0.14902
26 0.14902
27 0.14902
28 0.875847
29 0.968775
30 0.0156298
31 0.755919
32 0.154099
33 0.0195941
34 0.0240277
35 0.0415767
36 0.018029
37 0.0514968
38 0.11264
39 0.0145672
40 0.0108566
41 0.0281012
42 0.020116
43 0.015808
44 0.32124
45 0.130986
46 0.24679
47 0.500775
48 0.57707
49 0.107094
50 0.331777
51 0.407398
52 0.52662
53 0.418463
54 0.277864
55 0.424228
56 0.446484
57 0.0192604
58 0.124514
59 0.0584605
60 0.0733087
61 0.0918423
62 0.0296518
63 0.0474335
64 0.239294
65 0.0386385
66 0.103667
67 0.066379
68 0.0181697
69 0.068928
70 0.156302
0 0.292752
1 0.158554
2 0.34902
3 0.34902
4 0.34902
5 0.34902
6 0.34902
7 0.34902
8 0.34902
9 0.34902
10 0.34902
11 0.34902
12 0.34902
13 0.349019
14 0.25098
15 0.25098
16 0.25098
17 0.25098
18 0.25098
19 0.25098
20 0.25098
21 0.25098
22 0.25098
23 0.25098
24 0.14902
25 0.14902
26 0.14902
27 0.14902
28 0.874775
29 0.955714
30 0.106174
31 0.825572
32 0.135336
33 0.0158521
34 0.0369061
35 0.0587647
36 0.0489765
37 0.0747886
38 0.10321
39 0.0240243
40 0.0192858
41 0.0388757
42 0.038282
43 0.0195612
44 0.181755
45 0.0489563
46 0.0946662
47 0.331157
48 0.310721
49 0.0491281
50 0.225719
51 0.241847
52 0.314645
53 0.253272
54 0.0779925
55 0.24291
56 0.208406
57 0.045669
58 0.0866229
59 0.053351
60 0.0789158
61 0.0954188
62 0.0601452
63 0.0590319
64 0.317673
65 0.037567
66 0.140745
67 0.0716746
68 0.0295562
69 0.0438543
70 0.10284
0 0.914447
1 0.151404
2 0.34902
3 0.34902
4 0.34902
5 0.34902
6 0.34902
7 0.34902
8 0.34902
9 0.34902
10 0.34902
11 0.34902
12 0.34902
13 0.349019
14 0.25098
15 0.25098
16 0.25098
17 0.25098
18 0.25098
19 0.25098
20 0.25098
21 0.25098
22 0.25098
23 0.25098
24 0.14902
25 0.14902
26 0.14902
27 0.14902
28 0.922979
29 0.962068
30 0.283606
31 0.876149
32 0.162384
33 0.031408
34 0.0715323
35 0.134334
36 0.174658
37 0.176351
38 0.218182
39 0.0795847
40 0.0729676
41 0.107234
42 0.133868
43 0.0593211
44 0.218406
45 0.0759449
46 0.13375
47 0.420199
48 0.306428
49 0.0847429
50 0.281573
51 0.314724
52 0.365505
53 0.371195
54 0.10596
55 0.28436
56 0.33397
57 0.0799025
58 0.142085
59 0.0750818
60 0.144377
61 0.136931
62 0.107864
63 0.113189
64 0.437451
65 0.0588013
66 0.226419
67 0.1316
68 0.039216
69 0.0493884
70 0.144449
0 0.926088
1 0.144977
2 0.34902
3 0.34902
4 0.34902
5 0.34902
6 0.34902
7 0.34902
8 0.34902
9 0.34902
10 0.34902
11 0.34902
12 0.34902
13 0.349019
14 0.25098
15 0.25098
16 0.25098
17 0.25098
18 0.25098
19 0.25098
20 0.25098
21 0.25098
22 0.25098
23 0.25098
24 0.14902
25 0.14902
26 0.14902
27 0.14902
28 0.946211
29 0.973748
30 0.268299
31 0.876111
32 0.200142
33 0.0655322
34 0.0755393
35 0.20755
36 0.28405
37 0.29267
38 0.408214
39 0.166648
40 0.126539
41 0.197871
42 0.216497
43 0.114839
44 0.354485
45 0.179559
46 0.276877
47 0.614778
48 0.46857
49 0.179786
50 0.429006
51 0.505078
52 0.536683
53 0.586796
54 0.253644
55 0.465401
56 0.601079
57 0.0851706
58 0.244567
59 0.11581
60 0.22477
61 0.179873
62 0.12154
63 0.149752
64 0.522676
65 0.0827723
66 0.267405
67 0.216131
68 0.0462019
69 0.0749795
70 0.254897
0 0.527694
1 0.13829
2 0.34902
3 0.34902
4 0.34902
5 0.34902
6 0.34902
7 0.34902
8 0.34902
9 0.34902
10 0.34902
11 0.34902
12 0.34902
13 0.349019
14 0.25098
15 0.25098
16 0.25098
17 0.25098
18 0.25098
19 0.25098
20 0.25098
21 0.25098
22 0.25098
23 0.25098
24 0.14902
25 0.14902
26 0.14902
27 0.14902
28 0.967343
29 0.980819
30 0.372904
31 0.713401
32 0.223565
33 0.0393568
34 0.141032
35 0.201928
36 0.215875
37 0.185776
38 0.298239
39 0.13303
40 0.107709
41 0.103448
42 0.104882
43 0.150628
44 0.514585
45 0.332259
46 0.244268
47 0.67014
48 0.604361
49 0.165223
50 0.444401
51 0.432986
52 0.436913
53 0.586573
54 0.362727
55 0.721538
56 0.702899
57 0.100922
58 0.256891
59 0.173151
60 0.0929137
61 0.150655
62 0.14381
63 0.0657391
64 0.416697
65 0.0689545
66 0.489638
67 0.28545
68 0.0229125
69 0.0382449
70 0.180228
0 0.598736
1 0.131589
2 0.34902
3 0.34902
4 0.34902
5 0.34902
6 0.34902
7 0.34902
8 0.34902
9 0.34902
10 0.331907
11 0.984314
12 0.984314
13 0.4795
14 0.25098
15 0.25098
16 0.25098
17 0.25098
18 0.25098
19 0.25098
20 0.205348
21 0
22 0
23 0
24 0.14902
25 0.14902
26 0.199287
27 0.995009
28 0.911655
29 0.976058
30 0.0152787
31 0.791807
32 0.164256
33 0.0528983
34 0.0399628
35 0.141718
36 0.0480012
37 0.0971479
38 0.148492
39 0.0345728
40 0.0387586
41 0.0779798
42 0.0725756
43 0.0348055
44 0.459567
45 0.329804
46 0.284944
47 0.568512
48 0.693941
49 0.236257
50 0.466132
51 0.649495
52 0.525953
53 0.691846
54 0.365672
55 0.58695
56 0.613966
57 0.0560041
58 0.112889
59 0.0558538
60 0.112705
61 0.116445
62 0.0882815
63 0.0899764
64 0.348144
65 0.0429356
66 0.12711
67 0.126728
68 0.108155
69 0.105546
70 0.480366
0 0.919059
1 0.124894
2 0.0509804
3 0.204278
4 0.219608
5 0.219608
6 0.219608
7 0.219608
8 0.219608
9 0.219608
10 0.219608
11 0.219608
12 0.219608
13 0.219608
14 0.180392
15 0.219608
16 0.219608
17 0.219608
18 0.219608
19 0.219608
20 0.219608
21 0.219608
22 0.219608
23 0.219608
24 0.491979
25 0.219608
26 0.219608
27 0.219608
28 0.868815
29 0.960991
30 0.015651
31 0.788896
32 0.134694
33 0.0149988
34 0.0280245
35 0.0385316
36 0.0125286
37 0.0261362
38 0.0507059
39 0.0121579
40 0.0102721
41 0.0184935
42 0.0165895
43 0.011822
44 0.282442
45 0.0758085
46 0.175301
47 0.408692
48 0.457968
49 0.0767235
50 0.269917
51 0.363143
52 0.403875
53 0.33908
54 0.155934
55 0.309651
56 0.264097
57 0.0310846
58 0.0749268
59 0.0373704
60 0.057067
61 0.060454
62 0.0365623
63 0.0375653
64 0.195033
65 0.022921
66 0.0919862
67 0.0490112
68 0.0329363
69 0.0388804
70 0.148233
0 0.959623
1 0.118474
2 0.270588
3 0.270588
4 0.270588
5 0.270588
6 0.270588
7 0.270588
8 0.270588
9 0.270588
10 0.270588
11 0.270588
12 0.270588
13 0.270588
14 0.270588
15 0.270588
16 0.270588
17 0.270588
18 0.270588
19 0.270588
20 0.270588
21 0.270588
22 0.270588
23 0.270588
24 0.270588
25 0.270588
26 0.270588
27 0.270588
28 0.916967
29 0.956075
30 0.00705132
31 0.793984
32 0.173085
33 0.102205
34 0.355071
35 0.0628999
36 0.0120699
37 0.0264365
38 0.0900436
39 0.0193483
40 0.0216889
41 0.0232826
42 0.0165353
43 0.0529001
44 0.246348
45 0.129331
46 0.238109
47 0.236025
48 0.456423
49 0.106577
50 0.156298
51 0.235761
52 0.478797
53 0.248037
54 0.152885
55 0.180688
56 0.16462
57 0.0696902
58 0.222951
59 0.108079
60 0.159625
61 0.0741871
62 0.0781958
63 0.15503
64 0.243051
65 0.0328247
66 0.0933646
67 0.179448
68 0.26494
69 0.261274
70 0.440226
0 0.0150723
1 0.111876
2 0.0117647
3 0.0117647
4 0.0117647
5 0.0117647
6 0.0117647
7 0.0117647
8 0.0117647
9 0.0117647
10 0.0117647
11 0.0117647
12 0.0117647
13 0.0117647
14 0.176471
15 0.176471
16 0.176471
17 0.176471
18 0.176471
19 0.176471
20 0.176471
21 0.176471
22 0.176471
23 0.17647
24 0.996078
25 0.996078
26 0.996078
27 0.996078
28 0.934202
29 0.970574
30 0.0109554
31 0.832452
32 0.144601
33 0.0715549
34 0.239813
35 0.0923647
36 0.0199908
37 0.0434775
38 0.0780474
39 0.0342169
40 0.0323511
41 0.0380698
42 0.0228675
43 0.0953823
44 0.293226
45 0.165882
46 0.3155
47 0.262188
48 0.558651
49 0.102049
50 0.23186
51 0.221336
52 0.526536
53 0.305785
54 0.132068
55 0.213602
56 0.164584
57 0.112341
58 0.300606
59 0.134387
60 0.231933
61 0.102741
62 0.10578
63 0.161513
64 0.325531
65 0.0441852
66 0.191082
67 0.280444
68 0.183331
69 0.10798
70 0.360598
0 0.531684
1 0.103889
2 0.0745098
3 0.0745098
4 0.0745098
5 0.0745098
6 0.0745098
7 0.0745098
8 0.0745098
9 0.0745098
10 0.0745098
11 0.0745098
12 0.0745098
13 0.0745097
14 0.156863
15 0.156863
16 0.156863
17 0.156863
18 0.156863
19 0.156863
20 0.156863
21 0.156863
22 0.156863
23 0.156863
24 0.996078
25 0.996078
26 0.996078
27 0.996078
28 0.963691
29 0.983309
30 0.287094
31 0.770045
32 0.267637
33 0.00752827
34 0.237517
35 0.105102
36 0.0422409
37 0.0826446
38 0.0986732
39 0.0416794
40 0.0162577
41 0.0374734
42 0.0723006
43 0.180722
44 0.42263
45 0.173468
46 0.22884
47 0.546573
48 0.62255
49 0.0430563
50 0.152432
51 0.170196
52 0.35359
53 0.427474
54 0.166654
55 0.500591
56 0.26852
57 0.113905
58 0.153858
59 0.102225
60 0.121766
61 0.0825015
62 0.0308759
63 0.100624
64 0.193323
65 0.0529186
66 0.43807
67 0.24682
68 0.044258
69 0.0271484
70 0.105055
0 0.389788
1 0.0974593
2 0.470588
3 0.318004
4 0.172906
5 0.142959
6 0.121569
7 0.121569
8 0.183957
9 0.164706
10 0.389305
11 0.966845
12 0.853833
13 0.686274
14 0.247059
15 0.279144
16 0.51123
17 0.27451
18 0.27451
19 0.274866
20 0.00392157
21 0.719786
22 0.189305
23 0.0117647
24 0.591444
25 0.927273
26 0.816399
27 0.922638
28 0.931062
29 0.983638
30 0.183993
31 0.734986
32 0.209958
33 0.0143417
34 0.19518
35 0.12861
36 0.0361304
37 0.0731623
38 0.0761508
39 0.0463989
40 0.0286919
41 0.0421026
42 0.0583563
43 0.09791
44 0.236274
45 0.05255
46 0.0947103
47 0.129602
48 0.451039
49 0.0401975
50 0.337446
51 0.131443
52 0.413263
53 0.49958
54 0.0993765
55 0.520047
56 0.390485
57 0.0573303
58 0.180413
59 0.116313
60 0.0596402
61 0.0790732
62 0.0362654
63 0.177333
64 0.500737
65 0.163995
66 0.425506
67 0.225686
68 0.0575068
69 0.0295971
70 0.191106
0 0.658752
1 0.0890749
2 0.105882
3 0.105882
4 0.105882
5 0.105882
6 0.302317
7 0.172549
8 0.543316
9 0.727986
10 0.692335
11 0.666667
12 0.666667
13 0.816399
14 0.27451
15 0.27451
16 0.27451
17 0.340107
18 0.0449197
19 0.45205
20 0.0117647
21 0.0117647
22 0.0117647
23 0.434225
24 1
25 0.879501
26 0.884492
27 0.950802
28 0.974763
29 0.990071
30 0.9534
31 0.818171
32 0.0671474
33 0.0368287
34 0.734353
35 0.171861
36 0.339828
37 0.448482
38 0.109631
39 0.123325
40 0.0605171
41 0.0939319
42 0.125021
43 0.185977
44 0.0870736
45 0.0375282
46 0.0982912
47 0.204189
48 0.450186
49 0.0443642
50 0.435286
51 0.110653
52 0.434868
53 0.251962
54 0.0190159
55 0.122494
56 0.131389
57 0.0500825
58 0.204868
59 0.0827411
60 0.269019
61 0.353269
62 0.0383019
63 0.124335
64 0.577947
65 0.0354243
66 0.530107
67 0.113187
68 0.00697582
69 0.0122384
70 0.0439461
0 0.936548
1 0.0827262
2 0.0941176
3 0.149733
4 0.856684
5 0.992157
6 0.992157
7 0.45098
8 0.650981
9 0.65098
10 0.65098
11 0.881997
12 0.988592
13 0.999999
14 0.27451
15 0.392513
16 0.992157
17 0.186453
18 0.00641711
19 0.0117647
20 0.0117647
21 0.272727
22 0.617825
23 0.00392157
24 0.858824
25 0.771836
26 0.956863
27 0.98467
28 0.977307
29 0.99572
30 0.438793
31 0.928497
32 0.244379
33 0.236217
34 0.088008
35 0.501745
36 0.800642
37 0.640501
38 0.63205
39 0.828
40 0.435163
41 0.605325
42 0.435701
43 0.315948
44 0.401774
45 0.331787
46 0.564965
47 0.621697
48 0.626222
49 0.413651
50 0.817945
51 0.442511
52 0.812215
53 0.935133
54 0.482228
55 0.392123
56 0.787627
57 0.139095
58 0.731865
59 0.491146
60 0.411792
61 0.329697
62 0.161354
63 0.695709
64 0.868553
65 0.157819
66 0.458065
67 0.605064
68 0.055425
69 0.0196116
70 0.452096
0 0.382038
1 0.0758654
2 0.101961
3 0.101961
4 0.253832
5 0.335116
6 0.586453
7 0.960784
8 0.563637
9 0.736185
10 0.601782
11 0.28877
12 0.018182
13 0.2
14 0.27451
15 0.146881
16 0.00641711
17 0.00962567
18 0.87451
19 0.727273
20 0.00356507
21 0.11943
22 0.0638146
23 0.549376
24 0.781462
25 0.750089
26 0.754367
27 0.675936
28 0.993302
29 0.999267
30 0.874972
31 0.791942
32 0.778688
33 0.619867
34 0.699322
35 0.689797
36 0.877603
37 0.980784
38 0.973802
39 0.711012
40 0.675156
41 0.660466
42 0.510997
43 0.852177
44 0.917245
45 0.898611
46 0.98163
47 0.950872
48 0.988649
49 0.97036
50 0.918419
51 0.977807
52 0.98298
53 0.972308
54 0.930586
55 0.952425
56 0.98483
57 0.191808
58 0.864583
59 0.873338
60 0.880017
61 0.305283
62 0.28521
63 0.275564
64 0.844816
65 0.0931082
66 0.322616
67 0.470375
68 0.0486487
69 0.133653
70 0.471178
0 0.183312
1 0.0690962
2 0.941176
3 0.899109
4 0.737255
5 0.737255
6 0.737255
7 0.737255
8 0.402139
9 0.54902
10 0.231729
11 0.478432
12 0.377897
13 0.313725
14 0.946524
15 0.363636
16 0
17 0
18 0
19 0.047772
20 0.429946
21 0.208556
22 0.0695188
23 0.156863
24 0.850267
25 0.717647
26 0.474866
27 0.869875
28 0.990245
29 0.99915
30 0.0649156
31 0.796746
32 0.281945
33 0.0491654
34 0.00598017
35 0.931598
36 0.832746
37 0.573122
38 0.688503
39 0.651515
40 0.129315
41 0.378328
42 0.126557
43 0.532611
44 0.986268
45 0.996483
46 0.995163
47 0.993418
48 0.996704
49 0.979344
50 0.972341
51 0.975137
52 0.986999
53 0.998334
54 0.992283
55 0.985746
56 0.998098
57 0.0337021
58 0.232907
59 0.202523
60 0.143755
61 0.434531
62 0.0122442
63 0.0714865
64 0.343871
65 0.0470559
66 0.377864
67 0.335758
68 0.00307725
69 0.033396
70 0.649813
0 0.900038
1 0.0616515
2 0.00392157
3 0.00392157
4 0.483066
5 0.524421
6 0.566845
7 0.886274
8 0.790018
9 0.244563
10 0.733333
11 0.468093
12 0.00392157
13 0.322638
14 0.00392157
15 0.00534759
16 0.330125
17 0.592513
18 0.886274
19 0.757219
20 0.22852
21 0.524064
22 0.0638146
23 0.235651
24 0.203922
25 0.849198
26 0.615686
27 0.883066
28 0.959784
29 0.996399
30 0.0543588
31 0.628246
32 0.581257
33 0.0040754
34 0.108991
35 0.0724904
36 0.0181379
37 0.0876925
38 0.21504
39 0.00883123
40 0.0120165
41 0.0190891
42 0.0188794
43 0.0240043
44 0.735309
45 0.797811
46 0.863264
47 0.864937
48 0.935268
49 0.344502
50 0.257512
51 0.801201
52 0.836247
53 0.732763
54 0.81348
55 0.550162
56 0.834313
57 0.00318976
58 0.152808
59 0.0983134
60 0.163642
61 0.0565817
62 0.00509229
63 0.0786366
64 0.0595611
65 0.00950195
66 0.0381882
67 0.0235955
68 0.00485181
69 0.0258666
70 0.0287301
0 0.623348
1 0.0552435
2 0.65098
3 0.65098
4 0.65098
5 0.65098
6 0.65098
7 0.65098
8 0.0745098
9 0.0745098
10 0.255258
11 0.737255
12 0.438147
13 0.835294
14 0.0117647
15 0.0117647
16 0.0117647
17 0.0117647
18 0.0117647
19 0.52549
20 0.52549
21 0.679501
22 0.66025
23 0.172549
24 0.968627
25 0.968627
26 0.951159
27 0.804278
28 0.822022
29 0.978655
30 0.00467021
31 0.664849
32 0.0991916
33 0.01002
34 0.033953
35 0.019534
36 0.00463556
37 0.0228029
38 0.113992
39 0.00112388
40 0.00135079
41 0.0045897
42 0.000585707
43 0.00230758
44 0.148127
45 0.0389552
46 0.153069
47 0.324082
48 0.58204
49 0.0202854
50 0.0590485
51 0.162684
52 0.541461
53 0.0452034
54 0.0309001
55 0.0457867
56 0.0693389
57 0.00385494
58 0.0603991
59 0.0324203
60 0.227187
61 0.0467163
62 0.00552433
63 0.0382954
64 0.167322
65 0.00390853
66 0.00616952
67 0.039984
68 0.0154711
69 0.0201338
70 0.0640304
0 0.195692
1 0.0449461
2 0.65098
3 0.65098
4 0.65098
5 0.65098
6 0.65098
7 0.298039
8 0.0117647
9 0.0117647
10 0.0117647
11 0.0117647
12 0.0117647
13 0.0117647
14 0.0117647
15 0.0117647
16 0.0117647
17 0.0117647
18 0.238146
19 0.52549
20 0.52549
21 0.52549
22 0.52549
23 0.52549
24 0.815686
25 0.817825
26 0.972549
27 0.972549
28 0.959829
29 0.995147
30 0.972872
31 0.863369
32 0.356924
33 0.00108339
34 0.216532
35 0.101206
36 0.233072
37 0.424987
38 0.322436
39 0.0362972
40 0.0158467
41 0.0788393
42 0.0718654
43 0.0610851
44 0.176681
45 0.0213723
46 0.289284
47 0.41556
48 0.569979
49 0.0618315
50 0.365026
51 0.169135
52 0.769316
53 0.257197
54 0.0717432
55 0.185504
56 0.223177
57 0.00425022
58 0.0161696
59 0.012679
60 0.0207769
61 0.0110987
62 0.00337857
63 0.0150887
64 0.307396
65 0.00396799
66 0.0736812
67 0.00687625
68 0.000878022
69 0.00134857
70 0.00409136
0 0.853677
1 0.0357762
2 0.768627
3 0.768627
4 0.768627
5 0.768628
6 0.768627
7 0.768627
8 0.768628
9 0.768627
10 0.768627
11 0.768628
12 0.768628
13 0.768627
14 0.768627
15 0.768627
16 0.768628
17 0.768627
18 0.768627
19 0.768628
20 0.768627
21 0.768627
22 0.768628
23 0.768627
24 0.768627
25 0.768627
26 0.768627
27 0.768627
28 0.912352
29 0.976583
30 0.016248
31 0.758032
32 0.236326
33 0.0574989
34 0.132052
35 0.235944
36 0.0860042
37 0.0852616
38 0.312712
39 0.0920542
40 0.0983519
41 0.254704
42 0.0890675
43 0.0668462
44 0.29875
45 0.487988
46 0.326829
47 0.630889
48 0.507383
49 0.345002
50 0.294646
51 0.349832
52 0.411738
53 0.657812
54 0.111874
55 0.372094
56 0.488874
57 0.0434791
58 0.108851
59 0.0637874
60 0.0933165
61 0.0586482
62 0.0395892
63 0.077119
64 0.312546
65 0.016974
66 0.0543307
67 0.189985
68 0.157021
69 0.0871798
70 0.400733
0 0.583652
1 0.0262041
2 0.0431373
3 0.0431373
4 0.0431373
5 0.0431373
6 0.0431373
7 0.0431372
8 0.0431373
9 0.0431372
10 0.0431372
11 0.0431373
12 0.0431373
13 0.0431372
14 0.27451
15 0.27451
16 0.27451
17 0.27451
18 0.27451
19 0.27451
20 0.27451
21 0.27451
22 0.27451
23 0.27451
24 1
25 1
26 1
27 1
28 0.929066
29 0.984345
30 0.00162579
31 0.784542
32 0.292329
33 0.0202965
34 0.193437
35 0.103998
36 0.00497149
37 0.0174394
38 0.06386
39 0.0102063
40 0.0138586
41 0.0279119
42 0.0172991
43 0.0490703
44 0.637797
45 0.496741
46 0.820836
47 0.655156
48 0.865601
49 0.632269
50 0.428712
51 0.625221
52 0.81559
53 0.60826
54 0.670281
55 0.545054
56 0.449736
57 0.0105557
58 0.0309183
59 0.0112547
60 0.0193506
61 0.0100591
62 0.00697621
63 0.0139171
64 0.0894206
65 0.0034977
66 0.0231136
67 0.0234783
68 0.0527302
69 0.0667982
70 0.309765
0 0.371075
1 0.017894
2 0.00392157
3 0.00392157
4 0.00392157
5 0.00392157
6 0.00392157
7 0.00392157
8 0.00392157
9 0.00392157
10 0.00392157
11 0.00392157
12 0.00392157
13 0.00392157
14 0.52549
15 0.52549
16 0.52549
17 0.52549
18 0.52549
19 0.52549
20 0.52549
21 0.52549
22 0.52549
23 0.52549
24 0.972549
25 0.972549
26 0.972549
27 0.972549
28 0.783511
29 0.969442
30 0.000239003
31 0.656142
32 0.190728
33 0.00322661
34 0.0438436
35 0.00956819
36 0.000209347
37 0.00154667
38 0.0105834
39 0.000631479
40 0.00125124
41 0.00429273
42 0.00126388
43 0.00438405
44 0.33984
45 0.123602
46 0.469325
47 0.292683
48 0.68426
49 0.18395
50 0.181302
51 0.17184
52 0.611277
53 0.274951
54 0.242084
55 0.257258
56 0.146346
57 0.00289943
58 0.0102095
59 0.00648227
60 0.00551348
61 0.00458285
62 0.00164531
63 0.00637517
64 0.0342963
65 0.00189776
66 0.00807257
67 0.010189
68 0.0169777
69 0.0306558
70 0.11961
0 0.463699
1 0.0113397
2 0.00784314
3 0.00784314
4 0.00784314
5 0.00784314
6 0.00784314
7 0.00784314
8 0.00784314
9 0.00784314
10 0.00784314
11 0.00784314
12 0.00784314
13 0.00784313
14 0.52549
15 0.52549
16 0.52549
17 0.52549
18 0.52549
19 0.52549
20 0.52549
21 0.52549
22 0.52549
23 0.52549
24 0.980392
25 0.980392
26 0.980392
27 0.980392
28 0.896002
29 0.97099
30 0.00515318
31 0.784263
32 0.266911
33 0.0122204
34 0.168297
35 0.0368068
36 0.00264253
37 0.011899
38 0.0389116
39 0.00558925
40 0.00665684
41 0.0253688
42 0.00899384
43 0.0268632
44 0.327041
45 0.161915
46 0.476236
47 0.317237
48 0.631262
49 0.266126
50 0.226882
51 0.233368
52 0.583671
53 0.297013
54 0.228581
55 0.240945
56 0.170896
57 0.0100695
58 0.0174277
59 0.0150014
60 0.0137707
61 0.00801809
62 0.00506717
63 0.0155636
64 0.0869229
65 0.0029911
66 0.0152963
67 0.0194503
68 0.0535754
69 0.0683216
70 0.156867
end fitness = 2.2918
