brainFunction 22889 64 34 1555 24794 2-12 13-26 27-33
0 0.184063
1 0.495635
2 0.392157
3 0.490196
4 0.54902
5 0.2
6 0.411765
7 0.386275
8 0.541176
9 0.490196
10 0.862745
11 0.296078
12 0.933333
13 0.573619
14 0.348307
15 0.845633
16 0.547593
17 0.319786
18 0.0844921
19 0.577184
20 0.502317
21 0.275579
22 0.243494
23 0.51016
24 0.358289
25 0.495187
26 0.232799
27 0.127986
28 0.597504
29 0.582353
30 0.493583
31 0.494474
32 0.445455
33 0.541533
34 0.999844
35 0.998753
36 0.450244
37 0.943233
38 0.116705
39 0.00185027
40 0.104026
41 0.906149
42 0.175671
43 0.019503
44 0.0462214
45 0.045517
46 0.0324257
47 0.00946593
48 0.0154298
49 0.0018036
50 0.0402355
51 0.0146269
52 0.0223707
53 0.0099843
54 0.0111146
55 0.00804759
56 0.0618396
57 0.000779179
58 0.144775
59 0.153718
60 0.532122
61 0.356955
62 0.637229
63 0.788707
0 0.242296
1 0.48867
2 0.2
3 0.1
4 0
5 0
6 0.756863
7 0.992157
8 0.992157
9 0.992157
10 0.992157
11 0.992157
12 0.992157
13 0.6
14 0.545455
15 0
16 0
17 0
18 0.748663
19 0.930838
20 0.992157
21 0.992157
22 0.992157
23 0.992157
24 0.992158
25 0.992157
26 0.992157
27 0.190909
28 0
29 0.454546
30 0.993583
31 0.992157
32 0.992157
33 0.992157
34 0.999919
35 0.995909
36 0.682787
37 0.953561
38 0.00812146
39 0.00101561
40 0.0944902
41 0.96589
42 0.0875198
43 0.293694
44 0.0652099
45 0.0517975
46 0.0500459
47 0.030632
48 0.0660164
49 0.0350491
50 0.145046
51 0.135695
52 0.0695027
53 0.00525237
54 0.00591679
55 0.0239126
56 0.0276361
57 0.00211187
58 0.0865942
59 0.129848
60 0.399516
61 0.903968
62 0.897209
63 0.781702
0 0.308712
1 0.579467
2 0.909804
3 0.909804
4 0.909804
5 0.909804
6 0.909804
7 0.909804
8 0.909804
9 0.909804
10 0.909804
11 0.909804
12 0.909804
13 0.839216
14 0.839216
15 0.839216
16 0.839216
17 0.839216
18 0.839216
19 0.839216
20 0.839216
21 0.839216
22 0.839216
23 0.839216
24 0.839217
25 0.839216
26 0.839216
27 0.996078
28 0.996078
29 0.996078
30 0.996078
31 0.996078
32 0.996079
33 0.996078
34 0.996874
35 0.931664
36 0.253599
37 0.0568916
38 0.559535
39 0.00871826
40 0.428176
41 0.359333
42 0.0384143
43 0.12938
44 0.0433523
45 0.0343884
46 0.043
47 0.0207732
48 0.0450689
49 0.0034734
50 0.297446
51 0.134192
52 0.0319066
53 0.0217695
54 0.0127035
55 0.146041
56 0.421841
57 0.00525212
58 0.054723
59 0.04702
60 0.0686778
61 0.0465181
62 0.15936
63 0.032358
0 0.320636
1 0.569597
2 0
3 0
4 0
5 0
6 0
7 0.776471
8 0.776471
9 0.776471
10 0.429412
11 0.0823529
12 0.0823529
13 0
14 0
15 0
16 0
17 0
18 0
19 0.234581
20 0.368627
21 0.368627
22 0.368627
23 0.316578
24 0.082353
25 0.0823529
26 0.0823529
27 0
28 0
29 0
30 0.789305
31 0.964706
32 0.443316
33 0.0823529
34 0.988528
35 0.884057
36 0.889625
37 0.0356118
38 0.761948
39 0.0640576
40 0.578626
41 0.280501
42 0.119582
43 0.185845
44 0.181475
45 0.141827
46 0.42945
47 0.0262667
48 0.0189335
49 0.0420846
50 0.0881119
51 0.0376536
52 0.0584437
53 0.00409905
54 0.0648869
55 0.0702676
56 0.0448332
57 0.0182153
58 0.0331895
59 0.0216443
60 0.0156463
61 0.0613838
62 0.118725
63 0.153793
0 0.503859
1 0.560454
2 0.415686
3 0.831373
4 0.415686
5 0
6 0
7 0
8 0.429412
9 0.456863
10 0.054902
11 0.027451
12 0
13 0.299465
14 0.823529
15 0.82353
16 0.149733
17 0
18 0
19 0
20 0
21 0.268093
22 0.226025
23 0.054902
24 0.054902
25 0.00499107
26 0
27 0.652406
28 0.565419
29 0
30 0
31 0.559002
32 0.054902
33 0.00249553
34 0.9959
35 0.937988
36 0.589391
37 0.0971346
38 0.778066
39 0.0722991
40 0.254174
41 0.29407
42 0.121041
43 0.159244
44 0.027892
45 0.0162652
46 0.163661
47 0.0328438
48 0.0168125
49 0.0180963
50 0.0372066
51 0.0169118
52 0.0931673
53 0.0108346
54 0.00595297
55 0.0147288
56 0.0348977
57 0.0194819
58 0.0276495
59 0.0162699
60 0.061626
61 0.0163085
62 0.0236514
63 0.0972274
0 0.33074
1 0.55118
2 0
3 0
4 0
5 0.439216
6 0.439216
7 0
8 0
9 0
10 0.470588
11 0.0196078
12 0.0196078
13 0
14 0
15 0
16 0
17 0.449198
18 0.598931
19 0
20 0
21 0
22 0
23 0.238146
24 0.0196079
25 0.0196078
26 0.0196078
27 0
28 0
29 0.62139
30 0
31 0
32 0.294831
33 0.0196078
34 0.991019
35 0.942622
36 0.47143
37 0.246301
38 0.602824
39 0.0415546
40 0.101661
41 0.411881
42 0.252633
43 0.216749
44 0.0849296
45 0.0244119
46 0.0225198
47 0.0100783
48 0.00751945
49 0.00460548
50 0.00761551
51 0.0112291
52 0.114777
53 0.00812394
54 0.0110553
55 0.00702668
56 0.0185198
57 0.00529336
58 0.00579522
59 0.00375291
60 0.22018
61 0.10108
62 0.082607
63 0.145286
0 0.797242
1 0.542071
2 0
3 0
4 0
5 0
6 0.831373
7 0.831373
8 0
9 0
10 0
11 0
12 0
13 0
14 0
15 0
16 0
17 0
18 0.748663
19 0.823529
20 0.524064
21 0
22 0
23 0
24 0
25 0
26 0
27 0
28 0
29 0.445633
30 0.802139
31 0
32 0
33 0
34 0.991191
35 0.975568
36 0.342377
37 0.311934
38 0.285749
39 0.0205653
40 0.0715725
41 0.722818
42 0.120049
43 0.142732
44 0.249021
45 0.031436
46 0.0180995
47 0.00591409
48 0.00386
49 0.00302104
50 0.0167603
51 0.0100283
52 0.0315006
53 0.00721743
54 0.0312247
55 0.037753
56 0.118791
57 0.00346
58 0.00771297
59 0.00392337
60 0.285628
61 0.137403
62 0.205824
63 0.188798
0 0.997947
1 0.534397
2 0
3 0
4 0
5 0
6 0.423529
7 0.847059
8 0.847059
9 0.423529
10 0
11 0
12 0
13 0
14 0
15 0
16 0
17 0
18 0.224599
19 0.823529
20 0.823529
21 0.823529
22 0.449198
23 0
24 0
25 0
26 0
27 0
28 0
29 0.133155
30 0.97647
31 0.754546
32 0
33 0
34 0.971554
35 0.767286
36 0.769166
37 0.0231247
38 0.617825
39 0.0327394
40 0.499793
41 0.171915
42 0.0496944
43 0.348145
44 0.112645
45 0.202015
46 0.313418
47 0.0291616
48 0.0259856
49 0.0350356
50 0.115359
51 0.0693551
52 0.0784578
53 0.00351277
54 0.0280363
55 0.0483363
56 0.0180326
57 0.0292476
58 0.0198173
59 0.0430698
60 0.032794
61 0.15905
62 0.113958
63 0.0792653
0 0.42486
1 0.62426
2 0
3 0.445098
4 0.890196
5 0.0313726
6 0.0313726
7 0.0313726
8 0.0313726
9 0.0313726
10 0.0313726
11 0.0313726
12 0.0313726
13 0
14 0.0748663
15 0.82353
16 0.679501
17 0.0313725
18 0.0313726
19 0.0313725
20 0.0313725
21 0.0313725
22 0.0313725
23 0.0313725
24 0.0313726
25 0.0313725
26 0.0313725
27 0.044385
28 0.890553
29 0.0313726
30 0.0313725
31 0.0313725
32 0.0313726
33 0.0313725
34 0.9999
35 0.999134
36 0.87075
37 0.970529
38 0.00580448
39 0.00150523
40 0.0563487
41 0.99301
42 0.0587399
43 0.0987701
44 0.0668156
45 0.0134378
46 0.0679414
47 0.0104386
48 0.0199331
49 0.0464418
50 0.0328987
51 0.0181299
52 0.134129
53 0.00110802
54 0.00417146
55 0.00503613
56 0.0260047
57 0.0016476
58 0.0378383
59 0.0136423
60 0.729813
61 0.935819
62 0.947433
63 0.907224
0 0.523966
1 0.711032
2 0.992157
3 0.992157
4 0.992157
5 0.992157
6 0.992157
7 0.992157
8 0.992157
9 0.992157
10 0.992157
11 0.992157
12 0.737255
13 0.992157
14 0.992157
15 0.992157
16 0.992157
17 0.992157
18 0.992157
19 0.992157
20 0.992157
21 0.992157
22 0.992157
23 0.992157
24 0.992158
25 0.813547
26 0.337255
27 0.992157
28 0.992157
29 0.992157
30 0.992157
31 0.992157
32 0.992157
33 0.872371
34 0.998288
35 0.920881
36 0.492259
37 0.144218
38 0.0943203
39 0.00495716
40 0.308154
41 0.461539
42 0.0376081
43 0.321689
44 0.0515712
45 0.037964
46 0.0678612
47 0.0445707
48 0.0454107
49 0.0301766
50 0.214343
51 0.213919
52 0.0716039
53 0.0143416
54 0.00751558
55 0.0634056
56 0.0610906
57 0.0112918
58 0.0569181
59 0.10794
60 0.0489637
61 0.27699
62 0.244785
63 0.0603951
0 0.670582
1 0.801061
2 0.384314
3 0.384314
4 0.384314
5 0.384314
6 0.384314
7 0.384314
8 0.384314
9 0.384314
10 0.384314
11 0.384314
12 0.384314
13 0.337255
14 0.337255
15 0.337255
16 0.337255
17 0.337255
18 0.337255
19 0.337255
20 0.337255
21 0.337255
22 0.337255
23 0.337255
24 0.337255
25 0.337255
26 0.337255
27 0.741176
28 0.741176
29 0.741177
30 0.741176
31 0.741176
32 0.741177
33 0.741176
34 0.968659
35 0.700227
36 0.523439
37 0.0298712
38 0.864378
39 0.0591671
40 0.474339
41 0.0827082
42 0.0855443
43 0.146975
44 0.0519734
45 0.0744287
46 0.184706
47 0.0412211
48 0.015305
49 0.0166246
50 0.0735072
51 0.0260204
52 0.0599982
53 0.0122079
54 0.0248168
55 0.0569704
56 0.0490162
57 0.032725
58 0.0223088
59 0.0232474
60 0.0347999
61 0.025689
62 0.0269886
63 0.035291
0 0.84342
1 0.791095
2 0
3 0
4 0
5 0
6 0
7 0
8 0
9 0
10 0
11 0
12 0
13 0
14 0
15 0
16 0
17 0
18 0
19 0
20 0
21 0
22 0
23 0
24 0
25 0
26 0
27 0
28 0
29 0
30 0
31 0
32 0
33 0
34 0.964899
35 0.882397
36 0.860997
37 0.0250946
38 0.706748
39 0.092614
40 0.311199
41 0.382415
42 0.0603401
43 0.28123
44 0.0611055
45 0.0902996
46 0.436091
47 0.0491896
48 0.0245514
49 0.0497517
50 0.0781369
51 0.0343368
52 0.12301
53 0.00212613
54 0.0177178
55 0.0390743
56 0.0204342
57 0.0267843
58 0.0230178
59 0.0171633
60 0.0484056
61 0.0759201
62 0.0332383
63 0.0706249
0 0.377028
1 0.78169
2 0
3 0
4 0.843137
5 0.421569
6 0
7 0
8 0
9 0
10 0
11 0
12 0
13 0
14 0
15 0.374332
16 0.823529
17 0.374332
18 0
19 0
20 0
21 0
22 0
23 0
24 0
25 0
26 0
27 0
28 0.71016
29 0.221925
30 0
31 0
32 0
33 0
34 0.996496
35 0.907484
36 0.500353
37 0.140041
38 0.60696
39 0.0656552
40 0.167528
41 0.380697
42 0.0904373
43 0.361897
44 0.0736079
45 0.0147578
46 0.200111
47 0.0533432
48 0.0150473
49 0.0562765
50 0.0411726
51 0.0232654
52 0.14566
53 0.0103236
54 0.00718265
55 0.0259725
56 0.0204707
57 0.0256994
58 0.0185914
59 0.00887593
60 0.0745616
61 0.0384461
62 0.0323311
63 0.103344
0 0.70081
1 0.773836
2 0
3 0
4 0
5 0.866667
6 0.433333
7 0
8 0
9 0
10 0
11 0
12 0
13 0
14 0
15 0
16 0.149733
17 0.823529
18 0.598931
19 0
20 0
21 0
22 0
23 0
24 0
25 0
26 0
27 0
28 0.0884135
29 0.839929
30 0
31 0
32 0
33 0
34 0.995131
35 0.912992
36 0.408597
37 0.357924
38 0.535064
39 0.0354199
40 0.0976061
41 0.425599
42 0.238839
43 0.304741
44 0.0946908
45 0.0202341
46 0.0379368
47 0.023131
48 0.0130684
49 0.0129337
50 0.0175379
51 0.0191193
52 0.116871
53 0.0116722
54 0.0122254
55 0.00950412
56 0.0152105
57 0.00906085
58 0.0117997
59 0.00659914
60 0.232363
61 0.116236
62 0.0935572
63 0.166297
0 0.635357
1 0.766797
2 0
3 0
4 0
5 0.427451
6 0.854902
7 0.427451
8 0
9 0
10 0
11 0
12 0
13 0
14 0
15 0
16 0
17 0.449198
18 0.82353
19 0.823529
20 0
21 0
22 0
23 0
24 0
25 0
26 0
27 0
28 0
29 0.754546
30 0.488235
31 0
32 0
33 0
34 0.976677
35 0.691897
36 0.530712
37 0.0280759
38 0.810569
39 0.0441556
40 0.313392
41 0.0964032
42 0.0867901
43 0.155133
44 0.0328555
45 0.0745205
46 0.20532
47 0.0217223
48 0.0104065
49 0.0119935
50 0.0761389
51 0.025835
52 0.0366754
53 0.00660459
54 0.0187299
55 0.0533075
56 0.0485526
57 0.0187109
58 0.0208973
59 0.0307228
60 0.0388788
61 0.0263042
62 0.0281617
63 0.0491686
0 0.810786
1 0.759751
2 0
3 0
4 0
5 0
6 0
7 0
8 0
9 0
10 0
11 0
12 0
13 0
14 0
15 0
16 0
17 0
18 0
19 0
20 0
21 0
22 0
23 0
24 0
25 0
26 0
27 0
28 0
29 0
30 0
31 0
32 0
33 0
34 0.999868
35 0.9979
36 0.862712
37 0.967641
38 0.00753289
39 0.00443655
40 0.0407651
41 0.988069
42 0.187196
43 0.162872
44 0.0958471
45 0.0334881
46 0.0955567
47 0.0124291
48 0.0155968
49 0.0349529
50 0.0317785
51 0.019937
52 0.166609
53 0.000899329
54 0.00793448
55 0.00486276
56 0.0171984
57 0.00145916
58 0.0462372
59 0.043162
60 0.734283
61 0.950684
62 0.942658
63 0.959867
0 0.808131
1 0.75275
2 0.992157
3 0.992157
4 0.992157
5 0.992157
6 0.992157
7 0.992157
8 0.992157
9 0.992157
10 0.992157
11 0.992157
12 0.992157
13 0.839216
14 0.839216
15 0.839216
16 0.839216
17 0.839216
18 0.839216
19 0.839216
20 0.839216
21 0.839216
22 0.839216
23 0.839216
24 0.839217
25 0.839216
26 0.839216
27 1
28 1
29 1
30 1
31 1
32 1
33 1
34 0.987321
35 0.595903
36 0.187222
37 0.0101796
38 0.770171
39 0.0129793
40 0.487638
41 0.0460567
42 0.0200959
43 0.104709
44 0.00666817
45 0.0255766
46 0.059659
47 0.0470154
48 0.0320678
49 0.0120414
50 0.202469
51 0.0874984
52 0.0207875
53 0.0165163
54 0.00575471
55 0.138337
56 0.0772061
57 0.019093
58 0.0280904
59 0.0468756
60 0.0183103
61 0.0193653
62 0.0232806
63 0.0159842
0 0.657199
1 0.745598
2 0
3 0
4 0
5 0
6 0
7 0
8 0
9 0
10 0
11 0
12 0
13 0
14 0
15 0
16 0
17 0
18 0
19 0
20 0
21 0
22 0
23 0
24 0
25 0
26 0
27 0
28 0
29 0
30 0
31 0
32 0
33 0
34 0.960997
35 0.794436
36 0.686289
37 0.0455137
38 0.882028
39 0.159128
40 0.352568
41 0.14482
42 0.121136
43 0.100248
44 0.036772
45 0.0715959
46 0.219216
47 0.0292863
48 0.0126315
49 0.0159321
50 0.0483986
51 0.0214408
52 0.0641363
53 0.0074825
54 0.0347446
55 0.0369683
56 0.0487942
57 0.0217905
58 0.0278127
59 0.0258198
60 0.0384427
61 0.0225447
62 0.0164559
63 0.0626788
0 0.702943
1 0.739128
2 0
3 0
4 0
5 0
6 0
7 0
8 0
9 0
10 0
11 0
12 0
13 0
14 0
15 0
16 0
17 0
18 0
19 0
20 0
21 0
22 0
23 0
24 0
25 0
26 0
27 0
28 0
29 0
30 0
31 0
32 0
33 0
34 0.974665
35 0.864889
36 0.708498
37 0.0295094
38 0.935262
39 0.113366
40 0.400699
41 0.157493
42 0.1233
43 0.103025
44 0.035041
45 0.0585458
46 0.287393
47 0.0259869
48 0.0190399
49 0.0155246
50 0.0910808
51 0.0392974
52 0.0703533
53 0.00755794
54 0.0187138
55 0.0404349
56 0.0475954
57 0.0208124
58 0.0440265
59 0.0237181
60 0.0385776
61 0.0179871
62 0.0173982
63 0.080995
0 0.0822441
1 0.732303
2 0
3 0
4 0
5 0
6 0
7 0
8 0
9 0
10 0
11 0
12 0
13 0
14 0
15 0
16 0
17 0
18 0
19 0
20 0
21 0
22 0
23 0
24 0
25 0
26 0
27 0
28 0
29 0
30 0
31 0
32 0
33 0
34 0.989078
35 0.850006
36 0.82533
37 0.0385245
38 0.74842
39 0.0913028
40 0.308949
41 0.315304
42 0.10148
43 0.212037
44 0.0455957
45 0.0400577
46 0.310635
47 0.0312512
48 0.0162066
49 0.0541781
50 0.0564623
51 0.0257716
52 0.116402
53 0.00301594
54 0.0122674
55 0.0319749
56 0.0217337
57 0.0234753
58 0.0175554
59 0.0108893
60 0.0431852
61 0.0597467
62 0.0445777
63 0.131704
0 0.596032
1 0.725403
2 0.34902
3 0.34902
4 0.34902
5 0.34902
6 0.17451
7 0
8 0
9 0
10 0
11 0
12 0
13 0.34902
14 0.34902
15 0.34902
16 0.34902
17 0.34902
18 0.253833
19 0
20 0
21 0
22 0
23 0
24 0
25 0
26 0
27 0.34902
28 0.34902
29 0.301426
30 0
31 0
32 0
33 0
34 0.990606
35 0.887148
36 0.73015
37 0.0761883
38 0.528064
39 0.055128
40 0.210375
41 0.472576
42 0.0954452
43 0.265329
44 0.0692448
45 0.0291699
46 0.125909
47 0.0179243
48 0.010534
49 0.0347834
50 0.0296609
51 0.0162214
52 0.123178
53 0.00304473
54 0.0106787
55 0.0253653
56 0.0262799
57 0.0138811
58 0.0061196
59 0.00548807
60 0.112958
61 0.140655
62 0.108316
63 0.190575
0 0.989357
1 0.718396
2 0.34902
3 0.34902
4 0.34902
5 0.34902
6 0.34902
7 0.34902
8 0.17451
9 0
10 0
11 0
12 0
13 0.34902
14 0.34902
15 0.34902
16 0.34902
17 0.34902
18 0.34902
19 0.34902
20 0.34902
21 0.0951872
22 0
23 0
24 0
25 0
26 0
27 0.34902
28 0.34902
29 0.34902
30 0.34902
31 0.0475936
32 0
33 0
34 0.999447
35 0.992725
36 0.784533
37 0.77289
38 0.112955
39 0.00487429
40 0.166706
41 0.896347
42 0.10016
43 0.137891
44 0.0608937
45 0.0361245
46 0.126061
47 0.0134586
48 0.025595
49 0.0242101
50 0.106048
51 0.0353286
52 0.0915673
53 0.00326681
54 0.00789309
55 0.0116743
56 0.0227352
57 0.00322895
58 0.0590765
59 0.0399878
60 0.498561
61 0.740805
62 0.764812
63 0.86513
0 0.0510479
1 0.711397
2 0.615686
3 0.615686
4 0.615686
5 0.615686
6 0.615686
7 0.615686
8 0.615686
9 0.615686
10 0.615686
11 0.615686
12 0.615686
13 0.615686
14 0.615686
15 0.615686
16 0.615686
17 0.615686
18 0.615687
19 0.615686
20 0.615686
21 0.615686
22 0.615686
23 0.615686
24 0.615687
25 0.615686
26 0.615686
27 0.615686
28 0.615686
29 0.615686
30 0.615686
31 0.615686
32 0.615687
33 0.615686
34 0.999918
35 0.993778
36 0.520036
37 0.8968
38 0.00833304
39 0.000827426
40 0.0880978
41 0.955473
42 0.0367269
43 0.114727
44 0.0180859
45 0.0149499
46 0.0230387
47 0.0184841
48 0.0287486
49 0.0203906
50 0.097672
51 0.0423869
52 0.0493335
53 0.00233296
54 0.00262247
55 0.0161409
56 0.0239088
57 0.00116023
58 0.03819
59 0.0587585
60 0.639155
61 0.950762
62 0.950694
63 0.899233
0 0.861645
1 0.704274
2 0.862745
3 0.862745
4 0.862745
5 0.862745
6 0.862745
7 0.862745
8 0.862745
9 0.862745
10 0.862745
11 0.862745
12 0.862745
13 0.839216
14 0.839216
15 0.839216
16 0.839216
17 0.839216
18 0.839216
19 0.839216
20 0.839216
21 0.839216
22 0.839216
23 0.839216
24 0.839217
25 0.839216
26 0.839216
27 0.85098
28 0.85098
29 0.85098
30 0.85098
31 0.85098
32 0.850981
33 0.85098
34 0.999927
35 0.99358
36 0.48903
37 0.930313
38 0.00371485
39 0.000741517
40 0.0888351
41 0.960593
42 0.0344791
43 0.169401
44 0.0220496
45 0.0164039
46 0.0195327
47 0.0252784
48 0.0477309
49 0.0263394
50 0.132367
51 0.0857624
52 0.0525792
53 0.00343114
54 0.00345554
55 0.017921
56 0.0270293
57 0.00131967
58 0.0581455
59 0.104065
60 0.639896
61 0.974161
62 0.967656
63 0.904236
0 0.747955
1 0.697382
2 0.94902
3 0.94902
4 0.94902
5 0.94902
6 0.94902
7 0.94902
8 0.94902
9 0.94902
10 0.94902
11 0.94902
12 0.94902
13 0.839216
14 0.839216
15 0.839216
16 0.839216
17 0.839216
18 0.839216
19 0.839216
20 0.839216
21 0.839216
22 0.839216
23 0.839216
24 0.839217
25 0.839216
26 0.839216
27 0.992157
28 0.992157
29 0.992157
30 0.992157
31 0.992157
32 0.992157
33 0.992157
34 0.984005
35 0.60316
36 0.216767
37 0.0154709
38 0.780943
39 0.0212118
40 0.542104
41 0.0542562
42 0.0200306
43 0.114497
44 0.00777268
45 0.0292828
46 0.0577724
47 0.060067
48 0.0473411
49 0.0132515
50 0.233828
51 0.113562
52 0.0212632
53 0.0257747
54 0.0098556
55 0.140675
56 0.0762526
57 0.0203137
58 0.0360014
59 0.065102
60 0.0203452
61 0.0284439
62 0.024443
63 0.0204954
0 0.505815
1 0.689221
2 0
3 0
4 0
5 0
6 0
7 0
8 0
9 0
10 0
11 0
12 0
13 0
14 0
15 0
16 0
17 0
18 0
19 0
20 0
21 0
22 0
23 0
24 0
25 0
26 0
27 0
28 0
29 0
30 0
31 0
32 0
33 0
34 0.995334
35 0.964468
36 0.86524
37 0.568457
38 0.234647
39 0.283242
40 0.238085
41 0.833483
42 0.269786
43 0.704138
44 0.445235
45 0.035094
46 0.122056
47 0.0412682
48 0.0473719
49 0.0986828
50 0.0199031
51 0.0535802
52 0.334251
53 0.0040152
54 0.0204196
55 0.0225455
56 0.0339488
57 0.0127587
58 0.00835511
59 0.00560531
60 0.172465
61 0.590177
62 0.395068
63 0.495632
0 0.31525
1 0.681583
2 0.878431
3 0.878431
4 0.878431
5 0.878431
6 0.878431
7 0.878431
8 0.878431
9 0.0431373
10 0.0431373
11 0.0431373
12 0
13 0.368627
14 0.368627
15 0.368627
16 0.368627
17 0.368627
18 0.368628
19 0.368627
20 0.368627
21 0.339037
22 0.0431372
23 0.0431372
24 0.0431373
25 0.0313725
26 0
27 0.952941
28 0.952941
29 0.952941
30 0.952941
31 0.456685
32 0.0431373
33 0.0156863
34 0.999645
35 0.968162
36 0.682965
37 0.42412
38 0.0299805
39 0.0151579
40 0.180374
41 0.799959
42 0.11167
43 0.443368
44 0.0621674
45 0.0261663
46 0.103737
47 0.0169895
48 0.0328881
49 0.0208728
50 0.118184
51 0.0395066
52 0.141428
53 0.00150478
54 0.00737043
55 0.00963959
56 0.113061
57 0.00345964
58 0.0323118
59 0.0821419
60 0.357762
61 0.736944
62 0.742594
63 0.701654
0 0.846576
1 0.673768
2 0.878431
3 0.878431
4 0.878431
5 0.878431
6 0.878431
7 0.878431
8 0.878431
9 0.878431
10 0.878431
11 0.878431
12 0.878431
13 0.368627
14 0.368627
15 0.368627
16 0.368627
17 0.368627
18 0.368628
19 0.368627
20 0.368627
21 0.368627
22 0.368627
23 0.368627
24 0.368628
25 0.368627
26 0.368627
27 0.945098
28 0.945098
29 0.945098
30 0.945098
31 0.945098
32 0.945098
33 0.945098
34 0.99943
35 0.969142
36 0.578191
37 0.457967
38 0.0307932
39 0.0140117
40 0.236663
41 0.770199
42 0.108296
43 0.423403
44 0.0558448
45 0.036666
46 0.0764296
47 0.0488221
48 0.0588364
49 0.0386888
50 0.140213
51 0.0732994
52 0.185701
53 0.00481959
54 0.0113683
55 0.0179771
56 0.086062
57 0.00483473
58 0.0547767
59 0.117678
60 0.322089
61 0.733181
62 0.74554
63 0.718672
0 0.682374
1 0.666705
2 0.886275
3 0.886275
4 0.886275
5 0.886275
6 0.886275
7 0.886275
8 0.886275
9 0.886275
10 0.886275
11 0.886275
12 0.886275
13 0.368627
14 0.368627
15 0.368627
16 0.368627
17 0.368627
18 0.368628
19 0.368627
20 0.368627
21 0.368627
22 0.368627
23 0.368627
24 0.368628
25 0.368627
26 0.368627
27 0.921569
28 0.921569
29 0.921569
30 0.921568
31 0.921568
32 0.921569
33 0.921568
34 0.976227
35 0.618505
36 0.319078
37 0.0123004
38 0.767628
39 0.0287174
40 0.516142
41 0.0645761
42 0.0273336
43 0.104812
44 0.0113907
45 0.028457
46 0.0690342
47 0.0436292
48 0.0226432
49 0.0148166
50 0.12018
51 0.0330191
52 0.0346539
53 0.0136005
54 0.0149362
55 0.086387
56 0.064395
57 0.0205255
58 0.018308
59 0.0412638
60 0.0243232
61 0.0197923
62 0.0226827
63 0.0273744
0 0.875553
1 0.659602
2 0
3 0
4 0
5 0
6 0
7 0
8 0
9 0
10 0
11 0
12 0
13 0
14 0
15 0
16 0
17 0
18 0
19 0
20 0
21 0
22 0
23 0
24 0
25 0
26 0
27 0
28 0
29 0
30 0
31 0
32 0
33 0
34 0.961789
35 0.844549
36 0.72849
37 0.0461284
38 0.92734
39 0.165967
40 0.437807
41 0.150468
42 0.115367
43 0.0972229
44 0.0344204
45 0.0727358
46 0.264156
47 0.0324173
48 0.0261142
49 0.0179294
50 0.0926189
51 0.037775
52 0.0705479
53 0.0120132
54 0.0317175
55 0.0404579
56 0.0608126
57 0.0240125
58 0.0547007
59 0.0325038
60 0.0420099
61 0.0209354
62 0.0179403
63 0.0834524
0 0.0944203
1 0.652669
2 0
3 0
4 0
5 0
6 0
7 0
8 0
9 0
10 0
11 0
12 0
13 0
14 0
15 0
16 0
17 0
18 0
19 0
20 0
21 0
22 0
23 0
24 0
25 0
26 0
27 0
28 0
29 0
30 0
31 0
32 0
33 0
34 0.973686
35 0.834845
36 0.697143
37 0.0243227
38 0.919504
39 0.158022
40 0.368461
41 0.170337
42 0.117041
43 0.0978643
44 0.0304237
45 0.0548343
46 0.263633
47 0.0283485
48 0.0141369
49 0.0159352
50 0.0697703
51 0.0245754
52 0.0808385
53 0.00639378
54 0.0202275
55 0.0402815
56 0.0566909
57 0.0210495
58 0.0340137
59 0.0233677
60 0.0408802
61 0.016733
62 0.0171459
63 0.0817109
0 0.507525
1 0.646714
2 0
3 0
4 0
5 0
6 0
7 0
8 0
9 0
10 0
11 0
12 0
13 0
14 0
15 0
16 0
17 0
18 0
19 0
20 0
21 0
22 0
23 0
24 0
25 0
26 0
27 0
28 0
29 0
30 0
31 0
32 0
33 0
34 0.973366
35 0.850224
36 0.706189
37 0.0279945
38 0.927701
39 0.142916
40 0.395924
41 0.168665
42 0.117935
43 0.104368
44 0.0339842
45 0.0564584
46 0.278686
47 0.0279371
48 0.0179672
49 0.0176526
50 0.0896475
51 0.0320774
52 0.0808602
53 0.00784573
54 0.0217078
55 0.0417045
56 0.0548765
57 0.0218019
58 0.0417095
59 0.0271119
60 0.0427252
61 0.0177024
62 0.0186292
63 0.0949358
0 0.252525
1 0.640725
2 0
3 0
4 0
5 0
6 0
7 0
8 0
9 0
10 0
11 0
12 0
13 0
14 0
15 0
16 0
17 0
18 0
19 0
20 0
21 0
22 0
23 0
24 0
25 0
26 0
27 0
28 0
29 0
30 0
31 0
32 0
33 0
34 0.973176
35 0.883797
36 0.71331
37 0.0253784
38 0.936685
39 0.151553
40 0.417341
41 0.183844
42 0.116366
43 0.102163
44 0.0323934
45 0.0546779
46 0.243323
47 0.0279621
48 0.0191862
49 0.0169574
50 0.0941931
51 0.0263003
52 0.0824469
53 0.0100222
54 0.0216253
55 0.0391335
56 0.0558994
57 0.0208993
58 0.043182
59 0.028656
60 0.0423072
61 0.0131616
62 0.0171251
63 0.108485
0 0.183514
1 0.307605
2 0
3 0
4 0
5 0
6 0
7 0
8 0
9 0
10 0
11 0
12 0
13 0
14 0
15 0
16 0
17 0
18 0
19 0
20 0
21 0
22 0
23 0
24 0
25 0
26 0
27 0
28 0
29 0
30 0
31 0
32 0
33 0
34 0.98821
35 0.955463
36 0.742288
37 0.163661
38 0.766973
39 0.331681
40 0.445797
41 0.348184
42 0.410074
43 0.49278
44 0.0830306
45 0.0637539
46 0.252683
47 0.0798421
48 0.0456429
49 0.114887
50 0.0808146
51 0.017816
52 0.209348
53 0.00329704
54 0.0104779
55 0.0266097
56 0.020177
57 0.027268
58 0.0134624
59 0.00848274
60 0.0623811
61 0.0474791
62 0.0805686
63 0.537143
0 0.294995
1 0.298485
2 0.937255
3 0.937255
4 0.937255
5 0.937255
6 0.503922
7 0.0705882
8 0.0705882
9 0.0705882
10 0.0705882
11 0.0705882
12 0.0705882
13 0.0235294
14 0.0235294
15 0.0235294
16 0.0235294
17 0.0235294
18 0.0363637
19 0.0705882
20 0.0705882
21 0.0705882
22 0.0705882
23 0.0705882
24 0.0705883
25 0.0705882
26 0.0705882
27 0.517647
28 0.517647
29 0.456685
30 0.0705882
31 0.0705882
32 0.0705883
33 0.0705882
34 0.99739
35 0.949581
36 0.590895
37 0.178763
38 0.657202
39 0.260394
40 0.427517
41 0.370916
42 0.383389
43 0.492931
44 0.0605303
45 0.0224858
46 0.10113
47 0.0446164
48 0.0625693
49 0.049407
50 0.0504979
51 0.0156881
52 0.300302
53 0.00151029
54 0.00473749
55 0.0252504
56 0.070988
57 0.00678143
58 0.00655094
59 0.00832465
60 0.0818565
61 0.089187
62 0.132333
63 0.577137
0 0.133327
1 0.289399
2 0.937255
3 0.937255
4 0.937255
5 0.937255
6 0.937255
7 0.937255
8 0.503922
9 0.0705882
10 0.0705882
11 0.0705882
12 0.0705882
13 0.0235294
14 0.0235294
15 0.0235294
16 0.0235294
17 0.0235294
18 0.0235294
19 0.0235294
20 0.0235294
21 0.057754
22 0.0705882
23 0.0705882
24 0.0705883
25 0.0705882
26 0.0705882
27 0.517647
28 0.517647
29 0.517647
30 0.517647
31 0.131551
32 0.0705883
33 0.0705882
34 0.999022
35 0.957224
36 0.647028
37 0.194228
38 0.436522
39 0.310269
40 0.260026
41 0.50844
42 0.427582
43 0.392245
44 0.0204975
45 0.0669085
46 0.22568
47 0.0405109
48 0.0653147
49 0.0230514
50 0.140533
51 0.0227885
52 0.203281
53 0.00204731
54 0.0162671
55 0.0104988
56 0.181111
57 0.00345453
58 0.0661794
59 0.05986
60 0.368867
61 0.261488
62 0.319393
63 0.900381
0 0.0233392
1 0.280561
2 0.933333
3 0.933333
4 0.933333
5 0.933333
6 0.933333
7 0.933333
8 0.933333
9 0.933333
10 0.933333
11 0.933333
12 0.933333
13 0.0235294
14 0.0235294
15 0.0235294
16 0.0235294
17 0.0235294
18 0.0235294
19 0.0235294
20 0.0235294
21 0.0235294
22 0.0235294
23 0.0235294
24 0.0235294
25 0.0235294
26 0.0235294
27 0.513725
28 0.513725
29 0.513726
30 0.513725
31 0.513725
32 0.513726
33 0.513725
34 0.975793
35 0.798889
36 0.532225
37 0.0105742
38 0.85322
39 0.0476394
40 0.416877
41 0.0840897
42 0.0473967
43 0.0701658
44 0.00705238
45 0.0207734
46 0.0754045
47 0.0252583
48 0.0180149
49 0.0152361
50 0.111196
51 0.019518
52 0.0486819
53 0.00779632
54 0.0231391
55 0.0620772
56 0.0599504
57 0.0134066
58 0.0189162
59 0.0415826
60 0.0321482
61 0.0132806
62 0.0184442
63 0.086162
0 0.320018
1 0.271708
2 0
3 0
4 0
5 0
6 0
7 0
8 0
9 0
10 0
11 0
12 0
13 0
14 0
15 0
16 0
17 0
18 0
19 0
20 0
21 0
22 0
23 0
24 0
25 0
26 0
27 0
28 0
29 0
30 0
31 0
32 0
33 0
34 0.965853
35 0.875109
36 0.713912
37 0.0307477
38 0.931415
39 0.168638
40 0.423262
41 0.17959
42 0.122648
43 0.106212
44 0.0369354
45 0.073618
46 0.228281
47 0.0340007
48 0.0224229
49 0.0202532
50 0.0998495
51 0.028706
52 0.0856534
53 0.014162
54 0.0286904
55 0.0424271
56 0.0625609
57 0.0267541
58 0.0541797
59 0.0350857
60 0.0456415
61 0.0152413
62 0.0188036
63 0.10705
0 0.24087
1 0.262879
2 0
3 0
4 0
5 0
6 0
7 0
8 0
9 0
10 0
11 0
12 0
13 0
14 0
15 0
16 0
17 0
18 0
19 0
20 0
21 0
22 0
23 0
24 0
25 0
26 0
27 0
28 0
29 0
30 0
31 0
32 0
33 0
34 0.973596
35 0.859636
36 0.689874
37 0.0223445
38 0.909434
39 0.165634
40 0.355857
41 0.183542
42 0.112907
43 0.0971927
44 0.0305859
45 0.0545438
46 0.209775
47 0.0293834
48 0.0126718
49 0.0172133
50 0.0664331
51 0.0164518
52 0.0846031
53 0.0075024
54 0.02266
55 0.0385779
56 0.0615198
57 0.0225501
58 0.0306731
59 0.0271254
60 0.0436114
61 0.0130398
62 0.0177763
63 0.098996
0 0.663726
1 0.253875
2 0
3 0
4 0
5 0
6 0
7 0
8 0
9 0
10 0
11 0
12 0
13 0
14 0
15 0
16 0
17 0
18 0
19 0
20 0
21 0
22 0
23 0
24 0
25 0
26 0
27 0
28 0
29 0
30 0
31 0
32 0
33 0
34 0.97258
35 0.865498
36 0.69252
37 0.0249869
38 0.91441
39 0.149248
40 0.367547
41 0.181816
42 0.114885
43 0.103212
44 0.0347199
45 0.0576213
46 0.218159
47 0.0299268
48 0.0156259
49 0.0195676
50 0.0817844
51 0.0210023
52 0.0847015
53 0.00913422
54 0.0240157
55 0.0413084
56 0.0613472
57 0.0245024
58 0.0370527
59 0.0311678
60 0.0458922
61 0.0141904
62 0.0196492
63 0.108264
0 0.495474
1 0.246341
2 0
3 0
4 0
5 0
6 0
7 0
8 0
9 0
10 0
11 0
12 0
13 0
14 0
15 0
16 0
17 0
18 0
19 0
20 0
21 0
22 0
23 0
24 0
25 0
26 0
27 0
28 0
29 0
30 0
31 0
32 0
33 0
34 0.973014
35 0.894509
36 0.722651
37 0.0287454
38 0.942226
39 0.154655
40 0.451292
41 0.180813
42 0.112709
43 0.101352
44 0.0337047
45 0.0563635
46 0.244818
47 0.0299142
48 0.0253147
49 0.0193278
50 0.121319
51 0.0328208
52 0.0861583
53 0.0128231
54 0.0243114
55 0.0419479
56 0.0635136
57 0.0242507
58 0.055625
59 0.0353445
60 0.0457594
61 0.0138828
62 0.0194854
63 0.125488
0 0.0118577
1 0.238893
2 0
3 0
4 0
5 0
6 0
7 0
8 0
9 0
10 0
11 0
12 0
13 0
14 0
15 0
16 0
17 0
18 0
19 0
20 0
21 0
22 0
23 0
24 0
25 0
26 0
27 0
28 0
29 0
30 0
31 0
32 0
33 0
34 0.97563
35 0.835163
36 0.783396
37 0.0262385
38 0.910179
39 0.189589
40 0.401553
41 0.209292
42 0.107695
43 0.0959723
44 0.0229976
45 0.049858
46 0.206025
47 0.0253203
48 0.0149507
49 0.0208605
50 0.0775145
51 0.0176137
52 0.0963971
53 0.00699802
54 0.0204056
55 0.0396426
56 0.0649691
57 0.0222809
58 0.0271614
59 0.0263201
60 0.0468657
61 0.0144354
62 0.0198432
63 0.126726
0 0.508312
1 0.231482
2 0.311765
3 0
4 0
5 0
6 0
7 0
8 0
9 0
10 0
11 0
12 0
13 0.314439
14 0
15 0
16 0
17 0
18 0
19 0
20 0
21 0
22 0
23 0
24 0
25 0
26 0
27 0.194652
28 0
29 0
30 0
31 0
32 0
33 0
34 0.974112
35 0.820098
36 0.83268
37 0.015631
38 0.849467
39 0.165344
40 0.414544
41 0.19219
42 0.110845
43 0.12674
44 0.0421661
45 0.0809618
46 0.230529
47 0.0262645
48 0.0119254
49 0.0384289
50 0.0725279
51 0.0186634
52 0.139
53 0.00343966
54 0.0246002
55 0.0418882
56 0.0375285
57 0.0320276
58 0.0164061
59 0.0212644
60 0.0364938
61 0.0429315
62 0.0614981
63 0.14806
0 0.872738
1 0.225509
2 0.45098
3 0.441176
4 0.347059
5 0
6 0
7 0
8 0
9 0
10 0
11 0
12 0
13 0.145811
14 0.216043
15 0.494118
16 0.0898395
17 0
18 0
19 0
20 0
21 0
22 0
23 0
24 0
25 0
26 0
27 0.400535
28 0.47041
29 0
30 0
31 0
32 0
33 0
34 0.987844
35 0.85593
36 0.940813
37 0.0386141
38 0.699794
39 0.107306
40 0.445145
41 0.49199
42 0.0761325
43 0.261884
44 0.0250017
45 0.0267173
46 0.340306
47 0.0218297
48 0.0127083
49 0.121281
50 0.104261
51 0.040366
52 0.175528
53 0.0033188
54 0.0147517
55 0.0453351
56 0.0247138
57 0.0450453
58 0.0178198
59 0.0166051
60 0.046087
61 0.098072
62 0.131674
63 0.152914
0 0.502169
1 0.219604
2 0.921569
3 0.6
4 0.113725
5 0.172549
6 0
7 0
8 0
9 0
10 0
11 0
12 0
13 0.894831
14 0.359002
15 0.0912656
16 0.41426
17 0.494118
18 0.0449199
19 0
20 0
21 0
22 0
23 0
24 0
25 0
26 0
27 0.913369
28 0.585383
29 0.457754
30 0
31 0
32 0
33 0
34 0.997669
35 0.902102
36 0.92432
37 0.124013
38 0.541386
39 0.0764436
40 0.362297
41 0.430032
42 0.0886358
43 0.387666
44 0.0627558
45 0.0165689
46 0.192015
47 0.046543
48 0.0503095
49 0.26875
50 0.0516811
51 0.0172307
52 0.181197
53 0.00372939
54 0.00619993
55 0.0122059
56 0.0107453
57 0.0327505
58 0.0092338
59 0.00664505
60 0.10002
61 0.36193
62 0.411688
63 0.544818
0 0.332395
1 0.213551
2 1
3 0.882353
4 0.582353
5 0.4
6 0.994118
7 0
8 0
9 0
10 0
11 0
12 0
13 0.839216
14 0.839216
15 0.839216
16 0.556863
17 0.494118
18 0.805348
19 0.165419
20 0
21 0
22 0
23 0
24 0
25 0
26 0
27 0.996791
28 0.810695
29 0.682888
30 0.0213904
31 0
32 0
33 0
34 0.996666
35 0.889957
36 0.756308
37 0.0805269
38 0.498684
39 0.0464899
40 0.359134
41 0.430361
42 0.0432607
43 0.314091
44 0.0183542
45 0.00901648
46 0.051563
47 0.0574271
48 0.0552346
49 0.213334
50 0.0768283
51 0.0226298
52 0.180944
53 0.00490567
54 0.00259683
55 0.0221467
56 0.0150586
57 0.0217709
58 0.00668794
59 0.00658153
60 0.157174
61 0.268317
62 0.251648
63 0.413762
0 0.421608
1 0.207537
2 0.87451
3 0.533333
4 0.533333
5 0.6
6 0.988235
7 0
8 0
9 0
10 0
11 0
12 0
13 0.668093
14 0.459893
15 0.494118
16 0.513369
17 0.818182
18 0.504457
19 0.165419
20 0
21 0
22 0
23 0
24 0
25 0
26 0
27 0.890553
28 0.709804
29 0.40107
30 0.0149733
31 0
32 0
33 0
34 0.98688
35 0.894484
36 0.854378
37 0.0233954
38 0.652154
39 0.0432074
40 0.576349
41 0.396984
42 0.0304383
43 0.333448
44 0.0266103
45 0.035481
46 0.265933
47 0.0690477
48 0.0501711
49 0.225732
50 0.274743
51 0.0497209
52 0.164231
53 0.00404903
54 0.00806158
55 0.0642319
56 0.0327353
57 0.0366128
58 0.0205515
59 0.0119753
60 0.0738356
61 0.140306
62 0.124193
63 0.233242
0 0.36166
1 0.201597
2 0.47451
3 0.47451
4 0.558824
5 0.815686
6 0
7 0
8 0
9 0
10 0
11 0
12 0
13 0.494118
14 0.494118
15 0.494118
16 0.776471
17 0.62959
18 0.0413548
19 0
20 0
21 0
22 0
23 0
24 0
25 0
26 0
27 0.627451
28 0.657932
29 0.168271
30 0
31 0
32 0
33 0
34 0.996773
35 0.916968
36 0.911138
37 0.171533
38 0.510237
39 0.107181
40 0.40302
41 0.496948
42 0.128865
43 0.450841
44 0.0444808
45 0.0123293
46 0.162038
47 0.0460814
48 0.031487
49 0.203873
50 0.0455691
51 0.0135269
52 0.163181
53 0.00342146
54 0.00902525
55 0.0101341
56 0.0105412
57 0.0228459
58 0.00689464
59 0.00390338
60 0.0972797
61 0.241379
62 0.298292
63 0.49787
0 0.692598
1 0.195356
2 1
3 0.945098
4 0.407843
5 0.647059
6 0.768627
7 0
8 0
9 0
10 0
11 0
12 0
13 0.839216
14 0.804991
15 0.477005
16 0.494118
17 0.425668
18 0.796435
19 0.305169
20 0
21 0
22 0
23 0
24 0
25 0
26 0
27 0.973797
28 0.648841
29 0.761497
30 0.117647
31 0
32 0
33 0
34 0.992671
35 0.945024
36 0.815237
37 0.0655656
38 0.637665
39 0.037377
40 0.367559
41 0.400115
42 0.0827977
43 0.296693
44 0.049773
45 0.0272041
46 0.0666109
47 0.0302382
48 0.0580991
49 0.0353499
50 0.0420482
51 0.0252708
52 0.126974
53 0.00532559
54 0.0164857
55 0.0109436
56 0.013737
57 0.0130306
58 0.0164654
59 0.00709796
60 0.132716
61 0.160687
62 0.206172
63 0.335822
0 0.0537697
1 0.189075
2 0.192157
3 0.407843
4 0.647059
5 0.490196
6 0.533333
7 0.22549
8 0
9 0
10 0
11 0
12 0
13 0.36221
14 0.51123
15 0.494118
16 0.182888
17 0.240285
18 0.796435
19 0.592157
20 0
21 0
22 0
23 0
24 0
25 0
26 0
27 0.637968
28 0.731194
29 0.612656
30 0.260428
31 0
32 0
33 0
34 0.989419
35 0.975005
36 0.815029
37 0.185829
38 0.383543
39 0.0433964
40 0.207804
41 0.793593
42 0.0423225
43 0.325359
44 0.11944
45 0.0257936
46 0.0514272
47 0.0143023
48 0.0162478
49 0.0213671
50 0.0184146
51 0.0143171
52 0.0762309
53 0.00558674
54 0.0183786
55 0.0181602
56 0.0269919
57 0.00690168
58 0.00566093
59 0.00444537
60 0.326602
61 0.481642
62 0.395992
63 0.558547
0 0.19406
1 0.182776
2 0.217647
3 0.168627
4 0.25098
5 0.533333
6 0.566667
7 0.690196
8 0.482353
9 0
10 0
11 0
12 0
13 0.36221
14 0.551159
15 0.494118
16 0.42852
17 0.261676
18 0.431729
19 0.752228
20 0.839216
21 0.403565
22 0
23 0
24 0
25 0
26 0
27 0.72246
28 0.78574
29 0.526738
30 0.629946
31 0.186275
32 0
33 0
34 0.994134
35 0.981206
36 0.672875
37 0.204191
38 0.12013
39 0.0115647
40 0.159415
41 0.861113
42 0.0190807
43 0.367867
44 0.139872
45 0.0163054
46 0.0123535
47 0.011614
48 0.0195312
49 0.0161548
50 0.00997112
51 0.0124628
52 0.0741134
53 0.0055284
54 0.0160452
55 0.0210618
56 0.0278526
57 0.00547499
58 0.00327427
59 0.00165459
60 0.59685
61 0.600084
62 0.546812
63 0.596821
0 0.61286
1 0.176599
2 0.160784
3 0.160784
4 0.829412
5 0.852941
6 0.427451
7 0.654902
8 0.509804
9 0.182353
10 0
11 0
12 0
13 0.494118
14 0.494118
15 0.437077
16 0.166488
17 0.600713
18 0.701605
19 0.839216
20 0.839216
21 0.494118
22 0.198931
23 0
24 0
25 0
26 0
27 0.968627
28 0.829055
29 0.660784
30 0.72549
31 0.331016
32 0
33 0
34 0.992223
35 0.847898
36 0.679789
37 0.0326378
38 0.165622
39 0.0147299
40 0.301682
41 0.35854
42 0.0109549
43 0.420295
44 0.0258775
45 0.0129136
46 0.0659003
47 0.0897052
48 0.0377635
49 0.242999
50 0.142268
51 0.0336014
52 0.168239
53 0.00641826
54 0.00525353
55 0.0391239
56 0.0140004
57 0.0432729
58 0.0071439
59 0.0118694
60 0.112545
61 0.414158
62 0.3559
63 0.24776
0 0.864139
1 0.170748
2 0.598039
3 0.615686
4 0.882353
5 0.882353
6 0.392157
7 0
8 0
9 0
10 0
11 0
12 0
13 0.259893
14 0.372905
15 0.839216
16 0.839216
17 0.839216
18 0.432799
19 0.142602
20 0
21 0
22 0
23 0
24 0
25 0
26 0
27 0.517647
28 0.901961
29 0.670232
30 0.0713012
31 0
32 0
33 0
34 0.985157
35 0.776898
36 0.811338
37 0.0318799
38 0.650678
39 0.0347254
40 0.564758
41 0.251668
42 0.0398541
43 0.202885
44 0.0200855
45 0.0165532
46 0.160355
47 0.0433427
48 0.0263831
49 0.179384
50 0.141608
51 0.0233231
52 0.0846916
53 0.00637629
54 0.0108077
55 0.067116
56 0.0480792
57 0.0448848
58 0.012354
59 0.0116443
60 0.0463414
61 0.0595984
62 0.0865703
63 0.139049
0 0.888034
1 0.164954
2 0.870588
3 0.452941
4 0.0352941
5 0.5
6 0
7 0
8 0
9 0
10 0
11 0
12 0
13 0.839216
14 0.766132
15 0.0352941
16 0.210695
17 0.454546
18 0
19 0
20 0
21 0
22 0
23 0
24 0
25 0
26 0
27 0.948663
28 0.122995
29 0.227273
30 0
31 0
32 0
33 0
34 0.986121
35 0.834649
36 0.901098
37 0.0206919
38 0.781588
39 0.167787
40 0.611121
41 0.284836
42 0.0640497
43 0.193371
44 0.0244001
45 0.048133
46 0.277337
47 0.0197718
48 0.0318935
49 0.120216
50 0.199685
51 0.0248815
52 0.174451
53 0.00319582
54 0.0156612
55 0.0511435
56 0.0386505
57 0.0422541
58 0.0149783
59 0.0152616
60 0.0471481
61 0.0922367
62 0.150098
63 0.235229
0 0.502758
1 0.158877
2 0.970588
3 0.758824
4 0.676471
5 0.180392
6 0.0235294
7 0
8 0
9 0
10 0
11 0
12 0
13 0.801783
14 0.458467
15 0.494118
16 0.319786
17 0.394296
18 0.0235294
19 0.00855615
20 0
21 0
22 0
23 0
24 0
25 0
26 0
27 0.409447
28 0.5918
29 0.184849
30 0.00427807
31 0
32 0
33 0
34 0.991816
35 0.946552
36 0.843671
37 0.0673278
38 0.718886
39 0.148123
40 0.327555
41 0.445494
42 0.0654952
43 0.290601
44 0.0623748
45 0.0232083
46 0.132877
47 0.0741342
48 0.10128
49 0.148107
50 0.0477217
51 0.0172195
52 0.248966
53 0.00521461
54 0.00818932
55 0.0172955
56 0.027005
57 0.0231156
58 0.0172041
59 0.00530527
60 0.191534
61 0.138598
62 0.10438
63 0.408234
0 0.111132
1 0.152622
2 0.266667
3 0.266667
4 0.970588
5 0.727451
6 0.739216
7 0.054902
8 0
9 0
10 0
11 0
12 0
13 0.337255
14 0.337255
15 0.627808
16 0.551158
17 0.479857
18 0.459893
19 0.168984
20 0.0349376
21 0
22 0
23 0
24 0
25 0
26 0
27 0.647059
28 0.554011
29 0.45508
30 0.196791
31 0
32 0
33 0
34 0.995822
35 0.965238
36 0.704498
37 0.259533
38 0.270049
39 0.0345473
40 0.185852
41 0.807417
42 0.0683258
43 0.330198
44 0.0398411
45 0.0111222
46 0.0231662
47 0.0140321
48 0.0129247
49 0.0393829
50 0.0229549
51 0.0148453
52 0.241896
53 0.0038685
54 0.00928468
55 0.0103664
56 0.0379753
57 0.00823206
58 0.00459243
59 0.00497853
60 0.54264
61 0.558363
62 0.604884
63 0.514826
0 0.921304
1 0.14627
2 0.309804
3 0.309804
4 0.309804
5 0.652941
6 0.703922
7 0.701961
8 0.109804
9 0.109804
10 0.433333
11 0
12 0
13 0.337255
14 0.337255
15 0.337255
16 0.337255
17 0.696613
18 0.519786
19 0.713725
20 0.573975
21 0.109804
22 0.109804
23 0.254546
24 0
25 0
26 0
27 0.682353
28 0.682353
29 0.644742
30 0.709447
31 0.109804
32 0.316934
33 0
34 0.991524
35 0.939121
36 0.828134
37 0.0278173
38 0.432323
39 0.0225385
40 0.379896
41 0.458382
42 0.0174187
43 0.178434
44 0.0662863
45 0.0307659
46 0.115707
47 0.0460214
48 0.0674058
49 0.0345705
50 0.331789
51 0.0510113
52 0.0224495
53 0.0153649
54 0.0485226
55 0.126169
56 0.363183
57 0.00973307
58 0.0524659
59 0.0454177
60 0.184102
61 0.0769475
62 0.545869
63 0.266272
0 0.107439
1 0.139912
2 0.235294
3 0.235294
4 0.698039
5 0.0509804
6 0.0509804
7 0.0509804
8 0.878431
9 0.878431
10 0.439216
11 0
12 0
13 0.337255
14 0.337255
15 0.394296
16 0.407843
17 0.0509804
18 0.0509804
19 0.0509804
20 0.166488
21 0.368627
22 0.368627
23 0.301604
24 0
25 0
26 0
27 0.615686
28 0.415865
29 0.0509804
30 0.212121
31 0.937255
32 0.383423
33 0
34 0.995625
35 0.927251
36 0.591934
37 0.176437
38 0.572963
39 0.219426
40 0.29686
41 0.581512
42 0.067308
43 0.25217
44 0.212158
45 0.0127434
46 0.0301721
47 0.022558
48 0.0262484
49 0.0138054
50 0.00849641
51 0.0142701
52 0.139774
53 0.0157836
54 0.0199476
55 0.0353262
56 0.160574
57 0.00658929
58 0.0117923
59 0.0172039
60 0.239537
61 0.147087
62 0.198952
63 0.31871
0 0.790567
1 0.133509
2 0.0470588
3 0.0529412
4 0.0588235
5 0.0588235
6 0.901961
7 0.901961
8 0.901961
9 0
10 0
11 0
12 0
13 0.337255
14 0.311943
15 0.0588235
16 0.0588235
17 0.0588235
18 0.340464
19 0.368627
20 0.368627
21 0.335116
22 0
23 0
24 0
25 0
26 0
27 0.522995
28 0.0588235
29 0.456328
30 0.933333
31 0.424242
32 0
33 0
34 0.999475
35 0.991737
36 0.782957
37 0.710061
38 0.0867091
39 0.0219301
40 0.148953
41 0.906042
42 0.0866544
43 0.323845
44 0.203564
45 0.0110441
46 0.0485496
47 0.0350861
48 0.0299777
49 0.0506916
50 0.054499
51 0.0215855
52 0.148129
53 0.000984078
54 0.0112584
55 0.0172938
56 0.330863
57 0.00534701
58 0.0203407
59 0.0141766
60 0.562149
61 0.594696
62 0.98653
63 0.638482
0 0.895668
1 0.127128
2 0.464706
3 0.823529
4 0.823529
5 0.823529
6 0.823529
7 0.823529
8 0.823529
9 1
10 1
11 0
12 0
13 0.201426
14 0.368627
15 0.368627
16 0.368627
17 0.368627
18 0.368628
19 0.368627
20 0.368627
21 0.426025
22 1
23 1
24 0.454546
25 0
26 0
27 0.648663
28 0.901961
29 0.901961
30 0.901961
31 0.955437
32 0.727273
33 0
34 0.998293
35 0.961014
36 0.588545
37 0.15896
38 0.0608356
39 0.00532664
40 0.168029
41 0.846048
42 0.00312417
43 0.23627
44 0.0641695
45 0.00399066
46 0.0113425
47 0.0135337
48 0.0320729
49 0.0312596
50 0.0279966
51 0.0151037
52 0.0219887
53 0.00440144
54 0.00735885
55 0.0705491
56 0.0587626
57 0.00477594
58 0.00550252
59 0.00348135
60 0.447054
61 0.758729
62 0.847307
63 0.490605
0 0.768489
1 0.120607
2 0.337255
3 0.337255
4 0.690196
5 0.690196
6 0.690196
7 0.690196
8 0.690196
9 0.345098
10 0
11 0
12 0
13 0.839216
14 0.839216
15 0.77148
16 0.690196
17 0.690196
18 0.690196
19 0.690196
20 0.690196
21 0.690196
22 0.376471
23 0
24 0
25 0
26 0
27 0.647059
28 0.678431
29 0.690196
30 0.690196
31 0.533333
32 0
33 0
34 0.988883
35 0.836179
36 0.55532
37 0.0406687
38 0.573333
39 0.0192095
40 0.519476
41 0.147537
42 0.01311
43 0.158092
44 0.0163072
45 0.0103635
46 0.0514164
47 0.0697841
48 0.0733271
49 0.0626245
50 0.145651
51 0.054024
52 0.0632829
53 0.0299182
54 0.0114085
55 0.0414454
56 0.032205
57 0.04299
58 0.0362151
59 0.0351191
60 0.0479948
61 0.0731036
62 0.093095
63 0.14972
0 0.156748
1 0.114387
2 0.266667
3 0.266667
4 0.266667
5 0.266667
6 0.268627
7 0
8 0
9 0
10 0
11 0
12 0
13 0.266667
14 0.266667
15 0.266667
16 0.266667
17 0.266667
18 0.558289
19 0
20 0
21 0
22 0
23 0
24 0
25 0
26 0
27 0.266667
28 0.266667
29 0.357576
30 0
31 0
32 0
33 0
34 0.98405
35 0.937774
36 0.80047
37 0.146735
38 0.522501
39 0.0764222
40 0.271912
41 0.625224
42 0.0783984
43 0.248532
44 0.0427099
45 0.0236166
46 0.042594
47 0.0154198
48 0.021974
49 0.0342445
50 0.0271548
51 0.0136905
52 0.209702
53 0.00588731
54 0.0167393
55 0.0151399
56 0.0276988
57 0.0113992
58 0.00639937
59 0.00388681
60 0.323208
61 0.391954
62 0.353324
63 0.37916
0 0.687252
1 0.108026
2 0.431373
3 0.431373
4 0.431373
5 0.431373
6 0.431373
7 0.690196
8 0
9 0
10 0
11 0
12 0
13 0.431373
14 0.431373
15 0.431373
16 0.431372
17 0.431372
18 0.431373
19 0.690909
20 0.534046
21 0
22 0
23 0
24 0
25 0
26 0
27 0.431373
28 0.431373
29 0.431373
30 0.565062
31 0
32 0
33 0
34 0.998381
35 0.989342
36 0.788165
37 0.479717
38 0.0446096
39 0.00628204
40 0.0854914
41 0.955955
42 0.0191532
43 0.259248
44 0.199189
45 0.00371502
46 0.0106211
47 0.00889994
48 0.0100643
49 0.0390989
50 0.0285447
51 0.00757598
52 0.0547944
53 0.00276526
54 0.0178709
55 0.026294
56 0.0632653
57 0.00405673
58 0.00324364
59 0.000634931
60 0.715385
61 0.840777
62 0.964069
63 0.779429
0 0.908279
1 0.100667
2 0.729412
3 0.729412
4 0.729412
5 0.729412
6 0.696078
7 0.662745
8 0.662745
9 0.662745
10 0
11 0
12 0
13 0.729412
14 0.729412
15 0.729412
16 0.729412
17 0.729412
18 0.759359
19 0.839216
20 0.839216
21 0.839216
22 0.839216
23 0.152585
24 0
25 0
26 0
27 0.729412
28 0.729412
29 0.753476
30 0.905882
31 0.905882
32 0.0823532
33 0
34 0.996099
35 0.91873
36 0.722498
37 0.0829798
38 0.0615505
39 0.00328053
40 0.216558
41 0.685356
42 0.0043606
43 0.358339
44 0.012153
45 0.00278819
46 0.00710392
47 0.0155326
48 0.0342822
49 0.0811239
50 0.0379062
51 0.0456146
52 0.1293
53 0.00522843
54 0.003483
55 0.016468
56 0.00864152
57 0.0105146
58 0.0029107
59 0.00358516
60 0.327775
61 0.856387
62 0.799735
63 0.316237
0 0.727271
1 0.0932047
2 0.666667
3 0.666667
4 0.666667
5 0.666667
6 0.666667
7 0.666667
8 0
9 0
10 0
11 0
12 0
13 0.839216
14 0.839216
15 0.839216
16 0.839216
17 0.839216
18 0.839216
19 0.839216
20 0.534046
21 0
22 0
23 0
24 0
25 0
26 0
27 0.913725
28 0.913725
29 0.913726
30 0.747594
31 0
32 0
33 0
34 0.997682
35 0.928501
36 0.268825
37 0.240275
38 0.597228
39 0.178625
40 0.565444
41 0.315313
42 0.121725
43 0.370917
44 0.0355953
45 0.0187099
46 0.0722409
47 0.15115
48 0.165944
49 0.0722136
50 0.152396
51 0.0274797
52 0.100069
53 0.0135193
54 0.00623284
55 0.0714469
56 0.275486
57 0.00898664
58 0.019177
59 0.0144736
60 0.246341
61 0.0586877
62 0.456149
63 0.603062
0 0.0263605
1 0.0840668
2 0.929412
3 0.929412
4 0.929412
5 0.929412
6 0.929412
7 0.929412
8 0.929412
9 0.929412
10 0.464706
11 0
12 0
13 0.0235294
14 0.0235294
15 0.0235294
16 0.0235294
17 0.0235294
18 0.0235294
19 0.0235294
20 0.0235294
21 0.0235294
22 0.0235294
23 0.0192514
24 0
25 0
26 0
27 0.235294
28 0.235294
29 0.235294
30 0.235294
31 0.235294
32 0.0962567
33 0
34 0.968939
35 0.84044
36 0.654201
37 0.0227248
38 0.894176
39 0.198581
40 0.582581
41 0.130172
42 0.0378318
43 0.08032
44 0.00884456
45 0.0241472
46 0.103724
47 0.0292107
48 0.0442001
49 0.0185109
50 0.141273
51 0.0280595
52 0.0542849
53 0.0142064
54 0.0370905
55 0.0618987
56 0.078797
57 0.014105
58 0.0406363
59 0.0605846
60 0.0341131
61 0.0145309
62 0.0199326
63 0.109309
0 0.0538758
1 0.0767858
2 0
3 0
4 0
5 0
6 0
7 0
8 0
9 0
10 0
11 0
12 0
13 0
14 0
15 0
16 0
17 0
18 0
19 0
20 0
21 0
22 0
23 0
24 0
25 0
26 0
27 0
28 0
29 0
30 0
31 0
32 0
33 0
34 0.968338
35 0.835577
36 0.689162
37 0.0240893
38 0.893889
39 0.258167
40 0.338975
41 0.200218
42 0.101093
43 0.0854873
44 0.029876
45 0.0503101
46 0.193923
47 0.0387568
48 0.0144888
49 0.0223398
50 0.0603533
51 0.0123289
52 0.101009
53 0.00886954
54 0.0341531
55 0.0403235
56 0.0989823
57 0.0313333
58 0.0313327
59 0.0324168
60 0.0489011
61 0.0139252
62 0.0189792
63 0.106556
0 0.995654
1 0.0694556
2 0
3 0
4 0
5 0
6 0
7 0
8 0
9 0
10 0
11 0
12 0
13 0
14 0
15 0
16 0
17 0
18 0
19 0
20 0
21 0
22 0
23 0
24 0
25 0
26 0
27 0
28 0
29 0
30 0
31 0
32 0
33 0
34 0.971465
35 0.851111
36 0.735756
37 0.0307294
38 0.911536
39 0.182729
40 0.401616
41 0.205483
42 0.0910574
43 0.0922726
44 0.0315445
45 0.0449093
46 0.211659
47 0.03037
48 0.0232378
49 0.0289163
50 0.098598
51 0.0237924
52 0.0939478
53 0.0103968
54 0.0304216
55 0.0458255
56 0.0877282
57 0.0323286
58 0.0406356
59 0.0407882
60 0.056133
61 0.0173506
62 0.0261047
63 0.152934
0 0.410095
1 0.0623097
2 0.12549
3 0
4 0
5 0
6 0
7 0
8 0
9 0
10 0
11 0
12 0
13 0.159715
14 0
15 0
16 0
17 0
18 0
19 0
20 0
21 0
22 0
23 0
24 0
25 0
26 0
27 0.0798574
28 0
29 0
30 0
31 0
32 0
33 0
34 0.982585
35 0.877844
36 0.856623
37 0.03008
38 0.844466
39 0.183794
40 0.580095
41 0.278702
42 0.118896
43 0.182956
44 0.0317533
45 0.0361883
46 0.293989
47 0.0188443
48 0.0172774
49 0.0751163
50 0.109845
51 0.0299301
52 0.148351
53 0.00431568
54 0.0234956
55 0.0452513
56 0.0408431
57 0.0357993
58 0.0199354
59 0.0177154
60 0.041601
61 0.0543144
62 0.114408
63 0.248888
0 0.631128
1 0.0551412
2 0.578431
3 0.956863
4 0.211765
5 0.105882
6 0
7 0
8 0
9 0
10 0
11 0
12 0
13 0.504456
14 0.337255
15 0.280214
16 0.211765
17 0.0962567
18 0
19 0
20 0
21 0
22 0
23 0
24 0
25 0
26 0
27 0.630481
28 0.380749
29 0.0481284
30 0
31 0
32 0
33 0
34 0.992975
35 0.931803
36 0.826307
37 0.0990797
38 0.744688
39 0.214276
40 0.283615
41 0.422788
42 0.135535
43 0.276816
44 0.035872
45 0.0154107
46 0.202032
47 0.069526
48 0.0413627
49 0.127347
50 0.0745059
51 0.00917874
52 0.128282
53 0.00439468
54 0.0110886
55 0.0168383
56 0.0358923
57 0.0245819
58 0.0126224
59 0.0116092
60 0.0803591
61 0.0664565
62 0.0920734
63 0.37656
0 0.374881
1 0.0481047
2 0.662745
3 0.327451
4 0.421569
5 0.6
6 0.627451
7 0.137255
8 0
9 0
10 0
11 0
12 0
13 0.325134
14 0.442781
15 0.0470588
16 0.367201
17 0.285562
18 0.291622
19 0.27451
20 0
21 0
22 0
23 0
24 0
25 0
26 0
27 0.164349
28 0.332977
29 0.699287
30 0.137255
31 0
32 0
33 0
34 0.996515
35 0.981239
36 0.627983
37 0.22832
38 0.339112
39 0.0998304
40 0.0917334
41 0.847594
42 0.0426373
43 0.259335
44 0.253702
45 0.0123149
46 0.0376515
47 0.0187862
48 0.0199208
49 0.0283324
50 0.0309439
51 0.00940352
52 0.0777621
53 0.00657765
54 0.0332929
55 0.0580399
56 0.166916
57 0.00536164
58 0.00643788
59 0.00530922
60 0.681457
61 0.437089
62 0.749026
63 0.520409
0 0.442446
1 0.0416055
2 0.0352941
3 0.0313726
4 0.729412
5 0.2
6 1
7 0.643137
8 0.643137
9 0.815686
10 0
11 0
12 0
13 0.0363636
14 0.0313726
15 0.195365
16 0.429946
17 0.6
18 0.075936
19 0.417825
20 0.643137
21 0.643137
22 0.5041
23 0.0613193
24 0
25 0
26 0
27 0.0338681
28 0.643137
29 0.563636
30 0.708021
31 0.717112
32 0.0880573
33 0
34 0.999704
35 0.984728
36 0.881288
37 0.538779
38 0.0144026
39 0.00582307
40 0.108419
41 0.968561
42 0.0160735
43 0.473906
44 0.0473794
45 0.00256246
46 0.0115927
47 0.015239
48 0.043307
49 0.0930855
50 0.131939
51 0.0344837
52 0.110237
53 0.00300451
54 0.00649174
55 0.00443579
56 0.0752894
57 0.00170618
58 0.0134636
59 0.0117236
60 0.930941
61 0.97913
62 0.996704
63 0.935446
0 0.312992
1 0.0352775
2 0.984314
3 0.984314
4 0.984314
5 0.984314
6 0.984314
7 0.990196
8 0.996078
9 0.996078
10 0.996078
11 0.498039
12 0
13 0.984314
14 0.984314
15 0.984314
16 0.984313
17 0.984314
18 0.984314
19 0.984314
20 0.337255
21 0.337255
22 0.337255
23 0.337255
24 0.337255
25 0.0306594
26 0
27 0.984314
28 0.984314
29 0.984314
30 0.990196
31 0.996078
32 0.996079
33 0.0452761
34 0.982454
35 0.807476
36 0.677929
37 0.0072282
38 0.374796
39 0.0236049
40 0.764425
41 0.134059
42 0.00816847
43 0.303152
44 0.00518812
45 0.0112122
46 0.0523141
47 0.0712332
48 0.0586143
49 0.120589
50 0.268078
51 0.0693254
52 0.090434
53 0.00579986
54 0.00758477
55 0.111988
56 0.0261321
57 0.0396732
58 0.00694643
59 0.021912
60 0.0283285
61 0.162591
62 0.244724
63 0.160958
0 0.732835
1 0.0288662
2 1
3 1
4 1
5 0.5
6 0
7 0
8 0
9 0
10 0
11 0
12 0
13 0.337255
14 0.337255
15 0.337255
16 0.337255
17 0.153298
18 0
19 0
20 0
21 0
22 0
23 0
24 0
25 0
26 0
27 1
28 1
29 0.227273
30 0
31 0
32 0
33 0
34 0.954718
35 0.878457
36 0.924362
37 0.0234586
38 0.80496
39 0.260895
40 0.792052
41 0.232145
42 0.102986
43 0.279567
44 0.0353107
45 0.0602432
46 0.226176
47 0.0463584
48 0.0547716
49 0.102498
50 0.129038
51 0.0300134
52 0.22275
53 0.00517329
54 0.0336779
55 0.044781
56 0.0321568
57 0.0553503
58 0.0142547
59 0.0111243
60 0.0515374
61 0.14427
62 0.196928
63 0.237572
0 0.404208
1 0.022531
2 1
3 1
4 1
5 0.105882
6 0
7 0
8 0
9 0
10 0
11 0
12 0
13 0.337255
14 0.337255
15 0.337255
16 0.295187
17 0.105882
18 0.0096257
19 0
20 0
21 0
22 0
23 0
24 0
25 0
26 0
27 0.996078
28 0.915152
29 0.057754
30 0
31 0
32 0
33 0
34 0.989033
35 0.955246
36 0.896888
37 0.13846
38 0.61596
39 0.222787
40 0.475415
41 0.580676
42 0.212862
43 0.420383
44 0.0342558
45 0.020522
46 0.110357
47 0.0545839
48 0.0361895
49 0.0942833
50 0.0372245
51 0.0129589
52 0.283564
53 0.00154776
54 0.012799
55 0.00924446
56 0.014694
57 0.016757
58 0.00605185
59 0.00244177
60 0.122669
61 0.209115
62 0.285655
63 0.592662
0 0.523655
1 0.0157811
2 1
3 1
4 0.847059
5 0.9
6 0.513726
7 0.256863
8 0
9 0
10 0
11 0
12 0
13 0.337255
14 0.337255
15 0.351515
16 0.368627
17 0.180392
18 0.469162
19 0.513725
20 0
21 0
22 0
23 0
24 0
25 0
26 0
27 1
28 0.948663
29 0.55205
30 0.256863
31 0
32 0
33 0
34 0.988689
35 0.928543
36 0.841907
37 0.0149337
38 0.751582
39 0.13572
40 0.466097
41 0.360541
42 0.0272272
43 0.235671
44 0.0321366
45 0.0449369
46 0.187881
47 0.0295935
48 0.0726363
49 0.0585479
50 0.181056
51 0.0178477
52 0.0641733
53 0.00358955
54 0.0191454
55 0.0409466
56 0.0753233
57 0.0133049
58 0.0165268
59 0.0242706
60 0.0844008
61 0.0762443
62 0.122322
63 0.363083
0 0.0306326
1 0.0090749
2 0.27451
3 0.27451
4 0.886275
5 0.498039
6 0.109804
7 0.109804
8 0.537255
9 0
10 0
11 0
12 0
13 0.377897
14 0.377897
15 0.494831
16 0.368627
17 0.227451
18 0.109804
19 0.109804
20 0.109804
21 0.0449198
22 0
23 0
24 0
25 0
26 0
27 0.167558
28 0.699109
29 0.286275
30 0.109804
31 0.0636364
32 0
33 0
34 0.9991
35 0.990957
36 0.657413
37 0.711262
38 0.0735487
39 0.0327626
40 0.0938734
41 0.976932
42 0.0588329
43 0.192251
44 0.109975
45 0.00360614
46 0.00939247
47 0.00475249
48 0.00353234
49 0.0142266
50 0.0259295
51 0.00453666
52 0.0844738
53 0.00864799
54 0.0318461
55 0.00230886
56 0.106116
57 0.00101781
58 0.0213365
59 0.00461468
60 0.9712
61 0.914788
62 0.962394
63 0.953142
end fitness = 5.66163
