brain 22901 fitness=2.2918 numneurons+1=72 maxWeight=8 maxBias=8 redinput=2-13 greeninput=14-23 blueinput=24-27
+0.0000 +0.0000 +0.0000 +0.0000 +0.0000 +0.0000 +0.0000 +0.0000 +0.0000 +0.0000 +0.0000 +0.0000 +0.0000 +0.0000 +0.0000 +0.0000 +0.0000 +0.0000 +0.0000 +0.0000 +0.0000 +0.0000 +0.0000 +0.0000 +0.0000 +0.0000 +0.0000 +0.0000 +0.0000 +0.0000 +0.0000 +0.0000 +0.0000 +0.0000 +0.0000 +0.0000 +0.0000 +0.0000 +0.0000 +0.0000 +0.0000 +0.0000 +0.0000 +0.0000 +0.0000 +0.0000 +0.0000 +0.0000 +0.0000 +0.0000 +0.0000 +0.0000 +0.0000 +0.0000 +0.0000 +0.0000 +0.0000 +0.0000 +0.0000 +0.0000 +0.0000 +0.0000 +0.0000 +0.0000 +0.0000 +0.0000 +0.0000 +0.0000 +0.0000 +0.0000 +0.0000 +0.0000 ;
+0.0000 +0.0000 +0.0000 +0.0000 +0.0000 +0.0000 +0.0000 +0.0000 +0.0000 +0.0000 +0.0000 +0.0000 +0.0000 +0.0000 +0.0000 +0.0000 +0.0000 +0.0000 +0.0000 +0.0000 +0.0000 +0.0000 +0.0000 +0.0000 +0.0000 +0.0000 +0.0000 +0.0000 +0.0000 +0.0000 +0.0000 +0.0000 +0.0000 +0.0000 +0.0000 +0.0000 +0.0000 +0.0000 +0.0000 +0.0000 +0.0000 +0.0000 +0.0000 +0.0000 +0.0000 +0.0000 +0.0000 +0.0000 +0.0000 +0.0000 +0.0000 +0.0000 +0.0000 +0.0000 +0.0000 +0.0000 +0.0000 +0.0000 +0.0000 +0.0000 +0.0000 +0.0000 +0.0000 +0.0000 +0.0000 +0.0000 +0.0000 +0.0000 +0.0000 +0.0000 +0.0000 +0.0000 ;
+0.0000 +0.0000 +0.0000 +0.0000 +0.0000 +0.0000 +0.0000 +0.0000 +0.0000 +0.0000 +0.0000 +0.0000 +0.0000 +0.0000 +0.0000 +0.0000 +0.0000 +0.0000 +0.0000 +0.0000 +0.0000 +0.0000 +0.0000 +0.0000 +0.0000 +0.0000 +0.0000 +0.0000 +0.0000 +0.0000 +0.0000 +0.0000 +0.0000 +0.0000 +0.0000 +0.0000 +0.0000 +0.0000 +0.0000 +0.0000 +0.0000 +0.0000 +0.0000 +0.0000 +0.0000 +0.0000 +0.0000 +0.0000 +0.0000 +0.0000 +0.0000 +0.0000 +0.0000 +0.0000 +0.0000 +0.0000 +0.0000 +0.0000 +0.0000 +0.0000 +0.0000 +0.0000 +0.0000 +0.0000 +0.0000 +0.0000 +0.0000 +0.0000 +0.0000 +0.0000 +0.0000 +0.0000 ;
+0.0000 +0.0000 +0.0000 +0.0000 +0.0000 +0.0000 +0.0000 +0.0000 +0.0000 +0.0000 +0.0000 +0.0000 +0.0000 +0.0000 +0.0000 +0.0000 +0.0000 +0.0000 +0.0000 +0.0000 +0.0000 +0.0000 +0.0000 +0.0000 +0.0000 +0.0000 +0.0000 +0.0000 +0.0000 +0.0000 +0.0000 +0.0000 +0.0000 +0.0000 +0.0000 +0.0000 +0.0000 +0.0000 +0.0000 +0.0000 +0.0000 +0.0000 +0.0000 +0.0000 +0.0000 +0.0000 +0.0000 +0.0000 +0.0000 +0.0000 +0.0000 +0.0000 +0.0000 +0.0000 +0.0000 +0.0000 +0.0000 +0.0000 +0.0000 +0.0000 +0.0000 +0.0000 +0.0000 +0.0000 +0.0000 +0.0000 +0.0000 +0.0000 +0.0000 +0.0000 +0.0000 +0.0000 ;
+0.0000 +0.0000 +0.0000 +0.0000 +0.0000 +0.0000 +0.0000 +0.0000 +0.0000 +0.0000 +0.0000 +0.0000 +0.0000 +0.0000 +0.0000 +0.0000 +0.0000 +0.0000 +0.0000 +0.0000 +0.0000 +0.0000 +0.0000 +0.0000 +0.0000 +0.0000 +0.0000 +0.0000 +0.0000 +0.0000 +0.0000 +0.0000 +0.0000 +0.0000 +0.0000 +0.0000 +0.0000 +0.0000 +0.0000 +0.0000 +0.0000 +0.0000 +0.0000 +0.0000 +0.0000 +0.0000 +0.0000 +0.0000 +0.0000 +0.0000 +0.0000 +0.0000 +0.0000 +0.0000 +0.0000 +0.0000 +0.0000 +0.0000 +0.0000 +0.0000 +0.0000 +0.0000 +0.0000 +0.0000 +0.0000 +0.0000 +0.0000 +0.0000 +0.0000 +0.0000 +0.0000 +0.0000 ;
+0.0000 +0.0000 +0.0000 +0.0000 +0.0000 +0.0000 +0.0000 +0.0000 +0.0000 +0.0000 +0.0000 +0.0000 +0.0000 +0.0000 +0.0000 +0.0000 +0.0000 +0.0000 +0.0000 +0.0000 +0.0000 +0.0000 +0.0000 +0.0000 +0.0000 +0.0000 +0.0000 +0.0000 +0.0000 +0.0000 +0.0000 +0.0000 +0.0000 +0.0000 +0.0000 +0.0000 +0.0000 +0.0000 +0.0000 +0.0000 +0.0000 +0.0000 +0.0000 +0.0000 +0.0000 +0.0000 +0.0000 +0.0000 +0.0000 +0.0000 +0.0000 +0.0000 +0.0000 +0.0000 +0.0000 +0.0000 +0.0000 +0.0000 +0.0000 +0.0000 +0.0000 +0.0000 +0.0000 +0.0000 +0.0000 +0.0000 +0.0000 +0.0000 +0.0000 +0.0000 +0.0000 +0.0000 ;
+0.0000 +0.0000 +0.0000 +0.0000 +0.0000 +0.0000 +0.0000 +0.0000 +0.0000 +0.0000 +0.0000 +0.0000 +0.0000 +0.0000 +0.0000 +0.0000 +0.0000 +0.0000 +0.0000 +0.0000 +0.0000 +0.0000 +0.0000 +0.0000 +0.0000 +0.0000 +0.0000 +0.0000 +0.0000 +0.0000 +0.0000 +0.0000 +0.0000 +0.0000 +0.0000 +0.0000 +0.0000 +0.0000 +0.0000 +0.0000 +0.0000 +0.0000 +0.0000 +0.0000 +0.0000 +0.0000 +0.0000 +0.0000 +0.0000 +0.0000 +0.0000 +0.0000 +0.0000 +0.0000 +0.0000 +0.0000 +0.0000 +0.0000 +0.0000 +0.0000 +0.0000 +0.0000 +0.0000 +0.0000 +0.0000 +0.0000 +0.0000 +0.0000 +0.0000 +0.0000 +0.0000 +0.0000 ;
+0.0000 +0.0000 +0.0000 +0.0000 +0.0000 +0.0000 +0.0000 +0.0000 +0.0000 +0.0000 +0.0000 +0.0000 +0.0000 +0.0000 +0.0000 +0.0000 +0.0000 +0.0000 +0.0000 +0.0000 +0.0000 +0.0000 +0.0000 +0.0000 +0.0000 +0.0000 +0.0000 +0.0000 +0.0000 +0.0000 +0.0000 +0.0000 +0.0000 +0.0000 +0.0000 +0.0000 +0.0000 +0.0000 +0.0000 +0.0000 +0.0000 +0.0000 +0.0000 +0.0000 +0.0000 +0.0000 +0.0000 +0.0000 +0.0000 +0.0000 +0.0000 +0.0000 +0.0000 +0.0000 +0.0000 +0.0000 +0.0000 +0.0000 +0.0000 +0.0000 +0.0000 +0.0000 +0.0000 +0.0000 +0.0000 +0.0000 +0.0000 +0.0000 +0.0000 +0.0000 +0.0000 +0.0000 ;
+0.0000 +0.0000 +0.0000 +0.0000 +0.0000 +0.0000 +0.0000 +0.0000 +0.0000 +0.0000 +0.0000 +0.0000 +0.0000 +0.0000 +0.0000 +0.0000 +0.0000 +0.0000 +0.0000 +0.0000 +0.0000 +0.0000 +0.0000 +0.0000 +0.0000 +0.0000 +0.0000 +0.0000 +0.0000 +0.0000 +0.0000 +0.0000 +0.0000 +0.0000 +0.0000 +0.0000 +0.0000 +0.0000 +0.0000 +0.0000 +0.0000 +0.0000 +0.0000 +0.0000 +0.0000 +0.0000 +0.0000 +0.0000 +0.0000 +0.0000 +0.0000 +0.0000 +0.0000 +0.0000 +0.0000 +0.0000 +0.0000 +0.0000 +0.0000 +0.0000 +0.0000 +0.0000 +0.0000 +0.0000 +0.0000 +0.0000 +0.0000 +0.0000 +0.0000 +0.0000 +0.0000 +0.0000 ;
+0.0000 +0.0000 +0.0000 +0.0000 +0.0000 +0.0000 +0.0000 +0.0000 +0.0000 +0.0000 +0.0000 +0.0000 +0.0000 +0.0000 +0.0000 +0.0000 +0.0000 +0.0000 +0.0000 +0.0000 +0.0000 +0.0000 +0.0000 +0.0000 +0.0000 +0.0000 +0.0000 +0.0000 +0.0000 +0.0000 +0.0000 +0.0000 +0.0000 +0.0000 +0.0000 +0.0000 +0.0000 +0.0000 +0.0000 +0.0000 +0.0000 +0.0000 +0.0000 +0.0000 +0.0000 +0.0000 +0.0000 +0.0000 +0.0000 +0.0000 +0.0000 +0.0000 +0.0000 +0.0000 +0.0000 +0.0000 +0.0000 +0.0000 +0.0000 +0.0000 +0.0000 +0.0000 +0.0000 +0.0000 +0.0000 +0.0000 +0.0000 +0.0000 +0.0000 +0.0000 +0.0000 +0.0000 ;
+0.0000 +0.0000 +0.0000 +0.0000 +0.0000 +0.0000 +0.0000 +0.0000 +0.0000 +0.0000 +0.0000 +0.0000 +0.0000 +0.0000 +0.0000 +0.0000 +0.0000 +0.0000 +0.0000 +0.0000 +0.0000 +0.0000 +0.0000 +0.0000 +0.0000 +0.0000 +0.0000 +0.0000 +0.0000 +0.0000 +0.0000 +0.0000 +0.0000 +0.0000 +0.0000 +0.0000 +0.0000 +0.0000 +0.0000 +0.0000 +0.0000 +0.0000 +0.0000 +0.0000 +0.0000 +0.0000 +0.0000 +0.0000 +0.0000 +0.0000 +0.0000 +0.0000 +0.0000 +0.0000 +0.0000 +0.0000 +0.0000 +0.0000 +0.0000 +0.0000 +0.0000 +0.0000 +0.0000 +0.0000 +0.0000 +0.0000 +0.0000 +0.0000 +0.0000 +0.0000 +0.0000 +0.0000 ;
+0.0000 +0.0000 +0.0000 +0.0000 +0.0000 +0.0000 +0.0000 +0.0000 +0.0000 +0.0000 +0.0000 +0.0000 +0.0000 +0.0000 +0.0000 +0.0000 +0.0000 +0.0000 +0.0000 +0.0000 +0.0000 +0.0000 +0.0000 +0.0000 +0.0000 +0.0000 +0.0000 +0.0000 +0.0000 +0.0000 +0.0000 +0.0000 +0.0000 +0.0000 +0.0000 +0.0000 +0.0000 +0.0000 +0.0000 +0.0000 +0.0000 +0.0000 +0.0000 +0.0000 +0.0000 +0.0000 +0.0000 +0.0000 +0.0000 +0.0000 +0.0000 +0.0000 +0.0000 +0.0000 +0.0000 +0.0000 +0.0000 +0.0000 +0.0000 +0.0000 +0.0000 +0.0000 +0.0000 +0.0000 +0.0000 +0.0000 +0.0000 +0.0000 +0.0000 +0.0000 +0.0000 +0.0000 ;
+0.0000 +0.0000 +0.0000 +0.0000 +0.0000 +0.0000 +0.0000 +0.0000 +0.0000 +0.0000 +0.0000 +0.0000 +0.0000 +0.0000 +0.0000 +0.0000 +0.0000 +0.0000 +0.0000 +0.0000 +0.0000 +0.0000 +0.0000 +0.0000 +0.0000 +0.0000 +0.0000 +0.0000 +0.0000 +0.0000 +0.0000 +0.0000 +0.0000 +0.0000 +0.0000 +0.0000 +0.0000 +0.0000 +0.0000 +0.0000 +0.0000 +0.0000 +0.0000 +0.0000 +0.0000 +0.0000 +0.0000 +0.0000 +0.0000 +0.0000 +0.0000 +0.0000 +0.0000 +0.0000 +0.0000 +0.0000 +0.0000 +0.0000 +0.0000 +0.0000 +0.0000 +0.0000 +0.0000 +0.0000 +0.0000 +0.0000 +0.0000 +0.0000 +0.0000 +0.0000 +0.0000 +0.0000 ;
+0.0000 +0.0000 +0.0000 +0.0000 +0.0000 +0.0000 +0.0000 +0.0000 +0.0000 +0.0000 +0.0000 +0.0000 +0.0000 +0.0000 +0.0000 +0.0000 +0.0000 +0.0000 +0.0000 +0.0000 +0.0000 +0.0000 +0.0000 +0.0000 +0.0000 +0.0000 +0.0000 +0.0000 +0.0000 +0.0000 +0.0000 +0.0000 +0.0000 +0.0000 +0.0000 +0.0000 +0.0000 +0.0000 +0.0000 +0.0000 +0.0000 +0.0000 +0.0000 +0.0000 +0.0000 +0.0000 +0.0000 +0.0000 +0.0000 +0.0000 +0.0000 +0.0000 +0.0000 +0.0000 +0.0000 +0.0000 +0.0000 +0.0000 +0.0000 +0.0000 +0.0000 +0.0000 +0.0000 +0.0000 +0.0000 +0.0000 +0.0000 +0.0000 +0.0000 +0.0000 +0.0000 +0.0000 ;
+0.0000 +0.0000 +0.0000 +0.0000 +0.0000 +0.0000 +0.0000 +0.0000 +0.0000 +0.0000 +0.0000 +0.0000 +0.0000 +0.0000 +0.0000 +0.0000 +0.0000 +0.0000 +0.0000 +0.0000 +0.0000 +0.0000 +0.0000 +0.0000 +0.0000 +0.0000 +0.0000 +0.0000 +0.0000 +0.0000 +0.0000 +0.0000 +0.0000 +0.0000 +0.0000 +0.0000 +0.0000 +0.0000 +0.0000 +0.0000 +0.0000 +0.0000 +0.0000 +0.0000 +0.0000 +0.0000 +0.0000 +0.0000 +0.0000 +0.0000 +0.0000 +0.0000 +0.0000 +0.0000 +0.0000 +0.0000 +0.0000 +0.0000 +0.0000 +0.0000 +0.0000 +0.0000 +0.0000 +0.0000 +0.0000 +0.0000 +0.0000 +0.0000 +0.0000 +0.0000 +0.0000 +0.0000 ;
+0.0000 +0.0000 +0.0000 +0.0000 +0.0000 +0.0000 +0.0000 +0.0000 +0.0000 +0.0000 +0.0000 +0.0000 +0.0000 +0.0000 +0.0000 +0.0000 +0.0000 +0.0000 +0.0000 +0.0000 +0.0000 +0.0000 +0.0000 +0.0000 +0.0000 +0.0000 +0.0000 +0.0000 +0.0000 +0.0000 +0.0000 +0.0000 +0.0000 +0.0000 +0.0000 +0.0000 +0.0000 +0.0000 +0.0000 +0.0000 +0.0000 +0.0000 +0.0000 +0.0000 +0.0000 +0.0000 +0.0000 +0.0000 +0.0000 +0.0000 +0.0000 +0.0000 +0.0000 +0.0000 +0.0000 +0.0000 +0.0000 +0.0000 +0.0000 +0.0000 +0.0000 +0.0000 +0.0000 +0.0000 +0.0000 +0.0000 +0.0000 +0.0000 +0.0000 +0.0000 +0.0000 +0.0000 ;
+0.0000 +0.0000 +0.0000 +0.0000 +0.0000 +0.0000 +0.0000 +0.0000 +0.0000 +0.0000 +0.0000 +0.0000 +0.0000 +0.0000 +0.0000 +0.0000 +0.0000 +0.0000 +0.0000 +0.0000 +0.0000 +0.0000 +0.0000 +0.0000 +0.0000 +0.0000 +0.0000 +0.0000 +0.0000 +0.0000 +0.0000 +0.0000 +0.0000 +0.0000 +0.0000 +0.0000 +0.0000 +0.0000 +0.0000 +0.0000 +0.0000 +0.0000 +0.0000 +0.0000 +0.0000 +0.0000 +0.0000 +0.0000 +0.0000 +0.0000 +0.0000 +0.0000 +0.0000 +0.0000 +0.0000 +0.0000 +0.0000 +0.0000 +0.0000 +0.0000 +0.0000 +0.0000 +0.0000 +0.0000 +0.0000 +0.0000 +0.0000 +0.0000 +0.0000 +0.0000 +0.0000 +0.0000 ;
+0.0000 +0.0000 +0.0000 +0.0000 +0.0000 +0.0000 +0.0000 +0.0000 +0.0000 +0.0000 +0.0000 +0.0000 +0.0000 +0.0000 +0.0000 +0.0000 +0.0000 +0.0000 +0.0000 +0.0000 +0.0000 +0.0000 +0.0000 +0.0000 +0.0000 +0.0000 +0.0000 +0.0000 +0.0000 +0.0000 +0.0000 +0.0000 +0.0000 +0.0000 +0.0000 +0.0000 +0.0000 +0.0000 +0.0000 +0.0000 +0.0000 +0.0000 +0.0000 +0.0000 +0.0000 +0.0000 +0.0000 +0.0000 +0.0000 +0.0000 +0.0000 +0.0000 +0.0000 +0.0000 +0.0000 +0.0000 +0.0000 +0.0000 +0.0000 +0.0000 +0.0000 +0.0000 +0.0000 +0.0000 +0.0000 +0.0000 +0.0000 +0.0000 +0.0000 +0.0000 +0.0000 +0.0000 ;
+0.0000 +0.0000 +0.0000 +0.0000 +0.0000 +0.0000 +0.0000 +0.0000 +0.0000 +0.0000 +0.0000 +0.0000 +0.0000 +0.0000 +0.0000 +0.0000 +0.0000 +0.0000 +0.0000 +0.0000 +0.0000 +0.0000 +0.0000 +0.0000 +0.0000 +0.0000 +0.0000 +0.0000 +0.0000 +0.0000 +0.0000 +0.0000 +0.0000 +0.0000 +0.0000 +0.0000 +0.0000 +0.0000 +0.0000 +0.0000 +0.0000 +0.0000 +0.0000 +0.0000 +0.0000 +0.0000 +0.0000 +0.0000 +0.0000 +0.0000 +0.0000 +0.0000 +0.0000 +0.0000 +0.0000 +0.0000 +0.0000 +0.0000 +0.0000 +0.0000 +0.0000 +0.0000 +0.0000 +0.0000 +0.0000 +0.0000 +0.0000 +0.0000 +0.0000 +0.0000 +0.0000 +0.0000 ;
+0.0000 +0.0000 +0.0000 +0.0000 +0.0000 +0.0000 +0.0000 +0.0000 +0.0000 +0.0000 +0.0000 +0.0000 +0.0000 +0.0000 +0.0000 +0.0000 +0.0000 +0.0000 +0.0000 +0.0000 +0.0000 +0.0000 +0.0000 +0.0000 +0.0000 +0.0000 +0.0000 +0.0000 +0.0000 +0.0000 +0.0000 +0.0000 +0.0000 +0.0000 +0.0000 +0.0000 +0.0000 +0.0000 +0.0000 +0.0000 +0.0000 +0.0000 +0.0000 +0.0000 +0.0000 +0.0000 +0.0000 +0.0000 +0.0000 +0.0000 +0.0000 +0.0000 +0.0000 +0.0000 +0.0000 +0.0000 +0.0000 +0.0000 +0.0000 +0.0000 +0.0000 +0.0000 +0.0000 +0.0000 +0.0000 +0.0000 +0.0000 +0.0000 +0.0000 +0.0000 +0.0000 +0.0000 ;
+0.0000 +0.0000 +0.0000 +0.0000 +0.0000 +0.0000 +0.0000 +0.0000 +0.0000 +0.0000 +0.0000 +0.0000 +0.0000 +0.0000 +0.0000 +0.0000 +0.0000 +0.0000 +0.0000 +0.0000 +0.0000 +0.0000 +0.0000 +0.0000 +0.0000 +0.0000 +0.0000 +0.0000 +0.0000 +0.0000 +0.0000 +0.0000 +0.0000 +0.0000 +0.0000 +0.0000 +0.0000 +0.0000 +0.0000 +0.0000 +0.0000 +0.0000 +0.0000 +0.0000 +0.0000 +0.0000 +0.0000 +0.0000 +0.0000 +0.0000 +0.0000 +0.0000 +0.0000 +0.0000 +0.0000 +0.0000 +0.0000 +0.0000 +0.0000 +0.0000 +0.0000 +0.0000 +0.0000 +0.0000 +0.0000 +0.0000 +0.0000 +0.0000 +0.0000 +0.0000 +0.0000 +0.0000 ;
+0.0000 +0.0000 +0.0000 +0.0000 +0.0000 +0.0000 +0.0000 +0.0000 +0.0000 +0.0000 +0.0000 +0.0000 +0.0000 +0.0000 +0.0000 +0.0000 +0.0000 +0.0000 +0.0000 +0.0000 +0.0000 +0.0000 +0.0000 +0.0000 +0.0000 +0.0000 +0.0000 +0.0000 +0.0000 +0.0000 +0.0000 +0.0000 +0.0000 +0.0000 +0.0000 +0.0000 +0.0000 +0.0000 +0.0000 +0.0000 +0.0000 +0.0000 +0.0000 +0.0000 +0.0000 +0.0000 +0.0000 +0.0000 +0.0000 +0.0000 +0.0000 +0.0000 +0.0000 +0.0000 +0.0000 +0.0000 +0.0000 +0.0000 +0.0000 +0.0000 +0.0000 +0.0000 +0.0000 +0.0000 +0.0000 +0.0000 +0.0000 +0.0000 +0.0000 +0.0000 +0.0000 +0.0000 ;
+0.0000 +0.0000 +0.0000 +0.0000 +0.0000 +0.0000 +0.0000 +0.0000 +0.0000 +0.0000 +0.0000 +0.0000 +0.0000 +0.0000 +0.0000 +0.0000 +0.0000 +0.0000 +0.0000 +0.0000 +0.0000 +0.0000 +0.0000 +0.0000 +0.0000 +0.0000 +0.0000 +0.0000 +0.0000 +0.0000 +0.0000 +0.0000 +0.0000 +0.0000 +0.0000 +0.0000 +0.0000 +0.0000 +0.0000 +0.0000 +0.0000 +0.0000 +0.0000 +0.0000 +0.0000 +0.0000 +0.0000 +0.0000 +0.0000 +0.0000 +0.0000 +0.0000 +0.0000 +0.0000 +0.0000 +0.0000 +0.0000 +0.0000 +0.0000 +0.0000 +0.0000 +0.0000 +0.0000 +0.0000 +0.0000 +0.0000 +0.0000 +0.0000 +0.0000 +0.0000 +0.0000 +0.0000 ;
+0.0000 +0.0000 +0.0000 +0.0000 +0.0000 +0.0000 +0.0000 +0.0000 +0.0000 +0.0000 +0.0000 +0.0000 +0.0000 +0.0000 +0.0000 +0.0000 +0.0000 +0.0000 +0.0000 +0.0000 +0.0000 +0.0000 +0.0000 +0.0000 +0.0000 +0.0000 +0.0000 +0.0000 +0.0000 +0.0000 +0.0000 +0.0000 +0.0000 +0.0000 +0.0000 +0.0000 +0.0000 +0.0000 +0.0000 +0.0000 +0.0000 +0.0000 +0.0000 +0.0000 +0.0000 +0.0000 +0.0000 +0.0000 +0.0000 +0.0000 +0.0000 +0.0000 +0.0000 +0.0000 +0.0000 +0.0000 +0.0000 +0.0000 +0.0000 +0.0000 +0.0000 +0.0000 +0.0000 +0.0000 +0.0000 +0.0000 +0.0000 +0.0000 +0.0000 +0.0000 +0.0000 +0.0000 ;
+0.0000 +0.0000 +0.0000 +0.0000 +0.0000 +0.0000 +0.0000 +0.0000 +0.0000 +0.0000 +0.0000 +0.0000 +0.0000 +0.0000 +0.0000 +0.0000 +0.0000 +0.0000 +0.0000 +0.0000 +0.0000 +0.0000 +0.0000 +0.0000 +0.0000 +0.0000 +0.0000 +0.0000 +0.0000 +0.0000 +0.0000 +0.0000 +0.0000 +0.0000 +0.0000 +0.0000 +0.0000 +0.0000 +0.0000 +0.0000 +0.0000 +0.0000 +0.0000 +0.0000 +0.0000 +0.0000 +0.0000 +0.0000 +0.0000 +0.0000 +0.0000 +0.0000 +0.0000 +0.0000 +0.0000 +0.0000 +0.0000 +0.0000 +0.0000 +0.0000 +0.0000 +0.0000 +0.0000 +0.0000 +0.0000 +0.0000 +0.0000 +0.0000 +0.0000 +0.0000 +0.0000 +0.0000 ;
+0.0000 +0.0000 +0.0000 +0.0000 +0.0000 +0.0000 +0.0000 +0.0000 +0.0000 +0.0000 +0.0000 +0.0000 +0.0000 +0.0000 +0.0000 +0.0000 +0.0000 +0.0000 +0.0000 +0.0000 +0.0000 +0.0000 +0.0000 +0.0000 +0.0000 +0.0000 +0.0000 +0.0000 +0.0000 +0.0000 +0.0000 +0.0000 +0.0000 +0.0000 +0.0000 +0.0000 +0.0000 +0.0000 +0.0000 +0.0000 +0.0000 +0.0000 +0.0000 +0.0000 +0.0000 +0.0000 +0.0000 +0.0000 +0.0000 +0.0000 +0.0000 +0.0000 +0.0000 +0.0000 +0.0000 +0.0000 +0.0000 +0.0000 +0.0000 +0.0000 +0.0000 +0.0000 +0.0000 +0.0000 +0.0000 +0.0000 +0.0000 +0.0000 +0.0000 +0.0000 +0.0000 +0.0000 ;
+0.0000 +0.0000 +0.0000 +0.0000 +0.0000 +0.0000 +0.0000 +0.0000 +0.0000 +0.0000 +0.0000 +0.0000 +0.0000 +0.0000 +0.0000 +0.0000 +0.0000 +0.0000 +0.0000 +0.0000 +0.0000 +0.0000 +0.0000 +0.0000 +0.0000 +0.0000 +0.0000 +0.0000 +0.0000 +0.0000 +0.0000 +0.0000 +0.0000 +0.0000 +0.0000 +0.0000 +0.0000 +0.0000 +0.0000 +0.0000 +0.0000 +0.0000 +0.0000 +0.0000 +0.0000 +0.0000 +0.0000 +0.0000 +0.0000 +0.0000 +0.0000 +0.0000 +0.0000 +0.0000 +0.0000 +0.0000 +0.0000 +0.0000 +0.0000 +0.0000 +0.0000 +0.0000 +0.0000 +0.0000 +0.0000 +0.0000 +0.0000 +0.0000 +0.0000 +0.0000 +0.0000 +0.0000 ;
+0.0000 +0.0000 +0.0000 +0.0000 +0.0000 +0.0000 +0.0000 +0.0000 +0.0000 +0.0000 +0.0000 +0.0000 +0.0000 +0.0000 +0.0000 +0.0000 +0.0000 +0.0000 +0.0000 +0.0000 +0.0000 +0.0000 +0.0000 +0.0000 +0.0000 +0.0000 +0.0000 +0.0000 +0.0000 +0.0000 +0.0000 +0.0000 +0.0000 +0.0000 +0.0000 +0.0000 +0.0000 +0.0000 +0.0000 +0.0000 +0.0000 +0.0000 +0.0000 +0.0000 +0.0000 +0.0000 +0.0000 +0.0000 +0.0000 +0.0000 +0.0000 +0.0000 +0.0000 +0.0000 +0.0000 +0.0000 +0.0000 +0.0000 +0.0000 +0.0000 +0.0000 +0.0000 +0.0000 +0.0000 +0.0000 +0.0000 +0.0000 +0.0000 +0.0000 +0.0000 +0.0000 +0.0000 ;
-0.0413 +0.1646 +0.0000 +0.0000 +0.0000 +0.1503 +0.0000 +0.0000 +0.0000 +0.0000 -0.1328 +0.0000 +0.1691 +0.0000 +0.0025 -0.1406 +0.0132 +0.0076 +0.1857 +0.0419 +0.0000 +0.0000 +0.0000 +0.0000 +0.0553 +0.0499 +0.0742 +0.0000 +0.0000 +0.0000 -0.0836 +0.0000 -0.0776 +0.0790 -0.1214 +0.2051 +0.0000 +0.1875 +0.0000 +0.0127 +0.1849 +0.1599 +0.1111 +0.1702 -0.0896 -0.1032 -0.0013 -0.1346 -0.1000 -0.0771 -0.0963 -0.1103 +0.0000 +0.0000 +0.0000 +0.0000 +0.0000 +0.2144 +0.0000 +0.0000 +0.2026 +0.0764 +0.0720 +0.1208 +0.1159 +0.0000 +0.1555 +0.0000 +0.0000 +0.0000 +0.0000 +0.5297 ;
+0.0000 +0.0000 -0.0306 -0.0000 +0.0805 +0.1557 -0.0188 +0.1787 -0.0000 -0.0000 +0.0000 +0.0000 +0.0606 +0.0276 +0.1768 +0.0867 -0.1373 -0.0003 +0.0003 +0.1864 +0.0005 +0.1179 +0.0000 +0.0000 +0.1267 +0.1757 -0.0349 -0.0048 +0.1134 +0.0000 +0.0000 +0.0175 +0.0219 -0.0000 +0.0000 +0.0290 +0.0000 +0.0471 +0.1272 +0.0198 +0.0795 +0.0175 +0.0173 +0.0461 -0.1875 +0.0000 +0.0000 +0.0000 +0.0000 +0.0000 +0.0000 +0.0000 +0.0000 +0.0000 +0.0000 +0.0000 +0.0000 +0.2262 +0.1325 +0.1743 +0.0913 +0.1292 +0.0000 +0.0891 +0.0564 +0.1290 +0.1184 +0.0000 -0.0000 -0.0000 +0.0000 +0.3412 ;
-0.0054 -0.2443 +0.0871 +0.2468 +0.3236 +0.3269 +0.0977 +0.3014 +0.1196 +0.2006 +0.2409 +0.1831 +0.2582 +0.2966 +0.0868 -0.2186 +0.0583 +0.0226 -0.0587 +0.0000 +0.0000 +0.0000 +0.0000 -0.0998 -0.1447 -0.0957 +0.2185 +0.0000 -0.0925 -0.0000 +0.0000 +0.0000 +0.0418 +0.1528 -0.3194 +0.0923 +0.1891 +0.0000 +0.0445 +0.1512 +0.0635 +0.0000 +0.2893 +0.0000 -0.2194 -0.3155 -0.1300 -0.2545 -0.0282 -0.1242 -0.0964 -0.2310 -0.0000 -0.2246 -0.1534 -0.2262 +0.0000 +0.1319 +0.2862 +0.1708 +0.0000 +0.2397 +0.0000 +0.0000 +0.0000 +0.0000 +0.0000 +0.0000 -0.3562 -0.2768 +0.0000 -0.6115 ;
-0.0057 +0.0228 +0.0000 -0.1346 +0.0000 +0.0068 +0.0499 +0.1986 +0.0176 +0.0000 +0.0000 +0.0000 +0.0000 -0.1278 -0.0429 +0.0000 +0.0000 +0.0000 +0.0000 +0.0000 +0.0000 +0.0000 +0.0000 +0.0000 +0.0038 +0.0066 +0.1035 -0.2431 +0.2083 +0.2309 -0.1148 +0.0000 -0.0602 -0.0000 -0.0000 +0.0479 +0.0511 +0.0489 +0.0000 +0.0000 +0.0811 +0.0730 +0.0068 +0.0000 -0.1761 +0.0000 +0.0000 -0.1212 -0.0402 -0.0559 -0.1929 +0.0000 +0.0000 +0.0000 +0.0000 +0.0000 -0.0667 +0.0000 +0.0000 +0.0000 +0.0602 +0.0418 +0.0796 +0.0000 +0.0000 +0.0000 +0.0000 +0.0000 -0.0000 -0.0489 +0.0000 +0.2784 ;
-0.0008 -0.0979 +0.3062 +0.0663 +0.0820 -0.2988 -0.1389 -0.0240 -0.2315 +0.0728 +0.0518 +0.0000 -0.0751 +0.0960 -0.0419 +0.1929 +0.0360 +0.0090 +0.0346 +0.2216 +0.0364 +0.0000 +0.0000 +0.0000 +0.2218 -0.1283 +0.0000 +0.0000 -0.0297 +0.0000 -0.2201 +0.1411 +0.0000 +0.0000 +0.0000 +0.2844 +0.2683 +0.3141 +0.0000 +0.0000 +0.0000 +0.0000 +0.0000 +0.0000 -0.1373 -0.2737 +0.0000 +0.0000 +0.0000 +0.0000 +0.0000 +0.0000 +0.0000 +0.0000 +0.0000 +0.0000 +0.0000 +0.1797 +0.2283 +0.0000 +0.0000 +0.0000 +0.0000 +0.1256 +0.0000 +0.0000 +0.0000 +0.1260 -0.2529 -0.2377 +0.0000 -0.5842 ;
-0.1732 -0.0174 -0.1423 -0.0019 +0.2581 +0.0178 -0.0512 -0.0865 -0.1089 +0.1024 -0.0711 -0.2194 -0.2431 -0.2367 +0.0000 -0.0516 -0.0549 -0.2168 -0.2128 -0.2553 -0.2370 -0.1765 +0.0000 +0.2477 -0.1635 -0.1464 +0.1862 +0.1899 -0.1050 +0.0000 -0.0267 -0.1234 -0.3243 +0.0000 +0.0326 +0.0614 +0.0000 +0.1392 +0.2433 +0.0135 +0.0121 +0.0000 +0.0000 +0.0000 -0.2171 -0.2288 -0.1593 -0.0738 -0.0892 +0.0000 +0.0000 -0.0931 +0.0000 +0.0000 +0.0000 +0.0000 +0.0000 +0.4162 +0.0000 +0.3449 +0.1628 +0.3867 +0.4224 +0.3784 +0.2934 +0.4187 +0.1916 +0.0000 -0.3281 -0.3155 +0.0000 -0.0902 ;
-0.1449 -0.1763 -0.1640 +0.1744 -0.0988 +0.0859 +0.1046 +0.0982 +0.0000 +0.0000 +0.0000 +0.0000 +0.0000 +0.0675 +0.2757 +0.0394 +0.1944 -0.1233 -0.2293 -0.1490 +0.0000 +0.0000 +0.0000 -0.2695 +0.2227 +0.0000 +0.1115 +0.2390 +0.0903 -0.0148 -0.3067 -0.0087 +0.0000 -0.2081 +0.0000 +0.0000 +0.1214 +0.0000 +0.1093 +0.2884 +0.0000 +0.2810 +0.0000 +0.0000 -0.1637 +0.0000 -0.1530 -0.2291 -0.2278 -0.1783 -0.0190 -0.0639 -0.1073 +0.0000 +0.0000 +0.0000 +0.0000 +0.0000 +0.0000 +0.0000 +0.0000 +0.0000 +0.0000 +0.0000 +0.0000 +0.0000 +0.0000 +0.0000 -0.3222 -0.2009 +0.0000 -0.3490 ;
+0.0000 +0.0000 -0.0186 -0.0199 -0.0966 +0.1191 +0.0002 +0.1380 +0.0000 +0.0000 +0.0000 +0.0000 +0.0000 +0.0000 -0.0926 -0.1474 +0.0441 +0.1157 +0.0000 +0.0000 +0.0000 +0.0000 +0.0000 +0.0000 -0.0689 -0.0402 +0.1220 +0.0000 +0.0000 +0.0000 +0.2996 +0.0000 +0.0000 +0.0000 -0.0619 +0.0000 +0.1970 +0.0937 +0.2006 +0.1675 +0.2632 +0.3263 +0.0000 +0.1766 -0.2405 +0.0000 -0.0658 +0.0000 -0.1436 -0.1004 -0.2079 -0.1164 -0.1742 +0.0000 -0.0980 -0.0613 -0.0207 +0.2537 +0.3204 +0.4132 +0.0000 +0.0000 +0.0000 +0.0000 +0.0000 +0.0000 +0.0000 +0.0000 -0.1012 +0.0000 +0.0000 -0.3569 ;
-0.0269 +0.2365 +0.1454 -0.0535 +0.1960 +0.1199 +0.2522 +0.2420 +0.1496 +0.0000 +0.0000 +0.0000 +0.0000 +0.0000 -0.1335 -0.1329 +0.0646 -0.1180 -0.0831 +0.0000 +0.0000 +0.0000 +0.0000 +0.0000 -0.0523 -0.1156 -0.0000 +0.0000 -0.1758 +0.0000 +0.3425 +0.0500 -0.2141 -0.1229 +0.0134 +0.2647 +0.0000 +0.2767 +0.2730 +0.1055 +0.2749 +0.2760 +0.1163 +0.1868 -0.2164 -0.1543 -0.1629 -0.1491 -0.2093 -0.2465 +0.0000 -0.0187 -0.0316 -0.1285 -0.2673 -0.2537 +0.0000 +0.4095 +0.2738 +0.3883 +0.4150 +0.0000 +0.0000 +0.0000 +0.0000 +0.0000 +0.0000 +0.0000 -0.1842 +0.0000 -0.2164 -0.3569 ;
-0.1698 +0.1570 +0.1319 +0.2051 +0.1882 +0.2122 +0.1802 +0.1870 +0.1543 +0.0000 +0.0000 +0.0000 -0.1048 -0.0285 +0.0097 +0.1839 +0.0305 -0.1169 -0.2189 +0.0000 +0.0000 +0.0000 +0.0000 +0.0000 -0.0133 +0.0461 -0.1516 +0.0000 +0.0418 +0.0441 +0.2788 -0.1392 -0.1016 -0.1472 +0.0113 +0.0000 +0.1827 +0.0807 +0.2649 +0.1284 +0.2201 +0.1132 +0.1279 +0.2886 -0.1875 -0.1387 -0.1845 -0.1963 -0.0090 -0.1342 -0.0341 -0.1811 -0.1887 -0.1090 +0.0000 -0.1808 +0.0000 +0.0000 +0.3173 +0.2782 +0.0000 +0.0000 +0.0000 +0.0000 +0.0000 +0.0000 +0.0000 +0.3733 -0.1690 +0.0000 +0.0000 -0.3569 ;
-0.2110 +0.2347 +0.1119 +0.2401 +0.2374 +0.0938 +0.1169 -0.0215 +0.1616 +0.0000 -0.2452 -0.0246 -0.1141 +0.0000 +0.0000 +0.0215 -0.1407 +0.1154 -0.0489 +0.0000 +0.0000 +0.0000 +0.0000 +0.0000 +0.0178 -0.0000 -0.1242 +0.0000 +0.1704 +0.0000 +0.3365 +0.0000 -0.1018 -0.3261 -0.2023 +0.0000 +0.1734 +0.2941 +0.0607 +0.0923 +0.1290 +0.2279 +0.2168 +0.2739 -0.1749 -0.0486 +0.0000 +0.0000 -0.0614 -0.0768 -0.0580 -0.0293 -0.1211 -0.2217 -0.0726 -0.1597 -0.0556 +0.0000 +0.3016 +0.0000 +0.2605 +0.0000 +0.0000 +0.0000 +0.0794 +0.0000 +0.0000 +0.1722 -0.0413 +0.0000 -0.0606 -0.3569 ;
-0.1001 +0.0000 +0.0000 -0.1399 -0.1457 -0.0161 +0.1712 +0.2564 +0.1857 +0.0163 +0.0000 +0.0000 +0.0000 -0.0213 +0.0000 -0.1750 +0.0688 -0.0955 -0.1543 -0.0308 +0.0000 +0.0000 +0.0000 +0.0000 -0.1659 -0.0000 -0.0136 +0.0000 +0.0000 +0.1057 +0.2918 -0.1001 -0.2104 +0.0000 +0.2207 +0.2581 +0.3145 +0.1809 +0.1937 +0.0000 +0.2244 +0.2090 +0.2456 +0.1724 -0.1211 -0.2496 -0.0830 -0.2094 -0.1399 -0.2777 +0.0000 -0.1263 -0.1780 +0.0000 -0.1462 -0.1732 -0.0350 +0.0000 +0.0000 +0.0000 +0.4398 +0.2112 +0.0000 +0.4010 +0.0000 +0.0000 +0.0000 +0.0000 -0.1893 +0.0000 +0.0000 -0.3569 ;
-0.0382 +0.2755 -0.1097 +0.0000 +0.0000 +0.0280 +0.0237 +0.2342 +0.0671 -0.0837 -0.1016 +0.0219 +0.0000 +0.0000 +0.0000 +0.0000 +0.0000 -0.0317 -0.1523 -0.2080 +0.1296 -0.2415 +0.0000 +0.0000 +0.0195 -0.1240 -0.0107 +0.0000 -0.1324 +0.0695 +0.2984 +0.0184 -0.2519 -0.2266 +0.1443 +0.2360 +0.0000 +0.3039 +0.1211 +0.2115 +0.1176 +0.2760 +0.1718 +0.3221 -0.0800 +0.0000 +0.0000 -0.0302 -0.1484 -0.0698 -0.2333 -0.1176 -0.1227 -0.0612 -0.1687 -0.2653 -0.1961 +0.0000 +0.0000 +0.0000 +0.0000 +0.2172 +0.2510 +0.4258 +0.2181 +0.0000 +0.0000 +0.0000 -0.1979 -0.2086 +0.0000 -0.3569 ;
-0.0382 +0.3010 +0.0000 +0.0000 +0.0000 +0.0000 +0.1663 -0.0713 -0.0629 +0.0306 +0.0140 -0.0739 +0.0401 +0.0000 +0.0000 +0.0000 +0.0000 +0.0000 +0.0781 +0.0334 +0.0040 +0.0188 +0.0000 +0.0000 +0.0000 -0.1387 +0.0591 -0.1222 -0.0796 +0.0000 +0.3613 -0.0000 -0.1184 -0.2046 +0.0973 +0.0000 +0.3166 +0.1905 +0.3249 +0.2771 +0.2098 +0.1028 +0.3156 +0.1217 -0.0778 -0.2145 -0.0367 -0.1918 -0.0392 -0.0547 -0.2188 -0.2598 -0.0276 -0.1455 +0.0000 -0.1430 +0.0000 +0.0000 +0.0000 +0.0000 +0.0000 +0.0000 +0.0000 +0.2070 +0.2157 +0.3153 +0.0000 +0.0000 -0.0824 +0.0000 +0.0000 -0.3569 ;
-0.0443 +0.1002 +0.0000 +0.0000 +0.0000 -0.2389 +0.0000 +0.2013 +0.2255 -0.0376 -0.0842 +0.0290 +0.0560 +0.1785 +0.0000 +0.0000 +0.0000 +0.0000 +0.0000 -0.0201 -0.0216 +0.0308 +0.2181 -0.2348 +0.0000 -0.0000 -0.1123 -0.1609 -0.1518 +0.0727 +0.3082 +0.1064 -0.2155 -0.1654 -0.0161 +0.2874 +0.0000 +0.3078 +0.1027 +0.1659 +0.2415 +0.2892 +0.1079 +0.1584 +0.0000 -0.1257 -0.1994 -0.0254 -0.2224 -0.1285 -0.1492 -0.2665 -0.0831 -0.0665 +0.0000 -0.2208 -0.0950 +0.0000 +0.0000 +0.0000 +0.0000 +0.0000 +0.0000 +0.2453 +0.1045 +0.0000 +0.1993 +0.2570 +0.0000 -0.0588 -0.0604 -0.3569 ;
-0.1801 -0.1208 +0.0000 -0.1008 +0.0000 +0.0000 +0.0000 -0.0715 +0.1163 -0.1023 +0.2468 +0.1263 +0.0913 -0.1057 +0.0000 +0.0000 +0.0000 +0.0000 +0.0000 -0.1261 -0.0879 -0.1107 +0.0962 -0.0667 +0.0000 -0.0000 +0.0605 -0.0002 -0.0831 +0.0923 -0.0947 -0.0100 -0.1672 +0.1898 +0.1061 +0.0000 +0.2993 +0.1639 +0.1718 +0.3639 +0.3040 +0.2235 +0.3507 +0.1090 +0.0000 +0.0000 -0.0294 -0.1510 -0.0045 -0.0741 -0.1140 -0.2383 -0.1367 -0.1686 -0.0939 -0.2400 -0.1535 +0.2554 +0.0000 +0.0000 +0.0000 +0.0000 +0.0000 +0.3835 +0.2482 +0.0000 +0.0000 +0.3630 -0.1085 +0.0000 -0.0799 -0.3569 ;
+0.0000 +0.0000 +0.0146 +0.0361 -0.0786 -0.0944 -0.1266 -0.0283 -0.1814 -0.1598 +0.0000 +0.0000 +0.0000 +0.0000 +0.0823 +0.0000 +0.0660 +0.1582 +0.1303 +0.1625 +0.0000 +0.0000 +0.0000 +0.0000 -0.0478 +0.0000 +0.0000 +0.0000 +0.0000 +0.0000 +0.0000 +0.0000 +0.0000 +0.0000 +0.0000 +0.1052 +0.2880 +0.0000 +0.0986 +0.1836 +0.1225 +0.1757 +0.2975 +0.1094 +0.0000 +0.0000 +0.0000 +0.0000 +0.0000 +0.0000 +0.0000 +0.0000 -0.1609 +0.0000 +0.0000 +0.0000 +0.0000 +0.0959 +0.1808 +0.0128 +0.2483 +0.1574 +0.0969 +0.1854 +0.0000 +0.1732 +0.0568 +0.1640 +0.0000 +0.0000 +0.0000 -0.3569 ;
+0.0000 +0.0000 -0.0014 -0.1094 -0.0171 -0.0202 -0.1279 -0.2383 -0.2503 -0.2237 -0.1511 +0.0000 +0.0000 +0.0000 -0.2599 +0.1252 +0.0875 +0.1017 +0.2003 +0.0783 +0.1648 +0.0000 +0.0000 +0.0000 -0.0127 +0.0000 +0.0000 +0.0000 +0.0099 -0.1673 +0.0836 +0.0000 -0.1890 +0.0000 +0.1350 +0.3062 +0.3434 +0.3623 +0.2774 +0.2285 +0.1681 +0.2380 +0.1444 +0.3502 -0.2790 +0.0000 +0.0000 +0.0000 +0.0000 +0.0000 +0.0000 -0.1859 +0.0000 +0.0000 +0.0000 +0.0000 +0.0000 +0.0000 +0.2259 +0.1674 +0.1504 +0.0351 +0.2315 +0.1779 +0.1035 +0.1404 +0.1052 +0.0683 -0.2651 +0.0000 +0.0000 -0.3569 ;
-0.0886 -0.1229 -0.0904 -0.0201 -0.1190 -0.0162 +0.1326 -0.0581 -0.1405 -0.0753 +0.0000 +0.0000 -0.2501 -0.1427 +0.2102 +0.2022 +0.1009 +0.1149 +0.0000 +0.2555 +0.0000 +0.0000 +0.2360 +0.0000 -0.1071 +0.1297 +0.0000 +0.0000 +0.0040 -0.1690 -0.2095 +0.0000 -0.1247 +0.0000 +0.1563 +0.2891 +0.2437 +0.1436 +0.3159 +0.3412 +0.1572 +0.0999 +0.3286 +0.1216 +0.0000 +0.0000 +0.0000 +0.0000 +0.0000 +0.0000 +0.0000 +0.0000 +0.0000 +0.0000 +0.0000 -0.2690 -0.0685 +0.0954 +0.1276 +0.1396 +0.0624 +0.1449 +0.1796 +0.0932 +0.1987 +0.0972 +0.0704 +0.2152 +0.0000 +0.0000 +0.0000 -0.3569 ;
+0.0000 +0.0000 +0.0868 +0.0902 +0.1041 -0.0692 -0.0679 +0.0311 -0.2237 -0.1141 -0.1526 +0.0000 -0.0231 +0.0000 +0.0242 -0.0339 +0.1131 +0.0654 +0.1885 +0.0000 +0.0000 +0.2247 +0.0345 +0.0000 -0.2086 +0.0000 +0.0000 +0.0000 +0.1651 +0.0098 +0.2486 +0.0000 -0.1054 +0.0000 -0.0277 +0.2407 +0.0868 +0.0794 +0.2370 +0.0499 +0.1916 +0.1846 +0.2353 +0.2025 +0.0000 +0.0000 +0.0000 +0.0000 -0.0358 +0.0000 +0.0000 +0.0000 +0.0000 +0.0000 -0.2253 +0.0000 +0.0000 +0.0104 +0.0141 +0.0971 +0.2437 +0.1158 +0.0847 +0.1245 +0.0112 +0.1967 +0.0000 +0.0389 -0.0522 +0.0000 +0.0000 -0.3569 ;
-0.0392 +0.0284 +0.1810 -0.0880 +0.0014 -0.2054 +0.1240 -0.0191 -0.0969 +0.0000 -0.1710 +0.0000 -0.0000 -0.0911 +0.0000 +0.1229 +0.2332 +0.0730 +0.1919 +0.1377 +0.0000 +0.0000 +0.0237 +0.0000 +0.2287 +0.0000 +0.0000 -0.0892 +0.1784 -0.0994 -0.2024 -0.2029 +0.1894 +0.0698 +0.0000 +0.0458 +0.1359 +0.2211 +0.2257 +0.1641 +0.1878 +0.1352 +0.0133 +0.0639 +0.0000 -0.0171 +0.0000 +0.0000 +0.0000 +0.0000 +0.0000 +0.0000 +0.0000 +0.0000 +0.0000 +0.0000 +0.0000 +0.0000 +0.1644 +0.2337 +0.1101 +0.0961 +0.1803 +0.2157 +0.0930 +0.1071 +0.1487 +0.2421 +0.0000 +0.0000 +0.0000 -0.3569 ;
-0.0012 -0.1290 +0.0000 -0.1923 +0.0141 -0.1627 -0.0201 -0.0524 +0.0950 +0.0000 -0.3052 -0.2351 +0.0000 -0.2012 +0.2443 +0.2281 +0.1534 -0.0552 +0.1029 +0.2032 +0.0000 +0.0000 +0.1364 +0.0000 -0.0526 +0.0000 +0.0000 +0.0000 +0.0000 -0.1757 +0.0203 +0.0000 -0.1970 +0.0000 -0.0280 +0.1813 +0.2234 +0.3051 +0.2266 +0.3776 +0.3284 +0.3482 +0.3370 +0.1791 +0.0000 +0.0000 +0.0000 +0.0000 -0.1804 +0.0000 +0.0000 -0.2857 +0.0000 +0.0000 +0.0000 +0.0000 +0.0000 +0.0162 +0.0186 +0.1086 +0.0653 +0.0684 +0.1106 +0.1941 +0.1297 +0.2585 +0.0613 +0.1170 -0.2001 +0.0000 +0.0000 -0.3569 ;
-0.0160 +0.1125 -0.2372 -0.1506 +0.0832 +0.0489 -0.0107 -0.0066 +0.0933 +0.1726 -0.1058 -0.1099 +0.0000 +0.0000 +0.1283 +0.1930 +0.0000 +0.0621 +0.0000 +0.0463 +0.0144 +0.0000 +0.0000 +0.1943 -0.0251 -0.1795 +0.0648 +0.0000 -0.2291 +0.1054 +0.0000 +0.0000 -0.2569 -0.2191 +0.2391 +0.1602 +0.2097 +0.1962 +0.0835 +0.0000 +0.1943 +0.1097 +0.2682 +0.1356 +0.0000 +0.0000 +0.0000 +0.0000 +0.0000 -0.1298 +0.0000 -0.1098 +0.0000 +0.0000 +0.0000 +0.0000 +0.0000 +0.0484 +0.1502 +0.1531 +0.1431 +0.0137 +0.2148 +0.2156 +0.2344 +0.0588 +0.0052 +0.0000 +0.0000 +0.0000 +0.0000 -0.3569 ;
-0.0016 -0.1149 +0.0000 +0.0000 +0.0000 -0.1678 +0.0838 -0.1118 +0.0043 -0.1064 -0.0182 -0.1042 -0.1518 -0.1195 +0.1085 +0.0000 +0.0000 +0.0000 -0.0769 +0.1738 +0.1282 +0.1616 +0.1152 +0.0277 +0.0000 -0.1901 +0.0000 +0.0000 +0.1652 -0.0391 -0.0077 +0.0000 -0.2432 +0.0000 -0.1317 +0.2161 +0.0891 +0.1581 +0.3008 +0.2920 +0.2061 +0.1900 +0.2197 +0.1325 +0.0000 +0.0000 -0.2347 +0.0000 +0.0000 -0.1554 +0.0000 +0.0000 +0.0000 +0.0000 +0.0000 +0.0000 +0.0000 +0.2512 +0.1712 +0.1437 +0.0063 +0.1795 +0.2361 +0.1172 +0.1807 +0.1426 +0.1015 +0.1233 +0.0000 -0.1262 +0.0000 -0.3569 ;
-0.1459 +0.2045 +0.0000 +0.0000 +0.0000 +0.0352 +0.0160 +0.1374 +0.0493 +0.1809 -0.0740 -0.0994 -0.1621 -0.0615 +0.1928 +0.0000 +0.0000 +0.2429 +0.0627 +0.1053 +0.2122 +0.0000 +0.1017 +0.0000 +0.0000 -0.0681 +0.2314 +0.0000 +0.2256 -0.1913 -0.1355 -0.0454 +0.0046 +0.2232 +0.0000 +0.1267 +0.1279 +0.1409 +0.0206 +0.0135 +0.0399 +0.0792 +0.0218 +0.0831 +0.0000 +0.0000 +0.0000 +0.0000 -0.1761 +0.0000 +0.0000 +0.0000 +0.0000 +0.0000 +0.0000 +0.0000 +0.0000 +0.0000 +0.1577 +0.1254 +0.0257 +0.0855 +0.1914 +0.1781 +0.1042 +0.0000 +0.1328 +0.2380 +0.0000 +0.0000 +0.0000 -0.3569 ;
+0.0000 +0.0000 -0.0952 -0.1488 -0.1711 -0.1650 -0.1037 +0.2141 -0.1865 +0.1144 +0.2222 -0.1675 +0.0349 +0.0000 +0.0000 +0.2032 +0.0000 +0.0393 +0.0896 +0.0000 -0.0463 +0.1636 +0.0393 +0.0000 +0.0000 +0.0000 -0.1464 +0.0000 +0.0020 +0.1171 +0.2598 +0.0000 -0.0463 +0.0000 -0.0147 +0.1639 +0.2585 +0.1582 +0.1698 +0.0856 +0.1496 +0.2602 +0.0725 +0.2170 +0.0000 +0.0000 +0.0000 +0.0000 +0.0000 +0.0000 +0.0000 +0.0000 -0.0912 +0.0000 +0.0000 +0.0000 -0.2354 +0.0000 +0.1166 +0.1625 +0.1272 +0.1518 +0.0792 +0.2536 +0.1994 +0.1575 +0.1060 +0.2060 +0.0000 -0.1495 +0.0000 -0.3569 ;
-0.1466 +0.0316 -0.2040 -0.1268 +0.0000 -0.2656 -0.2684 +0.0000 -0.2121 +0.1545 +0.0186 +0.1256 -0.0533 -0.1012 +0.0000 +0.0000 +0.0000 +0.0000 +0.1986 +0.2025 +0.2499 +0.0991 +0.2143 +0.0812 +0.0000 +0.0000 -0.1776 +0.0000 +0.1209 -0.1985 -0.2433 +0.0000 -0.2580 +0.0000 +0.0556 +0.2308 +0.3396 +0.3254 +0.1063 +0.3487 +0.3019 +0.3256 +0.3157 +0.1217 +0.0000 +0.0000 +0.0000 +0.0000 +0.0000 +0.0000 +0.0000 +0.0000 -0.1941 +0.0000 +0.0000 -0.0368 +0.0000 +0.0579 +0.1189 +0.0915 +0.1337 +0.0534 +0.1132 +0.1763 +0.1220 +0.0857 +0.2064 +0.1093 +0.0000 +0.0000 +0.0000 -0.3569 ;
+0.0000 +0.0000 +0.0000 -0.0915 -0.0498 -0.2479 -0.1947 -0.2679 -0.0157 -0.0695 +0.1074 +0.1774 +0.0760 +0.0207 +0.2049 +0.0479 +0.0000 +0.0838 +0.0000 +0.0059 +0.0000 -0.0299 +0.0422 +0.2443 +0.0000 +0.0000 -0.2191 +0.0000 +0.1558 -0.1258 +0.0434 +0.0000 -0.0442 +0.0000 -0.0281 +0.0861 +0.2696 +0.1257 +0.1313 +0.0919 +0.2326 +0.2721 +0.1355 +0.1744 +0.0000 +0.0000 +0.0000 +0.0000 +0.0000 +0.0000 +0.0000 +0.0000 +0.0000 +0.0000 -0.0603 -0.0168 +0.0000 +0.2161 +0.2335 +0.1538 +0.1923 +0.1227 +0.0186 +0.1831 +0.0989 +0.0000 +0.1105 +0.0711 +0.0000 +0.0000 -0.1079 -0.3569 ;
-0.0763 +0.0052 +0.0000 +0.0000 -0.1770 -0.1900 +0.0000 +0.0353 +0.1200 -0.0743 +0.0904 -0.0150 +0.0635 -0.0661 +0.0000 +0.0000 +0.0342 +0.0978 +0.0000 +0.1221 +0.1526 +0.0000 -0.0455 +0.1426 +0.0000 +0.0000 -0.1735 -0.0327 -0.0484 +0.0348 +0.2157 +0.1659 +0.1038 -0.1047 -0.1762 +0.2756 +0.2796 +0.2416 +0.1010 +0.2265 +0.2854 +0.2731 +0.1954 +0.2032 +0.0000 +0.0000 +0.0000 -0.2036 -0.1959 +0.0000 +0.0000 +0.0000 +0.0000 +0.0000 +0.0000 +0.0000 +0.0000 +0.0307 +0.0317 +0.0952 +0.2175 +0.0154 +0.2271 +0.0542 +0.0267 +0.0625 +0.2372 +0.2371 +0.0000 +0.0000 -0.0468 -0.3569 ;
+0.0000 +0.0000 +0.0462 -0.0047 -0.1034 -0.2620 +0.1727 +0.1311 +0.0400 -0.1285 +0.0000 +0.0000 +0.0000 +0.0000 +0.0246 -0.1847 +0.0000 +0.0000 -0.1223 -0.0876 -0.2503 +0.0000 -0.3187 -0.1850 +0.0631 +0.0049 -0.1258 +0.0000 -0.1391 +0.0000 +0.0000 +0.0000 +0.0000 +0.0000 +0.0000 +0.0000 +0.0000 +0.0000 +0.0000 +0.0000 +0.0000 +0.0000 +0.0000 +0.0000 -0.2589 +0.0000 +0.0000 -0.1614 -0.1806 -0.2701 +0.0000 +0.0000 +0.0000 -0.0618 +0.0000 +0.0000 +0.0000 +0.0255 +0.2667 +0.1073 +0.0000 +0.1730 +0.1918 +0.2387 +0.1603 +0.0000 +0.0000 +0.0000 +0.0000 +0.0000 +0.0000 -0.0745 ;
-0.2261 +0.1821 +0.2668 -0.1081 -0.0883 +0.0369 +0.1236 +0.2352 +0.0722 -0.0579 +0.0000 +0.0000 +0.0000 -0.0856 +0.1154 -0.1214 -0.2032 -0.2433 -0.2114 -0.1445 -0.2774 -0.2444 +0.0000 +0.0000 +0.0478 -0.0758 +0.0818 -0.0016 -0.0427 -0.0000 +0.0018 +0.0580 +0.0000 -0.0107 +0.3008 +0.3812 +0.0000 +0.0000 +0.0000 +0.0000 +0.0000 +0.0000 +0.0000 +0.0000 +0.0000 -0.1760 -0.1163 -0.1193 -0.1313 +0.0000 +0.0000 +0.0000 +0.0000 +0.0000 -0.0960 +0.0000 +0.0000 +0.1650 +0.0000 +0.1557 +0.2262 +0.2446 +0.1494 +0.1575 +0.0642 +0.0000 +0.0000 +0.0000 +0.0000 +0.0000 +0.0000 -0.0745 ;
-0.1654 +0.0000 +0.1235 -0.0208 -0.0711 +0.0999 +0.0930 +0.3094 -0.2231 -0.2148 +0.3010 +0.0000 +0.0000 +0.0000 +0.2526 -0.0679 -0.2497 -0.1809 -0.2569 +0.0000 -0.2639 -0.2456 -0.2088 -0.0701 +0.0267 -0.0378 +0.0261 +0.0000 -0.1290 -0.0429 +0.0000 +0.0335 +0.0000 +0.1779 +0.0718 +0.0000 +0.2726 +0.0000 +0.0000 +0.0000 +0.0000 +0.0000 +0.0000 +0.0000 +0.0000 -0.1576 -0.0472 -0.1857 +0.0000 +0.0000 +0.0000 -0.0965 +0.0000 +0.0000 +0.0000 -0.0519 +0.0000 +0.0552 +0.1584 +0.0238 +0.2091 +0.2032 +0.0840 +0.2724 +0.0000 +0.0000 +0.0000 +0.0000 -0.2173 +0.0000 +0.0000 -0.0745 ;
-0.1449 +0.1542 +0.1085 +0.3163 +0.1154 +0.1232 +0.1385 +0.1750 -0.0683 +0.0000 -0.0670 -0.2628 +0.0000 +0.0000 -0.0943 -0.1979 -0.0753 -0.2494 -0.1309 -0.2950 -0.3159 +0.0000 +0.0000 +0.0000 -0.0171 +0.1332 +0.0465 -0.0483 -0.0188 -0.0014 +0.1146 +0.0000 +0.0000 +0.1546 +0.0000 +0.0000 +0.2165 +0.0000 +0.0000 +0.0000 +0.0000 +0.0000 +0.0000 +0.0000 +0.0000 +0.0000 +0.0000 -0.1696 -0.2104 -0.1343 -0.2176 +0.0000 -0.1184 +0.0000 +0.0000 +0.0000 +0.0000 +0.0568 +0.2279 +0.0961 +0.0000 +0.2601 +0.1389 +0.2019 +0.1577 +0.0000 +0.0000 +0.0000 +0.0000 +0.0000 +0.0000 -0.0745 ;
-0.0967 +0.0847 +0.0320 -0.1161 -0.0184 +0.2458 +0.2345 +0.0660 +0.0753 +0.0000 +0.0000 +0.0000 -0.1522 +0.0000 -0.2004 -0.0954 +0.0011 -0.0782 -0.2349 +0.0000 -0.2865 -0.0718 +0.0000 -0.2630 -0.1360 -0.0049 -0.0438 -0.0055 -0.0000 -0.0000 +0.0000 -0.0408 +0.0000 -0.0364 +0.2427 +0.0000 +0.0000 +0.2882 +0.0000 +0.0000 +0.0000 +0.0000 +0.0000 +0.0000 +0.0000 +0.0000 -0.2089 +0.0000 -0.1388 -0.0379 -0.0357 +0.0000 +0.0000 -0.1318 +0.0000 +0.0000 +0.0000 +0.0801 +0.1782 +0.1078 +0.0438 +0.0000 +0.1188 +0.2602 +0.0000 +0.0000 +0.0000 +0.0226 -0.2388 +0.0000 +0.0000 -0.0745 ;
-0.0015 -0.2577 +0.0000 +0.1231 -0.0510 +0.0072 +0.0854 +0.2087 -0.1191 +0.0429 -0.2110 +0.0000 +0.0000 +0.0000 -0.2810 +0.0000 -0.2280 +0.0000 +0.0160 -0.2423 +0.0000 -0.3024 -0.3085 -0.1958 +0.1213 +0.0282 -0.1569 -0.0622 -0.0000 -0.0000 +0.0086 +0.0000 -0.1725 -0.2292 -0.0107 +0.0000 +0.0000 +0.0000 +0.0000 +0.0000 +0.0000 +0.0000 +0.0000 +0.0000 -0.2536 -0.1925 -0.1916 +0.0000 -0.1764 +0.0000 -0.1235 +0.0000 +0.0000 +0.0000 +0.0000 +0.0000 +0.0000 +0.0000 +0.2237 +0.2642 +0.1226 +0.0000 +0.0252 +0.0661 +0.2277 +0.2439 +0.0579 +0.0000 +0.0000 +0.0000 +0.0000 -0.0745 ;
-0.1714 +0.0480 +0.0000 +0.0000 -0.2216 +0.2546 +0.1089 +0.1668 -0.0511 -0.1047 +0.2411 -0.0318 +0.0242 +0.0000 +0.0000 -0.2392 -0.2411 -0.2409 -0.1181 +0.0310 -0.2194 -0.1280 -0.1568 +0.0000 +0.0429 +0.1136 +0.1010 -0.1895 +0.0737 -0.0271 +0.0000 -0.0000 +0.0000 +0.0396 +0.0582 +0.0000 +0.0000 +0.0000 +0.0000 +0.1670 +0.0000 +0.0000 +0.0000 +0.0000 +0.0000 +0.0000 -0.1721 -0.1348 -0.1584 +0.0000 +0.0000 +0.0000 +0.0000 -0.2505 +0.0000 +0.0000 -0.0614 +0.1051 +0.0000 +0.0000 +0.0539 +0.1509 +0.0569 +0.0000 +0.1058 +0.0267 +0.2592 +0.0000 +0.0000 -0.1327 +0.0000 -0.0745 ;
-0.0897 +0.1509 +0.0000 +0.0000 +0.0000 -0.0117 +0.2405 +0.1663 +0.0911 +0.2491 +0.0757 -0.0941 -0.0366 -0.0695 +0.0000 -0.0293 -0.0612 -0.0891 -0.0898 -0.1576 +0.0000 -0.1366 -0.0974 +0.0000 -0.0645 -0.0733 +0.0584 +0.0076 +0.0046 +0.1098 +0.1797 +0.0000 +0.0000 -0.1528 +0.0000 +0.0000 +0.0000 +0.0000 +0.0000 +0.0000 +0.1318 +0.0000 +0.0000 +0.0000 -0.1937 +0.0000 +0.0000 +0.0000 +0.0000 -0.1149 -0.1880 -0.1206 +0.0000 +0.0000 +0.0000 -0.1471 +0.0000 +0.0000 +0.0000 +0.2336 +0.0000 +0.1384 +0.1843 +0.1238 +0.0000 +0.0753 +0.1639 +0.1210 +0.0000 +0.0000 +0.0000 -0.0745 ;
-0.1706 +0.0000 +0.0000 +0.0000 +0.0000 -0.0691 -0.2402 +0.0487 +0.1114 +0.3019 +0.2125 -0.0708 +0.0265 +0.2543 -0.2660 -0.2218 -0.1262 +0.0000 -0.2372 -0.2674 -0.0151 -0.0897 -0.3159 +0.0000 +0.0000 -0.0239 -0.1380 -0.0699 -0.1002 -0.0000 +0.0000 -0.1340 +0.0000 -0.0070 +0.3183 +0.0000 +0.0000 +0.0000 +0.0000 +0.0000 +0.0000 +0.1990 +0.0000 +0.0000 +0.0000 +0.0000 +0.0000 +0.0000 -0.0822 +0.0000 -0.0602 +0.0000 +0.0000 -0.0570 -0.0345 +0.0000 -0.2074 +0.0000 +0.0000 +0.0000 +0.0000 +0.2415 +0.1162 +0.2145 +0.1588 +0.0270 +0.0238 +0.0298 +0.0000 -0.2912 +0.0000 -0.0745 ;
-0.0609 +0.2471 -0.2386 +0.0000 +0.0000 -0.1855 -0.0506 +0.2364 +0.2508 +0.0737 +0.1753 +0.0661 +0.2952 +0.0952 +0.0000 -0.2592 +0.0000 +0.0000 -0.1795 -0.1812 -0.0806 -0.0475 -0.1616 -0.1345 -0.1569 -0.0048 +0.1100 -0.0197 -0.1691 -0.0622 -0.0745 +0.0459 +0.0000 -0.0265 +0.2485 +0.0000 +0.0000 +0.0000 +0.0000 +0.0000 +0.0000 +0.1990 +0.0000 +0.0000 +0.0000 +0.0000 +0.0000 +0.0000 +0.0000 +0.0000 -0.0435 +0.0000 -0.0771 -0.2337 -0.1014 -0.1808 +0.0000 +0.0000 +0.0000 +0.0000 +0.0000 +0.2495 +0.1537 +0.1460 +0.2551 +0.2434 +0.0141 +0.2097 +0.0000 +0.0000 +0.0000 -0.0745 ;
-0.1317 +0.1147 +0.0000 +0.0000 +0.0000 -0.0299 -0.2269 +0.0199 +0.1993 -0.0998 +0.2237 -0.0159 +0.0301 -0.0319 -0.1475 -0.2480 -0.2242 -0.2009 -0.1625 -0.2220 -0.1772 +0.0000 -0.0426 +0.0000 -0.0731 -0.0278 -0.0665 +0.1727 +0.0803 -0.0611 +0.0716 +0.0238 +0.1426 -0.0607 +0.3013 +0.0000 +0.0000 +0.0000 +0.0000 +0.0000 +0.0000 +0.0000 +0.2545 +0.0000 +0.0000 -0.1223 +0.0000 +0.0000 +0.0000 +0.0000 +0.0000 -0.1716 -0.0766 +0.0000 +0.0000 -0.2551 -0.0650 +0.0000 +0.0744 +0.0000 +0.0921 +0.2237 +0.1908 +0.2182 +0.2345 +0.1645 +0.1473 +0.0000 +0.0000 +0.0000 -0.1049 -0.0745 ;
-0.0335 +0.0000 -0.0034 -0.0244 -0.1824 -0.1225 -0.1668 -0.1515 -0.2023 -0.0165 -0.1332 -0.2171 -0.0363 +0.0000 -0.0469 +0.0192 -0.2693 -0.1438 -0.0597 -0.1127 -0.2689 +0.0000 +0.0000 +0.0000 +0.1212 -0.0369 +0.0000 +0.0000 +0.0000 +0.0000 +0.0000 -0.0705 +0.0000 +0.0000 +0.0000 +0.2120 +0.0000 +0.0000 +0.0000 +0.0000 +0.0000 +0.0000 +0.0000 +0.0000 +0.0000 -0.1857 -0.2234 +0.0000 +0.0000 -0.3372 +0.0000 +0.0000 +0.0000 +0.0000 +0.0000 +0.0000 +0.0000 +0.0000 +0.1783 +0.1987 +0.0000 +0.0000 +0.1564 +0.1452 +0.0000 +0.0000 +0.1027 +0.0779 +0.0000 -0.3879 +0.0000 -0.0745 ;
-0.2025 -0.0803 -0.1972 -0.0422 -0.2287 +0.0581 -0.1454 -0.0310 -0.0095 -0.0555 -0.1496 -0.2377 -0.1010 +0.0000 -0.2836 +0.1484 +0.0122 -0.1094 -0.2081 -0.1004 -0.2232 +0.0000 +0.0000 +0.0000 +0.1135 -0.0178 -0.2039 +0.0000 +0.0000 +0.1248 -0.1392 -0.0000 +0.0000 -0.0351 -0.3077 +0.0000 +0.0000 +0.0000 +0.2030 +0.4254 +0.0000 +0.0000 +0.0000 +0.0000 -0.1251 -0.2094 +0.0000 +0.0000 +0.0000 +0.0000 +0.0000 -0.1089 +0.0000 +0.0000 +0.0000 +0.0000 +0.0000 +0.0000 +0.0676 +0.2069 +0.1930 +0.1023 +0.2006 +0.0930 +0.0000 +0.0000 +0.0000 +0.0000 -0.3912 +0.0000 +0.0000 -0.0745 ;
-0.1011 +0.0349 -0.1659 -0.1309 -0.0271 -0.1873 -0.0807 -0.0068 -0.0947 +0.0796 -0.1730 -0.1689 -0.0912 -0.1636 +0.0000 +0.0000 +0.0000 -0.0273 -0.0935 -0.0318 -0.0326 -0.0009 -0.1993 -0.1348 +0.0000 -0.0989 +0.1075 -0.0914 +0.0310 +0.1283 +0.1410 +0.0369 +0.0723 +0.0641 +0.0597 +0.0000 +0.0000 +0.0000 +0.0000 +0.0000 +0.3151 +0.2774 +0.0000 +0.0000 +0.0000 +0.0000 +0.0000 +0.0000 +0.0000 -0.1506 -0.0970 +0.0000 -0.1544 +0.0000 +0.0000 +0.0000 +0.0000 +0.0000 +0.0000 +0.0000 +0.2350 +0.0000 +0.2036 +0.0721 +0.1616 +0.1526 +0.2533 +0.2498 -0.3329 +0.0000 +0.0000 -0.0745 ;
+0.0000 +0.0000 +0.0000 +0.0000 +0.0000 +0.0000 +0.0000 +0.0000 +0.0000 +0.0000 +0.0000 +0.0000 +0.0000 +0.0000 +0.0000 +0.0000 +0.0000 +0.0000 +0.0000 +0.0000 +0.0000 +0.0000 +0.0000 +0.0000 +0.0000 +0.0000 +0.0000 +0.0000 +0.0000 +0.0000 +0.0000 +0.0000 +0.0000 +0.0000 +0.0000 +0.0000 +0.0000 +0.0000 +0.0000 +0.0000 +0.0000 +0.0000 +0.0000 +0.0000 +0.0000 +0.0000 +0.0000 +0.0000 +0.0000 +0.0000 +0.0000 +0.0000 +0.0000 +0.0000 +0.0000 +0.0000 +0.0000 +0.0000 +0.0000 +0.0000 +0.0000 +0.0000 +0.0000 +0.0000 +0.0000 +0.0000 +0.0000 +0.0000 +0.0000 +0.0000 +0.0000 +0.0000 ;
