brain 22871 fitness=2.49751 numneurons+1=75 maxWeight=8 maxBias=8 redinput=2-8 greeninput=9-23 blueinput=24-24
+0.0000 +0.0000 +0.0000 +0.0000 +0.0000 +0.0000 +0.0000 +0.0000 +0.0000 +0.0000 +0.0000 +0.0000 +0.0000 +0.0000 +0.0000 +0.0000 +0.0000 +0.0000 +0.0000 +0.0000 +0.0000 +0.0000 +0.0000 +0.0000 +0.0000 +0.0000 +0.0000 +0.0000 +0.0000 +0.0000 +0.0000 +0.0000 +0.0000 +0.0000 +0.0000 +0.0000 +0.0000 +0.0000 +0.0000 +0.0000 +0.0000 +0.0000 +0.0000 +0.0000 +0.0000 +0.0000 +0.0000 +0.0000 +0.0000 +0.0000 +0.0000 +0.0000 +0.0000 +0.0000 +0.0000 +0.0000 +0.0000 +0.0000 +0.0000 +0.0000 +0.0000 +0.0000 +0.0000 +0.0000 +0.0000 +0.0000 +0.0000 +0.0000 +0.0000 +0.0000 +0.0000 +0.0000 +0.0000 +0.0000 +0.0000 ;
+0.0000 +0.0000 +0.0000 +0.0000 +0.0000 +0.0000 +0.0000 +0.0000 +0.0000 +0.0000 +0.0000 +0.0000 +0.0000 +0.0000 +0.0000 +0.0000 +0.0000 +0.0000 +0.0000 +0.0000 +0.0000 +0.0000 +0.0000 +0.0000 +0.0000 +0.0000 +0.0000 +0.0000 +0.0000 +0.0000 +0.0000 +0.0000 +0.0000 +0.0000 +0.0000 +0.0000 +0.0000 +0.0000 +0.0000 +0.0000 +0.0000 +0.0000 +0.0000 +0.0000 +0.0000 +0.0000 +0.0000 +0.0000 +0.0000 +0.0000 +0.0000 +0.0000 +0.0000 +0.0000 +0.0000 +0.0000 +0.0000 +0.0000 +0.0000 +0.0000 +0.0000 +0.0000 +0.0000 +0.0000 +0.0000 +0.0000 +0.0000 +0.0000 +0.0000 +0.0000 +0.0000 +0.0000 +0.0000 +0.0000 +0.0000 ;
+0.0000 +0.0000 +0.0000 +0.0000 +0.0000 +0.0000 +0.0000 +0.0000 +0.0000 +0.0000 +0.0000 +0.0000 +0.0000 +0.0000 +0.0000 +0.0000 +0.0000 +0.0000 +0.0000 +0.0000 +0.0000 +0.0000 +0.0000 +0.0000 +0.0000 +0.0000 +0.0000 +0.0000 +0.0000 +0.0000 +0.0000 +0.0000 +0.0000 +0.0000 +0.0000 +0.0000 +0.0000 +0.0000 +0.0000 +0.0000 +0.0000 +0.0000 +0.0000 +0.0000 +0.0000 +0.0000 +0.0000 +0.0000 +0.0000 +0.0000 +0.0000 +0.0000 +0.0000 +0.0000 +0.0000 +0.0000 +0.0000 +0.0000 +0.0000 +0.0000 +0.0000 +0.0000 +0.0000 +0.0000 +0.0000 +0.0000 +0.0000 +0.0000 +0.0000 +0.0000 +0.0000 +0.0000 +0.0000 +0.0000 +0.0000 ;
+0.0000 +0.0000 +0.0000 +0.0000 +0.0000 +0.0000 +0.0000 +0.0000 +0.0000 +0.0000 +0.0000 +0.0000 +0.0000 +0.0000 +0.0000 +0.0000 +0.0000 +0.0000 +0.0000 +0.0000 +0.0000 +0.0000 +0.0000 +0.0000 +0.0000 +0.0000 +0.0000 +0.0000 +0.0000 +0.0000 +0.0000 +0.0000 +0.0000 +0.0000 +0.0000 +0.0000 +0.0000 +0.0000 +0.0000 +0.0000 +0.0000 +0.0000 +0.0000 +0.0000 +0.0000 +0.0000 +0.0000 +0.0000 +0.0000 +0.0000 +0.0000 +0.0000 +0.0000 +0.0000 +0.0000 +0.0000 +0.0000 +0.0000 +0.0000 +0.0000 +0.0000 +0.0000 +0.0000 +0.0000 +0.0000 +0.0000 +0.0000 +0.0000 +0.0000 +0.0000 +0.0000 +0.0000 +0.0000 +0.0000 +0.0000 ;
+0.0000 +0.0000 +0.0000 +0.0000 +0.0000 +0.0000 +0.0000 +0.0000 +0.0000 +0.0000 +0.0000 +0.0000 +0.0000 +0.0000 +0.0000 +0.0000 +0.0000 +0.0000 +0.0000 +0.0000 +0.0000 +0.0000 +0.0000 +0.0000 +0.0000 +0.0000 +0.0000 +0.0000 +0.0000 +0.0000 +0.0000 +0.0000 +0.0000 +0.0000 +0.0000 +0.0000 +0.0000 +0.0000 +0.0000 +0.0000 +0.0000 +0.0000 +0.0000 +0.0000 +0.0000 +0.0000 +0.0000 +0.0000 +0.0000 +0.0000 +0.0000 +0.0000 +0.0000 +0.0000 +0.0000 +0.0000 +0.0000 +0.0000 +0.0000 +0.0000 +0.0000 +0.0000 +0.0000 +0.0000 +0.0000 +0.0000 +0.0000 +0.0000 +0.0000 +0.0000 +0.0000 +0.0000 +0.0000 +0.0000 +0.0000 ;
+0.0000 +0.0000 +0.0000 +0.0000 +0.0000 +0.0000 +0.0000 +0.0000 +0.0000 +0.0000 +0.0000 +0.0000 +0.0000 +0.0000 +0.0000 +0.0000 +0.0000 +0.0000 +0.0000 +0.0000 +0.0000 +0.0000 +0.0000 +0.0000 +0.0000 +0.0000 +0.0000 +0.0000 +0.0000 +0.0000 +0.0000 +0.0000 +0.0000 +0.0000 +0.0000 +0.0000 +0.0000 +0.0000 +0.0000 +0.0000 +0.0000 +0.0000 +0.0000 +0.0000 +0.0000 +0.0000 +0.0000 +0.0000 +0.0000 +0.0000 +0.0000 +0.0000 +0.0000 +0.0000 +0.0000 +0.0000 +0.0000 +0.0000 +0.0000 +0.0000 +0.0000 +0.0000 +0.0000 +0.0000 +0.0000 +0.0000 +0.0000 +0.0000 +0.0000 +0.0000 +0.0000 +0.0000 +0.0000 +0.0000 +0.0000 ;
+0.0000 +0.0000 +0.0000 +0.0000 +0.0000 +0.0000 +0.0000 +0.0000 +0.0000 +0.0000 +0.0000 +0.0000 +0.0000 +0.0000 +0.0000 +0.0000 +0.0000 +0.0000 +0.0000 +0.0000 +0.0000 +0.0000 +0.0000 +0.0000 +0.0000 +0.0000 +0.0000 +0.0000 +0.0000 +0.0000 +0.0000 +0.0000 +0.0000 +0.0000 +0.0000 +0.0000 +0.0000 +0.0000 +0.0000 +0.0000 +0.0000 +0.0000 +0.0000 +0.0000 +0.0000 +0.0000 +0.0000 +0.0000 +0.0000 +0.0000 +0.0000 +0.0000 +0.0000 +0.0000 +0.0000 +0.0000 +0.0000 +0.0000 +0.0000 +0.0000 +0.0000 +0.0000 +0.0000 +0.0000 +0.0000 +0.0000 +0.0000 +0.0000 +0.0000 +0.0000 +0.0000 +0.0000 +0.0000 +0.0000 +0.0000 ;
+0.0000 +0.0000 +0.0000 +0.0000 +0.0000 +0.0000 +0.0000 +0.0000 +0.0000 +0.0000 +0.0000 +0.0000 +0.0000 +0.0000 +0.0000 +0.0000 +0.0000 +0.0000 +0.0000 +0.0000 +0.0000 +0.0000 +0.0000 +0.0000 +0.0000 +0.0000 +0.0000 +0.0000 +0.0000 +0.0000 +0.0000 +0.0000 +0.0000 +0.0000 +0.0000 +0.0000 +0.0000 +0.0000 +0.0000 +0.0000 +0.0000 +0.0000 +0.0000 +0.0000 +0.0000 +0.0000 +0.0000 +0.0000 +0.0000 +0.0000 +0.0000 +0.0000 +0.0000 +0.0000 +0.0000 +0.0000 +0.0000 +0.0000 +0.0000 +0.0000 +0.0000 +0.0000 +0.0000 +0.0000 +0.0000 +0.0000 +0.0000 +0.0000 +0.0000 +0.0000 +0.0000 +0.0000 +0.0000 +0.0000 +0.0000 ;
+0.0000 +0.0000 +0.0000 +0.0000 +0.0000 +0.0000 +0.0000 +0.0000 +0.0000 +0.0000 +0.0000 +0.0000 +0.0000 +0.0000 +0.0000 +0.0000 +0.0000 +0.0000 +0.0000 +0.0000 +0.0000 +0.0000 +0.0000 +0.0000 +0.0000 +0.0000 +0.0000 +0.0000 +0.0000 +0.0000 +0.0000 +0.0000 +0.0000 +0.0000 +0.0000 +0.0000 +0.0000 +0.0000 +0.0000 +0.0000 +0.0000 +0.0000 +0.0000 +0.0000 +0.0000 +0.0000 +0.0000 +0.0000 +0.0000 +0.0000 +0.0000 +0.0000 +0.0000 +0.0000 +0.0000 +0.0000 +0.0000 +0.0000 +0.0000 +0.0000 +0.0000 +0.0000 +0.0000 +0.0000 +0.0000 +0.0000 +0.0000 +0.0000 +0.0000 +0.0000 +0.0000 +0.0000 +0.0000 +0.0000 +0.0000 ;
+0.0000 +0.0000 +0.0000 +0.0000 +0.0000 +0.0000 +0.0000 +0.0000 +0.0000 +0.0000 +0.0000 +0.0000 +0.0000 +0.0000 +0.0000 +0.0000 +0.0000 +0.0000 +0.0000 +0.0000 +0.0000 +0.0000 +0.0000 +0.0000 +0.0000 +0.0000 +0.0000 +0.0000 +0.0000 +0.0000 +0.0000 +0.0000 +0.0000 +0.0000 +0.0000 +0.0000 +0.0000 +0.0000 +0.0000 +0.0000 +0.0000 +0.0000 +0.0000 +0.0000 +0.0000 +0.0000 +0.0000 +0.0000 +0.0000 +0.0000 +0.0000 +0.0000 +0.0000 +0.0000 +0.0000 +0.0000 +0.0000 +0.0000 +0.0000 +0.0000 +0.0000 +0.0000 +0.0000 +0.0000 +0.0000 +0.0000 +0.0000 +0.0000 +0.0000 +0.0000 +0.0000 +0.0000 +0.0000 +0.0000 +0.0000 ;
+0.0000 +0.0000 +0.0000 +0.0000 +0.0000 +0.0000 +0.0000 +0.0000 +0.0000 +0.0000 +0.0000 +0.0000 +0.0000 +0.0000 +0.0000 +0.0000 +0.0000 +0.0000 +0.0000 +0.0000 +0.0000 +0.0000 +0.0000 +0.0000 +0.0000 +0.0000 +0.0000 +0.0000 +0.0000 +0.0000 +0.0000 +0.0000 +0.0000 +0.0000 +0.0000 +0.0000 +0.0000 +0.0000 +0.0000 +0.0000 +0.0000 +0.0000 +0.0000 +0.0000 +0.0000 +0.0000 +0.0000 +0.0000 +0.0000 +0.0000 +0.0000 +0.0000 +0.0000 +0.0000 +0.0000 +0.0000 +0.0000 +0.0000 +0.0000 +0.0000 +0.0000 +0.0000 +0.0000 +0.0000 +0.0000 +0.0000 +0.0000 +0.0000 +0.0000 +0.0000 +0.0000 +0.0000 +0.0000 +0.0000 +0.0000 ;
+0.0000 +0.0000 +0.0000 +0.0000 +0.0000 +0.0000 +0.0000 +0.0000 +0.0000 +0.0000 +0.0000 +0.0000 +0.0000 +0.0000 +0.0000 +0.0000 +0.0000 +0.0000 +0.0000 +0.0000 +0.0000 +0.0000 +0.0000 +0.0000 +0.0000 +0.0000 +0.0000 +0.0000 +0.0000 +0.0000 +0.0000 +0.0000 +0.0000 +0.0000 +0.0000 +0.0000 +0.0000 +0.0000 +0.0000 +0.0000 +0.0000 +0.0000 +0.0000 +0.0000 +0.0000 +0.0000 +0.0000 +0.0000 +0.0000 +0.0000 +0.0000 +0.0000 +0.0000 +0.0000 +0.0000 +0.0000 +0.0000 +0.0000 +0.0000 +0.0000 +0.0000 +0.0000 +0.0000 +0.0000 +0.0000 +0.0000 +0.0000 +0.0000 +0.0000 +0.0000 +0.0000 +0.0000 +0.0000 +0.0000 +0.0000 ;
+0.0000 +0.0000 +0.0000 +0.0000 +0.0000 +0.0000 +0.0000 +0.0000 +0.0000 +0.0000 +0.0000 +0.0000 +0.0000 +0.0000 +0.0000 +0.0000 +0.0000 +0.0000 +0.0000 +0.0000 +0.0000 +0.0000 +0.0000 +0.0000 +0.0000 +0.0000 +0.0000 +0.0000 +0.0000 +0.0000 +0.0000 +0.0000 +0.0000 +0.0000 +0.0000 +0.0000 +0.0000 +0.0000 +0.0000 +0.0000 +0.0000 +0.0000 +0.0000 +0.0000 +0.0000 +0.0000 +0.0000 +0.0000 +0.0000 +0.0000 +0.0000 +0.0000 +0.0000 +0.0000 +0.0000 +0.0000 +0.0000 +0.0000 +0.0000 +0.0000 +0.0000 +0.0000 +0.0000 +0.0000 +0.0000 +0.0000 +0.0000 +0.0000 +0.0000 +0.0000 +0.0000 +0.0000 +0.0000 +0.0000 +0.0000 ;
+0.0000 +0.0000 +0.0000 +0.0000 +0.0000 +0.0000 +0.0000 +0.0000 +0.0000 +0.0000 +0.0000 +0.0000 +0.0000 +0.0000 +0.0000 +0.0000 +0.0000 +0.0000 +0.0000 +0.0000 +0.0000 +0.0000 +0.0000 +0.0000 +0.0000 +0.0000 +0.0000 +0.0000 +0.0000 +0.0000 +0.0000 +0.0000 +0.0000 +0.0000 +0.0000 +0.0000 +0.0000 +0.0000 +0.0000 +0.0000 +0.0000 +0.0000 +0.0000 +0.0000 +0.0000 +0.0000 +0.0000 +0.0000 +0.0000 +0.0000 +0.0000 +0.0000 +0.0000 +0.0000 +0.0000 +0.0000 +0.0000 +0.0000 +0.0000 +0.0000 +0.0000 +0.0000 +0.0000 +0.0000 +0.0000 +0.0000 +0.0000 +0.0000 +0.0000 +0.0000 +0.0000 +0.0000 +0.0000 +0.0000 +0.0000 ;
+0.0000 +0.0000 +0.0000 +0.0000 +0.0000 +0.0000 +0.0000 +0.0000 +0.0000 +0.0000 +0.0000 +0.0000 +0.0000 +0.0000 +0.0000 +0.0000 +0.0000 +0.0000 +0.0000 +0.0000 +0.0000 +0.0000 +0.0000 +0.0000 +0.0000 +0.0000 +0.0000 +0.0000 +0.0000 +0.0000 +0.0000 +0.0000 +0.0000 +0.0000 +0.0000 +0.0000 +0.0000 +0.0000 +0.0000 +0.0000 +0.0000 +0.0000 +0.0000 +0.0000 +0.0000 +0.0000 +0.0000 +0.0000 +0.0000 +0.0000 +0.0000 +0.0000 +0.0000 +0.0000 +0.0000 +0.0000 +0.0000 +0.0000 +0.0000 +0.0000 +0.0000 +0.0000 +0.0000 +0.0000 +0.0000 +0.0000 +0.0000 +0.0000 +0.0000 +0.0000 +0.0000 +0.0000 +0.0000 +0.0000 +0.0000 ;
+0.0000 +0.0000 +0.0000 +0.0000 +0.0000 +0.0000 +0.0000 +0.0000 +0.0000 +0.0000 +0.0000 +0.0000 +0.0000 +0.0000 +0.0000 +0.0000 +0.0000 +0.0000 +0.0000 +0.0000 +0.0000 +0.0000 +0.0000 +0.0000 +0.0000 +0.0000 +0.0000 +0.0000 +0.0000 +0.0000 +0.0000 +0.0000 +0.0000 +0.0000 +0.0000 +0.0000 +0.0000 +0.0000 +0.0000 +0.0000 +0.0000 +0.0000 +0.0000 +0.0000 +0.0000 +0.0000 +0.0000 +0.0000 +0.0000 +0.0000 +0.0000 +0.0000 +0.0000 +0.0000 +0.0000 +0.0000 +0.0000 +0.0000 +0.0000 +0.0000 +0.0000 +0.0000 +0.0000 +0.0000 +0.0000 +0.0000 +0.0000 +0.0000 +0.0000 +0.0000 +0.0000 +0.0000 +0.0000 +0.0000 +0.0000 ;
+0.0000 +0.0000 +0.0000 +0.0000 +0.0000 +0.0000 +0.0000 +0.0000 +0.0000 +0.0000 +0.0000 +0.0000 +0.0000 +0.0000 +0.0000 +0.0000 +0.0000 +0.0000 +0.0000 +0.0000 +0.0000 +0.0000 +0.0000 +0.0000 +0.0000 +0.0000 +0.0000 +0.0000 +0.0000 +0.0000 +0.0000 +0.0000 +0.0000 +0.0000 +0.0000 +0.0000 +0.0000 +0.0000 +0.0000 +0.0000 +0.0000 +0.0000 +0.0000 +0.0000 +0.0000 +0.0000 +0.0000 +0.0000 +0.0000 +0.0000 +0.0000 +0.0000 +0.0000 +0.0000 +0.0000 +0.0000 +0.0000 +0.0000 +0.0000 +0.0000 +0.0000 +0.0000 +0.0000 +0.0000 +0.0000 +0.0000 +0.0000 +0.0000 +0.0000 +0.0000 +0.0000 +0.0000 +0.0000 +0.0000 +0.0000 ;
+0.0000 +0.0000 +0.0000 +0.0000 +0.0000 +0.0000 +0.0000 +0.0000 +0.0000 +0.0000 +0.0000 +0.0000 +0.0000 +0.0000 +0.0000 +0.0000 +0.0000 +0.0000 +0.0000 +0.0000 +0.0000 +0.0000 +0.0000 +0.0000 +0.0000 +0.0000 +0.0000 +0.0000 +0.0000 +0.0000 +0.0000 +0.0000 +0.0000 +0.0000 +0.0000 +0.0000 +0.0000 +0.0000 +0.0000 +0.0000 +0.0000 +0.0000 +0.0000 +0.0000 +0.0000 +0.0000 +0.0000 +0.0000 +0.0000 +0.0000 +0.0000 +0.0000 +0.0000 +0.0000 +0.0000 +0.0000 +0.0000 +0.0000 +0.0000 +0.0000 +0.0000 +0.0000 +0.0000 +0.0000 +0.0000 +0.0000 +0.0000 +0.0000 +0.0000 +0.0000 +0.0000 +0.0000 +0.0000 +0.0000 +0.0000 ;
+0.0000 +0.0000 +0.0000 +0.0000 +0.0000 +0.0000 +0.0000 +0.0000 +0.0000 +0.0000 +0.0000 +0.0000 +0.0000 +0.0000 +0.0000 +0.0000 +0.0000 +0.0000 +0.0000 +0.0000 +0.0000 +0.0000 +0.0000 +0.0000 +0.0000 +0.0000 +0.0000 +0.0000 +0.0000 +0.0000 +0.0000 +0.0000 +0.0000 +0.0000 +0.0000 +0.0000 +0.0000 +0.0000 +0.0000 +0.0000 +0.0000 +0.0000 +0.0000 +0.0000 +0.0000 +0.0000 +0.0000 +0.0000 +0.0000 +0.0000 +0.0000 +0.0000 +0.0000 +0.0000 +0.0000 +0.0000 +0.0000 +0.0000 +0.0000 +0.0000 +0.0000 +0.0000 +0.0000 +0.0000 +0.0000 +0.0000 +0.0000 +0.0000 +0.0000 +0.0000 +0.0000 +0.0000 +0.0000 +0.0000 +0.0000 ;
+0.0000 +0.0000 +0.0000 +0.0000 +0.0000 +0.0000 +0.0000 +0.0000 +0.0000 +0.0000 +0.0000 +0.0000 +0.0000 +0.0000 +0.0000 +0.0000 +0.0000 +0.0000 +0.0000 +0.0000 +0.0000 +0.0000 +0.0000 +0.0000 +0.0000 +0.0000 +0.0000 +0.0000 +0.0000 +0.0000 +0.0000 +0.0000 +0.0000 +0.0000 +0.0000 +0.0000 +0.0000 +0.0000 +0.0000 +0.0000 +0.0000 +0.0000 +0.0000 +0.0000 +0.0000 +0.0000 +0.0000 +0.0000 +0.0000 +0.0000 +0.0000 +0.0000 +0.0000 +0.0000 +0.0000 +0.0000 +0.0000 +0.0000 +0.0000 +0.0000 +0.0000 +0.0000 +0.0000 +0.0000 +0.0000 +0.0000 +0.0000 +0.0000 +0.0000 +0.0000 +0.0000 +0.0000 +0.0000 +0.0000 +0.0000 ;
+0.0000 +0.0000 +0.0000 +0.0000 +0.0000 +0.0000 +0.0000 +0.0000 +0.0000 +0.0000 +0.0000 +0.0000 +0.0000 +0.0000 +0.0000 +0.0000 +0.0000 +0.0000 +0.0000 +0.0000 +0.0000 +0.0000 +0.0000 +0.0000 +0.0000 +0.0000 +0.0000 +0.0000 +0.0000 +0.0000 +0.0000 +0.0000 +0.0000 +0.0000 +0.0000 +0.0000 +0.0000 +0.0000 +0.0000 +0.0000 +0.0000 +0.0000 +0.0000 +0.0000 +0.0000 +0.0000 +0.0000 +0.0000 +0.0000 +0.0000 +0.0000 +0.0000 +0.0000 +0.0000 +0.0000 +0.0000 +0.0000 +0.0000 +0.0000 +0.0000 +0.0000 +0.0000 +0.0000 +0.0000 +0.0000 +0.0000 +0.0000 +0.0000 +0.0000 +0.0000 +0.0000 +0.0000 +0.0000 +0.0000 +0.0000 ;
+0.0000 +0.0000 +0.0000 +0.0000 +0.0000 +0.0000 +0.0000 +0.0000 +0.0000 +0.0000 +0.0000 +0.0000 +0.0000 +0.0000 +0.0000 +0.0000 +0.0000 +0.0000 +0.0000 +0.0000 +0.0000 +0.0000 +0.0000 +0.0000 +0.0000 +0.0000 +0.0000 +0.0000 +0.0000 +0.0000 +0.0000 +0.0000 +0.0000 +0.0000 +0.0000 +0.0000 +0.0000 +0.0000 +0.0000 +0.0000 +0.0000 +0.0000 +0.0000 +0.0000 +0.0000 +0.0000 +0.0000 +0.0000 +0.0000 +0.0000 +0.0000 +0.0000 +0.0000 +0.0000 +0.0000 +0.0000 +0.0000 +0.0000 +0.0000 +0.0000 +0.0000 +0.0000 +0.0000 +0.0000 +0.0000 +0.0000 +0.0000 +0.0000 +0.0000 +0.0000 +0.0000 +0.0000 +0.0000 +0.0000 +0.0000 ;
+0.0000 +0.0000 +0.0000 +0.0000 +0.0000 +0.0000 +0.0000 +0.0000 +0.0000 +0.0000 +0.0000 +0.0000 +0.0000 +0.0000 +0.0000 +0.0000 +0.0000 +0.0000 +0.0000 +0.0000 +0.0000 +0.0000 +0.0000 +0.0000 +0.0000 +0.0000 +0.0000 +0.0000 +0.0000 +0.0000 +0.0000 +0.0000 +0.0000 +0.0000 +0.0000 +0.0000 +0.0000 +0.0000 +0.0000 +0.0000 +0.0000 +0.0000 +0.0000 +0.0000 +0.0000 +0.0000 +0.0000 +0.0000 +0.0000 +0.0000 +0.0000 +0.0000 +0.0000 +0.0000 +0.0000 +0.0000 +0.0000 +0.0000 +0.0000 +0.0000 +0.0000 +0.0000 +0.0000 +0.0000 +0.0000 +0.0000 +0.0000 +0.0000 +0.0000 +0.0000 +0.0000 +0.0000 +0.0000 +0.0000 +0.0000 ;
+0.0000 +0.0000 +0.0000 +0.0000 +0.0000 +0.0000 +0.0000 +0.0000 +0.0000 +0.0000 +0.0000 +0.0000 +0.0000 +0.0000 +0.0000 +0.0000 +0.0000 +0.0000 +0.0000 +0.0000 +0.0000 +0.0000 +0.0000 +0.0000 +0.0000 +0.0000 +0.0000 +0.0000 +0.0000 +0.0000 +0.0000 +0.0000 +0.0000 +0.0000 +0.0000 +0.0000 +0.0000 +0.0000 +0.0000 +0.0000 +0.0000 +0.0000 +0.0000 +0.0000 +0.0000 +0.0000 +0.0000 +0.0000 +0.0000 +0.0000 +0.0000 +0.0000 +0.0000 +0.0000 +0.0000 +0.0000 +0.0000 +0.0000 +0.0000 +0.0000 +0.0000 +0.0000 +0.0000 +0.0000 +0.0000 +0.0000 +0.0000 +0.0000 +0.0000 +0.0000 +0.0000 +0.0000 +0.0000 +0.0000 +0.0000 ;
+0.0000 +0.0000 +0.0000 +0.0000 +0.0000 +0.0000 +0.0000 +0.0000 +0.0000 +0.0000 +0.0000 +0.0000 +0.0000 +0.0000 +0.0000 +0.0000 +0.0000 +0.0000 +0.0000 +0.0000 +0.0000 +0.0000 +0.0000 +0.0000 +0.0000 +0.0000 +0.0000 +0.0000 +0.0000 +0.0000 +0.0000 +0.0000 +0.0000 +0.0000 +0.0000 +0.0000 +0.0000 +0.0000 +0.0000 +0.0000 +0.0000 +0.0000 +0.0000 +0.0000 +0.0000 +0.0000 +0.0000 +0.0000 +0.0000 +0.0000 +0.0000 +0.0000 +0.0000 +0.0000 +0.0000 +0.0000 +0.0000 +0.0000 +0.0000 +0.0000 +0.0000 +0.0000 +0.0000 +0.0000 +0.0000 +0.0000 +0.0000 +0.0000 +0.0000 +0.0000 +0.0000 +0.0000 +0.0000 +0.0000 +0.0000 ;
+0.0000 +0.0067 +0.0968 -0.1028 +0.0000 +0.0520 +0.0775 +0.0000 +0.0000 +0.1184 +0.1587 -0.0072 -0.0169 -0.0914 -0.1173 +0.2068 +0.0095 +0.2046 +0.0235 +0.0061 +0.1908 +0.0001 +0.0110 +0.0000 +0.0000 +0.0000 +0.0000 -0.0961 +0.0000 +0.0000 +0.0000 -0.1572 +0.3239 +0.0000 -0.1955 -0.3305 -0.2224 +0.0000 +0.0000 +0.0000 +0.0000 +0.0000 +0.0000 +0.3803 +0.3724 +0.3363 +0.1777 +0.0401 +0.2903 +0.0000 -0.2441 +0.0000 -0.0004 +0.0000 -0.1287 +0.0000 +0.0000 -0.1468 +0.2856 +0.1295 +0.1497 +0.1574 +0.1656 +0.1751 +0.0803 +0.1570 +0.0000 +0.0000 +0.2367 +0.0000 +0.0000 +0.2878 -0.3629 +0.0000 +0.4667 ;
-0.0008 +0.1283 -0.0231 -0.0669 +0.0000 +0.0000 +0.0000 +0.0000 +0.0000 -0.2046 -0.0193 +0.0000 +0.0000 +0.0000 +0.0000 +0.0000 +0.0000 +0.0000 +0.0000 +0.0000 +0.0000 +0.0000 +0.0000 +0.1386 +0.0020 +0.0000 +0.0000 +0.0000 +0.0000 +0.1602 -0.1995 +0.1779 +0.0000 -0.1330 -0.3643 -0.3022 -0.1350 -0.4919 -0.2490 -0.2782 +0.0000 +0.0000 +0.0000 +0.0000 +0.0000 +0.0000 +0.0000 +0.0000 +0.0000 +0.0000 -0.0083 -0.0000 -0.0905 -0.0020 +0.0000 +0.0000 +0.0000 +0.0000 +0.4248 +0.2244 +0.3160 +0.4305 +0.3733 +0.4751 +0.1336 +0.0000 +0.5026 +0.2560 +0.4174 +0.3564 +0.0000 +0.0000 -0.4525 +0.0000 +0.2549 ;
-0.1867 -0.1708 -0.1091 +0.0886 +0.0000 +0.0000 +0.0000 +0.0000 +0.1198 +0.1007 +0.0273 +0.0145 +0.0953 -0.1632 -0.2122 -0.2172 -0.1169 -0.0546 -0.1065 -0.0484 -0.2589 -0.1622 -0.0845 +0.0000 +0.1781 -0.0000 -0.0000 +0.0000 +0.0000 +0.0000 -0.0083 -0.0000 +0.0000 +0.0000 -0.0000 -0.0290 -0.0118 -0.0000 -0.0000 -0.0000 -0.0000 -0.0000 -0.1944 +0.0202 +0.1855 +0.0462 +0.0000 +0.0375 +0.0000 +0.0000 -0.0739 +0.0000 +0.0000 +0.0000 +0.0000 +0.0000 +0.0000 +0.0000 +0.0000 +0.1534 +0.0812 +0.0000 +0.0000 +0.0000 +0.0000 +0.0000 +0.0000 +0.0000 +0.0000 +0.0000 +0.0000 +0.0000 -0.0000 +0.0000 -0.3490 ;
-0.0852 +0.1920 -0.1904 +0.0733 +0.1194 +0.0903 -0.2493 +0.1058 +0.0000 -0.2478 +0.1464 -0.1006 -0.0525 +0.2240 +0.0000 +0.0000 +0.0000 +0.0000 +0.0000 +0.0000 +0.0000 +0.0000 +0.0373 +0.0000 -0.0722 -0.0062 +0.0902 -0.1075 +0.0000 -0.1316 -0.0637 +0.0434 +0.0778 -0.1757 -0.1690 -0.0330 -0.0177 -0.1274 +0.0000 +0.0000 +0.0000 +0.0000 +0.0000 +0.0000 +0.0000 +0.0000 +0.0000 +0.0000 +0.0000 +0.0000 -0.2043 +0.0000 -0.2475 +0.0000 +0.0000 -0.1506 -0.1856 -0.1778 +0.0000 +0.0012 +0.0000 +0.0000 +0.0000 +0.1325 +0.0000 +0.0000 +0.2036 +0.0000 +0.1425 +0.0000 +0.0000 +0.1765 -0.2119 +0.0000 +0.1765 ;
-0.2218 -0.0599 -0.0841 +0.1059 +0.1307 +0.1268 +0.1976 +0.0046 -0.0320 +0.0000 +0.0021 +0.1558 -0.0181 +0.0458 +0.0297 -0.0586 -0.0805 +0.0167 +0.1420 +0.0031 +0.0000 +0.0000 +0.0465 +0.1744 +0.0000 +0.0000 +0.0000 +0.0626 +0.1381 +0.0000 -0.2277 +0.0000 +0.0000 -0.1456 +0.0000 -0.1719 -0.1446 +0.0000 +0.0000 +0.0000 +0.0000 +0.0000 +0.0000 +0.0000 +0.3988 +0.1684 +0.2934 +0.0000 +0.0000 +0.0000 -0.1349 +0.0000 -0.0586 -0.1806 +0.0000 +0.0000 +0.0000 -0.0008 +0.2745 +0.0000 +0.0000 +0.0000 +0.0000 +0.0000 +0.0000 +0.0000 +0.0000 +0.0000 +0.0000 +0.0000 +0.0000 +0.0000 -0.2277 -0.0771 +0.3098 ;
-0.1275 +0.0251 -0.2152 -0.0909 -0.0854 -0.0550 -0.1022 -0.2209 -0.1193 -0.1133 +0.0000 +0.1581 +0.0000 +0.0000 +0.0000 +0.0000 +0.0000 -0.1572 +0.0000 +0.0000 +0.1395 +0.0000 -0.1913 +0.0000 +0.0425 -0.1287 -0.2905 +0.0000 -0.1843 +0.0000 +0.0000 +0.0000 +0.5075 -0.1136 +0.0000 -0.0933 -0.2421 -0.2359 -0.1741 +0.0000 +0.0000 +0.0000 +0.0000 +0.2481 +0.0788 +0.2583 +0.0000 +0.0000 +0.0000 +0.0000 -0.1050 +0.0000 -0.0010 -0.0209 +0.0000 +0.0000 +0.0000 -0.1823 +0.2666 +0.1815 +0.1024 +0.1668 +0.0696 +0.1469 +0.0720 +0.1272 +0.2757 +0.1467 +0.1336 +0.1276 +0.0000 +0.0000 +0.0000 +0.0000 +0.4353 ;
-0.0554 +0.1238 -0.1157 +0.1514 +0.1822 +0.0000 -0.1240 +0.0000 -0.0847 +0.1336 +0.0000 +0.0000 +0.0837 +0.1585 -0.0480 -0.1286 -0.1100 -0.0802 +0.0000 +0.0000 +0.0000 -0.0000 +0.0000 +0.1872 +0.0199 +0.0000 +0.2552 +0.0118 +0.0000 +0.0361 -0.1242 +0.0000 +0.1992 -0.1134 -0.3991 -0.2308 -0.2315 -0.2449 +0.0000 +0.0000 +0.0000 +0.0000 +0.0000 +0.1992 +0.1034 +0.0000 +0.0000 +0.0000 +0.0000 +0.0000 -0.0419 -0.1093 -0.0086 +0.0000 +0.0000 +0.0000 +0.0000 +0.0000 +0.0000 +0.0000 +0.0000 +0.0000 +0.0000 +0.0000 +0.0000 +0.0000 +0.0000 +0.0000 +0.0000 +0.0000 +0.0000 +0.0000 -0.0661 +0.0000 +0.5675 ;
-0.0024 +0.0000 +0.0000 +0.1047 -0.1114 -0.0943 -0.1102 -0.0000 +0.0000 -0.0438 +0.1753 +0.0176 +0.0104 +0.0000 +0.0000 +0.1754 +0.0000 +0.0416 +0.0000 +0.0000 +0.0000 +0.0000 +0.0000 +0.0000 +0.2680 -0.1226 +0.1127 +0.0000 +0.0000 -0.1129 -0.3175 -0.0783 +0.0000 +0.0000 +0.0000 +0.0000 +0.0000 +0.0000 +0.0000 +0.0000 +0.0000 +0.0000 -0.1436 +0.2237 +0.2165 +0.2641 +0.2354 +0.0162 +0.2384 +0.2691 -0.1258 -0.0000 +0.0000 +0.0000 +0.0000 +0.0000 +0.0000 +0.0000 +0.2846 +0.2193 +0.2678 +0.2400 +0.2714 +0.2078 +0.0476 +0.0000 +0.0000 +0.0000 +0.0000 +0.0000 +0.0000 +0.0000 -0.2571 -0.1474 +0.3490 ;
+0.0000 +0.0855 +0.0000 +0.0000 +0.0000 +0.0000 +0.0000 +0.0000 +0.0000 +0.0499 +0.1487 +0.0694 +0.0097 +0.1671 +0.2177 +0.1809 +0.0000 +0.0000 +0.0466 -0.0001 +0.1491 +0.1166 +0.0000 +0.0000 +0.0000 +0.0000 +0.0000 +0.0000 +0.0000 +0.0000 +0.0000 +0.0000 +0.0000 +0.0000 -0.2539 -0.3101 -0.2119 -0.3077 -0.2165 -0.0783 -0.2029 -0.2227 +0.0000 +0.1700 +0.1620 +0.0000 +0.3224 +0.0000 +0.1128 +0.1968 -0.0789 +0.0000 +0.0000 +0.0000 +0.0000 +0.0000 +0.0000 +0.0000 +0.2113 +0.2271 +0.0000 +0.0000 +0.0000 +0.0000 +0.0000 +0.0000 +0.0000 +0.0000 +0.0000 +0.0000 +0.0000 +0.0000 -0.2399 +0.0000 +0.3490 ;
-0.0011 +0.0000 -0.1449 +0.0000 +0.0000 +0.0000 +0.0000 +0.0000 +0.0000 -0.1604 -0.1398 +0.1166 +0.0173 +0.1106 +0.0045 +0.0000 +0.0823 +0.0000 +0.0806 +0.0000 +0.0000 +0.0004 +0.0000 +0.0000 +0.0000 +0.2053 +0.4250 +0.0188 +0.0961 +0.3873 -0.0801 +0.0314 +0.0000 -0.1873 -0.2060 -0.2497 -0.3196 -0.4711 -0.3014 -0.1301 -0.3214 -0.4549 +0.0000 +0.3379 +0.3954 +0.1361 +0.3030 +0.1116 +0.0000 +0.0000 -0.2101 -0.1208 +0.0000 +0.0000 +0.0000 +0.0000 +0.0000 +0.0000 +0.3090 +0.3378 +0.3997 +0.0000 +0.0000 +0.0000 +0.0000 +0.0000 +0.0000 +0.0000 +0.0000 +0.0000 +0.0000 +0.0000 -0.3398 +0.0000 +0.3490 ;
-0.0010 +0.0000 +0.0570 +0.0000 +0.0000 +0.0000 +0.0000 +0.0000 +0.0000 +0.0033 -0.2207 +0.0511 +0.0330 +0.0673 +0.0000 +0.1475 +0.0259 +0.0000 +0.0163 +0.1349 +0.1576 +0.0482 +0.0000 +0.0000 +0.0000 +0.0532 +0.4253 +0.1101 +0.0146 +0.0000 +0.0422 +0.0992 +0.0000 -0.2477 +0.0000 -0.1677 -0.2654 -0.3049 -0.3687 -0.1425 -0.2431 -0.3833 +0.0000 +0.2530 +0.2350 +0.2183 +0.0000 +0.0000 +0.2485 +0.1963 +0.0000 +0.0000 -0.0819 +0.0000 +0.0000 +0.0000 +0.0000 +0.0000 +0.0000 +0.2269 +0.0000 +0.3505 +0.0000 +0.0000 +0.0000 +0.0000 +0.0000 +0.0000 +0.0000 +0.0000 +0.0000 +0.0000 -0.3936 +0.0000 +0.3490 ;
-0.0001 +0.1400 +0.0000 -0.1900 +0.0000 +0.0000 +0.0000 +0.0000 +0.0000 -0.2019 +0.0771 +0.0640 +0.0526 +0.0000 +0.1729 +0.0325 +0.2073 +0.0455 +0.0325 +0.1206 +0.1044 +0.2084 +0.1679 +0.0358 +0.0000 +0.3204 -0.1962 +0.1789 +0.0934 -0.0650 -0.0942 +0.1916 +0.0000 -0.1541 -0.1434 -0.2016 -0.0561 -0.1681 -0.2127 -0.2995 -0.2671 -0.3573 +0.0000 +0.0000 +0.1906 +0.1236 +0.3141 +0.0000 +0.2571 +0.0793 +0.0000 -0.2092 -0.2072 +0.0000 +0.0000 +0.0000 +0.0000 +0.0000 +0.0000 +0.0000 +0.2127 +0.2852 +0.1476 +0.0000 +0.0000 +0.0000 +0.0000 +0.0000 +0.0000 +0.0000 +0.0000 +0.0000 -0.2505 -0.2371 +0.3490 ;
-0.0013 +0.0242 +0.0000 +0.0000 +0.0951 +0.0000 +0.0000 +0.0000 +0.0000 +0.0000 -0.0953 +0.0000 +0.0000 +0.0609 +0.0000 +0.1499 +0.0743 +0.0000 +0.0192 +0.0000 +0.1349 +0.0005 +0.0959 +0.0000 +0.0155 +0.1822 +0.4115 +0.1794 -0.1182 +0.3232 +0.1976 +0.0918 +0.3065 +0.0000 +0.0000 -0.3830 -0.2526 -0.2629 -0.3082 -0.2687 -0.4471 -0.3401 -0.0809 +0.0000 +0.4290 +0.2579 +0.4405 +0.1673 +0.2457 +0.0000 +0.0000 +0.0000 -0.1557 +0.0000 -0.2191 +0.0000 +0.0000 +0.0000 +0.0000 +0.0000 +0.0000 +0.0000 +0.2374 +0.2424 +0.0001 +0.0000 +0.0000 +0.0000 +0.0000 +0.0000 +0.0000 +0.0000 -0.2799 +0.0000 +0.3490 ;
-0.0007 +0.0000 +0.0000 +0.0000 +0.0000 +0.0000 -0.0087 +0.0000 +0.0000 +0.0000 +0.0000 +0.0014 +0.0000 +0.0526 +0.1775 -0.2290 +0.0156 +0.1283 +0.0794 +0.1180 +0.0000 +0.0001 +0.0000 +0.0000 +0.0000 +0.0442 +0.4229 +0.1128 -0.0778 +0.0000 +0.0138 +0.1218 +0.0000 +0.0000 -0.2540 -0.2934 -0.2726 -0.2161 -0.0966 -0.1964 -0.3395 -0.3511 -0.0760 +0.2051 +0.1576 +0.2119 +0.0000 +0.1098 +0.3494 +0.0000 +0.0000 +0.0000 +0.0000 -0.1075 +0.0000 +0.0000 +0.0000 +0.0000 +0.0000 +0.0000 +0.0000 +0.0000 +0.0000 +0.0000 +0.1207 +0.2834 +0.0000 +0.0000 +0.0000 +0.0000 +0.0000 +0.0000 -0.1447 +0.0000 +0.3490 ;
-0.0006 +0.0000 +0.0000 +0.0000 +0.0000 +0.0000 +0.0000 +0.0000 +0.0000 +0.0000 +0.0000 +0.2071 +0.1225 +0.1698 +0.1350 +0.1207 +0.0591 -0.0902 +0.0000 +0.1342 +0.0942 +0.0003 +0.1373 +0.0944 +0.0000 +0.2544 -0.0727 +0.1436 -0.0384 +0.2168 -0.1213 +0.1167 +0.0000 -0.1709 +0.0000 -0.2270 -0.3061 -0.3015 -0.2177 +0.0000 -0.2277 -0.1665 -0.2244 +0.0000 +0.1366 +0.0000 +0.2387 +0.0442 +0.3231 +0.0928 +0.0000 +0.0000 +0.0000 -0.0050 +0.0000 +0.0000 -0.0975 +0.0000 +0.0000 +0.0000 +0.0000 +0.0000 +0.0000 +0.0000 +0.1134 +0.2376 +0.2130 +0.0000 +0.0000 +0.0000 +0.0000 +0.0000 -0.3508 -0.2732 +0.3490 ;
-0.0011 +0.0480 -0.1213 +0.0000 +0.0000 +0.0000 +0.0181 +0.0000 +0.0000 +0.0000 +0.0000 +0.1341 +0.0852 +0.1520 -0.0052 +0.0135 +0.0021 +0.1149 +0.0000 +0.0001 +0.0684 +0.0003 +0.0608 +0.0954 +0.0000 +0.1759 +0.3268 +0.1806 -0.0660 +0.0000 -0.0650 +0.0277 +0.0000 +0.0000 -0.3376 -0.2094 -0.1307 -0.3245 -0.1832 -0.2407 -0.2058 -0.3712 -0.0476 +0.2838 +0.3190 +0.0000 +0.2913 +0.0000 +0.2298 +0.1599 +0.0000 +0.0000 -0.1834 +0.0000 +0.0000 +0.0000 +0.0000 +0.0000 +0.0000 +0.0000 +0.0000 +0.0000 +0.0000 +0.0000 +0.0000 +0.0000 +0.2561 +0.3068 +0.0000 +0.0000 +0.0000 +0.0000 -0.2720 +0.0000 +0.3490 ;
-0.0013 +0.0000 +0.0000 +0.0000 +0.0000 +0.0000 +0.0000 +0.0000 +0.0000 +0.0000 +0.0000 +0.0000 +0.0380 +0.0000 +0.0998 +0.0759 +0.0000 +0.0000 +0.1285 +0.0000 +0.0616 +0.0574 +0.0755 +0.0308 +0.0000 +0.2870 +0.3410 +0.2298 -0.1722 +0.3412 -0.0536 +0.1711 +0.0000 -0.2935 -0.4316 +0.0000 +0.0000 -0.3542 -0.2976 -0.2459 -0.3001 -0.2584 -0.0080 +0.0000 +0.2915 +0.2327 +0.0000 +0.2047 +0.2814 +0.4086 +0.0000 +0.0000 +0.0000 +0.0000 +0.0000 +0.0000 -0.2621 -0.0070 +0.0000 +0.0000 +0.0000 +0.0000 +0.0000 +0.0000 +0.0000 +0.0000 +0.0000 +0.1425 +0.3515 +0.2616 +0.0000 +0.0000 +0.0000 -0.2037 +0.3490 ;
-0.0230 +0.0148 +0.0000 +0.0000 +0.0000 +0.0000 +0.0000 +0.1997 +0.0000 +0.0000 +0.0000 +0.2333 +0.0603 +0.1898 +0.2784 +0.0381 +0.1230 +0.1878 +0.0815 +0.1149 +0.0359 +0.1873 +0.0164 +0.0166 -0.2358 -0.0918 +0.0718 +0.1684 -0.0380 +0.0955 -0.1811 -0.0974 +0.1703 -0.0881 +0.0000 -0.0686 -0.2125 -0.1798 -0.0752 -0.1422 -0.1471 -0.2132 -0.0043 +0.0000 +0.1547 +0.1989 +0.0078 +0.1105 +0.0728 +0.0000 -0.0296 +0.0000 +0.0000 +0.0000 +0.0000 +0.0000 -0.1419 +0.0000 +0.0000 +0.0554 +0.0000 +0.0000 +0.0000 +0.0000 +0.0000 +0.0000 +0.0000 +0.0000 +0.0000 +0.1487 +0.0289 +0.0000 -0.1640 -0.2313 +0.3490 ;
+0.0000 +0.0000 -0.0268 +0.1041 +0.1205 +0.0000 +0.0000 +0.0000 +0.0000 +0.0833 +0.1149 +0.0932 +0.0000 +0.0000 +0.0000 +0.0000 +0.0000 +0.0000 +0.0000 +0.0000 +0.0000 +0.2422 +0.0000 +0.0000 +0.1209 +0.0000 +0.0000 +0.0000 +0.1385 +0.0000 +0.0000 +0.0000 +0.0000 -0.1621 -0.3346 -0.2991 +0.0000 +0.0000 +0.0000 +0.0000 +0.0000 +0.0000 +0.0000 +0.0000 +0.3807 +0.1902 +0.3124 +0.0000 +0.1141 +0.0000 -0.2049 -0.0045 -0.1145 -0.2052 -0.0497 +0.0000 +0.0000 +0.0000 +0.0000 +0.1348 +0.2648 +0.0000 +0.0000 +0.1012 +0.1489 +0.0000 +0.0000 +0.0000 +0.0000 +0.2498 +0.1544 +0.1229 +0.0000 +0.0000 -0.1451 ;
-0.1285 +0.1111 -0.1779 -0.1665 +0.0174 +0.0000 +0.0000 +0.0000 +0.0000 +0.0000 +0.2191 +0.0000 +0.2445 +0.0000 +0.0000 +0.0000 +0.0000 +0.0000 +0.0000 +0.0000 +0.0000 +0.2005 +0.0000 +0.1288 +0.0356 -0.2179 +0.0000 +0.0000 -0.0214 +0.2525 -0.2457 +0.0000 +0.0000 -0.2275 -0.2746 -0.0966 -0.1412 +0.0000 +0.0000 +0.0000 +0.0000 +0.0000 +0.0000 +0.3172 +0.0000 +0.3029 +0.2255 +0.0000 +0.0000 +0.1229 -0.0896 -0.2041 -0.2286 -0.0000 -0.0725 +0.0000 +0.0000 +0.0000 +0.1339 +0.0000 +0.0000 +0.0000 +0.2375 +0.0450 +0.1521 +0.0000 +0.2086 +0.0000 +0.0000 +0.0000 +0.0887 +0.1466 +0.0000 +0.0000 -0.1451 ;
-0.0264 +0.0000 +0.2048 -0.1093 -0.0602 +0.0000 +0.0000 +0.0000 +0.0000 +0.0230 +0.0481 +0.0159 +0.0000 +0.0000 +0.0097 +0.0000 +0.0000 +0.0000 +0.0000 +0.0000 +0.0000 +0.0000 +0.0000 +0.0000 +0.0798 -0.1620 +0.0000 +0.0000 +0.0649 +0.0000 +0.0000 -0.1354 +0.0000 -0.1222 -0.2086 -0.2925 -0.2009 +0.0000 +0.0000 +0.0000 +0.0000 +0.0000 +0.0000 +0.2240 +0.3171 +0.0598 +0.3189 +0.0000 +0.0000 +0.0000 -0.0914 -0.1304 -0.1033 -0.2003 -0.0630 +0.0000 +0.0000 +0.0000 +0.0831 +0.1266 +0.1393 +0.1133 +0.0620 +0.1754 +0.2122 +0.0000 +0.0000 +0.0000 +0.0000 +0.0000 +0.0000 +0.0000 +0.0000 +0.0000 -0.1451 ;
-0.1745 +0.0746 +0.0000 -0.0635 -0.2139 -0.2288 +0.2138 +0.0000 +0.0000 +0.0000 +0.0000 +0.0000 +0.0000 +0.1443 +0.0000 +0.0276 +0.0886 +0.1894 +0.0000 +0.0000 +0.0000 +0.0000 +0.0000 +0.0000 +0.0063 +0.0000 +0.0000 -0.0000 +0.0439 +0.2177 +0.1416 +0.0000 +0.0000 +0.0000 +0.0000 -0.1288 -0.1305 -0.2198 +0.0000 +0.0000 +0.0000 +0.0000 +0.0000 +0.3706 +0.3797 +0.1612 +0.0000 +0.1367 +0.2763 +0.0000 +0.0000 -0.0000 -0.1595 -0.1745 -0.0004 -0.0524 -0.0956 +0.0000 +0.0000 +0.1247 +0.2288 +0.0604 +0.0000 +0.0696 +0.0000 +0.2348 +0.0000 +0.0000 +0.0971 +0.0402 +0.0000 +0.0000 -0.1117 +0.0000 -0.1451 ;
-0.0911 +0.0000 +0.0000 +0.0000 -0.1077 +0.0316 -0.1011 +0.0000 +0.0000 +0.0000 +0.0000 +0.0000 +0.1494 +0.0000 +0.0000 +0.0000 +0.0000 +0.0000 +0.0089 +0.0000 +0.1141 +0.2149 +0.0000 +0.0000 +0.2001 -0.2158 +0.0000 +0.0000 -0.1643 +0.0000 +0.0000 -0.0628 +0.0000 +0.0000 +0.0000 +0.0000 -0.0491 -0.1256 -0.0936 -0.1536 +0.0000 +0.0000 +0.0000 +0.0928 +0.0000 +0.1609 +0.1169 +0.0000 +0.0922 +0.0000 +0.0000 +0.0000 -0.1601 -0.0381 -0.1669 -0.0657 -0.1969 +0.0000 +0.0000 +0.0000 +0.0000 +0.0000 +0.1191 +0.1330 +0.1730 +0.0000 +0.0044 +0.0000 +0.0000 +0.0128 +0.0293 +0.2091 +0.0000 +0.0000 -0.1451 ;
-0.1604 +0.0000 +0.0000 +0.0000 +0.0000 +0.0381 +0.0766 +0.0208 +0.1706 +0.0000 +0.0000 +0.0000 +0.0000 +0.0000 +0.0000 +0.0000 +0.0000 +0.0000 +0.0280 +0.0000 +0.2213 +0.0220 +0.1479 +0.0000 -0.2226 -0.2354 +0.0000 +0.0000 -0.1543 +0.1539 -0.2375 +0.0000 +0.0000 +0.0000 +0.0000 +0.0000 +0.0000 +0.0000 -0.1071 -0.2167 -0.0783 -0.2504 +0.0000 +0.3471 +0.0000 +0.0000 +0.3514 +0.0182 +0.0000 +0.1337 +0.0000 +0.0000 +0.0000 -0.0355 -0.2091 -0.1546 -0.0816 -0.1339 +0.0000 +0.0975 +0.0000 +0.1205 +0.1640 +0.0000 +0.0000 +0.1161 +0.0000 +0.1098 +0.1455 +0.0000 +0.2421 +0.0000 +0.0000 +0.0000 -0.1451 ;
-0.0247 +0.0375 +0.0000 +0.0000 +0.0000 +0.1317 +0.0002 +0.0657 +0.1345 +0.0000 +0.0000 +0.1920 +0.0000 +0.0000 +0.0000 +0.0000 +0.0000 +0.0000 +0.1677 +0.1687 +0.0000 +0.0272 +0.0000 +0.0000 +0.0409 -0.1832 +0.0443 +0.1547 +0.0552 -0.0841 +0.0446 -0.0136 +0.0000 +0.0000 +0.0000 +0.0000 +0.0000 +0.0000 +0.0000 -0.2599 -0.1474 -0.2044 -0.1314 +0.1382 +0.2560 +0.0000 +0.0000 +0.0518 +0.2616 +0.0794 +0.0000 +0.0000 -0.2274 -0.1917 -0.0002 -0.0912 -0.0792 -0.0317 +0.0000 +0.0000 +0.0000 +0.0000 +0.0000 +0.0000 +0.1190 +0.1181 +0.0211 +0.1508 +0.1639 +0.1164 +0.2514 +0.0524 +0.0000 -0.2707 -0.1451 ;
-0.1538 +0.0000 -0.1629 -0.0496 +0.1768 -0.0714 -0.0556 +0.0000 +0.1326 -0.1818 -0.2036 +0.1609 -0.0630 +0.0000 +0.0226 +0.0000 +0.0000 +0.0000 +0.1820 +0.0000 +0.0000 +0.0000 +0.0000 +0.1768 +0.0040 +0.0000 +0.0000 +0.0000 +0.0000 +0.0000 +0.0000 +0.0000 +0.0000 -0.0361 +0.0000 +0.0000 -0.1568 +0.0000 +0.0000 +0.0000 +0.0000 +0.0000 +0.0000 +0.1326 +0.0000 +0.0000 +0.0000 +0.0000 +0.0000 +0.0000 +0.0000 -0.1334 +0.0000 +0.0000 +0.0000 +0.0000 +0.0000 +0.0000 +0.0450 +0.1924 +0.0000 +0.0000 +0.0000 +0.0000 +0.0000 +0.0000 +0.0000 +0.0000 +0.0000 +0.0000 +0.0000 +0.0000 -0.0004 +0.0000 -0.1451 ;
-0.1824 -0.0657 -0.1089 +0.1315 +0.3105 -0.0013 -0.2277 -0.1116 +0.0000 +0.1111 -0.2015 +0.0437 +0.1402 +0.0000 +0.0000 +0.0000 +0.1293 +0.0000 +0.1584 +0.0000 +0.0000 +0.0000 +0.2408 +0.0000 +0.0291 +0.0000 -0.0000 +0.0000 +0.2131 +0.0000 -0.0325 +0.0621 +0.0000 +0.0000 -0.0220 +0.0000 +0.0000 -0.0176 +0.0000 +0.0000 +0.0000 +0.0000 -0.1811 +0.0000 +0.1496 +0.0000 +0.0000 +0.0000 +0.0000 +0.0000 -0.1983 +0.0000 -0.2518 +0.0000 +0.0000 +0.0000 +0.0000 +0.0000 +0.0000 +0.0448 +0.0000 +0.0000 +0.0000 +0.0000 +0.0000 +0.0000 +0.0000 +0.0000 +0.0000 +0.0000 +0.0000 +0.0000 -0.0035 +0.0000 -0.1451 ;
-0.2222 +0.0000 +0.1032 -0.0826 +0.0053 -0.1679 +0.0000 +0.0000 +0.0000 +0.1569 -0.0817 -0.1544 -0.0617 -0.1665 +0.0000 +0.0000 +0.1622 +0.2086 +0.0000 +0.0000 +0.0000 +0.0000 +0.0732 +0.1366 +0.1615 -0.1418 -0.0885 +0.0000 -0.0717 +0.1391 -0.0012 +0.0000 +0.0000 +0.0000 -0.0074 -0.1199 +0.0000 +0.0000 +0.0000 +0.0000 +0.0000 +0.0000 +0.0000 +0.0000 +0.1211 +0.0000 +0.0000 +0.0000 +0.0644 +0.0000 +0.0000 -0.0571 +0.0000 -0.1100 +0.0000 +0.0000 +0.0000 +0.0000 +0.0394 +0.0000 +0.0000 +0.2061 +0.0000 +0.0000 +0.0000 +0.0000 +0.0000 +0.0000 +0.0000 +0.0000 +0.0000 +0.0769 -0.0456 -0.0688 -0.1451 ;
-0.0675 +0.1044 +0.1606 -0.0584 +0.0703 -0.2649 +0.2064 +0.1290 +0.0000 +0.1742 +0.0000 +0.1835 -0.2064 +0.0196 +0.0217 -0.0763 +0.1501 +0.0000 +0.0000 +0.0000 +0.0000 +0.0000 +0.0000 +0.0000 -0.1254 +0.1098 -0.0403 -0.0171 +0.0233 +0.1273 -0.1414 +0.0250 +0.1770 +0.0000 -0.1095 -0.0890 +0.0000 +0.0000 +0.0000 +0.0000 -0.1025 +0.0000 +0.0000 +0.0000 +0.0000 +0.0000 +0.0000 +0.0000 +0.0000 +0.0000 +0.0000 +0.0000 -0.2433 +0.0000 -0.2537 +0.0000 +0.0000 +0.0000 +0.0000 +0.0000 +0.1186 +0.0000 +0.1351 +0.0000 +0.0000 +0.0000 +0.0000 +0.0000 +0.0000 +0.0000 +0.0000 +0.0000 -0.0000 +0.0000 -0.1451 ;
-0.1865 +0.0000 -0.2099 +0.1526 -0.0059 +0.0000 -0.0315 +0.1879 +0.0000 +0.0000 +0.0000 +0.0000 +0.0000 +0.0000 -0.1664 +0.0082 -0.0453 -0.0027 +0.0841 +0.0422 +0.0000 +0.2175 +0.0000 +0.0000 +0.0485 +0.0000 +0.0000 +0.0000 +0.0000 +0.0460 -0.1180 +0.1440 +0.0000 +0.0000 +0.0000 +0.0000 +0.0000 -0.1586 +0.0000 +0.0000 +0.0000 -0.0543 +0.0000 +0.0000 +0.0000 +0.0000 +0.0000 +0.1876 +0.0000 +0.0000 +0.0000 +0.0000 +0.0000 -0.1061 +0.0000 -0.2215 +0.0000 +0.0000 +0.0000 +0.0000 +0.0000 +0.2137 +0.0000 +0.0000 +0.0000 +0.0000 +0.0000 +0.0000 +0.0000 +0.0000 +0.1481 +0.0000 -0.0654 +0.0000 -0.1451 ;
-0.1871 +0.2601 -0.0523 +0.0000 +0.1845 +0.0969 -0.2187 -0.0548 +0.0000 +0.0000 +0.0000 +0.0000 +0.2459 +0.0000 +0.1467 +0.0566 +0.0509 -0.1121 -0.0786 -0.1655 +0.0000 +0.0000 +0.0000 +0.0000 -0.0289 -0.0293 -0.1580 +0.0000 +0.0316 +0.2183 -0.0086 +0.0000 +0.0000 +0.0000 +0.0000 +0.0000 +0.0000 -0.0051 -0.1366 -0.0641 +0.0000 +0.0000 +0.0000 +0.0000 +0.1756 +0.0000 +0.1071 +0.0000 +0.0000 +0.0000 +0.0000 +0.0000 +0.0000 +0.0000 -0.0846 +0.0000 -0.1491 +0.0000 +0.1863 +0.0000 +0.0000 +0.0000 +0.0000 +0.0000 +0.0000 +0.0000 +0.0937 +0.0000 +0.0000 +0.0000 +0.0000 +0.0000 -0.0543 -0.1040 -0.1451 ;
-0.0431 +0.0000 +0.0000 +0.0000 -0.0037 -0.0551 -0.1086 +0.0118 +0.2295 +0.2389 +0.0000 +0.0000 +0.2189 +0.0000 +0.0000 +0.0256 +0.0000 +0.0000 -0.0949 -0.1715 -0.0553 +0.0826 +0.0897 +0.0101 +0.2051 +0.0000 -0.1007 +0.0000 +0.0000 +0.1559 -0.1649 +0.1653 +0.0000 +0.0000 +0.0000 +0.0000 +0.0000 +0.0000 +0.0000 -0.1776 -0.0598 +0.0000 +0.0000 +0.0000 +0.0000 +0.0000 +0.2758 +0.0000 +0.0000 +0.0000 +0.0000 +0.0000 +0.0000 +0.0000 +0.0000 -0.0000 +0.0000 -0.1782 +0.0000 +0.0000 +0.0000 +0.0000 +0.0000 +0.0000 +0.0000 +0.0000 +0.0000 +0.0000 +0.0682 +0.0000 +0.0553 +0.0000 +0.0000 -0.1373 -0.1451 ;
-0.1352 +0.0808 +0.0000 -0.1711 -0.1235 +0.0990 +0.0461 +0.1175 -0.1675 +0.0000 +0.2454 +0.0000 +0.1658 +0.0000 +0.0000 +0.0000 +0.0000 +0.0000 +0.0000 +0.1080 +0.1327 -0.1257 +0.1156 -0.0323 +0.1289 +0.0653 -0.1548 -0.1192 +0.0700 -0.0070 -0.0047 -0.1849 +0.0583 +0.0000 +0.0000 +0.0000 +0.0000 +0.0000 +0.0000 +0.0000 -0.0683 -0.0007 -0.1783 +0.0000 +0.0000 +0.0000 +0.0000 +0.0000 +0.2121 +0.2235 +0.0000 +0.0000 +0.0000 +0.0000 +0.0000 -0.2020 -0.1328 +0.0000 +0.0000 +0.0000 +0.0000 +0.0000 +0.0000 +0.0000 +0.0000 +0.0000 +0.0000 +0.0000 +0.1206 +0.0038 +0.0031 +0.0000 -0.0182 -0.0560 -0.1451 ;
+0.0000 +0.0000 -0.0022 +0.1248 +0.1933 +0.0000 +0.0000 +0.0000 +0.0000 +0.0978 +0.2193 +0.2253 -0.1285 -0.0132 -0.0000 -0.0105 -0.0980 +0.0000 -0.0000 +0.0000 +0.0000 +0.0000 +0.0000 +0.0000 +0.0000 +0.0000 +0.0000 +0.0000 +0.0000 +0.0000 +0.0000 +0.0000 +0.0000 -0.0785 -0.0816 +0.0000 -0.2336 -0.2094 -0.1882 -0.2579 -0.2074 -0.2206 -0.2118 +0.0891 +0.2917 +0.0738 +0.0000 +0.0000 +0.0000 +0.0000 -0.0142 -0.0905 -0.1885 -0.0240 -0.0247 -0.0000 +0.0000 +0.0000 +0.0000 +0.1702 +0.2372 +0.2993 +0.1280 +0.1418 +0.2186 +0.0000 +0.0000 +0.0000 +0.0000 +0.0000 +0.0000 +0.0000 +0.0000 +0.0000 +0.5908 ;
-0.0525 -0.0000 +0.1348 +0.0941 +0.0000 +0.0213 +0.0000 +0.0000 +0.0000 +0.0523 +0.1151 -0.0000 +0.1734 -0.0276 -0.0000 -0.0804 -0.0000 -0.0289 -0.0104 -0.0534 +0.0000 +0.0000 +0.0000 +0.0000 -0.1557 -0.1591 -0.0812 +0.0000 +0.0000 +0.2344 +0.0000 -0.0413 +0.2810 -0.2596 -0.1683 -0.2449 -0.0592 -0.1182 -0.1368 -0.1863 -0.1190 -0.2507 -0.1949 +0.1828 +0.2164 +0.1666 +0.1812 +0.0000 +0.0000 +0.0000 -0.0271 -0.0000 -0.1905 -0.1302 -0.1670 -0.0000 +0.0000 +0.0000 +0.1347 +0.0000 +0.1488 +0.2192 +0.3246 +0.2058 +0.0057 +0.0000 +0.0000 +0.0000 +0.0000 +0.0000 +0.0000 +0.0000 +0.0000 +0.0000 +0.5908 ;
-0.0255 +0.0000 +0.0588 -0.0084 -0.0000 +0.0000 +0.0000 +0.0000 +0.0000 +0.0433 +0.2302 +0.0834 +0.1071 -0.0000 -0.0409 -0.1369 -0.1003 -0.0000 -0.0000 +0.0000 +0.0000 +0.0000 +0.0000 +0.0000 +0.1678 -0.2062 +0.1923 +0.0000 +0.0645 +0.3954 +0.2167 +0.2182 +0.2207 -0.0796 -0.3226 -0.0999 -0.1516 -0.2316 -0.1198 -0.2225 -0.2387 -0.2693 -0.0847 +0.1249 +0.1882 +0.0553 +0.0000 +0.0000 +0.0000 +0.0000 -0.0791 -0.1169 -0.0092 -0.0000 -0.1181 -0.0188 +0.0000 +0.0000 +0.2209 +0.1940 +0.0000 +0.2327 +0.1228 +0.3391 +0.2156 +0.1755 +0.0000 +0.0000 +0.0000 +0.0000 +0.0000 +0.0000 +0.0000 +0.0000 +0.5908 ;
-0.0907 -0.0000 -0.1279 +0.0718 +0.0000 +0.0763 +0.0000 +0.0000 +0.0000 -0.1147 -0.0000 +0.1198 +0.1953 +0.0397 +0.0000 +0.0000 -0.0075 -0.0415 -0.0000 -0.1145 +0.0000 +0.0000 +0.0000 +0.0000 -0.2480 +0.1740 -0.0862 +0.0365 +0.0000 +0.2427 +0.0000 -0.1214 +0.2083 -0.2318 -0.0846 -0.2198 -0.0926 -0.1562 -0.2248 -0.1841 -0.2816 -0.1736 -0.0372 +0.3158 +0.3064 +0.2887 +0.1324 +0.0000 +0.0000 +0.0000 -0.0630 -0.1864 -0.1471 -0.0339 -0.0291 -0.0000 -0.1471 +0.0000 +0.1189 +0.3055 +0.1908 +0.0000 +0.1024 +0.2130 +0.1180 +0.0000 +0.0000 +0.0000 +0.0000 +0.0000 +0.0000 +0.0000 +0.0000 +0.0000 +0.5908 ;
+0.0000 -0.1775 +0.0042 -0.0481 +0.1591 +0.1928 +0.0000 +0.0000 +0.0000 -0.0703 -0.0070 +0.2295 +0.0470 +0.1591 +0.1257 -0.1327 -0.0976 -0.1306 -0.0000 +0.0000 -0.0000 +0.0000 +0.0000 +0.0000 -0.1513 -0.3667 -0.2018 +0.0000 +0.0000 +0.2157 +0.1073 -0.1825 +0.2597 +0.0000 -0.1439 -0.1162 -0.0630 -0.1307 -0.1060 -0.1871 -0.2991 -0.2528 -0.0027 +0.1351 +0.0702 +0.1959 +0.1544 +0.0000 +0.0000 +0.0000 -0.1249 -0.0537 -0.1078 -0.0554 -0.0006 -0.0000 +0.0000 +0.0000 +0.0000 +0.3083 +0.3358 +0.1681 +0.0000 +0.3029 +0.0001 +0.1710 +0.0000 +0.0000 +0.0000 +0.0000 +0.0000 +0.0000 +0.0000 +0.0000 +0.5908 ;
-0.1172 +0.0000 +0.0000 -0.0674 +0.0118 +0.0319 +0.0000 +0.0000 +0.0000 -0.0000 -0.0111 -0.0000 +0.0716 +0.1112 +0.1196 -0.0140 -0.0950 -0.0000 -0.0000 +0.0000 +0.0000 +0.0000 -0.0000 +0.0000 +0.1286 -0.1338 +0.1307 +0.0540 +0.0000 +0.3662 +0.0000 +0.0686 +0.1698 -0.1899 -0.3175 -0.0933 -0.0940 -0.1118 -0.2042 -0.0632 -0.2682 -0.2114 -0.0481 +0.0000 +0.1178 +0.0899 +0.1002 +0.0000 +0.0000 +0.0000 -0.1743 -0.1025 -0.1823 -0.0031 -0.0889 -0.0147 +0.0000 +0.0000 +0.0000 +0.1668 +0.2965 +0.1917 +0.1904 +0.0000 +0.1869 +0.2599 +0.3349 +0.0000 +0.0000 +0.0000 +0.0000 +0.0000 +0.0000 +0.0000 +0.5908 ;
-0.0467 -0.1983 +0.0000 +0.0000 -0.0176 +0.0150 +0.0459 +0.0000 +0.0000 +0.0000 -0.0261 -0.0082 -0.1273 +0.0386 -0.0298 -0.1635 -0.1171 -0.0816 -0.1790 -0.2316 +0.0000 +0.0000 +0.0000 +0.0000 -0.0916 -0.0361 +0.0463 -0.1181 -0.1390 +0.1702 +0.0109 +0.0094 +0.0632 -0.1849 -0.0106 -0.2251 -0.1185 -0.1489 -0.1880 -0.0804 -0.1231 -0.2004 -0.0068 +0.0000 +0.0992 +0.1924 +0.0534 +0.0322 +0.0000 +0.0000 -0.1922 -0.0266 -0.0286 -0.0344 -0.1968 -0.2388 -0.0095 +0.0000 +0.0000 +0.0000 +0.0000 +0.0620 +0.2266 +0.0221 +0.0000 +0.0388 +0.0427 +0.1745 +0.0000 +0.0000 +0.0000 +0.0000 +0.0000 +0.0000 +0.5908 ;
-0.0832 -0.0000 +0.0000 +0.0000 +0.0000 -0.0068 +0.1977 +0.0000 +0.0000 +0.0000 +0.0000 -0.0525 +0.0000 -0.0125 -0.0214 +0.0852 -0.0928 +0.2246 +0.0004 +0.0000 -0.1367 -0.0005 +0.0000 -0.0000 -0.1719 +0.0000 +0.0316 +0.0000 +0.0000 +0.4249 +0.0000 -0.1201 +0.1332 -0.2245 -0.3169 -0.1538 -0.0851 -0.1871 -0.1449 -0.0898 -0.1477 -0.2981 -0.0530 +0.0000 +0.1528 +0.1971 +0.2986 +0.0261 +0.0000 +0.0000 +0.0000 -0.0956 -0.0008 -0.1271 -0.0084 -0.0520 -0.1100 +0.0000 +0.0000 +0.0000 +0.0000 +0.0000 +0.2658 +0.3489 +0.1020 +0.0000 +0.1523 +0.1803 +0.2160 +0.0000 +0.0000 +0.0000 +0.0000 +0.0000 +0.5908 ;
-0.0938 +0.0000 +0.0000 +0.0000 +0.0115 -0.1391 +0.0927 +0.1803 +0.0000 +0.0000 +0.0000 -0.0000 -0.0000 -0.0447 -0.1039 +0.1411 +0.1316 +0.0619 +0.1250 -0.0000 -0.0000 +0.0000 +0.0000 +0.0000 +0.2410 -0.1596 +0.0226 +0.0474 +0.0125 +0.4093 +0.0000 +0.1577 +0.3249 -0.2618 -0.2030 -0.1646 -0.1359 -0.1868 -0.3020 -0.1688 -0.2534 -0.1780 -0.1553 +0.0000 +0.0000 +0.2945 +0.2897 +0.0906 +0.0000 +0.0000 +0.0000 -0.0421 -0.0250 -0.1260 -0.1957 -0.0000 -0.1172 +0.0000 +0.0000 +0.0000 +0.0000 +0.0000 +0.2712 +0.3730 +0.0454 +0.1962 +0.0000 +0.1991 +0.2752 +0.3597 +0.0000 +0.0000 +0.0000 +0.0000 +0.5908 ;
+0.0000 -0.0000 +0.0000 +0.0000 +0.0000 +0.1057 +0.0898 +0.0034 +0.0000 +0.0000 +0.0000 +0.0000 -0.1547 -0.0000 -0.1300 -0.0000 +0.0738 +0.0981 +0.1317 +0.2207 -0.0000 +0.0000 -0.0868 -0.0857 -0.0567 -0.3433 -0.0086 +0.0000 +0.0000 +0.2053 +0.1040 -0.1062 +0.1902 -0.0245 -0.2266 -0.2570 -0.1780 +0.0000 -0.1463 -0.1793 -0.1389 -0.2656 -0.2037 +0.0000 +0.0000 +0.1887 +0.1029 +0.1666 +0.2151 +0.0000 +0.0000 +0.0000 -0.0326 -0.2075 -0.0698 -0.0501 -0.2180 -0.1706 +0.0000 +0.0000 +0.0000 +0.0000 +0.0000 +0.0000 +0.2247 +0.2668 +0.1013 +0.0000 +0.2105 +0.1257 +0.3041 +0.0000 +0.0000 +0.0000 +0.5908 ;
-0.0459 -0.0666 +0.0000 +0.0000 +0.0000 +0.1034 -0.0355 +0.0951 +0.0000 +0.0000 +0.0000 +0.0000 -0.0000 +0.0000 -0.0056 +0.0000 +0.0000 -0.0000 -0.0000 +0.1122 +0.1508 -0.0252 -0.0000 -0.0680 -0.1616 +0.1979 +0.0442 +0.0268 +0.0000 +0.2660 +0.0000 -0.1440 +0.1688 -0.0543 -0.3176 -0.2385 -0.0918 -0.1624 -0.2945 -0.1403 -0.1942 -0.1322 -0.1663 +0.0000 +0.0000 +0.0000 +0.2567 +0.2510 +0.2169 +0.2099 +0.0000 -0.0945 -0.1949 -0.1674 -0.0359 -0.1537 -0.1227 -0.1795 +0.0000 +0.0000 +0.0000 +0.0000 +0.0000 +0.0000 +0.0000 +0.1359 +0.3543 +0.2660 +0.0000 +0.2123 +0.3273 +0.1815 +0.0000 +0.0000 +0.5908 ;
-0.0802 +0.0000 +0.0000 +0.0000 +0.0000 +0.1521 -0.0404 -0.1699 +0.0000 +0.0000 -0.0000 +0.0000 +0.0000 +0.0000 -0.0000 -0.0839 +0.0000 -0.0000 +0.2052 +0.1175 -0.0000 +0.1480 -0.0083 -0.0000 +0.0207 -0.2365 +0.2398 +0.0736 +0.1198 +0.3914 +0.2626 +0.1439 +0.2148 -0.2824 -0.2106 -0.2763 -0.2071 -0.2100 -0.0641 -0.2561 -0.2456 -0.1593 -0.0999 +0.0000 +0.0000 +0.0000 +0.0000 +0.1669 +0.0681 +0.1909 +0.0000 +0.0000 -0.0293 -0.1589 -0.2064 -0.1890 -0.2724 -0.0007 +0.0000 +0.0000 +0.0000 +0.0000 +0.0000 +0.0000 +0.0000 +0.1458 +0.2615 +0.3150 +0.1852 +0.1154 +0.3432 +0.1510 +0.0000 +0.0000 +0.5908 ;
-0.0574 -0.1248 +0.0000 +0.0000 +0.0000 +0.0000 +0.0000 -0.0662 +0.1244 +0.0000 +0.0000 +0.0000 +0.0000 +0.0000 -0.0822 -0.0774 -0.0000 +0.0545 -0.0000 +0.0021 -0.0494 +0.0104 -0.0157 +0.1532 -0.2351 -0.2997 +0.0561 +0.0000 +0.0000 +0.3936 +0.0000 -0.0332 +0.3478 -0.2729 -0.2891 -0.0990 -0.1255 -0.2844 -0.1513 -0.1941 -0.0952 -0.0938 -0.2146 +0.0000 +0.0000 +0.0000 +0.3172 +0.0754 +0.1919 +0.2772 +0.0000 +0.0000 -0.0008 -0.1961 -0.0158 -0.0301 -0.1844 -0.0528 +0.0000 +0.1344 +0.0000 +0.0000 +0.0000 +0.0000 +0.0000 +0.0000 +0.3137 +0.2476 +0.3445 +0.3670 +0.0000 +0.2412 +0.0000 +0.0000 +0.5908 ;
-0.1473 -0.0180 +0.0392 +0.0000 +0.0000 +0.0046 +0.1936 -0.0009 -0.0712 +0.0000 +0.0000 +0.0000 +0.0000 +0.0000 -0.0429 -0.0000 -0.0000 -0.0000 -0.1068 -0.0000 +0.0563 +0.1083 -0.0133 +0.1253 -0.0602 -0.1184 +0.0523 -0.0521 +0.0278 +0.1413 -0.2955 -0.1811 +0.3403 -0.1822 -0.1357 -0.1499 -0.0553 -0.0941 -0.2243 -0.2381 -0.1540 -0.0865 -0.0659 +0.0000 +0.0000 +0.0000 +0.1105 +0.0973 +0.1709 +0.2562 +0.0000 -0.0852 -0.0008 -0.1923 -0.0302 -0.0166 -0.2745 -0.0741 +0.0000 +0.0000 +0.0000 +0.0000 +0.0000 +0.0000 +0.1057 +0.2357 +0.2949 +0.1099 +0.2374 +0.3465 +0.2388 +0.0000 +0.0000 +0.0000 +0.5908 ;
+0.0000 +0.0000 -0.0443 -0.1767 -0.1115 +0.0000 +0.0000 +0.0000 +0.0000 +0.0570 +0.0000 +0.1081 +0.1912 -0.1719 +0.0273 +0.0000 +0.0912 +0.1664 +0.0000 +0.0000 +0.0000 +0.0000 -0.0817 +0.0000 -0.0138 +0.0000 +0.2632 +0.0000 -0.1377 +0.0000 +0.0000 -0.2834 +0.0000 -0.0511 -0.1524 -0.0578 -0.1293 -0.1052 -0.1865 -0.2553 -0.1683 +0.0000 -0.1199 +0.2726 +0.1258 +0.0555 +0.2451 +0.0962 +0.0000 +0.0000 +0.0000 +0.0000 +0.0000 +0.0000 +0.0000 +0.0000 +0.0000 +0.0000 +0.0958 +0.2266 +0.2673 +0.0000 +0.0000 +0.0000 +0.0000 +0.0000 +0.0000 +0.0000 +0.0000 +0.0000 +0.0000 +0.0000 +0.0000 +0.0000 +0.5908 ;
-0.2208 -0.0641 +0.0000 +0.0000 +0.1689 -0.0076 -0.0623 +0.0000 +0.0000 +0.0000 -0.2297 +0.1412 +0.2310 -0.1184 -0.1751 +0.0953 +0.0634 +0.1073 +0.1138 +0.1941 +0.1694 +0.1890 +0.0000 +0.0000 +0.0108 -0.1637 -0.1604 +0.0323 -0.0996 +0.2346 -0.0013 -0.2214 +0.2504 -0.0767 -0.1246 -0.0417 -0.0408 -0.2149 -0.2283 -0.1423 -0.2199 -0.1256 -0.0635 +0.0000 +0.2385 +0.0117 +0.2033 +0.0156 +0.1786 +0.0000 +0.0000 +0.0000 +0.0000 -0.1180 +0.0000 +0.0000 +0.0000 +0.0000 +0.0000 +0.0000 +0.0000 +0.0000 +0.0000 +0.0570 +0.0053 +0.1977 +0.0000 +0.0000 +0.0000 +0.0000 +0.0000 +0.0000 -0.2046 +0.0000 +0.5908 ;
+0.0000 +0.0000 +0.0000 +0.0000 +0.0000 +0.0000 +0.0000 +0.0000 +0.0000 +0.0000 +0.0000 +0.0000 +0.0000 +0.0000 +0.0000 +0.0000 +0.0000 +0.0000 +0.0000 +0.0000 +0.0000 +0.0000 +0.0000 +0.0000 +0.0000 +0.0000 +0.0000 +0.0000 +0.0000 +0.0000 +0.0000 +0.0000 +0.0000 +0.0000 +0.0000 +0.0000 +0.0000 +0.0000 +0.0000 +0.0000 +0.0000 +0.0000 +0.0000 +0.0000 +0.0000 +0.0000 +0.0000 +0.0000 +0.0000 +0.0000 +0.0000 +0.0000 +0.0000 +0.0000 +0.0000 +0.0000 +0.0000 +0.0000 +0.0000 +0.0000 +0.0000 +0.0000 +0.0000 +0.0000 +0.0000 +0.0000 +0.0000 +0.0000 +0.0000 +0.0000 +0.0000 +0.0000 +0.0000 +0.0000 +0.0000 ;
