brainFunction 22895 32 25 199 24801 2-9 10-22 23-24
0 0.740312
1 0.638301
2 0.137968
3 0.4959
4 0.471658
5 0.276292
6 0.751515
7 0.330838
8 0.370053
9 0.673797
10 0.45205
11 0.687166
12 0.775758
13 0.409269
14 0.818895
15 0.578431
16 0.219608
17 0.642424
18 0.853654
19 0.311943
20 0.119073
21 0.579858
22 0.327629
23 0.423886
24 0.489483
25 0.997574
26 0.128869
27 0.239576
28 0.0605812
29 0.179853
30 0.845578
31 0.0898764
0 0.749105
1 0.487046
2 0.121569
3 0.121569
4 0.121569
5 0.121569
6 0.121569
7 0.121569
8 0.121569
9 0.723351
10 0.52549
11 0.52549
12 0.52549
13 0.52549
14 0.52549
15 0.52549
16 0.52549
17 0.52549
18 0.52549
19 0.52549
20 0.52549
21 0.602496
22 0.949019
23 0.027451
24 0.195009
25 0.999964
26 0.045194
27 0.245319
28 0.0433464
29 0.506517
30 0.587918
31 0.234565
0 0.359987
1 0.480959
2 0.624599
3 0.972549
4 0.972549
5 0.972549
6 0.972549
7 0.972549
8 0.972549
9 0.972549
10 0.685205
11 0.972549
12 0.972549
13 0.972549
14 0.972549
15 0.972549
16 0.972549
17 0.972549
18 0.972549
19 0.972549
20 0.972549
21 0.972549
22 0.972548
23 0.968984
24 0.972549
25 0.993317
26 0.132644
27 0.505066
28 0.306453
29 0.311686
30 0.917525
31 0.327938
0 0.236718
1 0.47471
2 0.905882
3 0.905882
4 0.167914
5 0.00392157
6 0.00392157
7 0.00392157
8 0.00392157
9 0.00392157
10 0.905882
11 0.905882
12 0.905882
13 0.715151
14 0.486274
15 0.486275
16 0.486274
17 0.486274
18 0.486274
19 0.486274
20 0.486275
21 0.486275
22 0.486274
23 0.722282
24 0.501961
25 0.998979
26 0.138774
27 0.433925
28 0.180367
29 0.487637
30 0.939358
31 0.430038
0 0.543722
1 0.468341
2 0.941176
3 0.941176
4 0.941176
5 0.941176
6 0
7 0
8 0.00320856
9 0.00392157
10 0.941177
11 0.941176
12 0.941177
13 0.941176
14 0.941176
15 0.941177
16 0.713725
17 0.486274
18 0.486274
19 0.486274
20 0.0782532
21 0.0588236
22 0.0588235
23 0.941176
24 0.204278
25 0.99928
26 0.217405
27 0.415957
28 0.108298
29 0.644007
30 0.858666
31 0.379958
0 0.464155
1 0.462053
2 0.929412
3 0.929412
4 0.929412
5 0.929412
6 0.929412
7 0.424599
8 0.00392157
9 0.00392157
10 0.929412
11 0.929412
12 0.929412
13 0.929412
14 0.929412
15 0.929412
16 0.929412
17 0.929412
18 0.810695
19 0.0588235
20 0.0588236
21 0.0588236
22 0.0588235
23 0.929412
24 0.587522
25 0.999797
26 0.231835
27 0.188372
28 0.0326465
29 0.143371
30 0.425785
31 0.0795114
0 0.58829
1 0.455643
2 0.00392157
3 0.00392157
4 0.424599
5 0.929412
6 0.929412
7 0.929412
8 0.929412
9 0.256328
10 0.0588235
11 0.0588235
12 0.0588235
13 0.0588235
14 0.810695
15 0.929412
16 0.929412
17 0.929412
18 0.929412
19 0.929412
20 0.929412
21 0.771123
22 0.0588235
23 0.662389
24 0.853119
25 0.970556
26 0.714078
27 0.222172
28 0.443615
29 0.0618213
30 0.771212
31 0.0936038
0 0.388985
1 0.449839
2 0.00392157
3 0.00392157
4 0.00392157
5 0.00392157
6 0.00392157
7 0.00392157
8 0.00392157
9 0.00392157
10 0.0588235
11 0.0588235
12 0.0588235
13 0.0588235
14 0.0588235
15 0.0588236
16 0.0588235
17 0.0588235
18 0.0588235
19 0.0588235
20 0.0588236
21 0.0588236
22 0.0588235
23 0.368627
24 0.368627
25 0.981674
26 0.645016
27 0.343992
28 0.437397
29 0.0268836
30 0.824046
31 0.0770727
0 0.24903
1 0.44379
2 0.00392157
3 0.00392157
4 0.00392157
5 0.00392157
6 0.00392157
7 0.0181818
8 0.0613191
9 0.0705882
10 0.0588235
11 0.0588235
12 0.0588235
13 0.0588235
14 0.0588235
15 0.0588236
16 0.0588235
17 0.0588235
18 0.0188948
19 0.00392157
20 0.168627
21 0.176471
22 0.17647
23 0.490196
24 0.791087
25 0.998368
26 0.141954
27 0.456047
28 0.106882
29 0.0907224
30 0.895075
31 0.0564809
0 0.242193
1 0.437549
2 0.113725
3 0.108734
4 0.0862745
5 0.0862745
6 0.0862745
7 0.0862745
8 0.0862745
9 0.285918
10 0.176471
11 0.176471
12 0.193761
13 0.556863
14 0.556863
15 0.556863
16 0.556863
17 0.556863
18 0.556863
19 0.556863
20 0.556863
21 0.556863
22 0.603208
23 0.89697
24 0.916934
25 0.999905
26 0.0652018
27 0.230685
28 0.0573678
29 0.504603
30 0.609775
31 0.269035
0 0.13362
1 0.430899
2 0.866667
3 0.866667
4 0.866667
5 0.866667
6 0.866667
7 0.866667
8 0.866667
9 0.866667
10 0.866667
11 0.866667
12 0.866667
13 0.866666
14 0.866667
15 0.866667
16 0.866666
17 0.866666
18 0.866666
19 0.866666
20 0.866667
21 0.866667
22 0.866666
23 0.866667
24 0.866667
25 0.986229
26 0.826555
27 0.272979
28 0.614181
29 0.0287452
30 0.420897
31 0.207402
0 0.598706
1 0.424332
2 0.568627
3 0.568627
4 0.568627
5 0.568627
6 0.568627
7 0.568627
8 0.568627
9 0.568627
10 0
11 0
12 0
13 0
14 0
15 0
16 0
17 0
18 0
19 0
20 0
21 0
22 0
23 1
24 1
25 0.982675
26 0.53751
27 0.507211
28 0.438033
29 0.0387371
30 0.895675
31 0.107344
0 0.0371378
1 0.416978
2 0.555793
3 0.16221
4 0.0196078
5 0.0652406
6 0.0823529
7 0.0823529
8 0.0823529
9 0.106595
10 0.639216
11 0.244563
12 0.21426
13 0.247059
14 0.247059
15 0.198931
16 0.176471
17 0.176471
18 0.176471
19 0.176471
20 0.176471
21 0.176471
22 0.160249
23 0.893048
24 0.894118
25 0.997364
26 0.466977
27 0.319412
28 0.220656
29 0.0604862
30 0.853771
31 0.151184
0 0.0187647
1 0.409709
2 0.105882
3 0.105882
4 0.105882
5 0.105882
6 0.182888
7 0.388235
8 0.388235
9 0.388235
10 0.176471
11 0.176471
12 0.176471
13 0.176471
14 0.176471
15 0.176471
16 0.176471
17 0.24385
18 0.388235
19 0.388235
20 0.388235
21 0.388235
22 0.388235
23 0.972549
24 0.494474
25 0.998759
26 0.243222
27 0.232416
28 0.139716
29 0.174373
30 0.752385
31 0.168686
0 0.330161
1 0.403267
2 0.517647
3 0.517647
4 0.517647
5 0.517647
6 0.517647
7 0.517647
8 0.517647
9 0.517647
10 0.517647
11 0.517647
12 0.517647
13 0.517647
14 0.517647
15 0.517647
16 0.517647
17 0.517647
18 0.517647
19 0.517647
20 0.517647
21 0.517647
22 0.517647
23 0.517647
24 0.517647
25 0.991613
26 0.439426
27 0.446224
28 0.325564
29 0.0473357
30 0.801533
31 0.0588169
0 0.907052
1 0.396344
2 0.0352941
3 0.0352941
4 0.0352941
5 0.0352941
6 0.0352941
7 0.0352941
8 0.0352941
9 0.0352941
10 0.176471
11 0.176471
12 0.176471
13 0.176471
14 0.176471
15 0.176471
16 0.176471
17 0.176471
18 0.176471
19 0.176471
20 0.176471
21 0.176471
22 0.17647
23 0.972549
24 0.972549
25 0.994236
26 0.45006
27 0.363303
28 0.312736
29 0.04077
30 0.77508
31 0.0869137
0 0.754855
1 0.389554
2 0.207843
3 0.207843
4 0.207843
5 0.207843
6 0.207843
7 0.207843
8 0.207843
9 0.207843
10 0.176471
11 0.176471
12 0.176471
13 0.176471
14 0.176471
15 0.176471
16 0.176471
17 0.176471
18 0.176471
19 0.176471
20 0.176471
21 0.176471
22 0.17647
23 0.956863
24 0.956863
25 0.993645
26 0.429253
27 0.369689
28 0.308664
29 0.0322088
30 0.777653
31 0.0712823
0 0.988267
1 0.383355
2 0.207843
3 0.207843
4 0.207843
5 0.207843
6 0.207843
7 0.207843
8 0.207843
9 0.207843
10 0.176471
11 0.176471
12 0.176471
13 0.176471
14 0.176471
15 0.176471
16 0.176471
17 0.176471
18 0.176471
19 0.176471
20 0.176471
21 0.176471
22 0.17647
23 0.956863
24 0.956863
25 0.992782
26 0.492735
27 0.440771
28 0.352532
29 0.0714313
30 0.843811
31 0.0795491
0 0.219466
1 0.377541
2 0.00784314
3 0.00784314
4 0.00784314
5 0.00784314
6 0.00784314
7 0.00784314
8 0.00784314
9 0.00784314
10 0.176471
11 0.176471
12 0.176471
13 0.176471
14 0.176471
15 0.176471
16 0.176471
17 0.176471
18 0.176471
19 0.176471
20 0.176471
21 0.176471
22 0.17647
23 0.976471
24 0.976471
25 0.993097
26 0.507869
27 0.456925
28 0.346923
29 0.0782206
30 0.852338
31 0.0946669
0 0.0463028
1 0.370879
2 0.0117647
3 0.0117647
4 0.0117647
5 0.0117647
6 0.0117647
7 0.0117647
8 0.0117647
9 0.0117647
10 0.176471
11 0.176471
12 0.176471
13 0.176471
14 0.176471
15 0.176471
16 0.176471
17 0.176471
18 0.176471
19 0.176471
20 0.176471
21 0.176471
22 0.17647
23 0.972549
24 0.972549
25 0.990369
26 0.575206
27 0.280141
28 0.337418
29 0.0129046
30 0.802473
31 0.106437
0 0.887536
1 0.364639
2 0.164706
3 0.164706
4 0.164706
5 0.164706
6 0.164706
7 0.198217
8 0.34902
9 0.34902
10 0.00392157
11 0.00392157
12 0.00392157
13 0.00392157
14 0.00392157
15 0.00392157
16 0.00392157
17 0.00392157
18 0.00392157
19 0.138681
20 0.25098
21 0.25098
22 0.25098
23 0.992157
24 0.532264
25 0.992051
26 0.478806
27 0.17184
28 0.241343
29 0.0593341
30 0.760012
31 0.118892
0 0.634199
1 0.358589
2 0.34902
3 0.34902
4 0.34902
5 0.34902
6 0.34902
7 0.34902
8 0.34902
9 0.269162
10 0.25098
11 0.25098
12 0.25098
13 0.25098
14 0.25098
15 0.25098
16 0.25098
17 0.25098
18 0.25098
19 0.25098
20 0.25098
21 0.237433
22 0.17647
23 0.14902
24 0.299465
25 0.985672
26 0.445954
27 0.27646
28 0.361169
29 0.0620548
30 0.681526
31 0.0764164
0 0.652871
1 0.353015
2 0.34902
3 0.34902
4 0.34902
5 0.34902
6 0.117647
7 0.117647
8 0.117647
9 0.117647
10 0.25098
11 0.25098
12 0.25098
13 0.25098
14 0.25098
15 0.25098
16 0.213725
17 0.176471
18 0.176471
19 0.176471
20 0.176471
21 0.176471
22 0.17647
23 0.14902
24 0.976471
25 0.975228
26 0.647281
27 0.174294
28 0.323795
29 0.0407965
30 0.839969
31 0.104172
0 0.608937
1 0.347341
2 0.0812834
3 0.0784314
4 0.0784314
5 0.0784314
6 0.0784314
7 0.0784314
8 0.0784314
9 0.0784314
10 0.136364
11 0.0784314
12 0.0784314
13 0.0784314
14 0.0784314
15 0.0784314
16 0.0784314
17 0.0784314
18 0.0784314
19 0.0784314
20 0.0784314
21 0.0784314
22 0.0784313
23 0.160428
24 0.0784314
25 0.9893
26 0.757589
27 0.162584
28 0.505735
29 0.0112159
30 0.507244
31 0.170156
0 0.936963
1 0.340679
2 0.729412
3 0.729412
4 0.729412
5 0.729412
6 0.729412
7 0.729412
8 0.729412
9 0.729412
10 0.0235294
11 0.0235294
12 0.0235294
13 0.0235294
14 0.0235294
15 0.0235294
16 0.0235294
17 0.0235294
18 0.0235294
19 0.0235294
20 0.0235294
21 0.0235294
22 0.0235294
23 0.698039
24 0.698039
25 0.99608
26 0.770647
27 0.181828
28 0.379894
29 0.0269501
30 0.81683
31 0.184067
0 0.607689
1 0.334324
2 0.163993
3 0.286631
4 0.972549
5 0.972549
6 0.384314
7 0.317291
8 0.0156863
9 0.0156863
10 0.176471
11 0.24385
12 0.149733
13 0
14 0
15 0
16 0.192157
17 0.384314
18 0.384314
19 0.270945
20 0.176471
21 0.176471
22 0.17647
23 0.927629
24 0.690196
25 0.9877
26 0.659224
27 0.385302
28 0.402207
29 0.0453289
30 0.860683
31 0.0974659
0 0.226236
1 0.328021
2 0.0313726
3 0.0313726
4 0.0477718
5 0.0734403
6 0.0980392
7 0.0160428
8 0.383957
9 0.233512
10 0.176471
11 0.176471
12 0.176471
13 0.167558
14 0.0721925
15 0.0855615
16 0.0980392
17 0.0980392
18 0.152228
19 0.172549
20 0.114082
21 0.0124777
22 0.0064171
23 0.748307
24 0.540107
25 0.981901
26 0.692869
27 0.248159
28 0.387652
29 0.0394401
30 0.822488
31 0.130405
0 0.355337
1 0.32223
2 0.0114082
3 0.613191
4 0.0477718
5 0.123351
6 0.390731
7 0.641711
8 0.0409982
9 0.45098
10 0.101961
11 0.0026738
12 0.0112299
13 0
14 0.107665
15 0.0502674
16 0.00392157
17 0.00392157
18 0.00392157
19 0.00178253
20 0
21 0
22 0
23 0.405348
24 0.681283
25 0.987503
26 0.694781
27 0.316514
28 0.545435
29 0.0663923
30 0.908061
31 0.186585
0 0.0166629
1 0.316389
2 0
3 0.57041
4 0.167914
5 0.0588235
6 0.0941176
7 0.275936
8 0.487344
9 0.239216
10 0
11 0.115865
12 0.486631
13 0.00891266
14 0.0196078
15 0.0196079
16 0.0196078
17 0.356328
18 0.0026738
19 0.0196078
20 0.0196079
21 0.211408
22 0.156863
23 0.701961
24 0.621747
25 0.996459
26 0.463465
27 0.305596
28 0.198034
29 0.0446324
30 0.841188
31 0.106181
0 0.0791672
1 0.310589
2 0.119786
3 0.110517
4 0.121569
5 0.11016
6 0.20107
7 0.547594
8 0.648841
9 0.22246
10 0.569519
11 0.131194
12 0.156863
13 0.156863
14 0.156863
15 0.143494
16 0.0686274
17 0.252763
18 0.466667
19 0.584314
20 0.682353
21 0.459358
22 0.156863
23 0.721569
24 0.627094
25 0.990244
26 0.451006
27 0.551218
28 0.469315
29 0.134918
30 0.783013
31 0.110419
0 0.320899
1 0.30496
2 0.541176
3 0.109804
4 0.120856
5 0.0980392
6 0.0196078
7 0.137255
8 0.14902
9 0.14902
10 0.541176
11 0.524242
12 0.466667
13 0.466667
14 0.472549
15 0.156863
16 0.0843137
17 0.0117647
18 0.026025
19 0.0313725
20 0.0313726
21 0.0313726
22 0.0313725
23 0.829947
24 0.94795
25 0.986709
26 0.456976
27 0.293305
28 0.312081
29 0.0177231
30 0.742995
31 0.116352
0 0.425146
1 0.298877
2 0.216399
3 0.0951872
4 0.0666667
5 0.0666667
6 0.0666667
7 0.0666667
8 0.417825
9 0.0235294
10 0.145633
11 0.129412
12 0.0670232
13 0.0313725
14 0.0313725
15 0.0313726
16 0.0313725
17 0.0313725
18 0.0313725
19 0.0313725
20 0.634938
21 0.464171
22 0.556862
23 0.667736
24 0.828164
25 0.996919
26 0.11858
27 0.448606
28 0.127344
29 0.131369
30 0.861047
31 0.0386626
0 0.480619
1 0.29306
2 0.487344
3 0.083066
4 0.0705882
5 0.0705882
6 0.0705882
7 0.0705882
8 0.0705882
9 0.0705882
10 0.195009
11 0.200357
12 0.408556
13 0.556863
14 0.556863
15 0.556863
16 0.556863
17 0.556863
18 0.556863
19 0.556863
20 0.556863
21 0.556863
22 0.556862
23 0.845989
24 0.952941
25 0.998852
26 0.27677
27 0.289057
28 0.0913991
29 0.537469
30 0.830244
31 0.0971627
0 0.48939
1 0.287204
2 0.054902
3 0.054902
4 0.054902
5 0.054902
6 0.642781
7 0.34902
8 0.34902
9 0.34902
10 0.556863
11 0.556863
12 0.556863
13 0.556863
14 0.556863
15 0.556863
16 0.654902
17 0.593226
18 0.25098
19 0.25098
20 0.25098
21 0.25098
22 0.25098
23 0.835294
24 0.258824
25 0.998092
26 0.14779
27 0.478371
28 0.0975928
29 0.380451
30 0.860198
31 0.0805216
0 0.772115
1 0.281244
2 0.0235294
3 0.0235294
4 0.0235294
5 0.0235294
6 0.0235294
7 0.142602
8 0.528699
9 0.34902
10 0.556863
11 0.556863
12 0.556863
13 0.556863
14 0.556863
15 0.556863
16 0.556863
17 0.556863
18 0.556863
19 0.623173
20 0.522995
21 0.25098
22 0.25098
23 0.768627
24 0.526916
25 0.998319
26 0.169367
27 0.4276
28 0.103599
29 0.484614
30 0.851673
31 0.0919036
0 0.686977
1 0.275333
2 0.0413547
3 0.0313726
4 0.0313726
5 0.0313726
6 0.0313726
7 0.322995
8 0.34902
9 0.34902
10 0.262567
11 0.556863
12 0.556863
13 0.556863
14 0.556863
15 0.556863
16 0.556863
17 0.556863
18 0.572905
19 0.443494
20 0.25098
21 0.25098
22 0.25098
23 0.721925
24 0.429234
25 0.997898
26 0.140795
27 0.43513
28 0.104492
29 0.377386
30 0.825344
31 0.0854301
0 0.980038
1 0.269508
2 0.280214
3 0.0713012
4 0.0352941
5 0.0352941
6 0.0352941
7 0.560071
8 0.34902
9 0.34902
10 0.224242
11 0.53262
12 0.556863
13 0.556863
14 0.556863
15 0.556863
16 0.556863
17 0.556863
18 0.645276
19 0.445276
20 0.25098
21 0.25098
22 0.25098
23 0.62959
24 0.419608
25 0.998319
26 0.368453
27 0.267301
28 0.0865306
29 0.42138
30 0.842291
31 0.120574
0 0.696931
1 0.263827
2 0.0431373
3 0.0431373
4 0.0431373
5 0.505169
6 0.34902
7 0.34902
8 0.34902
9 0.34902
10 0.556863
11 0.556863
12 0.556863
13 0.556863
14 0.556863
15 0.639751
16 0.464706
17 0.25098
18 0.25098
19 0.25098
20 0.25098
21 0.25098
22 0.25098
23 0.768271
24 0.14902
25 0.997538
26 0.471507
27 0.294737
28 0.153601
29 0.288707
30 0.812603
31 0.193005
0 0.573718
1 0.257412
2 0.0392157
3 0.0392157
4 0.532264
5 0.34902
6 0.34902
7 0.34902
8 0.34902
9 0.34902
10 0.556863
11 0.556863
12 0.556863
13 0.612121
14 0.561854
15 0.25098
16 0.25098
17 0.25098
18 0.25098
19 0.25098
20 0.25098
21 0.25098
22 0.25098
23 0.593939
24 0.14902
25 0.986985
26 0.511294
27 0.205666
28 0.201766
29 0.103116
30 0.771294
31 0.199035
0 0.462777
1 0.251061
2 0.588592
3 0.34902
4 0.34902
5 0.34902
6 0.34902
7 0.34902
8 0.34902
9 0.34902
10 0.678431
11 0.328699
12 0.25098
13 0.25098
14 0.25098
15 0.25098
16 0.25098
17 0.25098
18 0.25098
19 0.25098
20 0.25098
21 0.25098
22 0.25098
23 0.245276
24 0.14902
25 0.989915
26 0.579426
27 0.172388
28 0.249034
29 0.112925
30 0.772853
31 0.172037
0 0.147277
1 0.244831
2 0.34902
3 0.34902
4 0.34902
5 0.34902
6 0.34902
7 0.34902
8 0.34902
9 0.34902
10 0.25098
11 0.25098
12 0.25098
13 0.25098
14 0.25098
15 0.25098
16 0.25098
17 0.25098
18 0.25098
19 0.25098
20 0.25098
21 0.25098
22 0.25098
23 0.14902
24 0.14902
25 0.995299
26 0.164536
27 0.233382
28 0.0742956
29 0.190989
30 0.877815
31 0.0745377
0 0.289622
1 0.238579
2 0.34902
3 0.321925
4 0.2
5 0.2
6 0.2
7 0.2
8 0.2
9 0.2
10 0.25098
11 0.25098
12 0.266845
13 0.6
14 0.6
15 0.6
16 0.6
17 0.6
18 0.6
19 0.6
20 0.6
21 0.6
22 0.6
23 0.176827
24 0.2
25 0.991105
26 0.524888
27 0.136882
28 0.213426
29 0.13892
30 0.703397
31 0.1614
0 0.479302
1 0.338322
2 0.34902
3 0.34902
4 0.34902
5 0.34902
6 0.34902
7 0.34902
8 0.34902
9 0.34902
10 0.25098
11 0.25098
12 0.25098
13 0.25098
14 0.25098
15 0.25098
16 0.25098
17 0.25098
18 0.25098
19 0.25098
20 0.25098
21 0.25098
22 0.25098
23 0.14902
24 0.14902
25 0.996701
26 0.386137
27 0.203357
28 0.156499
29 0.358342
30 0.814093
31 0.174509
0 0.286028
1 0.370517
2 0.521569
3 0.521569
4 0.521569
5 0.521569
6 0.521569
7 0.521569
8 0.323708
9 0.0862745
10 0.52549
11 0.52549
12 0.52549
13 0.52549
14 0.52549
15 0.52549
16 0.52549
17 0.52549
18 0.52549
19 0.52549
20 0.365776
21 0.0862745
22 0.0862745
23 0.231373
24 0.17861
25 0.953512
26 0.70755
27 0.225739
28 0.346086
29 0.0713023
30 0.807984
31 0.178744
0 0.263981
1 0.470533
2 0.402852
3 0.0862745
4 0.0862745
5 0.0862745
6 0.0862745
7 0.0862745
8 0.0862745
9 0.0862745
10 0.52549
11 0.166132
12 0.0862745
13 0.0862745
14 0.0862745
15 0.0862745
16 0.0862745
17 0.0862745
18 0.0862745
19 0.0862745
20 0.0862745
21 0.0862745
22 0.0862745
23 0.112656
24 0.0862745
25 0.954881
26 0.747783
27 0.215446
28 0.344624
29 0.0456345
30 0.873466
31 0.134377
0 0.207098
1 0.56614
2 0.116221
3 0.054902
4 0.054902
5 0.054902
6 0.054902
7 0.054902
8 0.054902
9 0.054902
10 0.332977
11 0.054902
12 0.054902
13 0.054902
14 0.054902
15 0.054902
16 0.054902
17 0.054902
18 0.054902
19 0.054902
20 0.054902
21 0.054902
22 0.0549019
23 0.0941176
24 0.054902
25 0.982795
26 0.510627
27 0.188754
28 0.191664
29 0.0295025
30 0.807707
31 0.0866348
0 0.121811
1 0.432357
2 0.0313726
3 0.0313726
4 0.0313726
5 0.0313726
6 0.0816399
7 0.215686
8 0.215686
9 0.215686
10 0.0313726
11 0.0313726
12 0.0313726
13 0.0313725
14 0.0313725
15 0.0313726
16 0.0313725
17 0.188592
18 0.52549
19 0.52549
20 0.52549
21 0.52549
22 0.52549
23 0.0313726
24 0.438859
25 0.987307
26 0.542439
27 0.362958
28 0.343387
29 0.110603
30 0.861469
31 0.0860487
0 0.250774
1 0.425206
2 0.0352941
3 0.0352941
4 0.0228164
5 0.0392157
6 0.0142602
7 0.00855615
8 0.0156863
9 0.163993
10 0.176471
11 0.176471
12 0.176471
13 0.176471
14 0.135294
15 0.407843
16 0.407843
17 0.0370766
18 0.000534759
19 0.00392157
20 0.00392157
21 0.0431374
22 0.219608
23 0.794652
24 0.513369
25 0.970969
26 0.560906
27 0.254995
28 0.373766
29 0.0327736
30 0.824862
31 0.122259
0 0.88968
1 0.419236
2 0.175401
3 0.25098
4 0.0520499
5 0.00784314
6 0.00784314
7 0.00784314
8 0.296613
9 0.643137
10 0.109626
11 0.25098
12 0.25098
13 0.140463
14 0.00784314
15 0.00784314
16 0.00784314
17 0.00784314
18 0.00784314
19 0.00784314
20 0.0620321
21 0.156863
22 0.156863
23 0.190018
24 0.365775
25 0.98985
26 0.346102
27 0.423089
28 0.267845
29 0.1222
30 0.85114
31 0.0545995
0 0.702359
1 0.413248
2 0.262745
3 0.262745
4 0.240285
5 0.22246
6 0.146524
7 0.00392157
8 0.00392157
9 0.00392157
10 0.156863
11 0.156863
12 0.156863
13 0.324421
14 0.52549
15 0.532264
16 0.6
17 0.41533
18 0.0196078
19 0.0196078
20 0.0196079
21 0.0196079
22 0.0196078
23 0.700535
24 0.848128
25 0.994894
26 0.349427
27 0.262889
28 0.0794529
29 0.113656
30 0.847695
31 0.0847259
0 0.799732
1 0.406794
2 0.00784314
3 0.22246
4 0.204278
5 0.027451
6 0.223886
7 0.795722
8 0.0181818
9 0.2
10 0.0196078
11 0.0508021
12 0.195187
13 0.618538
14 0.160784
15 0.160784
16 0.160784
17 0.0285205
18 0.727273
19 0.454545
20 0
21 0.463637
22 0.6
23 0.686988
24 0.352941
25 0.991526
26 0.369148
27 0.448328
28 0.29317
29 0.559451
30 0.729269
31 0.131926
0 0.0416227
1 0.400776
2 0.781818
3 0.2
4 0.2
5 0.2
6 0.141176
7 0.115508
8 0.31016
9 0.682353
10 1
11 0.672727
12 0.6
13 0.6
14 0.6
15 0.6
16 0.378431
17 0.156863
18 0.156863
19 0.0713013
20 0
21 0
22 0
23 0.345455
24 0.734403
25 0.992082
26 0.320154
27 0.315113
28 0.0959874
29 0.288876
30 0.760947
31 0.081113
0 0.310129
1 0.394123
2 0.0156863
3 0.0491979
4 0.2
5 0.2
6 0.145455
7 0.178253
8 0.248485
9 0.681283
10 0.160784
11 0.160784
12 0.180749
13 0.6
14 0.6
15 0.6
16 0.6
17 0.409091
18 0.114082
19 0.156863
20 0.156863
21 0.587701
22 0.52549
23 0.130481
24 0.637433
25 0.993713
26 0.428727
27 0.312684
28 0.299312
29 0.177542
30 0.707255
31 0.122724
0 0.767304
1 0.387924
2 0.2
3 0.163636
4 0.0335116
5 0.197504
6 0.133333
7 0.405704
8 0.490196
9 0.419608
10 0.6
11 0.6
12 0.572727
13 0
14 0.127273
15 0.255437
16 0.156863
17 0.156863
18 0.270588
19 0.54902
20 0.356506
21 0.0196079
22 0.0196078
23 0.352941
24 0.785027
25 0.986
26 0.424431
27 0.38479
28 0.363683
29 0.0901432
30 0.748362
31 0.146699
0 0.692438
1 0.381584
2 0.657041
3 0.568627
4 0.543316
5 0.133333
6 0.0745098
7 0.430303
8 0.737255
9 0.737255
10 0.690196
11 0.141533
12 0.0196078
13 0.0196078
14 0.0153298
15 0.359537
16 0.52549
17 0.52549
18 0.178075
19 0
20 0
21 0
22 0
23 0.868806
24 0.841711
25 0.975873
26 0.534
27 0.28172
28 0.281343
29 0.0438827
30 0.637657
31 0.0568189
0 0.676899
1 0.480189
2 0.0313726
3 0.0313726
4 0.0306595
5 0.200357
6 0.00784314
7 0.0926916
8 0.47451
9 0.410339
10 0.0313726
11 0.0313726
12 0.0313726
13 0.0313725
14 0.0709447
15 0.206774
16 0.27647
17 0.0431373
18 0.0431373
19 0.0495544
20 0.054902
21 0.182532
22 0.323529
23 0.237433
24 0.945098
25 0.986637
26 0.576798
27 0.260163
28 0.260692
29 0.0373655
30 0.880764
31 0.0757013
0 0.871483
1 0.473978
2 0.0117647
3 0.0117647
4 0.0987522
5 0.341176
6 0.05918
7 0.0320856
8 0.141176
9 0.141176
10 0.054902
11 0.054902
12 0.054902
13 0.054902
14 0.3041
15 0.410517
16 0.156863
17 0.0167558
18 0.00784314
19 0.0848485
20 0.14902
21 0.14902
22 0.14902
23 0.879501
24 0.335116
25 0.985123
26 0.592516
27 0.190653
28 0.195724
29 0.0707186
30 0.822068
31 0.074764
0 0.872617
1 0.467799
2 0.145098
3 0.104456
4 0.138681
5 0.34902
6 0.34902
7 0.286275
8 0.00392157
9 0.00392157
10 0.14902
11 0.14902
12 0.129055
13 0.117647
14 0.154011
15 0.25098
16 0.25098
17 0.25098
18 0.25098
19 0.146168
20 0.0588236
21 0.0588236
22 0.0588235
23 0.303743
24 0.343672
25 0.962931
26 0.633597
27 0.184239
28 0.302481
29 0.0416026
30 0.843066
31 0.096874
0 0.750789
1 0.46142
2 0.0901961
3 0.0901961
4 0.0901961
5 0.0901961
6 0.0901961
7 0.0901961
8 0.0901961
9 0.0901961
10 0.0901961
11 0.0901961
12 0.0901961
13 0.0901961
14 0.0901961
15 0.0901961
16 0.0901961
17 0.0901961
18 0.0901961
19 0.0901961
20 0.0901961
21 0.0901961
22 0.090196
23 0.0901961
24 0.0901961
25 0.99754
26 0.310404
27 0.155334
28 0.0818218
29 0.296291
30 0.782499
31 0.174075
0 0.241516
1 0.454998
2 0.588235
3 0.588235
4 0.588235
5 0.588235
6 0.588235
7 0.588235
8 0.588235
9 0.588235
10 0.52549
11 0.52549
12 0.52549
13 0.52549
14 0.52549
15 0.52549
16 0.52549
17 0.52549
18 0.52549
19 0.52549
20 0.52549
21 0.52549
22 0.52549
23 0.243137
24 0.243137
25 0.988456
26 0.358868
27 0.23887
28 0.187965
29 0.158263
30 0.799252
31 0.171462
0 0.966434
1 0.448689
2 0.588235
3 0.588235
4 0.354011
5 0.301961
6 0.301961
7 0.301961
8 0.301961
9 0.301961
10 0.52549
11 0.52549
12 0.52549
13 0.423886
14 0.301961
15 0.301961
16 0.301961
17 0.301961
18 0.301961
19 0.301961
20 0.301961
21 0.301961
22 0.301961
23 0.269875
24 0.301961
25 0.997412
26 0.242539
27 0.171045
28 0.0669193
29 0.267718
30 0.743814
31 0.138865
0 0.821438
1 0.442555
2 0.568627
3 0.568627
4 0.568627
5 0.568627
6 0.568627
7 0.568627
8 0.568627
9 0.568627
10 0.52549
11 0.52549
12 0.52549
13 0.52549
14 0.52549
15 0.52549
16 0.52549
17 0.52549
18 0.52549
19 0.52549
20 0.52549
21 0.52549
22 0.52549
23 0.317647
24 0.317647
25 0.997036
26 0.22991
27 0.331849
28 0.100733
29 0.406494
30 0.823584
31 0.0962844
0 0.409216
1 0.436498
2 0.258824
3 0.258824
4 0.258824
5 0.258824
6 0.258824
7 0.258824
8 0.258824
9 0.258824
10 0.52549
11 0.52549
12 0.52549
13 0.52549
14 0.52549
15 0.52549
16 0.52549
17 0.52549
18 0.52549
19 0.52549
20 0.52549
21 0.52549
22 0.52549
23 0.682353
24 0.682353
25 0.996018
26 0.208663
27 0.456377
28 0.110606
29 0.419401
30 0.878381
31 0.0840907
0 0.339859
1 0.429338
2 0.027451
3 0.027451
4 0.027451
5 0.027451
6 0.027451
7 0.027451
8 0.027451
9 0.027451
10 0.486275
11 0.486275
12 0.486275
13 0.486274
14 0.486274
15 0.486275
16 0.486274
17 0.486274
18 0.486274
19 0.486274
20 0.486275
21 0.486275
22 0.486274
23 0.827451
24 0.827451
25 0.996824
26 0.223537
27 0.485746
28 0.116126
29 0.500639
30 0.869737
31 0.108013
0 0.0272504
1 0.422083
2 0.0470588
3 0.0470588
4 0.0470588
5 0.0470588
6 0.0470588
7 0.0470588
8 0.0470588
9 0.0470588
10 0.486275
11 0.486275
12 0.486275
13 0.486274
14 0.486274
15 0.486275
16 0.486274
17 0.486274
18 0.486274
19 0.486274
20 0.486275
21 0.486275
22 0.486274
23 0.945098
24 0.945098
25 0.996265
26 0.156641
27 0.490969
28 0.083589
29 0.333551
30 0.87007
31 0.0784829
0 0.810754
1 0.415589
2 0.054902
3 0.054902
4 0.054902
5 0.054902
6 0.054902
7 0.054902
8 0.054902
9 0.054902
10 0.486275
11 0.486275
12 0.486275
13 0.486274
14 0.486274
15 0.486275
16 0.486274
17 0.486274
18 0.486274
19 0.486274
20 0.486275
21 0.486275
22 0.486274
23 0.909804
24 0.909804
25 0.976822
26 0.538823
27 0.209522
28 0.251007
29 0.0330007
30 0.747898
31 0.118442
0 0.672379
1 0.409313
2 0
3 0
4 0
5 0
6 0
7 0
8 0.390374
9 0.488057
10 0.0588235
11 0.0588235
12 0.0588235
13 0.0588235
14 0.0588235
15 0.0588236
16 0.0588235
17 0.0588235
18 0.0588235
19 0.0588235
20 0.349733
21 0.748307
22 0.25098
23 0.482353
24 0.490196
25 0.989442
26 0.633406
27 0.164897
28 0.174114
29 0.0722135
30 0.803752
31 0.0896975
0 0.271449
1 0.402863
2 0.00392157
3 0.00392157
4 0.00392157
5 0.307665
6 0.34902
7 0.34902
8 0.34902
9 0.34902
10 0.0588235
11 0.0588235
12 0.0588235
13 0.0588235
14 0.0588235
15 0.129769
16 0.545098
17 0.25098
18 0.25098
19 0.25098
20 0.25098
21 0.25098
22 0.25098
23 0.550446
24 0.14902
25 0.976416
26 0.726274
27 0.182488
28 0.30035
29 0.0996409
30 0.875147
31 0.185094
0 0.458664
1 0.39572
2 0.34902
3 0.34902
4 0.34902
5 0.528699
6 0.253832
7 0.205348
8 0
9 0
10 0.25098
11 0.25098
12 0.25098
13 0.25098
14 0.25098
15 0.0798574
16 0.127451
17 0.221212
18 0.14902
19 0.0677362
20 0
21 0
22 0
23 0.303743
24 0.057041
25 0.945733
26 0.636063
27 0.294028
28 0.402798
29 0.0249475
30 0.746967
31 0.0861737
0 0.413664
1 0.388644
2 0.282353
3 0.0256684
4 0
5 0
6 0.0470588
7 0.119073
8 0.176471
9 0.176471
10 0.14902
11 0.115152
12 0
13 0
14 0
15 0
16 0
17 0.054902
18 0.14902
19 0.0855615
20 0.156863
21 0.156863
22 0.156863
23 0.00855615
24 0.661319
25 0.988873
26 0.505268
27 0.325749
28 0.201337
29 0.0520847
30 0.802754
31 0.0728777
0 0.668068
1 0.382206
2 0.211765
3 0.174688
4 0.00784314
5 0.123351
6 0.32549
7 0.500891
8 0.677362
9 0.409982
10 0.156863
11 0.156863
12 0.157754
13 0.176471
14 0.176471
15 0.190018
16 0.32549
17 0.32549
18 0.282709
19 0.0117647
20 0.0117647
21 0.631907
22 0.27451
23 0.908378
24 0.720143
25 0.982573
26 0.465388
27 0.493582
28 0.350162
29 0.114342
30 0.839436
31 0.0883788
0 0.408173
1 0.375951
2 0.447415
3 0.129412
4 0.129412
5 0.129412
6 0.0470588
7 0
8 0
9 0
10 0.583244
11 0.225312
12 0.27451
13 0.27451
14 0.27451
15 0.27451
16 0.27451
17 0.0748663
18 0.054902
19 0.054902
20 0.054902
21 0.054902
22 0.0549019
23 0.994296
24 1
25 0.987891
26 0.453812
27 0.299099
28 0.183613
29 0.0427441
30 0.875427
31 0.101147
0 0.0802195
1 0.369459
2 0
3 0
4 0
5 0.00855615
6 0.0335116
7 0.00784314
8 0.00784314
9 0.0663102
10 0.054902
11 0.054902
12 0.054902
13 0.054902
14 0.054902
15 0.0254902
16 0.0117647
17 0.2123
18 0.52549
19 0.52549
20 0.52549
21 0.52549
22 0.52549
23 0.820321
24 0.774332
25 0.997981
26 0.15499
27 0.349403
28 0.0449759
29 0.332117
30 0.89796
31 0.0377921
0 0.985256
1 0.363245
2 0.00784314
3 0.00784314
4 0.00784314
5 0.244563
6 0.31943
7 0.12549
8 0.12549
9 0.12549
10 0.52549
11 0.52549
12 0.52549
13 0.52549
14 0.52549
15 0.537612
16 0.658823
17 0.537611
18 0.52549
19 0.52549
20 0.52549
21 0.52549
22 0.52549
23 0.961854
24 0.608913
25 0.996042
26 0.308807
27 0.458596
28 0.143769
29 0.421995
30 0.773992
31 0.10773
0 0.908673
1 0.356523
2 0.223529
3 0.223529
4 0.23066
5 0.195009
6 0.124421
7 0.47451
8 0.606061
9 0.516221
10 0.52549
11 0.52549
12 0.52549
13 0.52549
14 0.464528
15 0.276292
16 0.0196078
17 0.18057
18 0.52549
19 0.593939
20 0.0483067
21 0.0196079
22 0.318538
23 0.838503
24 0.802852
25 0.996688
26 0.426374
27 0.430989
28 0.13442
29 0.332059
30 0.726503
31 0.104575
0 0.924985
1 0.350237
2 0.156863
3 0.156863
4 0.156863
5 0.270945
6 0.698039
7 0.63672
8 0.299822
9 0.286275
10 0.52549
11 0.52549
12 0.52549
13 0.52549
14 0.52549
15 0.520499
16 0.245098
17 0.0196078
18 0.0196078
19 0.205704
20 0.166132
21 0.156863
22 0.156863
23 0.916221
24 0.893761
25 0.993464
26 0.397973
27 0.483794
28 0.177616
29 0.325376
30 0.910828
31 0.106906
0 0.931153
1 0.3437
2 0.0431373
3 0.0431373
4 0.0816399
5 0.17861
6 0.0705882
7 0.245276
8 0.0677362
9 0
10 0.52549
11 0.52549
12 0.52549
13 0.52549
14 0.509447
15 0.255437
16 0.156863
17 0.156863
18 0.20713
19 0.52549
20 0.0377898
21 0
22 0
23 0.92656
24 0.434938
25 0.985433
26 0.444398
27 0.280081
28 0.165307
29 0.150363
30 0.869156
31 0.185441
0 0.887234
1 0.337146
2 0.156863
3 0.148307
4 0.0720143
5 0.237433
6 0.12549
7 0
8 0.026738
9 0.232799
10 0.52549
11 0.52549
12 0.294652
13 0.0862745
14 0.0320856
15 0.365776
16 0.52549
17 0.0709446
18 0
19 0
20 0.0213904
21 0.132977
22 0.466666
23 0.662032
24 0.136898
25 0.988743
26 0.388175
27 0.248903
28 0.189373
29 0.150642
30 0.818897
31 0.163313
0 0.0915894
1 0.330816
2 0.227094
3 0.167201
4 0.25205
5 0.0823529
6 0.2
7 0.0452763
8 0.222103
9 0.2
10 0.214973
11 0.52549
12 0.192335
13 0.227094
14 0.466667
15 0.148485
16 0.3
17 0.6
18 0.17754
19 0.0877005
20 0.598752
21 0.604457
22 0.6
23 0.227094
24 0.367914
25 0.994446
26 0.251834
27 0.282091
28 0.0967569
29 0.438492
30 0.858884
31 0.0890646
0 0.555924
1 0.324371
2 0.2
3 0.118717
4 0.132977
5 0.2
6 0.2
7 0.2
8 0.109091
9 0.0513369
10 0.6
11 0.6
12 0.233155
13 0.0128342
14 0.529768
15 0.6
16 0.6
17 0.6
18 0.6
19 0.6
20 0.381818
21 0.0270946
22 0.14902
23 0.325847
24 0.252763
25 0.994932
26 0.290072
27 0.327942
28 0.116363
29 0.747847
30 0.905538
31 0.133634
0 0.391809
1 0.317772
2 0.188948
3 0.36221
4 0.2
5 0.2
6 0.2
7 0.2
8 0.0363636
9 0
10 0.0235294
11 0.51123
12 0.60713
13 0.6
14 0.6
15 0.6
16 0.6
17 0.6
18 0.6
19 0.6
20 0.0272728
21 0
22 0
23 0.4082
24 0.109091
25 0.988113
26 0.291013
27 0.219403
28 0.026912
29 0.167014
30 0.778108
31 0.0720999
0 0.76688
1 0.311037
2 0.106952
3 0.0363636
4 0.2
5 0.0645276
6 0.682353
7 0.24385
8 0.2
9 0.2
10 0.328164
11 0.00784314
12 0.0272728
13 0.6
14 0.6
15 0.193048
16 0.321569
17 0.619608
18 0.605348
19 0.6
20 0.6
21 0.6
22 0.6
23 0.185383
24 0.382888
25 0.995087
26 0.1849
27 0.30265
28 0.0811062
29 0.684656
30 0.815997
31 0.0687649
0 0.16907
1 0.304922
2 0.2
3 0.2
4 0.2
5 0.2
6 0.158289
7 0.0470588
8 0.0470588
9 0.0470588
10 0.6
11 0.6
12 0.6
13 0.6
14 0.6
15 0.6
16 0.6
17 0.563815
18 0.486274
19 0.486274
20 0.486275
21 0.486275
22 0.486274
23 0.2
24 0.787166
25 0.98835
26 0.286117
27 0.181124
28 0.0577758
29 0.254255
30 0.775383
31 0.0795622
0 0.494131
1 0.298389
2 0.145455
3 0
4 0.0909091
5 0.2
6 0.2
7 0.2
8 0.25205
9 0.25918
10 0.6
11 0.109091
12 0
13 0
14 0.518182
15 0.6
16 0.6
17 0.6
18 0.6
19 0.6
20 0.6
21 0.602852
22 0.0549019
23 0.109091
24 0.393939
25 0.992223
26 0.288885
27 0.236571
28 0.137304
29 0.382825
30 0.847093
31 0.132647
0 0.432185
1 0.292348
2 0.2
3 0.2
4 0.2
5 0.2
6 0.0185383
7 0.0363636
8 0.254189
9 0.254189
10 0.6
11 0.6
12 0.6
13 0.6
14 0.6
15 0.6
16 0.380392
17 0.0262032
18 0
19 0.327273
20 0.393761
21 0.6
22 0.393761
23 0.2
24 0.143672
25 0.988627
26 0.476465
27 0.311393
28 0.157876
29 0.469717
30 0.895806
31 0.173529
0 0.499368
1 0.286108
2 0.2
3 0.2
4 0.123351
5 0.0270945
6 0.181462
7 0.227094
8 0.151872
9 0.12549
10 0.6
11 0.6
12 0.6
13 0.6
14 0.220677
15 0.14795
16 0.00980391
17 0.339216
18 0.6
19 0.409626
20 0.145098
21 0.12549
22 0.12549
23 0.256328
24 0.187879
25 0.985605
26 0.433661
27 0.356511
28 0.162984
29 0.344402
30 0.918256
31 0.14276
0 0.995496
1 0.279717
2 0.2
3 0.2
4 0.112299
5 0.0352941
6 0.134403
7 0.29697
8 0.137255
9 0.114439
10 0.6
11 0.6
12 0.6
13 0.6
14 0.125668
15 0.160784
16 0.090196
17 0.547237
18 0.346167
19 0.188948
20 0.137255
21 0.139394
22 0.14902
23 0.250267
24 0.235651
25 0.982884
26 0.538121
27 0.245183
28 0.184206
29 0.142285
30 0.818008
31 0.121342
0 0.308963
1 0.273386
2 0.00962567
3 0.0352941
4 0.104456
5 0.248485
6 0.184314
7 0.0987522
8 0.207843
9 0.34902
10 0
11 0.131551
12 0.160784
13 0.0966132
14 0.520856
15 0.355972
16 0.184314
17 0.184314
18 0.158645
19 0.14902
20 0.186096
21 0.25098
22 0.25098
23 0.232442
24 0.338324
25 0.987685
26 0.554028
27 0.243837
28 0.185089
29 0.135719
30 0.73553
31 0.0821185
0 0.873353
1 0.267267
2 0.0705882
3 0.22246
4 0.34902
5 0.34902
6 0.34902
7 0.34902
8 0.669875
9 0.741176
10 0.14902
11 0.14902
12 0.213904
13 0.25098
14 0.25098
15 0.25098
16 0.25098
17 0.25098
18 0.25098
19 0.25098
20 0.0114082
21 0
22 0
23 0.311586
24 0.535829
25 0.983553
26 0.76215
27 0.218331
28 0.312885
29 0.043221
30 0.609508
31 0.222596
0 0.432924
1 0.261152
2 0.34902
3 0.387522
4 0.560784
5 0.560784
6 0.560784
7 0.560784
8 0.514439
9 0.0509804
10 0.25098
11 0.25098
12 0.239572
13 0
14 0
15 0
16 0
17 0
18 0
19 0
20 0
21 0.375758
22 0.486274
23 0.613191
24 0.971123
25 0.981195
26 0.213107
27 0.447323
28 0.212737
29 0.0355078
30 0.884559
31 0.123821
0 0.114581
1 0.255016
2 0.74902
3 0.74902
4 0.440642
5 0.0705882
6 0.0705882
7 0.0705882
8 0.0705882
9 0.0705882
10 0
11 0
12 0
13 0
14 0.419964
15 0.486275
16 0.486274
17 0.486274
18 0.486274
19 0.486274
20 0.486275
21 0.486275
22 0.486274
23 0.974332
24 0.929412
25 0.99652
26 0.149877
27 0.413325
28 0.080215
29 0.45846
30 0.891981
31 0.0487917
0 0.520251
1 0.249029
2 0.0235294
3 0.0235294
4 0.0235294
5 0.0235294
6 0.0235294
7 0.0235294
8 0.0235294
9 0.0235294
10 0.486275
11 0.486275
12 0.486275
13 0.486274
14 0.486274
15 0.486275
16 0.486274
17 0.486274
18 0.486274
19 0.486274
20 0.486275
21 0.486275
22 0.486274
23 0.85098
24 0.85098
25 0.994691
26 0.153475
27 0.398518
28 0.0727206
29 0.478088
30 0.886055
31 0.0680484
0 0.719209
1 0.242853
2 0.00784314
3 0.00784314
4 0.00784314
5 0.00784314
6 0.00784314
7 0.00784314
8 0.00784314
9 0.00784314
10 0.486275
11 0.486275
12 0.486275
13 0.486274
14 0.486274
15 0.486275
16 0.486274
17 0.486274
18 0.486274
19 0.486274
20 0.486275
21 0.486275
22 0.486274
23 0.721569
24 0.721569
25 0.995061
26 0.206341
27 0.407236
28 0.0892691
29 0.593584
30 0.885997
31 0.0935726
0 0.167134
1 0.236812
2 0.00784314
3 0.00784314
4 0.00784314
5 0.00784314
6 0.00784314
7 0.00784314
8 0.00784314
9 0.00784314
10 0.486275
11 0.486275
12 0.486275
13 0.486274
14 0.486274
15 0.486275
16 0.486274
17 0.486274
18 0.486274
19 0.486274
20 0.486275
21 0.486275
22 0.486274
23 0.721569
24 0.721569
25 0.983739
26 0.519305
27 0.176896
28 0.139659
29 0.171097
30 0.751079
31 0.22664
0 0.70033
1 0.230595
2 0.34902
3 0.34902
4 0.34902
5 0.34902
6 0.34902
7 0.34902
8 0.34902
9 0.480214
10 0.25098
11 0.25098
12 0.25098
13 0.25098
14 0.25098
15 0.25098
16 0.25098
17 0.25098
18 0.25098
19 0.25098
20 0.25098
21 0.25098
22 0.102674
23 0.14902
24 0.226381
25 0.982142
26 0.591136
27 0.268682
28 0.225371
29 0.168257
30 0.708505
31 0.118891
0 0.552919
1 0.224941
2 0.34902
3 0.34902
4 0.34902
5 0.34902
6 0.34902
7 0.34902
8 0.589661
9 0.643137
10 0.25098
11 0.25098
12 0.25098
13 0.25098
14 0.25098
15 0.25098
16 0.25098
17 0.25098
18 0.25098
19 0.25098
20 0.0114082
21 0
22 0
23 0.14902
24 0.535829
25 0.979241
26 0.540375
27 0.260558
28 0.207723
29 0.141388
30 0.704588
31 0.108813
0 0.81401
1 0.219151
2 0.34902
3 0.34902
4 0.34902
5 0.34902
6 0.34902
7 0.402496
8 0.643137
9 0.643137
10 0.25098
11 0.25098
12 0.25098
13 0.25098
14 0.25098
15 0.25098
16 0.25098
17 0.25098
18 0.25098
19 0.114082
20 0
21 0
22 0
23 0.14902
24 0.613191
25 0.982738
26 0.720005
27 0.253709
28 0.266473
29 0.0785907
30 0.544649
31 0.114049
0 0.855195
1 0.21327
2 0.34902
3 0.34902
4 0.34902
5 0.574332
6 0.658824
7 0.658824
8 0.658824
9 0.658824
10 0.25098
11 0.25098
12 0.25098
13 0.25098
14 0.25098
15 0.0798574
16 0
17 0
18 0
19 0
20 0
21 0
22 0
23 0.303743
24 1
25 0.966145
26 0.729784
27 0.280521
28 0.390895
29 0.0132643
30 0.808575
31 0.251892
0 0.326342
1 0.207386
2 0.701961
3 0.701961
4 0.701961
5 0.701961
6 0.295187
7 0.0627451
8 0.0627451
9 0.0627451
10 0
11 0
12 0
13 0
14 0
15 0
16 0
17 0.160428
18 0.176471
19 0.176471
20 0.176471
21 0.176471
22 0.17647
23 1
24 1
25 0.979406
26 0.649377
27 0.363464
28 0.304878
29 0.0475301
30 0.872404
31 0.0867713
0 0.563591
1 0.201302
2 0.0431373
3 0.0431373
4 0.00962567
5 0.0438503
6 0.264171
7 0.149376
8 0.559002
9 0.20107
10 0.176471
11 0.176471
12 0.176471
13 0.0962567
14 0
15 0.00784317
16 0.0431372
17 0.3082
18 0.264171
19 0.0983957
20 0.157932
21 0.129055
22 0.00392157
23 0.728699
24 0.569697
25 0.997192
26 0.193906
27 0.251043
28 0.0509706
29 0.0233576
30 0.766769
31 0.0706851
0 0.538945
1 0.195133
2 0.231373
3 0.231373
4 0.0677362
5 0.0313726
6 0.294474
7 0.996078
8 0.996078
9 0.996078
10 0.156863
11 0.156863
12 0.156863
13 0.087344
14 0.00392157
15 0.00392157
16 0.00392157
17 0.319608
18 0.996078
19 0.996078
20 0.996079
21 0.996079
22 0.996078
23 0.978253
24 0.988948
25 0.976919
26 0.49613
27 0.261739
28 0.115299
29 0.205734
30 0.8503
31 0.087878
0 0.574716
1 0.189292
2 0.759358
3 0.14902
4 0.165062
5 0.0502674
6 0.59893
7 0.0891266
8 0.030303
9 0.2
10 0.989661
11 0.306595
12 0.156863
13 0.156863
14 0.285561
15 0.0973262
16 0
17 0.855615
18 0.296613
19 0.054902
20 0.0586453
21 0.477006
22 0.6
23 0.601426
24 0.673084
25 0.988385
26 0.432824
27 0.447005
28 0.202172
29 0.375415
30 0.841931
31 0.0660171
0 0.374373
1 0.183234
2 0.00392157
3 0.109447
4 0.131551
5 0.144385
6 0.0470588
7 0.362923
8 0.00392157
9 0.562923
10 0.054902
11 0.178788
12 0.245455
13 0.427094
14 0.548128
15 0.550802
16 0.0588235
17 0.0588235
18 0.529947
19 0.0698752
20 0.00392157
21 0.00392157
22 0.0131907
23 0.519786
24 0.877362
25 0.997466
26 0.178537
27 0.392317
28 0.134452
29 0.642182
30 0.669215
31 0.0922901
0 0.156292
1 0.176717
2 0.140107
3 0.2
4 0.2
5 0.2
6 0.0777184
7 0.546168
8 0.752228
9 0.454902
10 0.375223
11 0.6
12 0.6
13 0.6
14 0.6
15 0.6
16 0.6
17 0.0581104
18 0.13975
19 1
20 0.636364
21 0
22 0
23 0.250624
24 0.824242
25 0.993704
26 0.24547
27 0.23357
28 0.0681693
29 0.593223
30 0.849772
31 0.0885775
0 0.325088
1 0.16931
2 0.0627451
3 0.181818
4 0.132977
5 0.2
6 0.2
7 0.2
8 0.502317
9 0.32549
10 0.156863
11 0.164884
12 0.6
13 0.427094
14 0.548128
15 0.6
16 0.6
17 0.6
18 0.6
19 0.6
20 0.745455
21 0.227272
22 0
23 0.2959
24 0.440642
25 0.989562
26 0.391105
27 0.272873
28 0.105194
29 0.119444
30 0.689467
31 0.0820436
0 0.696868
1 0.163036
2 0.238503
3 0.0709447
4 0.200713
5 0.231373
6 0.351159
7 0.419608
8 0.419608
9 0.419608
10 0.156863
11 0.154545
12 0.156863
13 0.190731
14 0.231373
15 0.231373
16 0.231373
17 0.445276
18 0.466667
19 0.466667
20 0.466667
21 0.466667
22 0.466666
23 0.489127
24 0.930125
25 0.997955
26 0.337804
27 0.239166
28 0.0507742
29 0.291286
30 0.632125
31 0.181398
0 0.644422
1 0.260887
2 0.819608
3 0.819608
4 0.819608
5 0.819608
6 0.819608
7 0.819608
8 0.819608
9 0.819608
10 0.466667
11 0.466667
12 0.466667
13 0.466667
14 0.466667
15 0.466667
16 0.466667
17 0.466667
18 0.466667
19 0.466667
20 0.466667
21 0.466667
22 0.466666
23 1
24 1
25 0.991425
26 0.418662
27 0.411213
28 0.0772514
29 0.487906
30 0.696905
31 0.103824
0 0.403855
1 0.358061
2 0.522282
3 0.11943
4 0.767201
5 0.484848
6 0.359715
7 0.349733
8 0.811765
9 0.475223
10 0.35615
11 0.0654189
12 0.27451
13 0.57041
14 0.92549
15 0.34082
16 0.509804
17 0.5918
18 0.518182
19 0.0106952
20 0.0196079
21 0.142246
22 0.295543
23 0.810339
24 0.739037
25 0.997178
26 0.404956
27 0.253124
28 0.0584567
29 0.358701
30 0.847658
31 0.130054
0 0.328562
1 0.453584
2 0.0823529
3 0.0823529
4 0.494118
5 0.760071
6 0.2
7 0.204278
8 0.785383
9 0.853832
10 0.27451
11 0.27451
12 0.27451
13 0.27451
14 0.890909
15 0.898396
16 0.3
17 0.6
18 0.518182
19 0
20 0.872193
21 0.751158
22 0.0196078
23 0.996435
24 0.674866
25 0.995684
26 0.489525
27 0.477073
28 0.100606
29 0.627221
30 0.753046
31 0.0735131
0 0.321747
1 0.447401
2 0.0117647
3 0.0117647
4 0.165775
5 0.180036
6 0.350446
7 0.774688
8 0.752228
9 0.870588
10 0.27451
11 0.27451
12 0.27451
13 0.42246
14 0.6
15 0.545455
16 0
17 0.28574
18 0.898039
19 0.418895
20 0.0196079
21 0.0196079
22 0.0196078
23 0.709091
24 0.932264
25 0.987944
26 0.270572
27 0.291682
28 0.0512438
29 0.214088
30 0.893079
31 0.194683
0 0.431724
1 0.440678
2 0.114795
3 0.375758
4 0.0327986
5 0.0627451
6 0.2
7 0.125134
8 0.475936
9 0.937255
10 0.509804
11 0.329055
12 0.551872
13 0.0588235
14 0.245098
15 0.27451
16 0.437255
17 0.6
18 0.555615
19 0.27451
20 0.531195
21 0.947059
22 0.937254
23 0.727629
24 0.690196
25 0.981045
26 0.58424
27 0.40391
28 0.312876
29 0.144651
30 0.838883
31 0.103894
0 0.218727
1 0.433911
2 0.027451
3 0.027451
4 0.027451
5 0.027451
6 0.027451
7 0.027451
8 0.027451
9 0.027451
10 0.160784
11 0.160784
12 0.160784
13 0.160784
14 0.160784
15 0.160784
16 0.160784
17 0.160784
18 0.160784
19 0.160784
20 0.160784
21 0.160784
22 0.160784
23 0.780392
24 0.780392
25 0.989804
26 0.668539
27 0.199033
28 0.0753191
29 0.0562728
30 0.750397
31 0.183907
0 0.662428
1 0.426704
2 0.670588
3 0.513726
4 0.403922
5 0.811765
6 0.811765
7 0.647772
8 0.216043
9 0.0627451
10 0.622638
11 0.156863
12 0.156863
13 0.233512
14 0.242068
15 0.0196079
16 0.0196078
17 0.0196078
18 0.464528
19 0.631373
20 0.3918
21 0.0235294
22 0.0235294
23 0.76221
24 0.709091
25 0.988953
26 0.287371
27 0.351094
28 0.281661
29 0.180822
30 0.894393
31 0.19006
0 0.0252726
1 0.419825
2 0.701961
3 0.530125
4 0.0524064
5 0.100178
6 0.0702317
7 0.127273
8 0.181818
9 0.00998217
10 0.0196078
11 0.500891
12 0.581283
13 0.0128342
14 0.453832
15 0.569519
16 0.52549
17 0.238681
18 0.245454
19 0.6
20 0.6
21 0.136363
22 0.0834225
23 0.627807
24 0.233868
25 0.987978
26 0.39224
27 0.264478
28 0.124726
29 0.225443
30 0.841677
31 0.064119
0 0.391726
1 0.413076
2 0.0242424
3 0.0727273
4 0.163636
5 0.127273
6 0.0149733
7 0.33369
8 0.423173
9 0.0666667
10 0.310517
11 0
12 0.354545
13 0.272727
14 0.6
15 0.545455
16 0
17 0.128342
18 0.0784314
19 0.514795
20 0.280392
21 0.372193
22 0.407843
23 0.167558
24 0.588948
25 0.981674
26 0.721304
27 0.198507
28 0.164044
29 0.204184
30 0.837758
31 0.0843615
0 0.0754934
1 0.406469
2 0
3 0.0128342
4 0.0235294
5 0.157576
6 0.687344
7 0.12549
8 0.1041
9 0.0784314
10 0
11 0
12 0.0898396
13 0.141176
14 0.141176
15 0.082353
16 0.476471
17 0.652228
18 0.12549
19 0.12549
20 0.134046
21 0.14902
22 0.14902
23 0.572549
24 0.441355
25 0.986734
26 0.446332
27 0.20687
28 0.124684
29 0.099358
30 0.934063
31 0.159507
0 0.893018
1 0.400006
2 0.14902
3 0.677362
4 0.113725
5 0.34902
6 0.34902
7 0.34902
8 0.202852
9 0.027451
10 0.054902
11 0.244742
12 0.856506
13 0.14902
14 0.176827
15 0.25098
16 0.25098
17 0.25098
18 0.25098
19 0.25098
20 0.336542
21 0.486275
22 0.486274
23 0.653832
24 0.390018
25 0.990329
26 0.212909
27 0.388482
28 0.0954886
29 0.344076
30 0.876133
31 0.0500412
0 0.118815
1 0.393798
2 0.34902
3 0.173619
4 0.027451
5 0.027451
6 0.027451
7 0.027451
8 0.027451
9 0.027451
10 0.25098
11 0.25098
12 0.400713
13 0.486274
14 0.486274
15 0.486275
16 0.486274
17 0.486274
18 0.486274
19 0.486274
20 0.486275
21 0.486275
22 0.486274
23 0.568271
24 0.807843
25 0.995411
26 0.220978
27 0.434949
28 0.0807784
29 0.643688
30 0.886428
31 0.0778303
0 0.108403
1 0.387444
2 0.0313726
3 0.0313726
4 0.0313726
5 0.0313726
6 0.0313726
7 0.0313726
8 0.0313726
9 0.0313726
10 0.486275
11 0.486275
12 0.486275
13 0.486274
14 0.486274
15 0.486275
16 0.486274
17 0.486274
18 0.486274
19 0.486274
20 0.486275
21 0.486275
22 0.486274
23 0.913725
24 0.913725
25 0.979432
26 0.432317
27 0.175186
28 0.0756597
29 0.13308
30 0.749057
31 0.207217
0 0.923217
1 0.380974
2 0.34902
3 0.34902
4 0.34902
5 0.34902
6 0.34902
7 0.34902
8 0.224242
9 0.0745098
10 0.25098
11 0.25098
12 0.25098
13 0.25098
14 0.25098
15 0.25098
16 0.25098
17 0.25098
18 0.25098
19 0.25098
20 0.336542
21 0.486275
22 0.486274
23 0.14902
24 0.429947
25 0.984037
26 0.281258
27 0.32501
28 0.128759
29 0.231238
30 0.798303
31 0.0838919
0 0.0692772
1 0.375138
2 0.34902
3 0.34902
4 0.34902
5 0.0951872
6 0
7 0
8 0
9 0
10 0.25098
11 0.25098
12 0.25098
13 0.25098
14 0.25098
15 0.411408
16 0.486274
17 0.486274
18 0.486274
19 0.486274
20 0.486275
21 0.486275
22 0.486274
23 0.297326
24 0.964706
25 0.993136
26 0.165387
27 0.350862
28 0.0592308
29 0.485201
30 0.903766
31 0.0470508
0 0.805538
1 0.36842
2 0
3 0
4 0
5 0
6 0
7 0
8 0
9 0
10 0.486275
11 0.486275
12 0.486275
13 0.486274
14 0.486274
15 0.486275
16 0.486274
17 0.486274
18 0.486274
19 0.486274
20 0.486275
21 0.486275
22 0.486274
23 0.607843
24 0.607843
25 0.994015
26 0.218469
27 0.386905
28 0.073488
29 0.651959
30 0.89184
31 0.0846548
0 0.24232
1 0.361306
2 0.00392157
3 0.00392157
4 0.00392157
5 0.00392157
6 0.00392157
7 0.00392157
8 0.00392157
9 0.00392157
10 0.486275
11 0.486275
12 0.486275
13 0.486274
14 0.486274
15 0.486275
16 0.486274
17 0.486274
18 0.486274
19 0.486274
20 0.486275
21 0.486275
22 0.486274
23 0.709804
24 0.709804
25 0.996091
26 0.215203
27 0.403573
28 0.0433256
29 0.436477
30 0.810648
31 0.124573
0 0.87602
1 0.353597
2 0.341176
3 0.341176
4 0.341176
5 0.341176
6 0.341176
7 0.341176
8 0.341176
9 0.341176
10 0.486275
11 0.486275
12 0.486275
13 0.486274
14 0.486274
15 0.486275
16 0.486274
17 0.486274
18 0.486274
19 0.486274
20 0.486275
21 0.486275
22 0.486274
23 0.960784
24 0.960784
25 0.994873
26 0.178469
27 0.459169
28 0.058987
29 0.506807
30 0.872696
31 0.0661456
0 0.741952
1 0.346398
2 0.0901961
3 0.0901961
4 0.0901961
5 0.0901961
6 0.0901961
7 0.0901961
8 0.0901961
9 0.0901961
10 0.486275
11 0.486275
12 0.486275
13 0.486274
14 0.486274
15 0.486275
16 0.486274
17 0.486274
18 0.486274
19 0.486274
20 0.486275
21 0.486275
22 0.486274
23 0.937255
24 0.937255
25 0.995789
26 0.222105
27 0.419766
28 0.0582356
29 0.602808
30 0.850705
31 0.108259
0 0.35557
1 0.339469
2 0.176471
3 0.176471
4 0.176471
5 0.176471
6 0.176471
7 0.176471
8 0.176471
9 0.176471
10 0.486275
11 0.486275
12 0.486275
13 0.486274
14 0.486274
15 0.486275
16 0.486274
17 0.486274
18 0.486274
19 0.486274
20 0.486275
21 0.486275
22 0.486274
23 0.945098
24 0.945098
25 0.977052
26 0.282804
27 0.270034
28 0.0923082
29 0.163284
30 0.770506
31 0.0770977
0 0.544225
1 0.331349
2 0.0941176
3 0.0941176
4 0.0941176
5 0.0399287
6 0.0196078
7 0.0196078
8 0.0196078
9 0.0196078
10 0.0941176
11 0.0941176
12 0.0941177
13 0.0941176
14 0.0941176
15 0.361497
16 0.486274
17 0.486274
18 0.486274
19 0.486274
20 0.486275
21 0.486275
22 0.486274
23 0.240998
24 0.901961
25 0.999829
26 0.0612193
27 0.224177
28 0.00198409
29 0.948276
30 0.707998
31 0.144005
0 0.381162
1 0.325284
2 0.988235
3 0.988235
4 0.988235
5 0.988235
6 0.988235
7 0.988235
8 0.988235
9 0.988235
10 0.988235
11 0.988235
12 0.988235
13 0.988235
14 0.988235
15 0.988236
16 0.988235
17 0.988235
18 0.988235
19 0.988235
20 0.988236
21 0.988236
22 0.988235
23 0.988235
24 0.988235
25 0.973225
26 0.592379
27 0.510943
28 0.293493
29 0.153601
30 0.824327
31 0.159
0 0.549977
1 0.424588
2 0.0235294
3 0.0235294
4 0.0235294
5 0.0235294
6 0.0235294
7 0.0235294
8 0.0235294
9 0.0235294
10 0.176471
11 0.176471
12 0.176471
13 0.176471
14 0.176471
15 0.176471
16 0.176471
17 0.176471
18 0.176471
19 0.176471
20 0.176471
21 0.176471
22 0.17647
23 0.960784
24 0.960784
25 0.978804
26 0.483743
27 0.437008
28 0.22523
29 0.0910489
30 0.879651
31 0.0904706
0 0.567526
1 0.417693
2 0.0431373
3 0.0431373
4 0.0431373
5 0.0431373
6 0.0431373
7 0.0431373
8 0.0431373
9 0.0431373
10 0.176471
11 0.176471
12 0.176471
13 0.176471
14 0.176471
15 0.176471
16 0.176471
17 0.176471
18 0.176471
19 0.176471
20 0.176471
21 0.176471
22 0.17647
23 0.819608
24 0.819608
25 0.9825
26 0.449879
27 0.371165
28 0.216564
29 0.269188
30 0.826743
31 0.17766
0 0.152926
1 0.410605
2 0.364706
3 0.364706
4 0.364706
5 0.156506
6 0.0784314
7 0.0784314
8 0.0784314
9 0.0784314
10 0.364706
11 0.364706
12 0.364706
13 0.364706
14 0.364706
15 0.236364
16 0.176471
17 0.176471
18 0.176471
19 0.176471
20 0.176471
21 0.176471
22 0.17647
23 0.448841
24 0.827451
25 0.991794
26 0.377954
27 0.231709
28 0.0495842
29 0.270733
30 0.863755
31 0.125751
0 0.955177
1 0.403587
2 0.11836
3 0.360784
4 0.360784
5 0.360784
6 0.360784
7 0.360784
8 0.360784
9 0.360784
10 0.486275
11 0.383601
12 0.360784
13 0.360784
14 0.360784
15 0.360784
16 0.360784
17 0.360784
18 0.360784
19 0.360784
20 0.360784
21 0.360784
22 0.360784
23 0.443494
24 0.360784
25 0.994578
26 0.247496
27 0.419241
28 0.0777848
29 0.579547
30 0.89611
31 0.0639988
0 0.514659
1 0.396942
2 0.0470588
3 0.0470588
4 0.0470588
5 0.0470588
6 0.0470588
7 0.107665
8 0.380392
9 0.380392
10 0.486275
11 0.486275
12 0.486275
13 0.486274
14 0.486274
15 0.486275
16 0.486274
17 0.486274
18 0.486274
19 0.42852
20 0.380392
21 0.380392
22 0.380392
23 0.815686
24 0.578253
25 0.994161
26 0.182555
27 0.4712
28 0.0594335
29 0.552382
30 0.887258
31 0.074225
0 0.667879
1 0.389437
2 0.0431373
3 0.0431373
4 0.0431373
5 0.0431373
6 0.0431373
7 0.0431373
8 0.0431373
9 0.0431373
10 0.486275
11 0.486275
12 0.486275
13 0.486274
14 0.486274
15 0.486275
16 0.486274
17 0.486274
18 0.486274
19 0.486274
20 0.486275
21 0.486275
22 0.486274
23 0.917647
24 0.917647
25 0.994478
26 0.184595
27 0.455451
28 0.0567953
29 0.5901
30 0.879699
31 0.07848
0 0.616234
1 0.382961
2 0.054902
3 0.054902
4 0.054902
5 0.054902
6 0.054902
7 0.054902
8 0.054902
9 0.054902
10 0.486275
11 0.486275
12 0.486275
13 0.486274
14 0.486274
15 0.486275
16 0.486274
17 0.486274
18 0.486274
19 0.486274
20 0.486275
21 0.486275
22 0.486274
23 0.909804
24 0.909804
25 0.994
26 0.163167
27 0.464475
28 0.0524183
29 0.529879
30 0.881426
31 0.0677994
0 0.888009
1 0.376537
2 0.0470588
3 0.0470588
4 0.0470588
5 0.0470588
6 0.0470588
7 0.0470588
8 0.0470588
9 0.0470588
10 0.486275
11 0.486275
12 0.486275
13 0.486274
14 0.486274
15 0.486275
16 0.486274
17 0.486274
18 0.486274
19 0.486274
20 0.486275
21 0.486275
22 0.486274
23 0.909804
24 0.909804
25 0.994272
26 0.233111
27 0.379327
28 0.0574997
29 0.674673
30 0.875874
31 0.107406
0 0.26299
1 0.370223
2 0.0901961
3 0.0901961
4 0.0901961
5 0.0901961
6 0.0901961
7 0.0901961
8 0.0901961
9 0.0901961
10 0.486275
11 0.486275
12 0.486275
13 0.486274
14 0.486274
15 0.486275
16 0.486274
17 0.486274
18 0.486274
19 0.486274
20 0.486275
21 0.486275
22 0.486274
23 0.733333
24 0.733333
25 0.979297
26 0.590297
27 0.179158
28 0.100355
29 0.238819
30 0.799372
31 0.301563
0 0.476319
1 0.363987
2 0.34902
3 0.34902
4 0.34902
5 0.34902
6 0.34902
7 0.34902
8 0.34902
9 0.34902
10 0.25098
11 0.25098
12 0.25098
13 0.25098
14 0.25098
15 0.25098
16 0.25098
17 0.25098
18 0.25098
19 0.25098
20 0.25098
21 0.25098
22 0.25098
23 0.14902
24 0.14902
25 0.978279
26 0.515323
27 0.558435
28 0.282557
29 0.0689951
30 0.872934
31 0.0608063
0 0.715008
1 0.358104
2 0.0156863
3 0.0156863
4 0.0156863
5 0.0156863
6 0.0156863
7 0.0156863
8 0.0156863
9 0.0156863
10 0.176471
11 0.176471
12 0.176471
13 0.176471
14 0.176471
15 0.176471
16 0.176471
17 0.176471
18 0.176471
19 0.176471
20 0.176471
21 0.176471
22 0.17647
23 0.980392
24 0.980392
25 0.983314
26 0.391034
27 0.423551
28 0.188643
29 0.0776856
30 0.862367
31 0.0656529
0 0.947022
1 0.351974
2 0.0862745
3 0.0862745
4 0.0862745
5 0.0862745
6 0.0862745
7 0.0862745
8 0.0862745
9 0.0862745
10 0.176471
11 0.176471
12 0.176471
13 0.176471
14 0.176471
15 0.176471
16 0.176471
17 0.176471
18 0.176471
19 0.176471
20 0.176471
21 0.176471
22 0.17647
23 0.984314
24 0.984314
25 0.983256
26 0.403263
27 0.4159
28 0.211087
29 0.0874568
30 0.853691
31 0.0564033
0 0.959646
1 0.345968
2 0.0627451
3 0.0627451
4 0.0627451
5 0.0627451
6 0.0627451
7 0.0627451
8 0.0627451
9 0.0627451
10 0.176471
11 0.176471
12 0.176471
13 0.176471
14 0.176471
15 0.176471
16 0.176471
17 0.176471
18 0.176471
19 0.176471
20 0.176471
21 0.176471
22 0.17647
23 0.984314
24 0.984314
25 0.982612
26 0.409591
27 0.415422
28 0.214734
29 0.0893444
30 0.85697
31 0.0572681
0 0.915206
1 0.340019
2 0.0588235
3 0.0588235
4 0.0588235
5 0.0588235
6 0.0588235
7 0.0588235
8 0.0588235
9 0.0588235
10 0.176471
11 0.176471
12 0.176471
13 0.176471
14 0.176471
15 0.176471
16 0.176471
17 0.176471
18 0.176471
19 0.176471
20 0.176471
21 0.176471
22 0.17647
23 0.980392
24 0.980392
25 0.985824
26 0.516687
27 0.396249
28 0.231538
29 0.134443
30 0.840741
31 0.0910636
0 0.333884
1 0.334066
2 0.129412
3 0.129412
4 0.129412
5 0.129412
6 0.129412
7 0.129412
8 0.129412
9 0.129412
10 0.176471
11 0.176471
12 0.176471
13 0.176471
14 0.176471
15 0.176471
16 0.176471
17 0.176471
18 0.176471
19 0.176471
20 0.176471
21 0.176471
22 0.17647
23 0.984314
24 0.984314
25 0.994556
26 0.185164
27 0.471868
28 0.0603224
29 0.441859
30 0.897649
31 0.0439921
0 0.598623
1 0.328139
2 0.0823529
3 0.0823529
4 0.0823529
5 0.0823529
6 0.0823529
7 0.0823529
8 0.0823529
9 0.0823529
10 0.466667
11 0.466667
12 0.466667
13 0.466667
14 0.466667
15 0.466667
16 0.466667
17 0.466667
18 0.466667
19 0.466667
20 0.466667
21 0.466667
22 0.466666
23 1
24 1
25 0.999666
26 0.0848832
27 0.225265
28 0.00171097
29 0.95679
30 0.724382
31 0.199861
0 0.344728
1 0.322078
2 0.898039
3 0.898039
4 0.898039
5 0.898039
6 0.898039
7 0.898039
8 0.898039
9 0.898039
10 0.898039
11 0.898039
12 0.898039
13 0.898039
14 0.898039
15 0.89804
16 0.898039
17 0.898039
18 0.898039
19 0.898039
20 0.89804
21 0.89804
22 0.898039
23 0.898039
24 0.898039
25 0.98293
26 0.577734
27 0.48455
28 0.235994
29 0.379969
30 0.801594
31 0.304812
0 0.0101567
1 0.313516
2 0.0313726
3 0.211052
4 0.196791
5 0.0228164
6 0.0313726
7 0.0313726
8 0.0313726
9 0.0313726
10 0.556863
11 0.556863
12 0.239929
13 0.0588235
14 0.00802139
15 0.208556
16 0.305882
17 0.305882
18 0.305882
19 0.305882
20 0.305882
21 0.305882
22 0.305882
23 0.731194
24 0.992157
25 0.985619
26 0.322889
27 0.583323
28 0.121261
29 0.163999
30 0.891422
31 0.0641845
0 0.820161
1 0.307464
2 0.027451
3 0.027451
4 0.027451
5 0.027451
6 0.027451
7 0.027451
8 0.027451
9 0.027451
10 0.305882
11 0.305882
12 0.305882
13 0.305882
14 0.305882
15 0.305882
16 0.305882
17 0.305882
18 0.305882
19 0.305882
20 0.305882
21 0.305882
22 0.305882
23 0.980392
24 0.980392
25 0.988998
26 0.440138
27 0.351198
28 0.129566
29 0.120391
30 0.801141
31 0.107218
0 0.563517
1 0.30174
2 0.192157
3 0.192157
4 0.192157
5 0.192157
6 0.192157
7 0.192157
8 0.255615
9 0.890196
10 0.176471
11 0.176471
12 0.176471
13 0.176471
14 0.176471
15 0.176471
16 0.176471
17 0.176471
18 0.176471
19 0.176471
20 0.176471
21 0.400713
22 0.466666
23 0.980392
24 0.98574
25 0.996903
26 0.535096
27 0.218887
28 0.0347065
29 0.320235
30 0.721213
31 0.062809
0 0.0800513
1 0.296073
2 0.196078
3 0.196078
4 0.225312
5 0.637433
6 0.682353
7 0.682353
8 0.682353
9 0.682353
10 0.176471
11 0.176471
12 0.176471
13 0.176471
14 0.269519
15 0.482888
16 0.466667
17 0.466667
18 0.466667
19 0.466667
20 0.466667
21 0.466667
22 0.466666
23 0.944028
24 0.996078
25 0.995019
26 0.514685
27 0.202734
28 0.0341617
29 0.20802
30 0.700156
31 0.0593382
0 0.666009
1 0.29042
2 0.129412
3 0.195722
4 0.304456
5 0.62246
6 0.682353
7 0.682353
8 0.682353
9 0.682353
10 0.176471
11 0.176471
12 0.243494
13 0.172549
14 0.175936
15 0.374332
16 0.466667
17 0.466667
18 0.466667
19 0.466667
20 0.466667
21 0.466667
22 0.466666
23 0.765062
24 0.996078
25 0.995862
26 0.461959
27 0.295351
28 0.0799623
29 0.347117
30 0.84618
31 0.210024
0 0.180814
1 0.285065
2 0.694118
3 0.694118
4 0.694118
5 0.694118
6 0.454902
7 0.0463458
8 0.192157
9 0.882353
10 0.466667
11 0.466667
12 0.466667
13 0.466667
14 0.466667
15 0.466667
16 0.466667
17 0.365775
18 0.0729055
19 0.559002
20 0.567202
21 0.131016
22 0.0196078
23 1
24 0.693405
25 0.993508
26 0.392898
27 0.486652
28 0.144406
29 0.385572
30 0.750117
31 0.220362
0 0.846532
1 0.279505
2 0.493761
3 0.639216
4 0.639216
5 0.522282
6 0
7 0.841355
8 0.92549
9 0.403565
10 0.332264
11 0.466667
12 0.466667
13 0.466667
14 0.466667
15 0.45312
16 0.413725
17 0.064171
18 0.0196078
19 0.0196078
20 0.0196079
21 0.0916224
22 0.170053
23 0.868806
24 0.774688
25 0.995708
26 0.474972
27 0.301971
28 0.063816
29 0.228357
30 0.761075
31 0.355192
0 0.596068
1 0.273731
2 0.479857
3 0.870588
4 0.870588
5 0.662389
6 0.294118
7 0.848841
8 0.951159
9 0.990374
10 0.33066
11 0.382531
12 0.466667
13 0.466667
14 0.466667
15 0.451337
16 0.14902
17 0.190909
18 0.177897
19 0.0196078
20 0.374688
21 0.843494
22 0.156863
23 0.8959
24 0.898039
25 0.995526
26 0.734322
27 0.279625
28 0.0418176
29 0.253788
30 0.808063
31 0.378709
0 0.356149
1 0.268267
2 0.715508
3 0.741176
4 0.858467
5 0.996078
6 0.996078
7 0.501961
8 0.117291
9 0.0160428
10 0.587166
11 0.466667
12 0.466667
13 0.466667
14 0.697326
15 0.156863
16 0.156863
17 0.156863
18 0.140285
19 0.343315
20 0.424777
21 0.123886
22 0
23 0.968984
24 0.54082
25 0.975711
26 0.754368
27 0.346265
28 0.196083
29 0.0370976
30 0.859128
31 0.500016
0 0.0936206
1 0.262664
2 0.992157
3 0.992157
4 0.935116
5 0.866667
6 0.176471
7 0.0566845
8 0.234938
9 0.083779
10 0.156863
11 0.156863
12 0.156863
13 0.156863
14 0.0383244
15 0.0196079
16 0.205882
17 0.433155
18 0.0427807
19 0.15615
20 0.162745
21 0.160428
22 0.17647
23 0.953298
24 0.60713
25 0.979328
26 0.509991
27 0.593875
28 0.23012
29 0.0645924
30 0.886509
31 0.0541007
0 0.614902
1 0.256723
2 0.0235294
3 0.0235294
4 0.0235294
5 0.0235294
6 0.0235294
7 0.0235294
8 0.0235294
9 0.0235294
10 0.176471
11 0.176471
12 0.176471
13 0.176471
14 0.176471
15 0.176471
16 0.176471
17 0.176471
18 0.176471
19 0.176471
20 0.176471
21 0.176471
22 0.17647
23 0.898039
24 0.898039
25 0.981874
26 0.411032
27 0.408486
28 0.193657
29 0.128454
30 0.872919
31 0.0658387
0 0.618578
1 0.250503
2 0.0235294
3 0.0235294
4 0.0235294
5 0.0235294
6 0.0235294
7 0.0235294
8 0.0235294
9 0.0235294
10 0.176471
11 0.176471
12 0.176471
13 0.176471
14 0.176471
15 0.176471
16 0.176471
17 0.176471
18 0.176471
19 0.176471
20 0.176471
21 0.176471
22 0.17647
23 0.898039
24 0.898039
25 0.99444
26 0.175127
27 0.411939
28 0.0507623
29 0.616024
30 0.903839
31 0.0402056
0 0.435707
1 0.244408
2 0.0235294
3 0.0235294
4 0.0235294
5 0.0235294
6 0.0235294
7 0.0235294
8 0.0235294
9 0.0235294
10 0.486275
11 0.486275
12 0.486275
13 0.486274
14 0.486274
15 0.486275
16 0.486274
17 0.486274
18 0.486274
19 0.486274
20 0.486275
21 0.486275
22 0.486274
23 0.839216
24 0.839216
25 0.993706
26 0.211448
27 0.426775
28 0.052197
29 0.727951
30 0.8853
31 0.0783343
0 0.304815
1 0.237935
2 0.027451
3 0.027451
4 0.027451
5 0.027451
6 0.027451
7 0.027451
8 0.027451
9 0.027451
10 0.486275
11 0.486275
12 0.486275
13 0.486274
14 0.486274
15 0.486275
16 0.486274
17 0.486274
18 0.486274
19 0.486274
20 0.486275
21 0.486275
22 0.486274
23 0.827451
24 0.827451
25 0.977861
26 0.59013
27 0.247184
28 0.142009
29 0.430708
30 0.851008
31 0.228836
0 0.225595
1 0.23143
2 0.0727273
3 0.181818
4 0.109091
5 0.13262
6 0.153298
7 0.227451
8 0.285918
9 0.227451
10 0.245455
11 0.245455
12 0.6
13 0.6
14 0.0818182
15 0.106239
16 0.14902
17 0.151515
18 0.156863
19 0.156863
20 0.240998
21 0.324599
22 0.305882
23 0.237433
24 0.452406
25 0.977454
26 0.576452
27 0.30952
28 0.151725
29 0.199333
30 0.833194
31 0.102795
0 0.286644
1 0.225053
2 0
3 0.145455
4 0.0727273
5 0.0955437
6 0.262745
7 0.268449
8 0.231373
9 0.231373
10 0
11 0.136364
12 0.572727
13 0.272727
14 0.0818182
15 0.106239
16 0.14902
17 0.304991
18 0.396791
19 0.305882
20 0.305882
21 0.305882
22 0.305882
23 0.197504
24 0.831373
25 0.991621
26 0.46249
27 0.421123
28 0.111815
29 0.299677
30 0.845863
31 0.0993994
0 0.0429026
1 0.217713
2 0.227451
3 0.227451
4 0.227451
5 0.227451
6 0.227451
7 0.227451
8 0.227451
9 0.227451
10 0.305882
11 0.305882
12 0.305882
13 0.305882
14 0.305882
15 0.305882
16 0.305882
17 0.305882
18 0.305882
19 0.305882
20 0.305882
21 0.305882
22 0.305882
23 0.968627
24 0.968627
25 0.991015
26 0.35995
27 0.415041
28 0.0800223
29 0.239046
30 0.835595
31 0.0841077
0 0.684746
1 0.208932
2 0.231373
3 0.231373
4 0.231373
5 0.231373
6 0.231373
7 0.231373
8 0.231373
9 0.231373
10 0.305882
11 0.305882
12 0.305882
13 0.305882
14 0.305882
15 0.305882
16 0.305882
17 0.305882
18 0.305882
19 0.305882
20 0.305882
21 0.305882
22 0.305882
23 0.968627
24 0.968627
25 0.991039
26 0.324922
27 0.4032
28 0.08204
29 0.252841
30 0.835857
31 0.065168
0 0.80186
1 0.201853
2 0.184314
3 0.184314
4 0.184314
5 0.184314
6 0.184314
7 0.184314
8 0.184314
9 0.184314
10 0.305882
11 0.305882
12 0.305882
13 0.305882
14 0.305882
15 0.305882
16 0.305882
17 0.305882
18 0.305882
19 0.305882
20 0.305882
21 0.305882
22 0.305882
23 0.972549
24 0.972549
25 0.997791
26 0.276921
27 0.200048
28 0.0129788
29 0.79229
30 0.808358
31 0.160981
0 0.126279
1 0.194382
2 0.402852
3 0.572549
4 0.572549
5 0.572549
6 0.572549
7 0.572549
8 0.572549
9 0.572549
10 0.338503
11 0.572549
12 0.572549
13 0.572549
14 0.572549
15 0.572549
16 0.572549
17 0.572549
18 0.572549
19 0.572549
20 0.572549
21 0.572549
22 0.572549
23 0.609626
24 0.572549
25 0.986946
26 0.429595
27 0.515903
28 0.120399
29 0.298991
30 0.846344
31 0.103637
0 0.514888
1 0.187574
2 0.101961
3 0.101961
4 0.101961
5 0.101961
6 0.101961
7 0.101961
8 0.101961
9 0.101961
10 0.305882
11 0.305882
12 0.305882
13 0.305882
14 0.305882
15 0.305882
16 0.305882
17 0.305882
18 0.305882
19 0.305882
20 0.305882
21 0.305882
22 0.305882
23 0.976471
24 0.976471
25 0.980596
26 0.388162
27 0.464385
28 0.168391
29 0.107041
30 0.856819
31 0.0605223
0 0.981199
1 0.179964
2 0.0313726
3 0.0313726
4 0.0313726
5 0.0313726
6 0.0313726
7 0.0313726
8 0.0313726
9 0.0313726
10 0.176471
11 0.176471
12 0.176471
13 0.176471
14 0.176471
15 0.176471
16 0.176471
17 0.176471
18 0.176471
19 0.176471
20 0.176471
21 0.176471
22 0.17647
23 0.972549
24 0.972549
25 0.997435
26 0.265444
27 0.20291
28 0.0140133
29 0.797081
30 0.831263
31 0.142115
0 0.296103
1 0.172728
2 0.568627
3 0.568627
4 0.568627
5 0.568627
6 0.568627
7 0.568627
8 0.548663
9 0.34902
10 0.568627
11 0.568627
12 0.568628
13 0.568627
14 0.568627
15 0.568628
16 0.568627
17 0.568627
18 0.568627
19 0.568627
20 0.568628
21 0.323173
22 0.25098
23 0.568627
24 0.454189
25 0.993645
26 0.225596
27 0.496335
28 0.035411
29 0.480503
30 0.845029
31 0.0716488
0 0.972567
1 0.165772
2 0.203922
3 0.203922
4 0.203922
5 0.203922
6 0.203922
7 0.203922
8 0.203922
9 0.203922
10 0.466667
11 0.466667
12 0.466667
13 0.466667
14 0.466667
15 0.466667
16 0.466667
17 0.466667
18 0.466667
19 0.466667
20 0.466667
21 0.466667
22 0.466666
23 1
24 1
25 0.991564
26 0.263899
27 0.430402
28 0.0693596
29 0.641324
30 0.879772
31 0.0747259
0 0.212129
1 0.158645
2 0.00784314
3 0.00784314
4 0.00784314
5 0.00784314
6 0.00784314
7 0.00784314
8 0.00784314
9 0.00784314
10 0.407843
11 0.407843
12 0.407843
13 0.407843
14 0.407843
15 0.407843
16 0.407843
17 0.407843
18 0.407843
19 0.407843
20 0.407843
21 0.407843
22 0.407843
23 0.843137
24 0.843137
25 0.995895
26 0.292456
27 0.411568
28 0.0288402
29 0.655262
30 0.813723
31 0.136018
0 0.240163
1 0.151739
2 0.337255
3 0.337255
4 0.337255
5 0.337255
6 0.337255
7 0.337255
8 0.337255
9 0.337255
10 0.466667
11 0.466667
12 0.466667
13 0.466667
14 0.466667
15 0.466667
16 0.466667
17 0.466667
18 0.466667
19 0.466667
20 0.466667
21 0.466667
22 0.466666
23 1
24 1
25 0.977466
26 0.56799
27 0.187784
28 0.0712595
29 0.265909
30 0.823207
31 0.282871
0 0.513019
1 0.144749
2 0.34902
3 0.34902
4 0.34902
5 0.34902
6 0.34902
7 0.34902
8 0.34902
9 0.34902
10 0.25098
11 0.25098
12 0.25098
13 0.25098
14 0.25098
15 0.25098
16 0.25098
17 0.25098
18 0.25098
19 0.25098
20 0.25098
21 0.25098
22 0.25098
23 0.14902
24 0.14902
25 0.979214
26 0.565342
27 0.214629
28 0.0797523
29 0.14995
30 0.844636
31 0.156559
0 0.653983
1 0.137972
2 0.34902
3 0.34902
4 0.34902
5 0.34902
6 0.34902
7 0.34902
8 0.34902
9 0.34902
10 0.25098
11 0.25098
12 0.25098
13 0.25098
14 0.25098
15 0.25098
16 0.25098
17 0.25098
18 0.25098
19 0.25098
20 0.25098
21 0.25098
22 0.25098
23 0.14902
24 0.14902
25 0.980089
26 0.489227
27 0.176225
28 0.0703131
29 0.136771
30 0.845757
31 0.121548
0 0.922674
1 0.131225
2 0.34902
3 0.34902
4 0.34902
5 0.34902
6 0.34902
7 0.34902
8 0.34902
9 0.34902
10 0.25098
11 0.25098
12 0.25098
13 0.25098
14 0.25098
15 0.25098
16 0.25098
17 0.25098
18 0.25098
19 0.25098
20 0.25098
21 0.25098
22 0.25098
23 0.14902
24 0.14902
25 0.982803
26 0.588975
27 0.161949
28 0.0911385
29 0.235568
30 0.840513
31 0.165655
0 0.248665
1 0.125384
2 0.34902
3 0.34902
4 0.34902
5 0.34902
6 0.34902
7 0.34902
8 0.34902
9 0.34902
10 0.25098
11 0.25098
12 0.25098
13 0.25098
14 0.25098
15 0.25098
16 0.25098
17 0.25098
18 0.25098
19 0.25098
20 0.25098
21 0.25098
22 0.25098
23 0.14902
24 0.14902
25 0.978774
26 0.518401
27 0.186226
28 0.074227
29 0.137467
30 0.850119
31 0.134496
0 0.834677
1 0.119456
2 0.34902
3 0.34902
4 0.34902
5 0.34902
6 0.34902
7 0.34902
8 0.34902
9 0.34902
10 0.25098
11 0.25098
12 0.25098
13 0.25098
14 0.25098
15 0.25098
16 0.25098
17 0.25098
18 0.25098
19 0.25098
20 0.25098
21 0.25098
22 0.25098
23 0.14902
24 0.14902
25 0.982495
26 0.586473
27 0.166329
28 0.0883386
29 0.229991
30 0.84356
31 0.165087
0 0.257267
1 0.113469
2 0.34902
3 0.34902
4 0.34902
5 0.34902
6 0.34902
7 0.34902
8 0.34902
9 0.34902
10 0.25098
11 0.25098
12 0.25098
13 0.25098
14 0.25098
15 0.25098
16 0.25098
17 0.25098
18 0.25098
19 0.25098
20 0.25098
21 0.25098
22 0.25098
23 0.14902
24 0.14902
25 0.978966
26 0.522593
27 0.184888
28 0.0737812
29 0.145096
30 0.850687
31 0.136604
0 0.785863
1 0.105375
2 0.34902
3 0.34902
4 0.34902
5 0.34902
6 0.34902
7 0.34902
8 0.34902
9 0.34902
10 0.25098
11 0.25098
12 0.25098
13 0.25098
14 0.25098
15 0.25098
16 0.25098
17 0.25098
18 0.25098
19 0.25098
20 0.25098
21 0.25098
22 0.25098
23 0.14902
24 0.14902
25 0.982548
26 0.595684
27 0.167078
28 0.0887441
29 0.241436
30 0.844941
31 0.170745
0 0.188762
1 0.0973732
2 0.34902
3 0.34902
4 0.34902
5 0.34902
6 0.34902
7 0.34902
8 0.34902
9 0.34902
10 0.25098
11 0.25098
12 0.25098
13 0.25098
14 0.25098
15 0.25098
16 0.25098
17 0.25098
18 0.25098
19 0.25098
20 0.25098
21 0.25098
22 0.25098
23 0.14902
24 0.14902
25 0.934008
26 0.679055
27 0.271641
28 0.384213
29 0.0919554
30 0.904564
31 0.270599
0 0.36354
1 0.0892139
2 0.34902
3 0.34902
4 0.192157
5 0.00392157
6 0.00392157
7 0.00392157
8 0.00392157
9 0.00392157
10 0.25098
11 0.25098
12 0.25098
13 0.25098
14 0.0376114
15 0.00392157
16 0.00392157
17 0.00392157
18 0.00392157
19 0.00392157
20 0.00392157
21 0.00392157
22 0.00392157
23 0.0962567
24 0.00392157
25 0.99844
26 0.349741
27 0.311428
28 0.00691643
29 0.452204
30 0.738846
31 0.158719
0 0.336748
1 0.0801014
2 0.85098
3 0.85098
4 0.85098
5 0.85098
6 0.85098
7 0.85098
8 0.85098
9 0.85098
10 0.52549
11 0.52549
12 0.52549
13 0.52549
14 0.52549
15 0.52549
16 0.52549
17 0.52549
18 0.52549
19 0.52549
20 0.52549
21 0.52549
22 0.52549
23 0.980392
24 0.980392
25 0.956753
26 0.651545
27 0.25257
28 0.215219
29 0.0740947
30 0.661726
31 0.0879274
0 0.728325
1 0.0704696
2 0.0156863
3 0.0156863
4 0.0156863
5 0.0156863
6 0.340107
7 0.52549
8 0.52549
9 0.52549
10 0.0156863
11 0.0156863
12 0.0156863
13 0.0156863
14 0.0156863
15 0.0156863
16 0.0156863
17 0.144029
18 0.156863
19 0.156863
20 0.156863
21 0.156863
22 0.156863
23 0.0156863
24 0.835651
25 0.991036
26 0.695651
27 0.266403
28 0.0716705
29 0.0639403
30 0.686162
31 0.213835
0 0.480344
1 0.0618248
2 0.72549
3 0.72549
4 0.72549
5 0.72549
6 0.72549
7 0.72549
8 0.72549
9 0.72549
10 0.156863
11 0.156863
12 0.156863
13 0.156863
14 0.156863
15 0.156863
16 0.156863
17 0.156863
18 0.156863
19 0.156863
20 0.156863
21 0.156863
22 0.156863
23 0.988235
24 0.988235
25 0.981537
26 0.377121
27 0.421164
28 0.158631
29 0.190201
30 0.79075
31 0.0351958
0 0.394729
1 0.0541156
2 0.059893
3 0.0463458
4 0.0741533
5 0.00784314
6 0.0178253
7 0.415686
8 0.465954
9 0.0745098
10 0.156863
11 0.0686275
12 0.174332
13 0.129412
14 0.369875
15 0.407843
16 0.407843
17 0.0406416
18 0.0727272
19 0.572549
20 0.0989306
21 0.176471
22 0.17647
23 0.463458
24 0.788235
25 0.995681
26 0.664798
27 0.264492
28 0.0387132
29 0.492888
30 0.738926
31 0.154027
0 0.286686
1 0.0473737
2 0.461676
3 0.329768
4 0
5 0.593226
6 0.860606
7 0.980392
8 0.187879
9 0.0117647
10 0.296791
11 0.72549
12 0.276292
13 0.0196078
14 0.0196078
15 0.0142603
16 0.0117647
17 0.319964
18 0.980392
19 0.980392
20 0.100713
21 0.0588236
22 0.0588235
23 0.784314
24 0.935829
25 0.984061
26 0.502944
27 0.573914
28 0.19638
29 0.458773
30 0.893863
31 0.284856
0 0.240884
1 0.0402235
2 0.0705882
3 0.519786
4 0.427807
5 0.296613
6 0.054902
7 0.054902
8 0.054902
9 0.134759
10 0.407843
11 0.475579
12 0.674688
13 0.0196078
14 0.815508
15 0.339572
16 0.0588235
17 0.0588235
18 0.0588235
19 0.0588235
20 0.0588236
21 0.080214
22 0.17647
23 0.812478
24 0.964706
25 0.977477
26 0.514819
27 0.416554
28 0.154395
29 0.046599
30 0.886933
31 0.220867
0 0.673203
1 0.033215
2 0.181462
3 0.386096
4 0.0156863
5 0.0156863
6 0.275223
7 0.0898396
8 0.191087
9 0.454902
10 0.0472371
11 0.244207
12 0.373975
13 0.0588235
14 0.0588235
15 0.0588236
16 0.0588235
17 0.0122995
18 0.0240642
19 0.176471
20 0.176471
21 0.391622
22 0.454902
23 0.891266
24 0.624599
25 0.997622
26 0.259938
27 0.306718
28 0.0119677
29 0.546925
30 0.778872
31 0.048359
0 0.736173
1 0.0266091
2 0.630303
3 0.37861
4 0.568627
5 0.568627
6 0.568627
7 0.864528
8 0.527986
9 0.443137
10 0.383957
11 0.262389
12 0.380571
13 0.466667
14 0.466667
15 0.466667
16 0.466667
17 0.466667
18 0.77754
19 0.894118
20 0.568984
21 0
22 0
23 0.761497
24 0.787166
25 0.989992
26 0.394263
27 0.466234
28 0.0883471
29 0.533463
30 0.83455
31 0.154431
0 0.578845
1 0.0197742
2 0.388235
3 0.388235
4 0.388235
5 0.3041
6 0.156863
7 0.156863
8 0.156863
9 0.156863
10 0.466667
11 0.466667
12 0.466667
13 0.466667
14 0.466667
15 0.440285
16 0.176471
17 0.176471
18 0.176471
19 0.176471
20 0.176471
21 0.176471
22 0.17647
23 0.936898
24 0.972549
25 0.986862
26 0.40273
27 0.503475
28 0.141944
29 0.311728
30 0.814472
31 0.171765
0 0.724257
1 0.0125291
2 0.301961
3 0.255615
4 0.217112
5 0.0509804
6 0.100178
7 0.359715
8 0.466667
9 0.466667
10 0.466667
11 0.466667
12 0.452585
13 0.317291
14 0.204991
15 0.156863
16 0.156863
17 0.156863
18 0.159537
19 0.176471
20 0.176471
21 0.176471
22 0.17647
23 0.791444
24 0.901248
25 0.962932
26 0.238883
27 0.439572
28 0.0914275
29 0.152954
30 0.760464
31 0.11649
end fitness = 9.32725
