brainFunction 22862 53 21 1124 24773 2-12 13-18 19-20
0 0.0224064
1 0.799786
2 0.498039
3 0.454902
4 0.54902
5 0.609804
6 0.529412
7 0.494118
8 0.645098
9 0.517647
10 0.317647
11 0.57451
12 0.582353
13 0.642424
14 0.408913
15 0.589305
16 0.420677
17 0.615686
18 0.185027
19 0.521569
20 0.389305
21 0.893479
22 0.991551
23 0.0454223
24 0.732451
25 0.15967
26 0.0876769
27 0.902553
28 0.0779061
29 0.0178017
30 0.0206021
31 0.101274
32 0.0744374
33 0.0105987
34 0.0165986
35 0.0515318
36 0.039355
37 0.0251605
38 0.0242201
39 0.082812
40 0.00989577
41 0.00942609
42 0.00555052
43 0.00445769
44 0.00677395
45 0.00179873
46 0.00330504
47 0.00437038
48 0.0136915
49 0.00371395
50 0.0057324
51 0.00226337
52 0.00202396
0 0.869118
1 0.55355
2 0.00392157
3 0.00392157
4 0.00392157
5 0.00392157
6 0.00392157
7 0.00392157
8 0.00392157
9 0.00392157
10 0.00392157
11 0.00392157
12 0.00392157
13 0.317647
14 0.317647
15 0.317647
16 0.317647
17 0.317647
18 0.317647
19 0.984314
20 0.984314
21 0.858531
22 0.984525
23 0.216377
24 0.960457
25 0.150892
26 0.272292
27 0.947144
28 0.079257
29 0.0124025
30 0.0218102
31 0.0518742
32 0.116229
33 0.014761
34 0.0190068
35 0.0470248
36 0.0723248
37 0.0347167
38 0.03468
39 0.0853225
40 0.0307568
41 0.0632835
42 0.0456341
43 0.032148
44 0.0270823
45 0.00982773
46 0.0108456
47 0.0184696
48 0.110069
49 0.0167213
50 0.029525
51 0.0271756
52 0.00843302
0 0.181484
1 0.545883
2 0.0196078
3 0.235294
4 1
5 0.511765
6 0.5
7 0.67451
8 0.211765
9 0.0490196
10 0.176471
11 0.127451
12 0.998039
13 0.323351
14 0.843137
15 0.727629
16 0.258824
17 0.0449197
18 0.306952
19 0.874153
20 0.71016
21 0.811193
22 0.986978
23 0.0822709
24 0.949701
25 0.132878
26 0.279816
27 0.957881
28 0.065122
29 0.0120313
30 0.0288147
31 0.0586521
32 0.0859312
33 0.0153783
34 0.0273476
35 0.0513735
36 0.0479727
37 0.0383202
38 0.0250576
39 0.11376
40 0.0297537
41 0.0440902
42 0.0915518
43 0.0173457
44 0.0275778
45 0.00978613
46 0.00890073
47 0.0198298
48 0.0440331
49 0.0156396
50 0.0305796
51 0.0105762
52 0.0183865
0 0.20094
1 0.537827
2 0.262745
3 0.00392157
4 1
5 0.67451
6 0.296078
7 0.0960784
8 0.492157
9 0.0862745
10 0.331373
11 0.00784314
12 0.0156863
13 0.433155
14 0.886988
15 0.45098
16 0.272727
17 0.267023
18 0.243137
19 0.69697
20 0.916578
21 0.834704
22 0.994813
23 0.151607
24 0.910333
25 0.151086
26 0.031249
27 0.867281
28 0.0717437
29 0.0288851
30 0.0671983
31 0.13848
32 0.0793426
33 0.0119763
34 0.0223073
35 0.0679831
36 0.0671185
37 0.0439411
38 0.00577484
39 0.0602442
40 0.0633819
41 0.0622604
42 0.05445
43 0.0991081
44 0.0676492
45 0.0165074
46 0.0278134
47 0.0519379
48 0.0555022
49 0.0365684
50 0.00587311
51 0.0397832
52 0.00877115
0 0.106068
1 0.530147
2 0.0823529
3 0.321569
4 0.321569
5 0.127451
6 0.543137
7 0.129412
8 0
9 0.201961
10 1
11 1
12 1
13 0.415686
14 0.292692
15 0.275579
16 0.208556
17 0.705883
18 1
19 0.722638
20 0.926916
21 0.898183
22 0.995252
23 0.0795288
24 0.833849
25 0.196116
26 0.122715
27 0.912605
28 0.102564
29 0.0202947
30 0.0295366
31 0.11278
32 0.0854915
33 0.01442
34 0.0156476
35 0.0760611
36 0.0536369
37 0.035443
38 0.018534
39 0.0754917
40 0.010598
41 0.0132621
42 0.00933861
43 0.0178244
44 0.0159543
45 0.00309635
46 0.00486958
47 0.0113264
48 0.0242605
49 0.0061366
50 0.00367551
51 0.00740792
52 0.00166511
0 0.501774
1 0.52229
2 0.0470588
3 0.0470588
4 0.0470588
5 0.0470588
6 0.0470588
7 0.0470588
8 0.0470588
9 0.0470588
10 0.0470588
11 0.456863
12 0.866667
13 0.505882
14 0.505882
15 0.505882
16 0.505882
17 0.505882
18 0.801069
19 0.964706
20 0.937968
21 0.907545
22 0.990707
23 0.0664876
24 0.784858
25 0.173076
26 0.0856749
27 0.909201
28 0.0939655
29 0.0237738
30 0.0316805
31 0.150969
32 0.0940662
33 0.01879
34 0.0208107
35 0.0711585
36 0.0549427
37 0.0314609
38 0.0320184
39 0.10496
40 0.0162004
41 0.0158593
42 0.00816378
43 0.00778398
44 0.0104205
45 0.00353285
46 0.00544214
47 0.00742718
48 0.0204463
49 0.00642447
50 0.00963765
51 0.0037305
52 0.00356278
0 0.64883
1 0.514413
2 0.0196078
3 0.0196078
4 0.0196078
5 0.0196078
6 0.0196078
7 0.0196078
8 0.0196078
9 0.0196078
10 0.0196078
11 0.0196078
12 0.0196078
13 0.243137
14 0.243137
15 0.243137
16 0.243137
17 0.243137
18 0.243137
19 0.941176
20 0.941176
21 0.893828
22 0.988789
23 0.0885084
24 0.895375
25 0.071177
26 0.0522677
27 0.833428
28 0.0712987
29 0.0234138
30 0.0147553
31 0.20044
32 0.0930514
33 0.0125692
34 0.0186885
35 0.0758555
36 0.0362542
37 0.0326957
38 0.0267146
39 0.0735919
40 0.0345946
41 0.0443364
42 0.0573758
43 0.0577115
44 0.0266453
45 0.0161542
46 0.0278618
47 0.0373989
48 0.0559916
49 0.0318101
50 0.0179685
51 0.0191987
52 0.0185442
0 0.691944
1 0.50664
2 0.594118
3 0.0823529
4 0.101961
5 0.0235294
6 0.288235
7 0.34902
8 0.34902
9 0.34902
10 0.34902
11 0.34902
12 0.34902
13 0.0748663
14 0.0306595
15 0.243137
16 0.25098
17 0.25098
18 0.25098
19 0.588235
20 0.14902
21 0.857772
22 0.9774
23 0.105641
24 0.904332
25 0.0704358
26 0.0803864
27 0.759205
28 0.0524791
29 0.019428
30 0.0310958
31 0.136757
32 0.0779149
33 0.0136121
34 0.0210232
35 0.0506644
36 0.0490794
37 0.0346784
38 0.0250897
39 0.070505
40 0.0665045
41 0.0611787
42 0.0987229
43 0.0641095
44 0.0426377
45 0.0242334
46 0.0372876
47 0.0388573
48 0.0621707
49 0.044219
50 0.0265828
51 0.0358925
52 0.0332112
0 0.434633
1 0.498968
2 0.25098
3 0.34902
4 0.34902
5 0.34902
6 0.34902
7 0.34902
8 0.34902
9 0.34902
10 0.34902
11 0.34902
12 0.34902
13 0.25098
14 0.25098
15 0.25098
16 0.25098
17 0.25098
18 0.25098
19 0.167558
20 0.14902
21 0.839159
22 0.976922
23 0.0939194
24 0.888721
25 0.0617018
26 0.0783924
27 0.753144
28 0.0474467
29 0.0164463
30 0.0241865
31 0.119109
32 0.07185
33 0.0111818
34 0.0208266
35 0.0502813
36 0.0428836
37 0.0331011
38 0.024178
39 0.060614
40 0.0580317
41 0.0540696
42 0.0998395
43 0.063758
44 0.041731
45 0.0226929
46 0.0388955
47 0.0387585
48 0.0643095
49 0.0442224
50 0.0239202
51 0.0344885
52 0.0323675
0 0.542923
1 0.491335
2 0.34902
3 0.34902
4 0.34902
5 0.34902
6 0.34902
7 0.34902
8 0.34902
9 0.34902
10 0.34902
11 0.34902
12 0.34902
13 0.25098
14 0.25098
15 0.25098
16 0.25098
17 0.25098
18 0.25098
19 0.14902
20 0.14902
21 0.837929
22 0.976184
23 0.0959896
24 0.863578
25 0.0515536
26 0.0776834
27 0.752241
28 0.0474246
29 0.0167847
30 0.018732
31 0.120186
32 0.0724979
33 0.00915613
34 0.0211511
35 0.0505776
36 0.0349319
37 0.0333486
38 0.0246248
39 0.0517394
40 0.0539613
41 0.0534514
42 0.087029
43 0.0593522
44 0.0374094
45 0.0192216
46 0.0377301
47 0.0315656
48 0.0645927
49 0.0438231
50 0.0196877
51 0.031668
52 0.0280495
0 0.816861
1 0.483879
2 0.34902
3 0.34902
4 0.34902
5 0.34902
6 0.34902
7 0.34902
8 0.34902
9 0.34902
10 0.34902
11 0.34902
12 0.34902
13 0.25098
14 0.25098
15 0.25098
16 0.25098
17 0.25098
18 0.25098
19 0.14902
20 0.14902
21 0.834251
22 0.981729
23 0.088976
24 0.87444
25 0.0521181
26 0.0644123
27 0.783137
28 0.0491977
29 0.0182152
30 0.0273314
31 0.129313
32 0.0763752
33 0.0113419
34 0.021815
35 0.0458685
36 0.0415695
37 0.0343696
38 0.0218759
39 0.0668098
40 0.0582759
41 0.0558947
42 0.094827
43 0.0508985
44 0.0395203
45 0.0215793
46 0.0417004
47 0.0303707
48 0.0497361
49 0.045561
50 0.0188279
51 0.0277636
52 0.0355797
0 0.676939
1 0.476332
2 0.34902
3 0.34902
4 0.34902
5 0.34902
6 0.34902
7 0.34902
8 0.34902
9 0.34902
10 0.34902
11 0.482353
12 0.113725
13 0.25098
14 0.25098
15 0.25098
16 0.25098
17 0.305526
18 0.414617
19 0.14902
20 0.373262
21 0.840504
22 0.982979
23 0.0641477
24 0.875834
25 0.0814283
26 0.125538
27 0.827515
28 0.0510821
29 0.0174559
30 0.0383857
31 0.135118
32 0.0772818
33 0.0143392
34 0.0214322
35 0.0381807
36 0.0693015
37 0.0347915
38 0.0332342
39 0.0900142
40 0.0345396
41 0.0298682
42 0.0525275
43 0.0181708
44 0.0209373
45 0.0134104
46 0.0246706
47 0.0163819
48 0.0461647
49 0.0177196
50 0.022649
51 0.0124627
52 0.0179995
0 0.537557
1 0.468711
2 0.34902
3 0.34902
4 0.34902
5 0.34902
6 0.34902
7 0.34902
8 0.113725
9 0.113725
10 0.00588235
11 0.0117647
12 0.0117647
13 0.25098
14 0.25098
15 0.25098
16 0.299465
17 0.231016
18 0.317647
19 0.14902
20 0.706952
21 0.85476
22 0.988623
23 0.0612157
24 0.764531
25 0.102192
26 0.141645
27 0.871788
28 0.0608148
29 0.0199778
30 0.032127
31 0.144976
32 0.0959603
33 0.0174269
34 0.0272229
35 0.0533251
36 0.0573716
37 0.0432786
38 0.0330537
39 0.0812889
40 0.0240893
41 0.0178104
42 0.0260371
43 0.0115868
44 0.0178301
45 0.00678333
46 0.0133685
47 0.0124588
48 0.0289692
49 0.009403
50 0.01248
51 0.00639291
52 0.00797976
0 0.875672
1 0.461143
2 0.34902
3 0.34902
4 0.34902
5 0.113725
6 0.113725
7 0
8 0.027451
9 0.027451
10 0.027451
11 0.027451
12 0.027451
13 0.25098
14 0.275223
15 0.231016
16 0.231016
17 0.317647
18 0.317647
19 0.352228
20 0.877005
21 0.910225
22 0.991607
23 0.0709796
24 0.818985
25 0.202505
26 0.0864403
27 0.906961
28 0.111443
29 0.0342337
30 0.0485961
31 0.192011
32 0.116603
33 0.0273318
34 0.0259753
35 0.0962235
36 0.0718171
37 0.0398323
38 0.0379041
39 0.153105
40 0.0179234
41 0.0201337
42 0.0114823
43 0.0095066
44 0.0139396
45 0.00514812
46 0.00691542
47 0.00961298
48 0.0227529
49 0.00697241
50 0.0125622
51 0.00478643
52 0.00426776
0 0.422811
1 0.453824
2 0.0156863
3 0.0156863
4 0.0156863
5 0.0156863
6 0.0156863
7 0.0196078
8 0.0235294
9 0.0235294
10 0.0235294
11 0.0235294
12 0.0235294
13 0.243137
14 0.243137
15 0.243137
16 0.317647
17 0.317647
18 0.317647
19 0.92549
20 0.964706
21 0.920553
22 0.992572
23 0.0739465
24 0.877035
25 0.197772
26 0.119748
27 0.897806
28 0.0905936
29 0.0389596
30 0.0807616
31 0.214409
32 0.112304
33 0.0417819
34 0.0254312
35 0.0567468
36 0.116533
37 0.046974
38 0.0361598
39 0.180192
40 0.0337203
41 0.0275613
42 0.0236947
43 0.0152034
44 0.0220574
45 0.0117759
46 0.0105582
47 0.0145516
48 0.026821
49 0.00869403
50 0.0179989
51 0.00698628
52 0.00853783
0 0.0173891
1 0.446233
2 0
3 0
4 0.0196078
5 0.0392157
6 0.0392157
7 0.0392157
8 0.0392157
9 0.0392157
10 0.0392157
11 0.0392157
12 0.0392157
13 0
14 0.202139
15 0.317647
16 0.317647
17 0.317647
18 0.317647
19 0.53262
20 0.976471
21 0.918769
22 0.99327
23 0.132729
24 0.956001
25 0.252854
26 0.16708
27 0.951795
28 0.114783
29 0.0185221
30 0.0298042
31 0.0802437
32 0.121522
33 0.00648037
34 0.0268918
35 0.0925084
36 0.0887995
37 0.0607373
38 0.044426
39 0.212322
40 0.0202149
41 0.0432956
42 0.034202
43 0.0146184
44 0.0122823
45 0.00485108
46 0.0153311
47 0.00676287
48 0.0565576
49 0.0188113
50 0.0284858
51 0.0134642
52 0.00795549
0 0.270212
1 0.438705
2 0.027451
3 0.027451
4 0.503922
5 0.980392
6 0.980392
7 0.027451
8 0.027451
9 0.027451
10 0.027451
11 0.027451
12 0.027451
13 0.317647
14 0.739394
15 0.799643
16 0.317647
17 0.317647
18 0.317647
19 0.971836
20 0.964706
21 0.879489
22 0.996534
23 0.149999
24 0.877101
25 0.181478
26 0.0568078
27 0.915626
28 0.113018
29 0.0390657
30 0.0523067
31 0.200798
32 0.100476
33 0.0281248
34 0.0236386
35 0.101158
36 0.0816747
37 0.0575687
38 0.0198845
39 0.0991305
40 0.0212484
41 0.0256818
42 0.0119855
43 0.0487785
44 0.0363346
45 0.00625069
46 0.00818801
47 0.0337962
48 0.0334738
49 0.0183238
50 0.00367621
51 0.0156271
52 0.00267286
0 0.216004
1 0.430814
2 0.0392157
3 0.0392157
4 0.0392157
5 0.0392157
6 0.0392157
7 0.0392157
8 0.0392157
9 0.0392157
10 0.0392157
11 1
12 1
13 0.317647
14 0.317647
15 0.317647
16 0.317647
17 0.379679
18 1
19 0.980392
20 0.987522
21 0.903927
22 0.992428
23 0.0792191
24 0.782164
25 0.208524
26 0.0783532
27 0.917792
28 0.122083
29 0.0295658
30 0.0391632
31 0.182259
32 0.115943
33 0.0271746
34 0.0283376
35 0.0907753
36 0.0667748
37 0.0439684
38 0.0398672
39 0.148764
40 0.0211501
41 0.0227468
42 0.0101973
43 0.0108136
44 0.0132607
45 0.00574559
46 0.00728312
47 0.00948626
48 0.0237751
49 0.00896277
50 0.0129784
51 0.00557466
52 0.00387199
0 0.661336
1 0.423227
2 0.027451
3 0.027451
4 0.027451
5 0.027451
6 0.027451
7 0.027451
8 0.027451
9 0.027451
10 0.027451
11 0.027451
12 0.027451
13 0.243137
14 0.243137
15 0.243137
16 0.243137
17 0.243137
18 0.243137
19 1
20 1
21 0.902647
22 0.991699
23 0.130978
24 0.841075
25 0.142576
26 0.0985564
27 0.870083
28 0.0913981
29 0.0378769
30 0.0352106
31 0.209001
32 0.116652
33 0.0178954
34 0.0276155
35 0.0864824
36 0.0638071
37 0.0617211
38 0.0216902
39 0.0956345
40 0.0455012
41 0.0392078
42 0.0270717
43 0.0277662
44 0.031857
45 0.0138156
46 0.020687
47 0.0200842
48 0.0428399
49 0.0164421
50 0.0140638
51 0.0231926
52 0.00861144
0 0.68645
1 0.415734
2 0.129412
3 0.233333
4 0.0117647
5 0.256863
6 0.1
7 0.2
8 0
9 0.1
10 0.498039
11 0.0862745
12 0.341176
13 0.106952
14 0.270945
15 0.31943
16 0.240642
17 0.484492
18 0.410695
19 0.62959
20 0.616399
21 0.909301
22 0.990049
23 0.0528491
24 0.912766
25 0.144225
26 0.225487
27 0.80824
28 0.0789676
29 0.0261336
30 0.0276089
31 0.155925
32 0.115257
33 0.0142335
34 0.0205878
35 0.120508
36 0.0564588
37 0.06924
38 0.0288863
39 0.108755
40 0.0171116
41 0.0353626
42 0.0436569
43 0.0256491
44 0.0290967
45 0.0138773
46 0.0152514
47 0.0213381
48 0.0387796
49 0.0151109
50 0.0139518
51 0.0196957
52 0.0186425
0 0.571873
1 0.408195
2 0.2
3 0.2
4 0.2
5 0.2
6 0.2
7 0.2
8 0.2
9 0.2
10 0.2
11 0.2
12 0.2
13 0.6
14 0.6
15 0.6
16 0.6
17 0.6
18 0.6
19 0.2
20 0.2
21 0.825593
22 0.98862
23 0.0620064
24 0.772614
25 0.102312
26 0.071961
27 0.917647
28 0.0880371
29 0.033405
30 0.0424975
31 0.196456
32 0.100282
33 0.0325491
34 0.0359556
35 0.0898879
36 0.0702427
37 0.0447015
38 0.0415722
39 0.11537
40 0.0569802
41 0.03921
42 0.0271883
43 0.0267181
44 0.0266607
45 0.0107514
46 0.0138978
47 0.0277135
48 0.0363627
49 0.0187893
50 0.0134207
51 0.00875726
52 0.0101862
0 0.653718
1 0.494569
2 0.143137
3 0.203922
4 0.67451
5 0.00392157
6 0.00392157
7 0.00196078
8 0.00784314
9 0.0294118
10 0
11 0.5
12 0.1
13 0.147594
14 0.0834225
15 0.0149733
16 0.191087
17 0.135116
18 0.314438
19 0.71943
20 0.786096
21 0.888378
22 0.987403
23 0.150245
24 0.712537
25 0.0843151
26 0.0667619
27 0.865587
28 0.0784377
29 0.0367074
30 0.02707
31 0.220799
32 0.130615
33 0.0308897
34 0.0494682
35 0.062254
36 0.0562466
37 0.0522635
38 0.0381063
39 0.0697794
40 0.0466554
41 0.0545056
42 0.037819
43 0.0420003
44 0.030021
45 0.0105448
46 0.0277018
47 0.0227018
48 0.0508884
49 0.0369457
50 0.0121436
51 0.0182364
52 0.00825572
0 0.997969
1 0.57302
2 0
3 0
4 0.103922
5 0.1
6 0
7 0.0117647
8 0
9 0.496078
10 0.231373
11 0.34902
12 0.34902
13 0
14 0.274866
15 0.114438
16 0.0313726
17 0.297326
18 0.25098
19 0.552941
20 0.562567
21 0.889543
22 0.994945
23 0.265205
24 0.827884
25 0.0970267
26 0.0891749
27 0.925839
28 0.0885267
29 0.0350459
30 0.0662644
31 0.21602
32 0.141276
33 0.0318382
34 0.0435158
35 0.0409972
36 0.0996978
37 0.0536356
38 0.0287894
39 0.0684136
40 0.0403306
41 0.0536857
42 0.0523602
43 0.0796612
44 0.0505869
45 0.00997492
46 0.0416958
47 0.0408617
48 0.0562004
49 0.0581417
50 0.00515835
51 0.0420192
52 0.00429609
0 0.366508
1 0.657918
2 0
3 0
4 0.00980392
5 0.490196
6 0.0196078
7 0.00392157
8 0.00392157
9 0.5
10 0
11 1
12 1
13 0.0737968
14 0.33262
15 0.433155
16 0.0431373
17 0.499109
18 1
19 0.540463
20 0.996791
21 0.916959
22 0.997861
23 0.117574
24 0.977322
25 0.0553721
26 0.0374695
27 0.974453
28 0.161893
29 0.0259947
30 0.0229586
31 0.14117
32 0.113783
33 0.00273835
34 0.0126622
35 0.107711
36 0.0184864
37 0.0399415
38 0.014687
39 0.206389
40 0.0696288
41 0.478026
42 0.511371
43 0.16337
44 0.0779455
45 0.0670941
46 0.0831642
47 0.0167045
48 0.18145
49 0.108023
50 0.0414583
51 0.103904
52 0.0741876
0 0.723982
1 0.650446
2 0.476471
3 0.054902
4 0.67451
5 1
6 1
7 1
8 1
9 1
10 1
11 0.541176
12 0.121569
13 0.648485
14 0.775045
15 1
16 1
17 1
18 0.517647
19 0.859893
20 0.997861
21 0.832318
22 0.994341
23 0.026938
24 0.826205
25 0.114383
26 0.0411446
27 0.859847
28 0.0703193
29 0.0252915
30 0.0103353
31 0.173642
32 0.0687343
33 0.0067242
34 0.0179182
35 0.0627934
36 0.0345656
37 0.0375105
38 0.0296787
39 0.12441
40 0.032266
41 0.0299368
42 0.0252168
43 0.0251709
44 0.0230441
45 0.00728911
46 0.0159331
47 0.0233308
48 0.0423562
49 0.0145103
50 0.00976974
51 0.0162654
52 0.00576499
0 0.769032
1 0.64306
2 0.329412
3 0
4 0
5 0
6 0.0784314
7 0.0784314
8 0.27451
9 0.2
10 0.27451
11 0.34902
12 0.34902
13 0.199287
14 0.0431373
15 0.412121
16 0.475936
17 0.473084
18 0.25098
19 0.869519
20 0.242068
21 0.899991
22 0.984587
23 0.113018
24 0.847529
25 0.063707
26 0.111542
27 0.873471
28 0.0889302
29 0.03987
30 0.0198001
31 0.200941
32 0.106796
33 0.0144526
34 0.0240884
35 0.06147
36 0.053519
37 0.0500846
38 0.0396809
39 0.107459
40 0.0754248
41 0.0845418
42 0.0800247
43 0.0629415
44 0.045798
45 0.0181297
46 0.0287798
47 0.0212482
48 0.0824783
49 0.0326544
50 0.0147034
51 0.0334187
52 0.0199735
0 0.879781
1 0.636018
2 0.00392157
3 0.196078
4 0.34902
5 0.34902
6 0.2
7 0.2
8 0.27451
9 0.34902
10 0.34902
11 0.34902
12 0.34902
13 0.0809269
14 0.25098
15 0.536542
16 0.441355
17 0.25098
18 0.25098
19 0.308021
20 0.158289
21 0.84847
22 0.986183
23 0.115028
24 0.926084
25 0.0827439
26 0.0659873
27 0.790991
28 0.0570101
29 0.0184027
30 0.0396795
31 0.173257
32 0.114915
33 0.0301701
34 0.0364329
35 0.0652856
36 0.0716711
37 0.0635369
38 0.0279538
39 0.0818893
40 0.0362163
41 0.0805596
42 0.113223
43 0.072495
44 0.0734281
45 0.025942
46 0.0515449
47 0.0457934
48 0.121855
49 0.0712932
50 0.0186284
51 0.0470907
52 0.0313856
0 0.426107
1 0.628789
2 0.2
3 0.2
4 0.2
5 0.27451
6 0.34902
7 0.34902
8 0.34902
9 0.34902
10 0.34902
11 0.496078
12 0.505882
13 0.6
14 0.568271
15 0.25098
16 0.25098
17 0.250267
18 0.665597
19 0.181462
20 0.451693
21 0.852774
22 0.991972
23 0.0938876
24 0.823505
25 0.0482075
26 0.0363514
27 0.861803
28 0.0619993
29 0.0283247
30 0.0561556
31 0.198129
32 0.0901561
33 0.0176062
34 0.0286101
35 0.0474262
36 0.0523274
37 0.0387391
38 0.0194847
39 0.104949
40 0.0974497
41 0.140935
42 0.24051
43 0.0905863
44 0.0616943
45 0.0420194
46 0.102765
47 0.0359461
48 0.0757158
49 0.0746952
50 0.0277649
51 0.0463928
52 0.0535906
0 0.600193
1 0.621503
2 0.34902
3 0.34902
4 0.34902
5 0.34902
6 0.34902
7 0.34902
8 0.182353
9 0.980392
10 0.490196
11 0.490196
12 0.00392157
13 0.25098
14 0.25098
15 0.25098
16 0.381462
17 0.712656
18 0.37647
19 0.14902
20 0.739037
21 0.856287
22 0.991839
23 0.0519369
24 0.938747
25 0.124426
26 0.0676578
27 0.870854
28 0.071945
29 0.0165208
30 0.023004
31 0.142885
32 0.108502
33 0.0162498
34 0.0182932
35 0.0407938
36 0.108529
37 0.0435017
38 0.0490062
39 0.178481
40 0.0361743
41 0.0623702
42 0.0581679
43 0.0294213
44 0.0313214
45 0.0265909
46 0.0384085
47 0.0310122
48 0.0943816
49 0.0266868
50 0.0320167
51 0.0403417
52 0.0237675
0 0.303588
1 0.614611
2 0.34902
3 0.34902
4 0.34902
5 0.178431
6 0.452941
7 0.898039
8 0
9 0
10 0.17451
11 0.34902
12 0.178431
13 0.25098
14 0.257041
15 0.634225
16 0.421747
17 0.113369
18 0.269162
19 0.438503
20 0.493048
21 0.755738
22 0.977338
23 0.255077
24 0.885967
25 0.104416
26 0.136947
27 0.907594
28 0.0695127
29 0.015391
30 0.0335277
31 0.0758512
32 0.107696
33 0.0245002
34 0.0487263
35 0.120475
36 0.060214
37 0.0820259
38 0.0350012
39 0.119007
40 0.112701
41 0.0699265
42 0.108632
43 0.0494281
44 0.12335
45 0.0132674
46 0.0286071
47 0.0480338
48 0.0874447
49 0.0516027
50 0.0451146
51 0.119618
52 0.0370769
0 0.287504
1 0.607389
2 0.0392157
3 0.960784
4 0.960784
5 0.960784
6 0.1
7 0
8 0.34902
9 0.34902
10 0.34902
11 0.327451
12 0.327451
13 0.609982
14 0.960784
15 0.338324
16 0.182531
17 0.25098
18 0.246702
19 0.719786
20 0.28164
21 0.85031
22 0.989778
23 0.038903
24 0.921506
25 0.0802641
26 0.0807539
27 0.863496
28 0.0568357
29 0.0195977
30 0.0487571
31 0.217475
32 0.0996912
33 0.0370461
34 0.0302844
35 0.0404357
36 0.10208
37 0.0466513
38 0.051381
39 0.176912
40 0.0250277
41 0.0494192
42 0.132819
43 0.0447654
44 0.0361644
45 0.0369934
46 0.0489652
47 0.0520748
48 0.0884781
49 0.0369294
50 0.0476977
51 0.0198558
52 0.0352036
0 0.0409403
1 0.600115
2 0.668627
3 0
4 0
5 0
6 0.27451
7 0.34902
8 0.34902
9 0.356863
10 0.0117647
11 0.0117647
12 0.0117647
13 0.337968
14 0
15 0.300535
16 0.249554
17 0.28057
18 0.301961
19 0.148663
20 0.718717
21 0.83964
22 0.993712
23 0.158928
24 0.884823
25 0.0801061
26 0.0682742
27 0.871552
28 0.0719142
29 0.0466851
30 0.0784038
31 0.255489
32 0.106212
33 0.0277498
34 0.0367223
35 0.0410388
36 0.109589
37 0.071403
38 0.0248967
39 0.0707596
40 0.0834312
41 0.0680666
42 0.0650243
43 0.103322
44 0.0874996
45 0.0210612
46 0.0419816
47 0.043573
48 0.0905198
49 0.0466995
50 0.00593054
51 0.0458331
52 0.00911428
0 0.422266
1 0.593183
2 0
3 0.34902
4 0.34902
5 0.34902
6 0.34902
7 0.186275
8 0.0117647
9 0.0117647
10 0.0705882
11 1
12 1
13 0.114082
14 0.25098
15 0.248841
16 0.301961
17 0.333333
18 1
19 0.194652
20 0.946524
21 0.848425
22 0.99189
23 0.0862949
24 0.774478
25 0.0909096
26 0.0522631
27 0.850296
28 0.0916757
29 0.0280397
30 0.0288539
31 0.209772
32 0.128821
33 0.0354436
34 0.0337535
35 0.0875089
36 0.0637977
37 0.0483592
38 0.0413129
39 0.139377
40 0.0359259
41 0.0481518
42 0.0478141
43 0.0438068
44 0.0363012
45 0.0182626
46 0.0251814
47 0.0368026
48 0.0491195
49 0.0333005
50 0.013571
51 0.0184323
52 0.0191424
0 0.621765
1 0.372435
2 0.34902
3 0.34902
4 0.182353
5 0.0156863
6 0.0156863
7 0.107843
8 0.105882
9 0.494118
10 0.027451
11 0.482353
12 0.2
13 0.25098
14 0.283422
15 0.301961
16 0.36221
17 0.15508
18 0.633511
19 0.521212
20 0.55615
21 0.862383
22 0.98878
23 0.108253
24 0.900533
25 0.12533
26 0.071285
27 0.859472
28 0.0961738
29 0.0342884
30 0.0584068
31 0.210572
32 0.135889
33 0.0428506
34 0.0397916
35 0.10681
36 0.0803676
37 0.0702562
38 0.051754
39 0.185296
40 0.0446008
41 0.0495779
42 0.0460798
43 0.035529
44 0.0431212
45 0.0214394
46 0.025923
47 0.0332525
48 0.052598
49 0.0265134
50 0.0377497
51 0.0249829
52 0.0201179
0 0.212459
1 0.365625
2 0.262745
3 0.305882
4 0.15098
5 0.2
6 0.190196
7 0.180392
8 0.305882
9 0.1
10 0
11 0.154902
12 0.109804
13 0.244563
14 0.293405
15 0.211765
16 0.229234
17 0.254189
18 0.368984
19 0.634581
20 0.655258
21 0.880478
22 0.992794
23 0.0960437
24 0.820563
25 0.108671
26 0.09108
27 0.900721
28 0.10291
29 0.0368882
30 0.0271809
31 0.233709
32 0.11651
33 0.0181413
34 0.0362311
35 0.137782
36 0.0569566
37 0.0794393
38 0.0438699
39 0.120954
40 0.0319402
41 0.0320101
42 0.0310702
43 0.030398
44 0.0260942
45 0.0129599
46 0.0296282
47 0.0317887
48 0.0422474
49 0.0212903
50 0.018176
51 0.0279885
52 0.00855483
0 0.962866
1 0.358591
2 0.443137
3 0.141176
4 0.115686
5 0.368627
6 0
7 0.27451
8 0
9 0.113725
10 0.109804
11 0.25098
12 0.25098
13 0.272014
14 0.134759
15 0.172906
16 0.237433
17 0.455971
18 0.25098
19 0.692692
20 0.552228
21 0.879911
22 0.993989
23 0.074371
24 0.803741
25 0.120704
26 0.102333
27 0.910279
28 0.124456
29 0.0529949
30 0.0404929
31 0.254959
32 0.134276
33 0.0263721
34 0.0346645
35 0.13885
36 0.0527987
37 0.0726993
38 0.03965
39 0.142359
40 0.0353092
41 0.0484622
42 0.0273316
43 0.0234583
44 0.0269545
45 0.0134157
46 0.0146069
47 0.0139589
48 0.0451025
49 0.0131699
50 0.0143722
51 0.011614
52 0.00788054
0 0.995812
1 0.351757
2 0.180392
3 0.178431
4 0.32549
5 0.1
6 0.0941176
7 0.147059
8 0.105882
9 0.105882
10 0.105882
11 0.105882
12 0.198039
13 0.26631
14 0.304813
15 0.189305
16 0.494118
17 0.494118
18 0.438503
19 0.730481
20 0.910517
21 0.830761
22 0.987872
23 0.106446
24 0.794768
25 0.101939
26 0.0589563
27 0.833123
28 0.0860898
29 0.0353677
30 0.0355365
31 0.26288
32 0.148866
33 0.0500109
34 0.0520209
35 0.111164
36 0.0840551
37 0.0785991
38 0.053059
39 0.143299
40 0.0555203
41 0.0413947
42 0.0384024
43 0.0348747
44 0.0451108
45 0.0200689
46 0.0330131
47 0.0420255
48 0.062114
49 0.0325142
50 0.0211026
51 0.0224086
52 0.0221522
0 0.760963
1 0.345018
2 0.4
3 0.5
4 0.25098
5 0.0666667
6 0.0588235
7 0.0588235
8 0.0392157
9 0.0745098
10 0.129412
11 0.27451
12 0.103922
13 0.17861
14 0.204278
15 0.0588235
16 0.160428
17 0.0484849
18 0.372905
19 0.490553
20 0.513369
21 0.876395
22 0.993784
23 0.219771
24 0.857171
25 0.128077
26 0.0350062
27 0.873201
28 0.121483
29 0.0494993
30 0.0517344
31 0.228054
32 0.166494
33 0.0498437
34 0.0515038
35 0.133203
36 0.0722018
37 0.0945112
38 0.0224399
39 0.0893223
40 0.0462944
41 0.0685064
42 0.0301328
43 0.11644
44 0.0715276
45 0.0219833
46 0.0364593
47 0.0736596
48 0.0574981
49 0.055453
50 0.00795514
51 0.0574766
52 0.00794401
0 0.5258
1 0.338283
2 0.0117647
3 0.0117647
4 0.0117647
5 0.0117647
6 0.0117647
7 0.207843
8 0.0901961
9 0.145098
10 0.34902
11 1
12 1
13 0.282353
14 0.282353
15 0.217112
16 0.0684492
17 0.391444
18 1
19 0.868449
20 0.636364
21 0.920623
22 0.994487
23 0.140745
24 0.953463
25 0.0759268
26 0.00982487
27 0.904155
28 0.229031
29 0.0495646
30 0.0849406
31 0.200884
32 0.103792
33 0.00637037
34 0.009523
35 0.111889
36 0.0337121
37 0.0317171
38 0.0627204
39 0.456543
40 0.0894512
41 0.47135
42 0.14221
43 0.132864
44 0.0581207
45 0.0785392
46 0.039367
47 0.0100576
48 0.180005
49 0.0688705
50 0.125747
51 0.0809019
52 0.0824781
0 0.029418
1 0.33145
2 0.0196078
3 0.77451
4 0.0647059
5 0.543137
6 1
7 1
8 1
9 1
10 0.0901961
11 0.0901961
12 0.0901961
13 0.527986
14 0.226025
15 1
16 1
17 0.51836
18 0.243137
19 0.78574
20 1
21 0.780459
22 0.993413
23 0.036048
24 0.827679
25 0.0731137
26 0.0508935
27 0.854037
28 0.0773794
29 0.0627223
30 0.0387061
31 0.245306
32 0.0757069
33 0.0133119
34 0.0223721
35 0.0586258
36 0.0563913
37 0.077881
38 0.0311056
39 0.126252
40 0.0604664
41 0.0567039
42 0.0373754
43 0.0328335
44 0.0314878
45 0.0265445
46 0.0324091
47 0.0191978
48 0.0525052
49 0.0173757
50 0.0184808
51 0.020031
52 0.0166972
0 0.917339
1 0.324644
2 0.34902
3 0.34902
4 0.268627
5 0.188235
6 0.215686
7 0.354902
8 0.109804
9 0.109804
10 0.109804
11 0.109804
12 0.109804
13 0.25098
14 0.0912656
15 0.159358
16 0.457754
17 0.494118
18 0.494118
19 0.31943
20 0.895544
21 0.915827
22 0.994735
23 0.102913
24 0.837141
25 0.233601
26 0.120878
27 0.917884
28 0.140668
29 0.0361985
30 0.0321146
31 0.165412
32 0.151499
33 0.0254654
34 0.0303438
35 0.176471
36 0.0590352
37 0.078395
38 0.0457751
39 0.165214
40 0.015304
41 0.0341567
42 0.0185643
43 0.0236683
44 0.0260338
45 0.00809659
46 0.0110624
47 0.0148986
48 0.0497285
49 0.00966287
50 0.0154368
51 0.0180232
52 0.00429427
0 0.680572
1 0.318043
2 0.0941176
3 0.0941176
4 0.0941176
5 0.0941176
6 0.0941176
7 0.0941176
8 0.0941176
9 0.0941176
10 0.0941176
11 0.0941176
12 0.619608
13 0.494118
14 0.494118
15 0.494118
16 0.494118
17 0.494118
18 0.370053
19 0.956863
20 0.786453
21 0.859837
22 0.989848
23 0.295064
24 0.909109
25 0.0317951
26 0.0142318
27 0.85261
28 0.0767614
29 0.0398609
30 0.0645144
31 0.222331
32 0.123155
33 0.0326743
34 0.0371171
35 0.0730365
36 0.0462124
37 0.0688558
38 0.0293598
39 0.115015
40 0.232851
41 0.378284
42 0.31881
43 0.37949
44 0.237257
45 0.15532
46 0.134129
47 0.0958721
48 0.261259
49 0.217508
50 0.0529204
51 0.182728
52 0.101529
0 0.495891
1 0.311023
2 0.205882
3 0.34902
4 0.34902
5 0.34902
6 0.34902
7 0.537255
8 0.72549
9 0.72549
10 0.72549
11 0.72549
12 0.862745
13 0.199643
14 0.25098
15 0.25098
16 0.266667
17 0.266667
18 0.198217
19 0.141176
20 0.750446
21 0.652452
22 0.979118
23 0.0487667
24 0.876836
25 0.0193973
26 0.0205596
27 0.713817
28 0.0335332
29 0.0130631
30 0.013129
31 0.0902928
32 0.0545708
33 0.00675116
34 0.0231221
35 0.0234548
36 0.0235782
37 0.0344806
38 0.0158526
39 0.0571229
40 0.180338
41 0.233205
42 0.26803
43 0.160699
44 0.0796167
45 0.119329
46 0.134978
47 0.0570347
48 0.248364
49 0.14088
50 0.0439483
51 0.113685
52 0.0798303
0 0.876459
1 0.301039
2 0.34902
3 0.34902
4 0.517647
5 0.517647
6 0.517647
7 0.517647
8 0.517647
9 0.517647
10 0.758824
11 0.0568627
12 0.578431
13 0.25098
14 0.265241
15 0.266667
16 0.266667
17 0.202852
18 0.427807
19 0.0691622
20 0.37754
21 0.639154
22 0.978857
23 0.0738682
24 0.969379
25 0.0139094
26 0.0293193
27 0.854733
28 0.0311004
29 0.00832689
30 0.025352
31 0.0650924
32 0.0577839
33 0.00728065
34 0.0233972
35 0.0264815
36 0.0229152
37 0.0424294
38 0.034465
39 0.121083
40 0.16285
41 0.160589
42 0.323528
43 0.101273
44 0.108492
45 0.0943624
46 0.127781
47 0.0668723
48 0.171174
49 0.0940818
50 0.231763
51 0.154299
52 0.167608
0 0.177759
1 0.289905
2 0.823529
3 0.823529
4 0.823529
5 0.823529
6 0.823529
7 0.823529
8 1
9 0.0254902
10 0.0156863
11 0.0862745
12 0.1
13 0.266667
14 0.266667
15 0.266667
16 0.139037
17 0.256685
18 0.22139
19 0.262745
20 0.643137
21 0.596279
22 0.987235
23 0.0559059
24 0.780874
25 0.0461928
26 0.0524688
27 0.900635
28 0.0495619
29 0.0131572
30 0.0148845
31 0.0824676
32 0.0862122
33 0.0264346
34 0.0273513
35 0.0523433
36 0.0514108
37 0.0350134
38 0.0361724
39 0.140077
40 0.0964846
41 0.0343274
42 0.0925489
43 0.0467622
44 0.0622006
45 0.0248437
46 0.0309698
47 0.105188
48 0.0726717
49 0.0200227
50 0.0579191
51 0.0368359
52 0.0319035
0 0.223759
1 0.277733
2 0.843137
3 1
4 1
5 0.0352941
6 0.0352941
7 0.0647059
8 0.1
9 0.182353
10 0.0156863
11 0.182353
12 0.34902
13 0.0841355
14 0.12549
15 0.26631
16 0.209269
17 0.0228164
18 0.205348
19 0.82852
20 0.404635
21 0.831366
22 0.985063
23 0.173618
24 0.831539
25 0.067722
26 0.0599996
27 0.846303
28 0.0829683
29 0.0446002
30 0.0410957
31 0.195723
32 0.121045
33 0.0296123
34 0.0450328
35 0.0941502
36 0.0544906
37 0.0809309
38 0.0275809
39 0.0736929
40 0.0469096
41 0.0760986
42 0.0528109
43 0.0904836
44 0.0558387
45 0.0260483
46 0.0352113
47 0.0419742
48 0.114431
49 0.0372558
50 0.0227283
51 0.0432129
52 0.0108892
0 0.69462
1 0.266446
2 0.0862745
3 0.0862745
4 0.0862745
5 0.0411765
6 0.17451
7 0.190196
8 0.190196
9 0.27451
10 0.327451
11 0.0588235
12 1
13 0.317647
14 0.224599
15 0.136898
16 0.114082
17 0.357219
18 0.628164
19 0.573619
20 0.678075
21 0.873737
22 0.991883
23 0.121047
24 0.81699
25 0.0447274
26 0.0181245
27 0.838696
28 0.121442
29 0.0983281
30 0.0919363
31 0.310716
32 0.127642
33 0.0288804
34 0.0346197
35 0.116162
36 0.0261247
37 0.0574446
38 0.0108957
39 0.141909
40 0.236208
41 0.35914
42 0.30099
43 0.215801
44 0.12496
45 0.155813
46 0.0949646
47 0.0437159
48 0.0881568
49 0.0716972
50 0.045812
51 0.0613415
52 0.0855698
0 0.642601
1 0.254535
2 0.121569
3 0.17451
4 0.180392
5 0.0117647
6 0.180392
7 0.243137
8 0.568627
9 1
10 1
11 0.135294
12 0.2
13 0.111943
14 0.0912656
15 0.136898
16 0.471658
17 0.931194
18 0.535116
19 0.415686
20 0.75615
21 0.819862
22 0.993567
23 0.0451989
24 0.720215
25 0.141028
26 0.0292509
27 0.885639
28 0.0925923
29 0.0219253
30 0.0209274
31 0.132986
32 0.102021
33 0.016013
34 0.0352958
35 0.0863277
36 0.0455824
37 0.0550511
38 0.0470895
39 0.16923
40 0.0401615
41 0.047755
42 0.0183
43 0.019199
44 0.0200813
45 0.0132108
46 0.0230396
47 0.0151933
48 0.0483053
49 0.0215526
50 0.0214949
51 0.0160637
52 0.0083979
0 0.878104
1 0.248027
2 0.12549
3 0.12549
4 0.12549
5 0.12549
6 0.12549
7 0.12549
8 0.12549
9 0.12549
10 0.12549
11 0.12549
12 0.12549
13 0.243137
14 0.243137
15 0.243137
16 0.243137
17 0.243137
18 0.243137
19 1
20 1
21 0.889452
22 0.992306
23 0.124572
24 0.904266
25 0.119604
26 0.118796
27 0.867678
28 0.0797591
29 0.0297601
30 0.0311307
31 0.16872
32 0.155951
33 0.0283276
34 0.0407821
35 0.101751
36 0.0889344
37 0.112137
38 0.0582336
39 0.162731
40 0.0210344
41 0.0362872
42 0.0412398
43 0.0380801
44 0.0319679
45 0.016432
46 0.0384695
47 0.033914
48 0.0599397
49 0.0324094
50 0.0274945
51 0.0353246
52 0.0160227
0 0.538467
1 0.241666
2 0.34902
3 0.00392157
4 0.00392157
5 0.294118
6 0.27451
7 0.105882
8 0.0784314
9 0.113725
10 0.0196078
11 0.284314
12 0.364706
13 0.265241
14 0.379323
15 0.467736
16 0.133333
17 0.358289
18 0.403565
19 0.444207
20 0.588235
21 0.851366
22 0.992185
23 0.0809117
24 0.896567
25 0.170385
26 0.116336
27 0.888357
28 0.109179
29 0.046112
30 0.0478425
31 0.172221
32 0.170837
33 0.0743981
34 0.0539801
35 0.185564
36 0.0821471
37 0.107415
38 0.0539532
39 0.240515
40 0.0509036
41 0.0725525
42 0.0633235
43 0.0403566
44 0.0518141
45 0.0347873
46 0.0195285
47 0.0400788
48 0.0618755
49 0.0220961
50 0.0582271
51 0.0247829
52 0.0328182
0 0.313308
1 0.23495
2 0.25098
3 0.219608
4 0.6
5 0
6 0.143137
7 0.115686
8 0.123529
9 0.170588
10 0.203922
11 0.045098
12 0.0627451
13 0.170766
14 0.571479
15 0.211765
16 0.367201
17 0.380392
18 0.165775
19 0.742246
20 0.610339
21 0.897967
22 0.991391
23 0.0815904
24 0.894797
25 0.107086
26 0.0385947
27 0.874007
28 0.123222
29 0.0705258
30 0.0561401
31 0.22159
32 0.136616
33 0.0283054
34 0.0401098
35 0.174803
36 0.0568556
37 0.109037
38 0.0340976
39 0.257831
40 0.122147
41 0.167903
42 0.119596
43 0.10337
44 0.0830643
45 0.0785481
46 0.0512726
47 0.0488922
48 0.0738229
49 0.0459216
50 0.05483
51 0.0625602
52 0.0696353
0 0.440838
1 0.228292
2 0.0705882
3 0.0745098
4 0.282353
5 0.12549
6 0.190196
7 0.227451
8 0.376471
9 0.376471
10 0.709804
11 0.290196
12 0.0784314
13 0.237077
14 0.189661
15 0.373262
16 0.376471
17 0.569697
18 0.12656
19 0.503387
20 0.470945
21 0.814195
22 0.998495
23 0.15656
24 0.979578
25 0.0403338
26 0.0101614
27 0.959083
28 0.0977375
29 0.0144405
30 0.0248532
31 0.0779818
32 0.100159
33 0.00422124
34 0.0138404
35 0.210343
36 0.0249219
37 0.0868146
38 0.0123161
39 0.23369
40 0.109752
41 0.419294
42 0.582675
43 0.37833
44 0.27226
45 0.138147
46 0.178708
47 0.116479
48 0.318016
49 0.186325
50 0.0913253
51 0.471058
52 0.184078
0 0.0888544
1 0.221783
2 0.913725
3 0.913725
4 0.913725
5 0.913725
6 0.913725
7 0.913725
8 0.913725
9 0.913725
10 0.913725
11 0.913725
12 0.913725
13 0.913725
14 0.913725
15 0.913725
16 0.913725
17 0.913726
18 0.913725
19 0.913725
20 0.913725
21 0.716879
22 0.995017
23 0.0157399
24 0.714116
25 0.0858276
26 0.0313546
27 0.838532
28 0.031955
29 0.0153333
30 0.0117307
31 0.0532363
32 0.0553595
33 0.00897932
34 0.0232938
35 0.0304793
36 0.0261566
37 0.0313313
38 0.02483
39 0.12913
40 0.0256674
41 0.0278811
42 0.0101394
43 0.00987991
44 0.0130226
45 0.00743069
46 0.0129904
47 0.0110373
48 0.0337863
49 0.0147195
50 0.0165619
51 0.0132289
52 0.00763535
0 0.842623
1 0.214755
2 0.0745098
3 0.0745098
4 0.0745098
5 0.0745098
6 0.0745098
7 0.0745098
8 0.0745098
9 0.0745098
10 0.0745098
11 0.0745098
12 0.0745098
13 0.301961
14 0.301961
15 0.301961
16 0.301961
17 0.301961
18 0.301961
19 0.996078
20 0.996078
21 0.869769
22 0.982719
23 0.147895
24 0.890609
25 0.0850467
26 0.0392575
27 0.838651
28 0.130822
29 0.098225
30 0.0851517
31 0.302135
32 0.136671
33 0.0566246
34 0.0418169
35 0.159131
36 0.0702244
37 0.0717654
38 0.041605
39 0.257517
40 0.118024
41 0.111356
42 0.0772758
43 0.0813456
44 0.0630398
45 0.0502482
46 0.0385657
47 0.0440338
48 0.0591227
49 0.041248
50 0.0644612
51 0.0364556
52 0.043867
0 0.0201168
1 0.208636
2 0.00392157
3 0.00392157
4 0.00392157
5 0.113725
6 0.0941176
7 0.0784314
8 0.34902
9 0.34902
10 0.27451
11 0.0117647
12 0.0117647
13 0
14 0.00392157
15 0.00784313
16 0.199644
17 0.345455
18 0.243137
19 0.759358
20 0.455258
21 0.803997
22 0.99243
23 0.0984026
24 0.869154
25 0.084622
26 0.0182085
27 0.800316
28 0.0997212
29 0.0310693
30 0.032533
31 0.268269
32 0.146157
33 0.0347963
34 0.040847
35 0.178017
36 0.0720803
37 0.0894233
38 0.0527693
39 0.267531
40 0.0870556
41 0.0782686
42 0.132542
43 0.0932557
44 0.0915905
45 0.0710102
46 0.107388
47 0.0962787
48 0.127324
49 0.058395
50 0.0827581
51 0.0877179
52 0.0902394
0 0.38138
1 0.202025
2 1
3 0.996078
4 0.0941176
5 0.0803922
6 0.34902
7 0.34902
8 0.27451
9 0.34902
10 0.34902
11 0.0666667
12 0.0745098
13 0.222103
14 0.0962567
15 0.217469
16 0.346168
17 0.233512
18 0.270588
19 0.611765
20 0.374332
21 0.837504
22 0.982349
23 0.136119
24 0.856006
25 0.026724
26 0.0254681
27 0.762565
28 0.0680169
29 0.0484028
30 0.0289896
31 0.162473
32 0.12261
33 0.0218034
34 0.0463477
35 0.098355
36 0.0250744
37 0.0863072
38 0.0406252
39 0.10909
40 0.141926
41 0.247847
42 0.160944
43 0.1789
44 0.0976317
45 0.077131
46 0.0810849
47 0.0409617
48 0.131588
49 0.121324
50 0.0538523
51 0.0959099
52 0.1022
0 0.956098
1 0.195492
2 0.105882
3 0.34902
4 0.34902
5 0.27451
6 0.34902
7 0.34902
8 0.619608
9 0.607843
10 0.32549
11 0.32549
12 0.32549
13 0.114082
14 0.346168
15 0.25098
16 0.258111
17 0.320143
18 0.32549
19 0.259893
20 0.268449
21 0.810406
22 0.967212
23 0.0493437
24 0.881417
25 0.103768
26 0.0693556
27 0.602398
28 0.0566412
29 0.0393014
30 0.0565969
31 0.188679
32 0.102516
33 0.0672439
34 0.0500616
35 0.0623315
36 0.117189
37 0.0689806
38 0.0666613
39 0.178573
40 0.0804441
41 0.0541313
42 0.0572605
43 0.0492511
44 0.0436639
45 0.0557534
46 0.05231
47 0.0702334
48 0.0611467
49 0.0470514
50 0.0571818
51 0.0392518
52 0.0515033
0 0.0256006
1 0.189077
2 0.0352941
3 0.0352941
4 0.0352941
5 0.0352941
6 0.0352941
7 0.0352941
8 0.0352941
9 0.0352941
10 0.0352941
11 0.0352941
12 0.0352941
13 0.0352941
14 0.0352941
15 0.0352941
16 0.0352941
17 0.0352941
18 0.0352941
19 0.0352941
20 0.0352941
21 0.87921
22 0.991846
23 0.100048
24 0.878697
25 0.0741981
26 0.0170402
27 0.822512
28 0.087005
29 0.0427247
30 0.0474653
31 0.187557
32 0.10459
33 0.0190443
34 0.0336375
35 0.146536
36 0.0601355
37 0.0842318
38 0.0352876
39 0.145097
40 0.136398
41 0.142327
42 0.170259
43 0.214257
44 0.152153
45 0.0969329
46 0.112622
47 0.0939563
48 0.107469
49 0.108671
50 0.0284498
51 0.153905
52 0.06389
0 0.588987
1 0.182492
2 0.34902
3 0.34902
4 0.34902
5 0.34902
6 0.34902
7 0.34902
8 0.2
9 0.2
10 0.6
11 1
12 0.5
13 0.25098
14 0.25098
15 0.25098
16 0.504813
17 0.387522
18 0.0114082
19 0.14902
20 0.468093
21 0.834162
22 0.989688
23 0.0511882
24 0.916793
25 0.0697636
26 0.0879128
27 0.806891
28 0.0369252
29 0.00820625
30 0.0262197
31 0.0530375
32 0.110942
33 0.0247426
34 0.0304842
35 0.0459268
36 0.0478775
37 0.0861848
38 0.0606857
39 0.179007
40 0.0209461
41 0.0677715
42 0.0530222
43 0.0215311
44 0.0323785
45 0.0344113
46 0.0364399
47 0.0240514
48 0.0666741
49 0.039507
50 0.0951013
51 0.0523744
52 0.0657196
0 0.499579
1 0.171736
2 0.2
3 0.2
4 0.2
5 0.2
6 0.2
7 0.6
8 0.5
9 0.156863
10 0.00392157
11 0.00392157
12 0.00392157
13 0.6
14 0.6
15 0.6
16 0.0663102
17 0.249911
18 0.243137
19 0.2
20 0.806774
21 0.795321
22 0.984598
23 0.112385
24 0.864097
25 0.107979
26 0.0775917
27 0.85135
28 0.0789691
29 0.0311405
30 0.0353617
31 0.118253
32 0.158837
33 0.0694206
34 0.0514202
35 0.172274
36 0.0889934
37 0.100267
38 0.044908
39 0.1702
40 0.0601682
41 0.0691915
42 0.0825277
43 0.0652136
44 0.0774051
45 0.0346528
46 0.0374059
47 0.0892919
48 0.0822101
49 0.0453125
50 0.0482366
51 0.0566055
52 0.0526376
0 0.315653
1 0.24732
2 0.2
3 0.34902
4 0.717647
5 0
6 0
7 0
8 0
9 0.298039
10 0.34902
11 0.34902
12 0.34902
13 0.441355
14 0.502674
15 0.243137
16 0.111943
17 0.191087
18 0.25098
19 0.582531
20 0.246702
21 0.779953
22 0.992299
23 0.175783
24 0.880416
25 0.0529304
26 0.0192452
27 0.856136
28 0.104444
29 0.0632853
30 0.0488334
31 0.287812
32 0.137811
33 0.0654667
34 0.0597778
35 0.169156
36 0.0584147
37 0.099433
38 0.026294
39 0.102281
40 0.106207
41 0.138941
42 0.100313
43 0.267377
44 0.179315
45 0.0592843
46 0.0697422
47 0.157775
48 0.136458
49 0.12675
50 0.0142068
51 0.117141
52 0.0383837
0 0.466806
1 0.322993
2 0.294118
3 0.294118
4 0.294118
5 0.00588235
6 0
7 0.280392
8 0.34902
9 0.34902
10 0.34902
11 1
12 1
13 0.317647
14 0.268449
15 0.00855615
16 0.25098
17 0.319073
18 1
19 0.706952
20 0.458467
21 0.817004
22 0.997673
23 0.205327
24 0.961304
25 0.0251974
26 0.00613113
27 0.949739
28 0.137614
29 0.0419154
30 0.0384242
31 0.0809461
32 0.0998664
33 0.00320224
34 0.0169712
35 0.0852911
36 0.0133711
37 0.0609499
38 0.0101765
39 0.157881
40 0.362135
41 0.790736
42 0.509747
43 0.533393
44 0.359538
45 0.227751
46 0.124177
47 0.0398678
48 0.343342
49 0.263471
50 0.0539426
51 0.570967
52 0.147363
0 0.560816
1 0.316272
2 0
3 1
4 1
5 1
6 1
7 1
8 1
9 1
10 1
11 1
12 1
13 0.454545
14 1
15 1
16 1
17 1
18 1
19 0.818182
20 1
21 0.535879
22 0.993569
23 0.00550276
24 0.688447
25 0.0210946
26 0.0229689
27 0.768168
28 0.0166595
29 0.0123172
30 0.00639111
31 0.0533659
32 0.030895
33 0.00555031
34 0.0158771
35 0.00883179
36 0.0169335
37 0.0182264
38 0.0162005
39 0.0859784
40 0.0623381
41 0.0606669
42 0.040056
43 0.0213468
44 0.0223748
45 0.0292645
46 0.0348307
47 0.0203251
48 0.0716187
49 0.0265651
50 0.0184409
51 0.0225032
52 0.0302256
0 0.943675
1 0.30952
2 0.34902
3 0.34902
4 0.34902
5 0.0431373
6 0.0431373
7 0.258824
8 0.217647
9 0.531373
10 0.186275
11 0.0235294
12 0.0235294
13 0.25098
14 0.269519
15 0.288057
16 0.495187
17 0.410695
18 0.505882
19 0.361497
20 0.768627
21 0.85607
22 0.986318
23 0.0847978
24 0.866931
25 0.111025
26 0.0515005
27 0.875891
28 0.117389
29 0.0472926
30 0.0337053
31 0.14812
32 0.137234
33 0.0151445
34 0.0355746
35 0.160981
36 0.034114
37 0.0787534
38 0.0709809
39 0.195153
40 0.0423367
41 0.0820174
42 0.036665
43 0.0342874
44 0.0458599
45 0.0161393
46 0.0194375
47 0.0097294
48 0.074504
49 0.0240425
50 0.0466436
51 0.031975
52 0.0220165
0 0.857744
1 0.303461
2 0.0235294
3 0.531373
4 0.345098
5 0.196078
6 0.596078
7 0.0882353
8 0.498039
9 0.0196078
10 0.0196078
11 0.0235294
12 0.0235294
13 0.452406
14 0.489483
15 0.359715
16 0.475936
17 0.463815
18 0.0431372
19 0.733333
20 0.661319
21 0.87725
22 0.99413
23 0.0690753
24 0.844742
25 0.113238
26 0.123904
27 0.924262
28 0.120804
29 0.0701831
30 0.0455209
31 0.217112
32 0.159824
33 0.0391186
34 0.0457
35 0.122588
36 0.0863141
37 0.0955994
38 0.0766601
39 0.279397
40 0.0554387
41 0.0863577
42 0.0760037
43 0.0412614
44 0.0382301
45 0.0290181
46 0.0308169
47 0.0210555
48 0.0755044
49 0.0270017
50 0.0373347
51 0.0236042
52 0.0290441
0 0.687597
1 0.297045
2 0.156863
3 0.0470588
4 0.523529
5 0.2
6 0.203922
7 0.027451
8 0.0352941
9 0.372549
10 0.0823529
11 0.107843
12 0.0196078
13 0.107308
14 0.396078
15 0.400356
16 0.48164
17 0.422816
18 0.157576
19 0.505882
20 0.788592
21 0.884724
22 0.993292
23 0.0713547
24 0.89141
25 0.155618
26 0.0191517
27 0.853345
28 0.104556
29 0.0407063
30 0.0484858
31 0.258924
32 0.153683
33 0.032118
34 0.0439175
35 0.179886
36 0.105488
37 0.109963
38 0.0617058
39 0.294147
40 0.0480115
41 0.0919405
42 0.0784134
43 0.0607754
44 0.0681934
45 0.043623
46 0.0812161
47 0.0470567
48 0.11753
49 0.080143
50 0.0316011
51 0.064184
52 0.0669883
0 0.563594
1 0.290536
2 0.262745
3 0.182353
4 0.00784314
5 0.182353
6 0.321569
7 0.205882
8 0.123529
9 0.156863
10 0.578431
11 0.517647
12 0.0352941
13 0.610695
14 0.242068
15 0.321569
16 0.34082
17 0.11836
18 0.131194
19 0.382531
20 0.681283
21 0.860281
22 0.991469
23 0.151512
24 0.736621
25 0.0730911
26 0.00665082
27 0.831434
28 0.0828736
29 0.0406772
30 0.0478629
31 0.225821
32 0.136184
33 0.0475567
34 0.0576284
35 0.119076
36 0.0722287
37 0.0812222
38 0.0407797
39 0.145272
40 0.125682
41 0.154325
42 0.108751
43 0.192481
44 0.116847
45 0.0601275
46 0.160371
47 0.0826189
48 0.137783
49 0.208703
50 0.018659
51 0.118295
52 0.0571773
0 0.95539
1 0.283914
2 0.109804
3 0.101961
4 0.0941176
5 0.0941176
6 0.0941176
7 0.0941176
8 0.0941176
9 0.478431
10 0.739216
11 1
12 0.513726
13 0.42139
14 0.0941176
15 0.0941176
16 0.0848485
17 0.0459893
18 0.0370766
19 0.33262
20 0.724777
21 0.752362
22 0.990887
23 0.144307
24 0.831714
25 0.031933
26 0.00619621
27 0.897125
28 0.0978342
29 0.0312478
30 0.0366861
31 0.182103
32 0.120726
33 0.0281643
34 0.0491797
35 0.077448
36 0.0389742
37 0.0420971
38 0.0475994
39 0.164459
40 0.213349
41 0.234086
42 0.139218
43 0.177981
44 0.09544
45 0.0746341
46 0.146738
47 0.0640765
48 0.208616
49 0.189813
50 0.0699828
51 0.120637
52 0.0506355
0 0.698617
1 0.276975
2 0.388235
3 0.388235
4 0.388235
5 0.388235
6 0.388235
7 0.388235
8 0.388235
9 0.388235
10 0.388235
11 0.388235
12 0.388235
13 0.0431373
14 0.0431373
15 0.0431373
16 0.0431373
17 0.0431373
18 0.0431372
19 0.94902
20 0.94902
21 0.820437
22 0.994181
23 0.0450592
24 0.839991
25 0.196393
26 0.045461
27 0.899141
28 0.11239
29 0.0405295
30 0.0550055
31 0.161411
32 0.118253
33 0.0498744
34 0.0394757
35 0.078652
36 0.0765938
37 0.0509603
38 0.0514213
39 0.270093
40 0.0368178
41 0.0414383
42 0.0221899
43 0.0224547
44 0.028302
45 0.0191051
46 0.0211366
47 0.0229086
48 0.0446962
49 0.0194762
50 0.0338714
51 0.0205182
52 0.0119945
0 0.108922
1 0.267306
2 0.0313726
3 0.0313726
4 0.0313726
5 0.0313726
6 0.0313726
7 0.0313726
8 0.0313726
9 0.0313726
10 0.0313726
11 0.0313726
12 0.0313726
13 0.243137
14 0.243137
15 0.243137
16 0.243137
17 0.243137
18 0.243137
19 1
20 1
21 0.907088
22 0.996535
23 0.0625837
24 0.818391
25 0.260222
26 0.150698
27 0.935796
28 0.16253
29 0.0626957
30 0.035363
31 0.209688
32 0.172003
33 0.0283015
34 0.0350252
35 0.231892
36 0.0639363
37 0.115094
38 0.0557057
39 0.261444
40 0.0140027
41 0.0325159
42 0.0122284
43 0.0138354
44 0.0220373
45 0.00871213
46 0.00985529
47 0.00912175
48 0.0382683
49 0.00920735
50 0.0134863
51 0.0133987
52 0.00903431
0 0.878026
1 0.25798
2 0.0470588
3 0.0470588
4 0.0470588
5 0.0470588
6 0.0470588
7 0.0470588
8 0.0470588
9 0.0470588
10 0.0470588
11 0.0470588
12 0.0470588
13 0.505882
14 0.505882
15 0.505882
16 0.505882
17 0.505882
18 0.505882
19 0.960784
20 0.960784
21 0.861145
22 0.984889
23 0.160486
24 0.936391
25 0.0633377
26 0.0412315
27 0.8124
28 0.0984319
29 0.0850767
30 0.0589418
31 0.287532
32 0.164348
33 0.0424854
34 0.0598328
35 0.169828
36 0.0814381
37 0.144643
38 0.0721021
39 0.212468
40 0.16789
41 0.254075
42 0.154087
43 0.183342
44 0.140013
45 0.106439
46 0.0980231
47 0.0771384
48 0.206748
49 0.132836
50 0.0680029
51 0.15911
52 0.138768
0 0.432119
1 0.250992
2 0.111765
3 0.34902
4 0.34902
5 0.34902
6 0.34902
7 0.34902
8 0.34902
9 0.34902
10 0.34902
11 0.34902
12 0.34902
13 0.135472
14 0.25098
15 0.25098
16 0.25098
17 0.25098
18 0.25098
19 0.201426
20 0.14902
21 0.799678
22 0.986084
23 0.0569752
24 0.931665
25 0.051367
26 0.0238433
27 0.759396
28 0.0582657
29 0.032776
30 0.0400472
31 0.165526
32 0.106426
33 0.0313107
34 0.045579
35 0.0780298
36 0.0611394
37 0.076622
38 0.046269
39 0.167587
40 0.13903
41 0.189691
42 0.225283
43 0.17327
44 0.121771
45 0.131589
46 0.152291
47 0.117544
48 0.178975
49 0.14299
50 0.08049
51 0.185693
52 0.14607
0 0.202027
1 0.244071
2 0.34902
3 0.34902
4 0.34902
5 0.34902
6 0.34902
7 0.34902
8 0.34902
9 0.34902
10 0.34902
11 0.34902
12 0.34902
13 0.25098
14 0.25098
15 0.25098
16 0.25098
17 0.25098
18 0.25098
19 0.14902
20 0.14902
21 0.781358
22 0.984839
23 0.0547646
24 0.894051
25 0.0255891
26 0.0226496
27 0.744676
28 0.0406157
29 0.023335
30 0.0203198
31 0.121815
32 0.0796341
33 0.013823
34 0.0308701
35 0.062708
36 0.0307165
37 0.0525842
38 0.0312761
39 0.0970367
40 0.112554
41 0.145804
42 0.173473
43 0.129968
44 0.0909004
45 0.0736613
46 0.118876
47 0.0678169
48 0.151982
49 0.110858
50 0.0484892
51 0.131938
52 0.104193
0 0.672003
1 0.237412
2 0.34902
3 0.34902
4 0.34902
5 0.34902
6 0.34902
7 0.34902
8 0.34902
9 0.34902
10 0.34902
11 0.34902
12 0.34902
13 0.25098
14 0.25098
15 0.25098
16 0.25098
17 0.25098
18 0.25098
19 0.14902
20 0.14902
21 0.782549
22 0.987655
23 0.07585
24 0.908316
25 0.0305454
26 0.0450735
27 0.812853
28 0.0482198
29 0.026241
30 0.0380626
31 0.140385
32 0.095208
33 0.0216648
34 0.0330648
35 0.0517683
36 0.0500538
37 0.0549248
38 0.0349364
39 0.114831
40 0.0870493
41 0.112932
42 0.151257
43 0.0954464
44 0.0877045
45 0.0644999
46 0.090007
47 0.0544956
48 0.168227
49 0.0739515
50 0.050519
51 0.0896549
52 0.0666975
0 0.435689
1 0.230836
2 0.34902
3 0.34902
4 0.34902
5 0.34902
6 0.34902
7 0.34902
8 0.34902
9 0.17451
10 0.14902
11 0.14902
12 0.494118
13 0.25098
14 0.25098
15 0.25098
16 0.25098
17 0.224955
18 0.480214
19 0.14902
20 0.596078
21 0.790301
22 0.990204
23 0.0682771
24 0.912752
25 0.0655162
26 0.0516637
27 0.830163
28 0.0592604
29 0.036261
30 0.0543578
31 0.184322
32 0.114669
33 0.0339379
34 0.038435
35 0.070987
36 0.0886131
37 0.0747085
38 0.0344004
39 0.159925
40 0.0938093
41 0.0892709
42 0.11819
43 0.0596268
44 0.0837093
45 0.0797313
46 0.0920587
47 0.0709278
48 0.111941
49 0.0571253
50 0.0541691
51 0.101694
52 0.0732088
0 0.340927
1 0.224213
2 0.34902
3 0.34902
4 0.34902
5 0.34902
6 0.17451
7 0.5
8 0
9 0
10 0.34902
11 0.2
12 0.188235
13 0.25098
14 0.25098
15 0.11836
16 0.243137
17 0.279857
18 0.35508
19 0.212834
20 0.608913
21 0.911583
22 0.995807
23 0.115837
24 0.793211
25 0.0740354
26 0.0212017
27 0.913829
28 0.152764
29 0.0699034
30 0.0303204
31 0.178681
32 0.14407
33 0.0156162
34 0.0231694
35 0.15294
36 0.019639
37 0.0492122
38 0.0321193
39 0.207961
40 0.054058
41 0.255555
42 0.0761835
43 0.0891981
44 0.0409061
45 0.0496654
46 0.0443427
47 0.0212002
48 0.0891355
49 0.0400431
50 0.0507939
51 0.076221
52 0.032355
0 0.901445
1 0.217481
2 0
3 0
4 0
5 0.0352941
6 0.0372549
7 0.67451
8 0.27451
9 1
10 0.519608
11 0.0392157
12 0.313726
13 0.243137
14 0.249911
15 0.55508
16 0.482353
17 0.724777
18 0.196078
19 0.989305
20 0.706239
21 0.75352
22 0.996405
23 0.0709346
24 0.976712
25 0.0841006
26 0.0781992
27 0.961318
28 0.0623179
29 0.00471226
30 0.00978366
31 0.0330979
32 0.160851
33 0.00426253
34 0.0303514
35 0.161077
36 0.055391
37 0.148371
38 0.0903113
39 0.312962
40 0.0161724
41 0.0717608
42 0.115338
43 0.020805
44 0.0383198
45 0.0189082
46 0.0905366
47 0.0433582
48 0.188281
49 0.0689919
50 0.243909
51 0.221279
52 0.0977808
0 0.461138
1 0.210705
2 1
3 1
4 1
5 1
6 1
7 0.539216
8 0.32549
9 0.154902
10 0.00784314
11 0.00784314
12 0.0196078
13 1
14 1
15 1
16 0.206061
17 0.474153
18 0.403208
19 1
20 0.709804
21 0.824915
22 0.994758
23 0.0411919
24 0.900053
25 0.0877664
26 0.0573992
27 0.894124
28 0.0788512
29 0.0541476
30 0.039862
31 0.210569
32 0.113908
33 0.030456
34 0.0293436
35 0.140613
36 0.069254
37 0.0782911
38 0.0617626
39 0.243405
40 0.0297746
41 0.0463848
42 0.0588815
43 0.041486
44 0.0455251
45 0.0248218
46 0.0388597
47 0.0412439
48 0.0978047
49 0.0267714
50 0.0425197
51 0.0361012
52 0.0394437
0 0.471123
1 0.203533
2 0.5
3 0.34902
4 0.34902
5 0.182353
6 0.268627
7 0.137255
8 0.0431373
9 0.0333333
10 0.0235294
11 0.186275
12 0.14902
13 0.524777
14 0.191087
15 0.269162
16 0.505882
17 0.254545
18 0.149733
19 0.529055
20 0.658824
21 0.865678
22 0.995542
23 0.121431
24 0.825357
25 0.131717
26 0.0855545
27 0.928536
28 0.123736
29 0.059726
30 0.0571275
31 0.217829
32 0.164057
33 0.0390183
34 0.0453918
35 0.142326
36 0.101031
37 0.104399
38 0.0841154
39 0.199629
40 0.0483165
41 0.0625896
42 0.0492092
43 0.0736463
44 0.0638665
45 0.024979
46 0.0376822
47 0.0504298
48 0.103594
49 0.0349939
50 0.0204948
51 0.061748
52 0.0125839
0 0.623518
1 0.196483
2 0.192157
3 0.2
4 0.368627
5 0.194118
6 0.0117647
7 0.0117647
8 0.0156863
9 0.0313726
10 0.0156863
11 0.472549
12 0.868627
13 0.349733
14 0.18467
15 0.417469
16 0.322995
17 0.247059
18 0.352941
19 0.542959
20 0.952228
21 0.884003
22 0.995755
23 0.0736912
24 0.802909
25 0.258439
26 0.091687
27 0.916763
28 0.171708
29 0.0762338
30 0.0545197
31 0.257582
32 0.198614
33 0.0539234
34 0.0588355
35 0.209472
36 0.0784657
37 0.110135
38 0.0890114
39 0.308327
40 0.0264445
41 0.051227
42 0.0152247
43 0.0212689
44 0.0261806
45 0.0158047
46 0.0166637
47 0.0164798
48 0.049893
49 0.0198644
50 0.0261328
51 0.0200948
52 0.0131644
0 0.747574
1 0.189388
2 0.0156863
3 0.0156863
4 0.0156863
5 0.0156863
6 0.0156863
7 0.0156863
8 0.0156863
9 0.0156863
10 0.0156863
11 0.0156863
12 0.0156863
13 0.301961
14 0.301961
15 0.301961
16 0.301961
17 0.301961
18 0.301961
19 0.996078
20 0.996078
21 0.899278
22 0.99408
23 0.109145
24 0.898349
25 0.110418
26 0.0212405
27 0.88567
28 0.156837
29 0.0887423
30 0.05534
31 0.343549
32 0.185377
33 0.0631225
34 0.0522933
35 0.341621
36 0.0467762
37 0.103298
38 0.0592813
39 0.304085
40 0.0680036
41 0.247067
42 0.134473
43 0.137272
44 0.105447
45 0.0802213
46 0.0560848
47 0.036321
48 0.215079
49 0.0925547
50 0.0533019
51 0.0591523
52 0.113951
0 0.53378
1 0.182211
2 0.209804
3 0.0705882
4 0.0705882
5 0.0705882
6 0.235294
7 0.233333
8 0.511765
9 0.74902
10 0.478431
11 0.0901961
12 0.145098
13 0.436364
14 0.505882
15 0.183957
16 0.626025
17 0.25918
18 0.229233
19 0.705882
20 0.621747
21 0.865331
22 0.993963
23 0.0598722
24 0.868532
25 0.0755001
26 0.00453433
27 0.846145
28 0.235659
29 0.158964
30 0.0817145
31 0.443615
32 0.105272
33 0.0365225
34 0.0258238
35 0.356459
36 0.0186589
37 0.0547396
38 0.0570136
39 0.335535
40 0.169197
41 0.389841
42 0.0950399
43 0.213014
44 0.160094
45 0.110785
46 0.0400065
47 0.0333791
48 0.190272
49 0.0727163
50 0.0429543
51 0.0961781
52 0.0898795
0 0.519284
1 0.174997
2 0.00784314
3 0.498039
4 0.0137255
5 0.0196078
6 0.0196078
7 0.507843
8 0.996078
9 0.639216
10 0.282353
11 0.282353
12 0.354902
13 0.593583
14 0.11943
15 0.0431373
16 0.996078
17 0.347237
18 0.280214
19 0.93262
20 0.588592
21 0.743929
22 0.99421
23 0.0789164
24 0.80115
25 0.080866
26 0.0103688
27 0.912749
28 0.100687
29 0.0375964
30 0.0471414
31 0.195402
32 0.141857
33 0.0563528
34 0.0796641
35 0.0939748
36 0.0890504
37 0.0910573
38 0.092862
39 0.336168
40 0.188828
41 0.135165
42 0.0926947
43 0.0976426
44 0.0858578
45 0.0777954
46 0.147321
47 0.0991118
48 0.155437
49 0.0978906
50 0.12325
51 0.123316
52 0.0681666
0 0.372
1 0.167741
2 0.615686
3 0.615686
4 0.398039
5 0.180392
6 0.180392
7 0.180392
8 0.180392
9 0.180392
10 0.180392
11 0.180392
12 0.180392
13 0.0431373
14 0.0431373
15 0.0431373
16 0.0431373
17 0.0431373
18 0.0431372
19 0.975045
20 1
21 0.713868
22 0.993124
23 0.241404
24 0.919441
25 0.0103224
26 0.00138619
27 0.923588
28 0.0932577
29 0.0413049
30 0.0479803
31 0.183028
32 0.123504
33 0.0219071
34 0.04715
35 0.103674
36 0.036029
37 0.0611423
38 0.0427169
39 0.209834
40 0.471947
41 0.515694
42 0.493811
43 0.577473
44 0.312949
45 0.274009
46 0.402187
47 0.231303
48 0.429798
49 0.496767
50 0.238258
51 0.4771
52 0.24687
0 0.258283
1 0.152695
2 0.615686
3 0.615686
4 0.615686
5 0.615686
6 0.615686
7 0.615686
8 0.615686
9 0.615686
10 0.615686
11 0.615686
12 0.615686
13 0.0431373
14 0.0431373
15 0.0431373
16 0.0431373
17 0.0431373
18 0.0431372
19 0.945098
20 0.945098
21 0.617174
22 0.989858
23 0.00727546
24 0.842157
25 0.0151283
26 0.00447553
27 0.651569
28 0.0217828
29 0.0142667
30 0.00606378
31 0.0498656
32 0.0267826
33 0.00387018
34 0.0124468
35 0.0122917
36 0.00676231
37 0.0115199
38 0.0120056
39 0.0520163
40 0.128303
41 0.159952
42 0.0649754
43 0.132173
44 0.038842
45 0.0631204
46 0.0785559
47 0.0485616
48 0.0979182
49 0.09561
50 0.0254017
51 0.084666
52 0.0355826
0 0.57531
1 0.137917
2 0.105882
3 0.105882
4 0.105882
5 0.105882
6 0.34902
7 0.27451
8 0.34902
9 0.34902
10 0.34902
11 0.34902
12 0.34902
13 0
14 0
15 0.300535
16 0.25098
17 0.25098
18 0.25098
19 0.629947
20 0.14902
21 0.806343
22 0.986067
23 0.0552315
24 0.924516
25 0.0349449
26 0.0357309
27 0.859602
28 0.0635809
29 0.0273462
30 0.0568951
31 0.128763
32 0.0812388
33 0.0259206
34 0.0258403
35 0.063203
36 0.0480873
37 0.0475717
38 0.0660009
39 0.244383
40 0.0932474
41 0.120495
42 0.148659
43 0.0705496
44 0.0898696
45 0.0891657
46 0.0547288
47 0.0377176
48 0.141795
49 0.0598338
50 0.120513
51 0.0694209
52 0.117844
0 0.0967765
1 0.122939
2 0.27451
3 0.34902
4 0.34902
5 0.34902
6 0.34902
7 0.34902
8 0.67451
9 0.0117647
10 0.0117647
11 0.0117647
12 0.0117647
13 0.346168
14 0.25098
15 0.25098
16 0.417469
17 0.0431373
18 0.0431372
19 0.153654
20 0.845276
21 0.818867
22 0.992671
23 0.129141
24 0.745054
25 0.0922566
26 0.0252526
27 0.843693
28 0.12456
29 0.0837425
30 0.0312993
31 0.231227
32 0.158932
33 0.0364161
34 0.052035
35 0.152916
36 0.050064
37 0.081005
38 0.0544062
39 0.166115
40 0.0707268
41 0.0744252
42 0.024849
43 0.0708595
44 0.0478783
45 0.026699
46 0.0411083
47 0.0429976
48 0.0684677
49 0.0528233
50 0.0213413
51 0.0450834
52 0.0161412
0 0.9175
1 0.108504
2 0.0196078
3 0.0196078
4 0.0196078
5 0.0196078
6 0.0196078
7 0.0196078
8 0.0196078
9 0.0196078
10 0.184314
11 0.34902
12 0.34902
13 0.0431373
14 0.0431373
15 0.0431373
16 0.0431373
17 0.118717
18 0.25098
19 1
20 0.613191
21 0.841469
22 0.988817
23 0.101314
24 0.940985
25 0.0665463
26 0.03348
27 0.836847
28 0.0936588
29 0.0550063
30 0.0983822
31 0.231974
32 0.17567
33 0.0523773
34 0.0556711
35 0.137079
36 0.0919691
37 0.108072
38 0.0751576
39 0.296144
40 0.155629
41 0.231429
42 0.268892
43 0.152617
44 0.130081
45 0.187735
46 0.156512
47 0.112324
48 0.164566
49 0.145801
50 0.164773
51 0.184951
52 0.213848
0 0.0732132
1 0.0941256
2 0.34902
3 0.34902
4 0.34902
5 0.34902
6 0.34902
7 0.34902
8 0.34902
9 0.34902
10 0.337255
11 0.172549
12 0.0196078
13 0.25098
14 0.25098
15 0.25098
16 0.25098
17 0.275223
18 0.0994652
19 0.14902
20 0.502674
21 0.796194
22 0.992978
23 0.031213
24 0.848317
25 0.0363387
26 0.0319557
27 0.829492
28 0.0465064
29 0.0298112
30 0.0318382
31 0.141164
32 0.096661
33 0.0151278
34 0.0339972
35 0.0630647
36 0.0373056
37 0.0580786
38 0.060644
39 0.141345
40 0.075092
41 0.118983
42 0.104334
43 0.0637676
44 0.0527599
45 0.065189
46 0.0898903
47 0.0380097
48 0.136726
49 0.0747483
50 0.0670675
51 0.0741839
52 0.081335
0 0.797667
1 0.0871226
2 0.34902
3 0.34902
4 0.34902
5 0.34902
6 0.34902
7 0.34902
8 0.227451
9 0.227451
10 0.0392157
11 0.0745098
12 0.0745098
13 0.25098
14 0.25098
15 0.25098
16 0.299465
17 0.200356
18 0.0509804
19 0.14902
20 0.875936
21 0.80569
22 0.990248
23 0.0971511
24 0.738855
25 0.046377
26 0.0646756
27 0.860245
28 0.0679125
29 0.0313364
30 0.0251287
31 0.147711
32 0.143831
33 0.0260826
34 0.0485849
35 0.106956
36 0.0496163
37 0.0700706
38 0.0795824
39 0.170925
40 0.0569311
41 0.0605807
42 0.0673787
43 0.0380394
44 0.0418567
45 0.0281633
46 0.0650952
47 0.0395738
48 0.0854121
49 0.0568723
50 0.0497654
51 0.058889
52 0.0475991
0 0.999516
1 0.0731474
2 0.34902
3 0.34902
4 0.34902
5 0.34902
6 0
7 0
8 0
9 0.34902
10 0.0470588
11 0.0470588
12 0.0470588
13 0.25098
14 0.25098
15 0.244563
16 0.111943
17 0.123708
18 0.0509804
19 0.375758
20 0.618895
21 0.882042
22 0.993801
23 0.0402008
24 0.913369
25 0.0316238
26 0.0282833
27 0.823893
28 0.133452
29 0.138768
30 0.0669915
31 0.471015
32 0.1259
33 0.0279798
34 0.0216349
35 0.160423
36 0.0213365
37 0.065781
38 0.0773306
39 0.241298
40 0.099905
41 0.244874
42 0.143512
43 0.144084
44 0.122343
45 0.165231
46 0.0416839
47 0.0282093
48 0.147761
49 0.0452542
50 0.0567204
51 0.0528843
52 0.0979512
0 0.918045
1 0.0593316
2 0.34902
3 0.17451
4 0
5 0
6 0.17451
7 0.67451
8 1
9 0.0235294
10 0.111765
11 0.0882353
12 0.0823529
13 0.205348
14 0
15 0.136898
16 0.862389
17 0.331907
18 0.0688057
19 0.0677362
20 0.795365
21 0.876546
22 0.995212
23 0.0777208
24 0.797136
25 0.231687
26 0.0270399
27 0.887642
28 0.145431
29 0.0530424
30 0.0463073
31 0.20217
32 0.17638
33 0.0463105
34 0.0492317
35 0.162824
36 0.0652059
37 0.0774878
38 0.078839
39 0.322755
40 0.0545043
41 0.103803
42 0.036552
43 0.0498792
44 0.0387123
45 0.0380254
46 0.0440737
47 0.0422656
48 0.0772008
49 0.0451601
50 0.0430447
51 0.0533322
52 0.0270495
0 0.454992
1 0.0451714
2 0.0627451
3 0.0627451
4 0.0627451
5 0.0627451
6 0.0352941
7 0.0352941
8 0.0647059
9 0.215686
10 0.198039
11 0.196078
12 0.196078
13 0.243137
14 0.243137
15 0.3041
16 0.270945
17 0.102674
18 0.145098
19 0.994652
20 0.802139
21 0.827129
22 0.993491
23 0.0957365
24 0.788858
25 0.0978449
26 0.086613
27 0.883485
28 0.0924428
29 0.0479698
30 0.0352968
31 0.175738
32 0.186547
33 0.0476727
34 0.0582844
35 0.163344
36 0.0723138
37 0.136041
38 0.0974608
39 0.207845
40 0.049648
41 0.0619372
42 0.0348248
43 0.0485739
44 0.0471243
45 0.0329487
46 0.0444058
47 0.0494934
48 0.0777415
49 0.0443326
50 0.045663
51 0.0577637
52 0.0390588
0 0.928318
1 0.0380318
2 0.34902
3 0.34902
4 0.34902
5 0.0392157
6 0.0392157
7 0.0568627
8 0.0313726
9 0.129412
10 0
11 0.17451
12 0.176471
13 0.25098
14 0.275223
15 0.317647
16 0.087344
17 0.207487
18 0.183244
19 0.525134
20 0.725847
21 0.85941
22 0.995152
23 0.0942071
24 0.857811
25 0.180202
26 0.0599761
27 0.882981
28 0.139686
29 0.0726247
30 0.0587842
31 0.253129
32 0.209546
33 0.0634516
34 0.0683283
35 0.245337
36 0.083979
37 0.131756
38 0.0852627
39 0.276381
40 0.033548
41 0.0769839
42 0.0291054
43 0.043837
44 0.0405435
45 0.0377771
46 0.0410229
47 0.042684
48 0.0831087
49 0.0489437
50 0.055521
51 0.0515506
52 0.0318949
0 0.668616
1 0.0311189
2 0.201961
3 0.054902
4 0.054902
5 0.054902
6 0.147059
7 0.24902
8 0
9 0.00392157
10 0.131373
11 0.0607843
12 0.0862745
13 0.299465
14 0.317647
15 0.145455
16 0.190731
17 0.27344
18 0.213904
19 0.863102
20 0.887344
21 0.865333
22 0.994311
23 0.123353
24 0.794405
25 0.112714
26 0.0561306
27 0.911928
28 0.150126
29 0.0786141
30 0.0625763
31 0.195842
32 0.231966
33 0.0635999
34 0.0965133
35 0.285727
36 0.0425459
37 0.137357
38 0.0973566
39 0.273245
40 0.0570114
41 0.157281
42 0.0511493
43 0.0668215
44 0.0469961
45 0.0399408
46 0.0434175
47 0.0334296
48 0.0901163
49 0.0740677
50 0.0839839
51 0.0525381
52 0.0540807
0 0.868886
1 0.0238837
2 0.0431373
3 0.0431373
4 0.341176
5 0.117647
6 0.117647
7 0.00392157
8 0.280392
9 0.521569
10 0.0372549
11 0.00392157
12 0.00392157
13 0.317647
14 0.440998
15 0.172906
16 0.11943
17 0.372193
18 0.14902
19 0.92656
20 0.903743
21 0.847891
22 0.995073
23 0.08065
24 0.876763
25 0.139859
26 0.0420157
27 0.864519
28 0.170595
29 0.13593
30 0.0985182
31 0.35128
32 0.200868
33 0.0480377
34 0.07313
35 0.189613
36 0.110186
37 0.134847
38 0.0996965
39 0.34292
40 0.0692149
41 0.123496
42 0.0413512
43 0.0733528
44 0.0469236
45 0.058089
46 0.0672765
47 0.0370808
48 0.123371
49 0.0712142
50 0.0620152
51 0.0518141
52 0.0462902
0 0.569935
1 0.0167162
2 0.135294
3 0.203922
4 0.0901961
5 0.17451
6 0.5
7 0.147059
8 0.0137255
9 0.0235294
10 0.0176471
11 0.0313726
12 0.0313726
13 0.120499
14 0.175401
15 0.183244
16 0.289483
17 0.258824
18 0.301961
19 0.645633
20 0.974688
21 0.870499
22 0.995018
23 0.113789
24 0.750102
25 0.155361
26 0.0194768
27 0.928601
28 0.192359
29 0.116577
30 0.0675662
31 0.231249
32 0.214757
33 0.0522735
34 0.0671514
35 0.258491
36 0.0636144
37 0.127987
38 0.0468805
39 0.257695
40 0.212037
41 0.238532
42 0.0926247
43 0.186641
44 0.121456
45 0.0983822
46 0.085202
47 0.0962977
48 0.112094
49 0.0937772
50 0.0366219
51 0.142398
52 0.0526175
0 0.891084
1 0.00945572
2 0
3 0.147059
4 0.594118
5 0.0901961
6 0
7 0.00784314
8 0.0156863
9 0.190196
10 0.729412
11 0.568627
12 0.431373
13 0.216399
14 0.186809
15 0.286631
16 0.253119
17 0.263102
18 0.111586
19 0.819608
20 0.800357
21 0.834626
22 0.994931
23 0.106061
24 0.813782
25 0.079464
26 0.0156271
27 0.881243
28 0.110232
29 0.0498764
30 0.0484518
31 0.156338
32 0.154788
33 0.0729639
34 0.0631305
35 0.121539
36 0.0434234
37 0.0791023
38 0.113756
39 0.289268
40 0.109032
41 0.19235
42 0.0683284
43 0.16709
44 0.0834998
45 0.0750954
46 0.0568356
47 0.0737478
48 0.123264
49 0.135929
50 0.0817514
51 0.101541
52 0.0624608
end fitness = 5.97816
