brain 22879 fitness=16.0619 numneurons+1=57 maxWeight=8 maxBias=8 redinput=2-6 greeninput=7-16 blueinput=17-20
+0.0000 +0.0000 +0.0000 +0.0000 +0.0000 +0.0000 +0.0000 +0.0000 +0.0000 +0.0000 +0.0000 +0.0000 +0.0000 +0.0000 +0.0000 +0.0000 +0.0000 +0.0000 +0.0000 +0.0000 +0.0000 +0.0000 +0.0000 +0.0000 +0.0000 +0.0000 +0.0000 +0.0000 +0.0000 +0.0000 +0.0000 +0.0000 +0.0000 +0.0000 +0.0000 +0.0000 +0.0000 +0.0000 +0.0000 +0.0000 +0.0000 +0.0000 +0.0000 +0.0000 +0.0000 +0.0000 +0.0000 +0.0000 +0.0000 +0.0000 +0.0000 +0.0000 +0.0000 +0.0000 +0.0000 +0.0000 +0.0000 ;
+0.0000 +0.0000 +0.0000 +0.0000 +0.0000 +0.0000 +0.0000 +0.0000 +0.0000 +0.0000 +0.0000 +0.0000 +0.0000 +0.0000 +0.0000 +0.0000 +0.0000 +0.0000 +0.0000 +0.0000 +0.0000 +0.0000 +0.0000 +0.0000 +0.0000 +0.0000 +0.0000 +0.0000 +0.0000 +0.0000 +0.0000 +0.0000 +0.0000 +0.0000 +0.0000 +0.0000 +0.0000 +0.0000 +0.0000 +0.0000 +0.0000 +0.0000 +0.0000 +0.0000 +0.0000 +0.0000 +0.0000 +0.0000 +0.0000 +0.0000 +0.0000 +0.0000 +0.0000 +0.0000 +0.0000 +0.0000 +0.0000 ;
+0.0000 +0.0000 +0.0000 +0.0000 +0.0000 +0.0000 +0.0000 +0.0000 +0.0000 +0.0000 +0.0000 +0.0000 +0.0000 +0.0000 +0.0000 +0.0000 +0.0000 +0.0000 +0.0000 +0.0000 +0.0000 +0.0000 +0.0000 +0.0000 +0.0000 +0.0000 +0.0000 +0.0000 +0.0000 +0.0000 +0.0000 +0.0000 +0.0000 +0.0000 +0.0000 +0.0000 +0.0000 +0.0000 +0.0000 +0.0000 +0.0000 +0.0000 +0.0000 +0.0000 +0.0000 +0.0000 +0.0000 +0.0000 +0.0000 +0.0000 +0.0000 +0.0000 +0.0000 +0.0000 +0.0000 +0.0000 +0.0000 ;
+0.0000 +0.0000 +0.0000 +0.0000 +0.0000 +0.0000 +0.0000 +0.0000 +0.0000 +0.0000 +0.0000 +0.0000 +0.0000 +0.0000 +0.0000 +0.0000 +0.0000 +0.0000 +0.0000 +0.0000 +0.0000 +0.0000 +0.0000 +0.0000 +0.0000 +0.0000 +0.0000 +0.0000 +0.0000 +0.0000 +0.0000 +0.0000 +0.0000 +0.0000 +0.0000 +0.0000 +0.0000 +0.0000 +0.0000 +0.0000 +0.0000 +0.0000 +0.0000 +0.0000 +0.0000 +0.0000 +0.0000 +0.0000 +0.0000 +0.0000 +0.0000 +0.0000 +0.0000 +0.0000 +0.0000 +0.0000 +0.0000 ;
+0.0000 +0.0000 +0.0000 +0.0000 +0.0000 +0.0000 +0.0000 +0.0000 +0.0000 +0.0000 +0.0000 +0.0000 +0.0000 +0.0000 +0.0000 +0.0000 +0.0000 +0.0000 +0.0000 +0.0000 +0.0000 +0.0000 +0.0000 +0.0000 +0.0000 +0.0000 +0.0000 +0.0000 +0.0000 +0.0000 +0.0000 +0.0000 +0.0000 +0.0000 +0.0000 +0.0000 +0.0000 +0.0000 +0.0000 +0.0000 +0.0000 +0.0000 +0.0000 +0.0000 +0.0000 +0.0000 +0.0000 +0.0000 +0.0000 +0.0000 +0.0000 +0.0000 +0.0000 +0.0000 +0.0000 +0.0000 +0.0000 ;
+0.0000 +0.0000 +0.0000 +0.0000 +0.0000 +0.0000 +0.0000 +0.0000 +0.0000 +0.0000 +0.0000 +0.0000 +0.0000 +0.0000 +0.0000 +0.0000 +0.0000 +0.0000 +0.0000 +0.0000 +0.0000 +0.0000 +0.0000 +0.0000 +0.0000 +0.0000 +0.0000 +0.0000 +0.0000 +0.0000 +0.0000 +0.0000 +0.0000 +0.0000 +0.0000 +0.0000 +0.0000 +0.0000 +0.0000 +0.0000 +0.0000 +0.0000 +0.0000 +0.0000 +0.0000 +0.0000 +0.0000 +0.0000 +0.0000 +0.0000 +0.0000 +0.0000 +0.0000 +0.0000 +0.0000 +0.0000 +0.0000 ;
+0.0000 +0.0000 +0.0000 +0.0000 +0.0000 +0.0000 +0.0000 +0.0000 +0.0000 +0.0000 +0.0000 +0.0000 +0.0000 +0.0000 +0.0000 +0.0000 +0.0000 +0.0000 +0.0000 +0.0000 +0.0000 +0.0000 +0.0000 +0.0000 +0.0000 +0.0000 +0.0000 +0.0000 +0.0000 +0.0000 +0.0000 +0.0000 +0.0000 +0.0000 +0.0000 +0.0000 +0.0000 +0.0000 +0.0000 +0.0000 +0.0000 +0.0000 +0.0000 +0.0000 +0.0000 +0.0000 +0.0000 +0.0000 +0.0000 +0.0000 +0.0000 +0.0000 +0.0000 +0.0000 +0.0000 +0.0000 +0.0000 ;
+0.0000 +0.0000 +0.0000 +0.0000 +0.0000 +0.0000 +0.0000 +0.0000 +0.0000 +0.0000 +0.0000 +0.0000 +0.0000 +0.0000 +0.0000 +0.0000 +0.0000 +0.0000 +0.0000 +0.0000 +0.0000 +0.0000 +0.0000 +0.0000 +0.0000 +0.0000 +0.0000 +0.0000 +0.0000 +0.0000 +0.0000 +0.0000 +0.0000 +0.0000 +0.0000 +0.0000 +0.0000 +0.0000 +0.0000 +0.0000 +0.0000 +0.0000 +0.0000 +0.0000 +0.0000 +0.0000 +0.0000 +0.0000 +0.0000 +0.0000 +0.0000 +0.0000 +0.0000 +0.0000 +0.0000 +0.0000 +0.0000 ;
+0.0000 +0.0000 +0.0000 +0.0000 +0.0000 +0.0000 +0.0000 +0.0000 +0.0000 +0.0000 +0.0000 +0.0000 +0.0000 +0.0000 +0.0000 +0.0000 +0.0000 +0.0000 +0.0000 +0.0000 +0.0000 +0.0000 +0.0000 +0.0000 +0.0000 +0.0000 +0.0000 +0.0000 +0.0000 +0.0000 +0.0000 +0.0000 +0.0000 +0.0000 +0.0000 +0.0000 +0.0000 +0.0000 +0.0000 +0.0000 +0.0000 +0.0000 +0.0000 +0.0000 +0.0000 +0.0000 +0.0000 +0.0000 +0.0000 +0.0000 +0.0000 +0.0000 +0.0000 +0.0000 +0.0000 +0.0000 +0.0000 ;
+0.0000 +0.0000 +0.0000 +0.0000 +0.0000 +0.0000 +0.0000 +0.0000 +0.0000 +0.0000 +0.0000 +0.0000 +0.0000 +0.0000 +0.0000 +0.0000 +0.0000 +0.0000 +0.0000 +0.0000 +0.0000 +0.0000 +0.0000 +0.0000 +0.0000 +0.0000 +0.0000 +0.0000 +0.0000 +0.0000 +0.0000 +0.0000 +0.0000 +0.0000 +0.0000 +0.0000 +0.0000 +0.0000 +0.0000 +0.0000 +0.0000 +0.0000 +0.0000 +0.0000 +0.0000 +0.0000 +0.0000 +0.0000 +0.0000 +0.0000 +0.0000 +0.0000 +0.0000 +0.0000 +0.0000 +0.0000 +0.0000 ;
+0.0000 +0.0000 +0.0000 +0.0000 +0.0000 +0.0000 +0.0000 +0.0000 +0.0000 +0.0000 +0.0000 +0.0000 +0.0000 +0.0000 +0.0000 +0.0000 +0.0000 +0.0000 +0.0000 +0.0000 +0.0000 +0.0000 +0.0000 +0.0000 +0.0000 +0.0000 +0.0000 +0.0000 +0.0000 +0.0000 +0.0000 +0.0000 +0.0000 +0.0000 +0.0000 +0.0000 +0.0000 +0.0000 +0.0000 +0.0000 +0.0000 +0.0000 +0.0000 +0.0000 +0.0000 +0.0000 +0.0000 +0.0000 +0.0000 +0.0000 +0.0000 +0.0000 +0.0000 +0.0000 +0.0000 +0.0000 +0.0000 ;
+0.0000 +0.0000 +0.0000 +0.0000 +0.0000 +0.0000 +0.0000 +0.0000 +0.0000 +0.0000 +0.0000 +0.0000 +0.0000 +0.0000 +0.0000 +0.0000 +0.0000 +0.0000 +0.0000 +0.0000 +0.0000 +0.0000 +0.0000 +0.0000 +0.0000 +0.0000 +0.0000 +0.0000 +0.0000 +0.0000 +0.0000 +0.0000 +0.0000 +0.0000 +0.0000 +0.0000 +0.0000 +0.0000 +0.0000 +0.0000 +0.0000 +0.0000 +0.0000 +0.0000 +0.0000 +0.0000 +0.0000 +0.0000 +0.0000 +0.0000 +0.0000 +0.0000 +0.0000 +0.0000 +0.0000 +0.0000 +0.0000 ;
+0.0000 +0.0000 +0.0000 +0.0000 +0.0000 +0.0000 +0.0000 +0.0000 +0.0000 +0.0000 +0.0000 +0.0000 +0.0000 +0.0000 +0.0000 +0.0000 +0.0000 +0.0000 +0.0000 +0.0000 +0.0000 +0.0000 +0.0000 +0.0000 +0.0000 +0.0000 +0.0000 +0.0000 +0.0000 +0.0000 +0.0000 +0.0000 +0.0000 +0.0000 +0.0000 +0.0000 +0.0000 +0.0000 +0.0000 +0.0000 +0.0000 +0.0000 +0.0000 +0.0000 +0.0000 +0.0000 +0.0000 +0.0000 +0.0000 +0.0000 +0.0000 +0.0000 +0.0000 +0.0000 +0.0000 +0.0000 +0.0000 ;
+0.0000 +0.0000 +0.0000 +0.0000 +0.0000 +0.0000 +0.0000 +0.0000 +0.0000 +0.0000 +0.0000 +0.0000 +0.0000 +0.0000 +0.0000 +0.0000 +0.0000 +0.0000 +0.0000 +0.0000 +0.0000 +0.0000 +0.0000 +0.0000 +0.0000 +0.0000 +0.0000 +0.0000 +0.0000 +0.0000 +0.0000 +0.0000 +0.0000 +0.0000 +0.0000 +0.0000 +0.0000 +0.0000 +0.0000 +0.0000 +0.0000 +0.0000 +0.0000 +0.0000 +0.0000 +0.0000 +0.0000 +0.0000 +0.0000 +0.0000 +0.0000 +0.0000 +0.0000 +0.0000 +0.0000 +0.0000 +0.0000 ;
+0.0000 +0.0000 +0.0000 +0.0000 +0.0000 +0.0000 +0.0000 +0.0000 +0.0000 +0.0000 +0.0000 +0.0000 +0.0000 +0.0000 +0.0000 +0.0000 +0.0000 +0.0000 +0.0000 +0.0000 +0.0000 +0.0000 +0.0000 +0.0000 +0.0000 +0.0000 +0.0000 +0.0000 +0.0000 +0.0000 +0.0000 +0.0000 +0.0000 +0.0000 +0.0000 +0.0000 +0.0000 +0.0000 +0.0000 +0.0000 +0.0000 +0.0000 +0.0000 +0.0000 +0.0000 +0.0000 +0.0000 +0.0000 +0.0000 +0.0000 +0.0000 +0.0000 +0.0000 +0.0000 +0.0000 +0.0000 +0.0000 ;
+0.0000 +0.0000 +0.0000 +0.0000 +0.0000 +0.0000 +0.0000 +0.0000 +0.0000 +0.0000 +0.0000 +0.0000 +0.0000 +0.0000 +0.0000 +0.0000 +0.0000 +0.0000 +0.0000 +0.0000 +0.0000 +0.0000 +0.0000 +0.0000 +0.0000 +0.0000 +0.0000 +0.0000 +0.0000 +0.0000 +0.0000 +0.0000 +0.0000 +0.0000 +0.0000 +0.0000 +0.0000 +0.0000 +0.0000 +0.0000 +0.0000 +0.0000 +0.0000 +0.0000 +0.0000 +0.0000 +0.0000 +0.0000 +0.0000 +0.0000 +0.0000 +0.0000 +0.0000 +0.0000 +0.0000 +0.0000 +0.0000 ;
+0.0000 +0.0000 +0.0000 +0.0000 +0.0000 +0.0000 +0.0000 +0.0000 +0.0000 +0.0000 +0.0000 +0.0000 +0.0000 +0.0000 +0.0000 +0.0000 +0.0000 +0.0000 +0.0000 +0.0000 +0.0000 +0.0000 +0.0000 +0.0000 +0.0000 +0.0000 +0.0000 +0.0000 +0.0000 +0.0000 +0.0000 +0.0000 +0.0000 +0.0000 +0.0000 +0.0000 +0.0000 +0.0000 +0.0000 +0.0000 +0.0000 +0.0000 +0.0000 +0.0000 +0.0000 +0.0000 +0.0000 +0.0000 +0.0000 +0.0000 +0.0000 +0.0000 +0.0000 +0.0000 +0.0000 +0.0000 +0.0000 ;
+0.0000 +0.0000 +0.0000 +0.0000 +0.0000 +0.0000 +0.0000 +0.0000 +0.0000 +0.0000 +0.0000 +0.0000 +0.0000 +0.0000 +0.0000 +0.0000 +0.0000 +0.0000 +0.0000 +0.0000 +0.0000 +0.0000 +0.0000 +0.0000 +0.0000 +0.0000 +0.0000 +0.0000 +0.0000 +0.0000 +0.0000 +0.0000 +0.0000 +0.0000 +0.0000 +0.0000 +0.0000 +0.0000 +0.0000 +0.0000 +0.0000 +0.0000 +0.0000 +0.0000 +0.0000 +0.0000 +0.0000 +0.0000 +0.0000 +0.0000 +0.0000 +0.0000 +0.0000 +0.0000 +0.0000 +0.0000 +0.0000 ;
+0.0000 +0.0000 +0.0000 +0.0000 +0.0000 +0.0000 +0.0000 +0.0000 +0.0000 +0.0000 +0.0000 +0.0000 +0.0000 +0.0000 +0.0000 +0.0000 +0.0000 +0.0000 +0.0000 +0.0000 +0.0000 +0.0000 +0.0000 +0.0000 +0.0000 +0.0000 +0.0000 +0.0000 +0.0000 +0.0000 +0.0000 +0.0000 +0.0000 +0.0000 +0.0000 +0.0000 +0.0000 +0.0000 +0.0000 +0.0000 +0.0000 +0.0000 +0.0000 +0.0000 +0.0000 +0.0000 +0.0000 +0.0000 +0.0000 +0.0000 +0.0000 +0.0000 +0.0000 +0.0000 +0.0000 +0.0000 +0.0000 ;
+0.0000 +0.0000 +0.0000 +0.0000 +0.0000 +0.0000 +0.0000 +0.0000 +0.0000 +0.0000 +0.0000 +0.0000 +0.0000 +0.0000 +0.0000 +0.0000 +0.0000 +0.0000 +0.0000 +0.0000 +0.0000 +0.0000 +0.0000 +0.0000 +0.0000 +0.0000 +0.0000 +0.0000 +0.0000 +0.0000 +0.0000 +0.0000 +0.0000 +0.0000 +0.0000 +0.0000 +0.0000 +0.0000 +0.0000 +0.0000 +0.0000 +0.0000 +0.0000 +0.0000 +0.0000 +0.0000 +0.0000 +0.0000 +0.0000 +0.0000 +0.0000 +0.0000 +0.0000 +0.0000 +0.0000 +0.0000 +0.0000 ;
+0.0000 +0.0000 +0.0000 +0.0000 +0.0000 +0.0000 +0.0000 +0.0000 +0.0000 +0.0000 +0.0000 +0.0000 +0.0000 +0.0000 +0.0000 +0.0000 +0.0000 +0.0000 +0.0000 +0.0000 +0.0000 +0.0000 +0.0000 +0.0000 +0.0000 +0.0000 +0.0000 +0.0000 +0.0000 +0.0000 +0.0000 +0.0000 +0.0000 +0.0000 +0.0000 +0.0000 +0.0000 +0.0000 +0.0000 +0.0000 +0.0000 +0.0000 +0.0000 +0.0000 +0.0000 +0.0000 +0.0000 +0.0000 +0.0000 +0.0000 +0.0000 +0.0000 +0.0000 +0.0000 +0.0000 +0.0000 +0.0000 ;
-0.1067 +0.1718 -0.0000 +0.0000 +0.0000 +0.0015 +0.0000 -0.0000 -0.0000 +0.0000 +0.0000 +0.0000 +0.0000 +0.0000 +0.0011 +0.0000 +0.0000 +0.0000 +0.0000 +0.1798 +0.0000 +0.0000 +0.0000 +0.0000 +0.4294 -0.1109 +0.1143 -0.0000 +0.0703 +0.0703 +0.0709 +0.0704 +0.0707 +0.0712 +0.0698 +0.0703 +0.0000 +0.0000 -0.1088 -0.1482 -0.2306 -0.1316 -0.1732 +0.0000 +0.0000 +0.0000 +0.0000 +0.0000 -0.1042 -0.1305 +0.0000 +0.0000 +0.0000 +0.0000 +0.0000 +0.0000 +0.5030 ;
-0.0023 +0.0000 -0.1706 -0.1979 -0.1362 +0.0000 +0.0000 +0.0000 +0.2357 +0.1382 -0.1033 -0.0732 -0.0213 +0.1085 +0.1648 +0.0699 +0.0568 +0.1852 +0.1357 +0.0000 +0.0000 +0.0000 +0.0000 +0.0000 -0.3261 +0.1251 -0.1422 +0.0839 +0.0814 +0.0490 +0.1484 +0.0492 +0.0492 +0.0496 +0.0487 +0.0000 +0.0468 -0.2257 +0.0000 +0.0000 +0.0000 +0.0000 +0.0000 +0.0000 +0.0000 +0.0000 +0.0000 +0.0000 +0.0000 +0.0000 +0.0481 +0.0000 +0.0000 +0.0000 -0.0185 +0.0000 +0.3412 ;
-0.1010 -0.1473 +0.3579 +0.4499 +0.2943 +0.2302 +0.2556 -0.2659 +0.1164 -0.2964 -0.2540 +0.1786 +0.0000 +0.0000 +0.0000 +0.0000 +0.0000 -0.3274 -0.3947 +0.0250 +0.0000 -0.0000 -0.0000 +0.0000 +0.0000 +0.2178 -0.0511 -0.6418 +0.0000 +0.1648 +0.0000 +0.1408 +0.2430 +0.0000 +0.0000 +0.2783 +0.0000 -0.1302 -0.0846 -0.0572 -0.0486 +0.0000 -0.1307 -0.0592 -0.1818 -0.0475 -0.0962 -0.0284 -0.1259 -0.0048 +0.2794 +0.0000 +0.0000 +0.0000 +0.0000 -0.4642 -0.5082 ;
-0.0262 -0.0459 +0.0307 -0.0000 +0.1264 +0.0729 +0.0015 -0.0000 +0.0000 +0.0000 +0.0000 +0.0000 +0.0000 +0.0000 +0.0000 +0.0000 +0.0000 +0.0000 -0.0000 +0.0282 -0.0306 +0.5101 -0.2189 +0.0000 +0.0000 -0.0754 +0.0770 -0.0000 +0.1518 +0.1519 +0.1531 +0.1521 +0.1527 +0.1537 +0.1508 +0.1519 +0.0000 -0.1734 +0.0000 +0.0000 +0.0000 -0.1797 +0.0000 +0.0000 +0.0000 +0.0000 -0.1584 -0.1709 -0.1428 -0.1920 +0.0000 +0.0000 +0.0000 +0.0000 -0.0000 +0.0000 +0.5075 ;
+0.0000 +0.2175 -0.0155 +0.0000 +0.0000 +0.0000 +0.0000 +0.0000 +0.3319 -0.0714 +0.1328 +0.1200 +0.0000 +0.1914 +0.3010 +0.0000 -0.0751 +0.1726 -0.2116 +0.0000 +0.0000 +0.2149 +0.0013 -0.1142 +0.0000 +0.0000 -0.0331 +0.0000 +0.0000 +0.0000 +0.0000 +0.0000 +0.0000 +0.0000 +0.0000 +0.2015 +0.0000 +0.0000 +0.0000 +0.0000 +0.0000 +0.0000 +0.0000 +0.0000 +0.0000 +0.0000 +0.0000 +0.0000 +0.0000 +0.0000 +0.2006 +0.2300 +0.0000 +0.0000 -0.2818 +0.0000 -0.5096 ;
-0.2185 -0.0358 -0.0133 -0.0873 -0.0426 -0.0128 -0.0367 +0.1889 -0.0979 +0.0195 +0.2388 +0.2243 +0.1169 +0.1488 +0.2136 +0.1881 +0.0000 -0.0655 +0.0000 -0.1200 -0.0170 -0.0001 +0.2390 +0.0000 -0.2590 -0.0262 +0.0000 +0.0408 +0.2582 +0.0626 +0.0000 +0.0769 +0.1758 +0.0896 +0.0000 +0.0000 +0.2474 -0.0876 -0.1729 +0.0000 +0.0000 +0.0000 +0.0000 +0.0000 +0.0000 +0.0000 +0.0000 +0.0000 +0.0000 +0.0000 +0.1037 +0.1049 +0.0000 +0.0000 -0.1825 +0.0000 -0.0902 ;
-0.0431 +0.0000 +0.2470 +0.5443 +0.0000 +0.0000 +0.0000 -0.3683 -0.4907 -0.5016 -0.4913 +0.0000 +0.0000 +0.0000 +0.0000 -0.3421 +0.0000 -0.1127 +0.0740 +0.0000 +0.0000 +0.0000 -0.0000 -0.5977 -0.0000 +0.1541 -0.1740 +0.0000 +0.3288 +0.4400 +0.4491 +0.0000 +0.0000 +0.0000 +0.0000 +0.0000 +0.0000 -0.2141 -0.2606 -0.2577 -0.0000 -0.2166 -0.0827 -0.2091 +0.0000 +0.0000 +0.0000 +0.0000 +0.0000 +0.0000 +0.6226 +0.0000 +0.0000 +0.0000 -0.6234 +0.0000 -0.3490 ;
+0.0000 +0.0000 +0.2406 +0.0253 +0.1499 +0.0000 -0.0662 -0.1209 +0.1311 +0.0040 +0.1414 +0.2001 +0.0000 +0.0000 +0.0000 +0.0000 +0.3062 -0.1144 -0.0000 +0.0000 +0.0000 +0.0000 +0.0000 +0.0000 +0.0000 +0.0000 +0.0000 -0.1861 +0.0000 +0.5763 +0.6032 +0.5139 +0.5059 +0.5853 +0.0000 +0.0000 +0.0000 +0.0000 -0.1997 -0.1978 -0.1880 +0.0000 -0.1571 +0.0000 +0.0000 +0.0000 -0.2566 -0.2724 +0.0000 +0.0000 +0.1256 +0.0000 +0.0000 +0.0000 -0.3487 +0.0000 -0.3569 ;
-0.1244 -0.1535 -0.0799 +0.0778 +0.1560 +0.0000 +0.0000 +0.0590 +0.0965 +0.1093 +0.0589 -0.0232 +0.1796 +0.0000 +0.0000 +0.0000 +0.0000 -0.0000 -0.1562 -0.0140 +0.2934 +0.0297 +0.0000 +0.3465 +0.0957 -0.2372 +0.0000 -0.0243 +0.0000 +0.0000 +0.6242 +0.5912 +0.0000 +0.6432 +0.6379 +0.5651 +0.4742 -0.4052 -0.1726 +0.0000 -0.0760 -0.3787 -0.3236 +0.0000 -0.1663 +0.0000 +0.0000 +0.0000 +0.0000 +0.0000 +0.1702 +0.0000 +0.0000 +0.0000 -0.3611 +0.0000 -0.3569 ;
-0.1188 -0.1527 -0.0111 -0.0163 +0.0711 +0.0000 +0.0000 +0.0000 +0.1205 +0.0441 +0.0629 +0.2429 +0.3190 -0.0621 +0.0000 +0.0000 -0.1096 +0.1713 -0.0622 -0.0147 +0.0000 +0.0300 -0.1602 +0.2424 +0.0290 -0.2710 +0.0000 -0.1529 +0.5041 +0.0000 +0.0000 +0.5893 +0.6326 +0.6249 +0.5927 +0.6080 +0.0000 +0.0000 +0.0000 -0.1922 -0.2731 -0.1637 -0.1227 -0.2225 +0.0000 -0.3049 +0.0000 +0.0000 +0.0000 +0.0000 +0.0141 +0.0000 +0.0000 +0.0000 -0.3803 +0.0000 -0.3569 ;
-0.0600 +0.0000 +0.1547 -0.1992 +0.0153 +0.0000 +0.0000 +0.0904 +0.1957 -0.0428 +0.0034 +0.0841 +0.3231 +0.0000 +0.0000 +0.0000 -0.0662 -0.0148 -0.0000 -0.0093 +0.0000 +0.0298 +0.0000 +0.2060 +0.0000 -0.2801 +0.0000 -0.1284 +0.0000 +0.0000 +0.5306 +0.4798 +0.6252 +0.6260 +0.6074 +0.5276 +0.0000 +0.0000 -0.2551 -0.0949 +0.0000 +0.0000 -0.2030 -0.2217 -0.1692 -0.2869 +0.0000 +0.0000 +0.0000 +0.0000 +0.0231 +0.0000 +0.0000 +0.0000 -0.3140 +0.0000 -0.3569 ;
-0.2152 -0.0625 +0.2656 -0.0405 +0.0427 +0.0000 +0.0000 +0.0000 +0.1738 -0.0749 -0.0767 +0.0849 +0.0072 +0.1889 +0.0000 +0.0000 +0.0000 -0.0569 +0.1067 -0.0396 +0.0000 +0.0000 +0.1774 +0.0000 +0.0198 -0.1191 +0.1628 -0.1283 +0.5690 +0.5618 +0.0000 +0.0000 +0.0000 +0.5831 +0.6070 +0.6168 +0.4850 -0.1567 +0.0000 -0.1047 +0.0000 +0.0000 -0.2830 -0.3762 -0.3643 +0.0000 +0.0000 -0.1890 +0.0000 +0.0000 +0.0000 +0.1013 +0.0000 +0.0000 -0.2372 +0.0000 -0.3569 ;
-0.0914 -0.0779 +0.0000 +0.0996 +0.0058 +0.0130 +0.0000 +0.0000 +0.0000 +0.0000 -0.0316 -0.0933 -0.0275 -0.0744 +0.1049 +0.3672 +0.0000 -0.1028 -0.1658 -0.0234 +0.0000 +0.0301 -0.1566 +0.3609 +0.0968 -0.1284 +0.0000 -0.2897 +0.0000 +0.0000 +0.6349 +0.5935 +0.6376 +0.0000 +0.6459 +0.6316 +0.6066 +0.0000 +0.0000 +0.0000 -0.0703 -0.1609 -0.2566 -0.3431 +0.0000 -0.3876 +0.0000 +0.0000 +0.0000 -0.2779 +0.0000 +0.1506 +0.0000 +0.0000 -0.2946 +0.0000 -0.3569 ;
-0.2277 +0.0000 +0.0000 +0.2158 +0.0800 -0.1146 +0.0000 +0.0000 +0.0000 +0.1226 +0.0000 +0.1725 -0.1235 +0.0609 +0.0096 +0.0018 +0.0000 +0.0000 -0.1505 -0.0444 -0.2022 +0.0295 +0.0000 +0.4528 -0.0664 -0.1989 +0.0000 -0.2338 +0.0000 +0.6365 +0.6184 +0.0000 +0.0000 +0.6247 +0.5921 +0.6264 +0.4708 +0.0000 +0.0000 -0.0819 +0.0000 -0.4046 +0.0000 -0.2298 -0.3708 -0.3226 -0.1234 +0.0000 +0.0000 +0.0000 +0.0000 +0.0000 +0.2139 +0.0000 -0.3366 +0.0000 -0.3569 ;
-0.1919 -0.0491 +0.0000 +0.0000 -0.0070 +0.0692 +0.0189 +0.0000 +0.0000 +0.0000 +0.0000 +0.1147 +0.0783 +0.1996 +0.2344 +0.1279 +0.1229 +0.0000 -0.1729 +0.0318 -0.2061 +0.0298 +0.0000 +0.2020 +0.0957 -0.2145 +0.0000 -0.0642 +0.0000 +0.6218 +0.5445 +0.0000 +0.0000 +0.5707 +0.6324 +0.4671 +0.5326 -0.3042 +0.0000 +0.0000 +0.0000 -0.1421 +0.0000 -0.1882 +0.0000 +0.0000 -0.1859 -0.4079 +0.0000 -0.2448 +0.0000 +0.0000 +0.0175 +0.0000 +0.0000 -0.3113 -0.3569 ;
-0.1288 -0.0234 +0.0000 +0.2327 +0.0262 +0.1402 -0.1166 +0.0000 +0.0000 +0.0000 +0.1630 +0.0000 +0.1112 +0.0495 -0.0331 +0.1530 +0.0376 +0.0000 -0.0130 -0.0056 +0.0273 +0.0282 -0.0881 -0.0693 +0.0273 -0.0185 +0.1334 -0.0544 +0.4371 +0.0000 +0.0000 +0.4376 +0.5245 +0.5233 +0.5179 +0.5907 +0.0000 -0.2638 +0.0000 +0.0000 +0.0000 -0.1671 +0.0000 -0.3220 -0.2640 +0.0000 -0.0817 -0.3194 +0.0000 -0.2114 +0.0000 +0.0000 +0.0000 +0.2524 +0.0000 -0.1992 -0.3569 ;
+0.0000 +0.0000 +0.2077 -0.0841 +0.0868 +0.0000 +0.0000 +0.0000 +0.0000 +0.0000 +0.0000 +0.0000 +0.0000 +0.0000 +0.0000 +0.0000 +0.0000 +0.0000 +0.0000 +0.0000 -0.2186 +0.0000 +0.0000 +0.0000 +0.0000 +0.0000 +0.0000 +0.0000 +0.4607 +0.4380 +0.5733 +0.3635 +0.0000 +0.0000 +0.0000 +0.0000 +0.0000 +0.0000 +0.0000 +0.0000 +0.0000 +0.0000 +0.0000 +0.0000 +0.0000 -0.1300 +0.0000 +0.0000 +0.0000 +0.0000 +0.1526 +0.0000 +0.0000 +0.0000 +0.0000 +0.0000 -0.3569 ;
+0.0000 +0.0000 +0.0433 +0.0760 +0.1755 +0.2261 +0.0000 +0.1967 +0.0000 +0.0000 +0.0000 +0.0000 +0.0000 +0.0000 +0.0000 +0.0000 +0.0000 -0.0000 +0.0496 +0.0000 +0.0000 +0.0000 -0.1112 -0.2176 -0.1286 -0.0663 +0.0000 +0.0000 +0.5398 +0.3820 +0.3578 +0.3832 +0.0000 +0.0000 +0.0000 +0.0000 +0.0000 +0.0000 +0.0000 -0.1556 +0.0000 +0.0000 -0.2019 +0.0000 +0.0000 +0.0000 +0.0000 +0.0000 +0.0000 +0.0000 +0.0000 +0.0000 +0.0575 +0.1700 +0.0000 +0.0000 -0.3569 ;
-0.1658 +0.0000 +0.2789 +0.2491 +0.2065 +0.2541 -0.0623 +0.0000 +0.0000 +0.0000 +0.0000 +0.0000 +0.0000 +0.0000 +0.0000 +0.0000 +0.0000 +0.2969 +0.1426 +0.0000 -0.0891 +0.0000 +0.2362 -0.0424 -0.1017 -0.1778 +0.0000 +0.2412 +0.3451 +0.0000 +0.3251 +0.1561 +0.2547 +0.0000 +0.0000 +0.0000 +0.0000 +0.0000 +0.0000 +0.0000 +0.0000 +0.0000 +0.0000 +0.0000 -0.0914 +0.0000 +0.0000 +0.0000 +0.0000 -0.2897 +0.1578 +0.0000 +0.0000 +0.0000 -0.2232 +0.0000 -0.3569 ;
+0.0000 -0.0000 +0.0000 +0.0333 +0.1237 +0.0013 +0.0000 +0.0000 +0.0000 +0.0000 +0.0000 +0.0000 -0.1830 +0.0000 +0.1772 +0.0000 +0.0000 -0.0575 +0.0733 +0.0000 +0.0000 +0.0000 +0.1591 +0.0000 +0.3573 -0.0399 +0.0000 +0.0000 +0.2253 +0.2185 +0.3120 +0.3156 +0.0000 +0.0000 +0.0000 +0.0000 +0.0000 +0.0000 +0.0000 +0.0000 +0.0000 +0.0000 +0.0000 +0.0000 +0.0000 -0.0788 +0.0000 -0.1000 +0.0000 +0.0000 +0.0000 +0.0000 +0.0000 +0.0000 +0.0000 +0.0000 -0.3569 ;
-0.1213 +0.1765 +0.0663 -0.0478 +0.0995 +0.0798 +0.0000 +0.0000 +0.0000 +0.0000 +0.0000 +0.0000 +0.0000 +0.0000 +0.0000 +0.0000 +0.0000 -0.0569 +0.0018 +0.0000 +0.0000 -0.0662 +0.0000 +0.2488 -0.1366 +0.0000 -0.2678 +0.2461 +0.4599 +0.5471 +0.5634 +0.4229 +0.4707 +0.0000 +0.0000 +0.0000 +0.0000 +0.0000 +0.0000 +0.0000 -0.0818 +0.0000 +0.0000 +0.0000 +0.0000 +0.0000 +0.0000 +0.0000 +0.0000 +0.0000 +0.0000 +0.0000 +0.0213 +0.0000 +0.0000 +0.0000 -0.3569 ;
+0.0000 +0.0000 +0.1444 -0.0879 +0.0466 +0.2450 +0.0000 +0.0000 +0.0000 +0.0000 -0.1614 +0.0000 +0.0000 +0.0000 +0.0000 +0.0000 +0.1971 +0.2223 +0.1094 +0.0000 +0.0000 +0.0000 -0.1445 -0.0618 -0.0527 +0.1215 +0.0000 +0.0000 +0.0000 +0.2738 +0.3827 +0.2128 +0.4544 +0.0000 +0.0000 +0.0000 +0.0000 +0.0000 +0.0000 +0.0000 +0.0000 -0.2470 +0.0000 +0.0000 +0.0000 +0.0000 +0.0000 -0.1513 +0.0000 +0.0000 +0.1455 +0.1237 +0.0000 +0.0000 -0.1645 +0.0000 -0.3569 ;
-0.0148 -0.1132 +0.0986 -0.1028 +0.2029 +0.0000 +0.0000 +0.0000 +0.0000 +0.0000 +0.0000 +0.0000 +0.0000 +0.0000 +0.0000 +0.0000 +0.0000 +0.0000 +0.0879 -0.1017 -0.0351 +0.0000 +0.1016 +0.1336 +0.1437 -0.0984 +0.2135 +0.0909 +0.0000 +0.0000 +0.5683 +0.5454 +0.4080 +0.4983 +0.0000 +0.0000 +0.0000 +0.0000 +0.0000 +0.0000 +0.0000 -0.1909 +0.0000 +0.0000 +0.0000 +0.0000 +0.0000 +0.0000 -0.2777 +0.0000 +0.0000 +0.0000 +0.2041 +0.0000 +0.0000 +0.0000 -0.3569 ;
+0.0000 +0.0000 +0.2235 +0.1542 +0.0327 +0.0447 +0.0000 +0.0000 +0.0000 -0.0695 +0.0000 +0.1833 +0.0000 +0.0000 +0.0000 +0.0000 +0.0000 -0.0300 +0.0000 +0.2202 +0.0000 +0.0000 -0.0693 -0.0081 -0.1005 -0.0211 +0.0000 +0.0000 +0.0000 +0.0000 +0.4317 +0.4388 +0.4632 +0.4306 +0.0000 +0.0000 +0.0000 +0.0000 +0.0000 +0.0000 +0.0000 +0.0000 +0.0000 +0.0000 +0.0000 +0.0000 -0.2462 -0.2696 +0.0000 +0.0000 +0.2489 +0.2877 +0.0000 +0.0000 -0.1893 +0.0000 -0.3569 ;
-0.2052 +0.1523 +0.0000 +0.2158 +0.2021 +0.2301 +0.0063 +0.0000 +0.0000 +0.0000 +0.0000 +0.0000 +0.0000 +0.0000 +0.0000 +0.0000 +0.0000 +0.0000 -0.0805 +0.1127 +0.0000 -0.0650 +0.0000 +0.2018 -0.1717 +0.0000 -0.2511 +0.0361 +0.0000 +0.0000 +0.0000 +0.4434 +0.3607 +0.5570 +0.4674 +0.5409 +0.0000 +0.0000 +0.0000 -0.1960 +0.0000 +0.0000 +0.0000 +0.0000 +0.0000 +0.0000 +0.0000 +0.0000 +0.0000 +0.0000 +0.0000 +0.1987 +0.0000 +0.0000 +0.0000 +0.0000 -0.3569 ;
+0.0000 -0.0542 +0.0000 +0.0145 +0.1118 +0.0748 +0.1157 -0.0649 +0.0050 +0.0000 +0.0000 +0.0000 +0.0000 +0.0000 +0.0000 +0.0000 +0.0000 +0.0000 +0.2153 +0.0723 +0.0000 +0.0000 -0.0704 +0.0000 +0.2932 -0.1109 +0.0000 +0.0000 +0.0000 +0.0000 +0.0000 +0.0000 +0.2908 +0.1374 +0.1238 +0.0939 +0.0000 +0.0000 +0.0000 +0.0000 +0.0000 +0.0000 +0.0000 +0.0000 +0.0000 -0.0363 -0.0252 +0.0000 +0.0000 +0.0000 +0.0000 +0.0000 +0.0205 +0.0000 +0.0000 +0.0000 -0.3569 ;
-0.2155 +0.0000 +0.0000 +0.2361 +0.2309 -0.0348 +0.3161 +0.0000 +0.0000 +0.0000 +0.0000 +0.0000 +0.0000 +0.0000 +0.0000 +0.0000 +0.0000 +0.0000 -0.0911 +0.2043 +0.1102 +0.0000 +0.0521 +0.1840 -0.1573 -0.1375 +0.0000 +0.0445 +0.0000 +0.0000 +0.0000 +0.0000 +0.5374 +0.6064 +0.4346 +0.0000 +0.4237 +0.0000 +0.0000 +0.0000 +0.0000 +0.0000 +0.0000 +0.0000 -0.3142 +0.0000 -0.1031 +0.0000 +0.0000 +0.0000 +0.2062 +0.0000 +0.0000 +0.0000 +0.0000 -0.0998 -0.3569 ;
+0.0000 +0.0000 +0.0000 +0.2290 +0.1510 +0.1034 +0.0356 +0.0000 +0.0000 +0.0000 +0.1762 +0.0000 +0.0000 +0.0000 -0.2016 +0.0000 +0.0000 +0.0000 +0.0000 +0.2186 +0.2802 +0.0000 +0.0118 -0.1413 -0.2352 +0.0160 +0.0000 +0.0000 +0.0000 +0.0000 +0.0000 +0.0000 +0.0000 +0.4526 +0.3190 +0.3223 +0.4178 -0.1404 -0.2277 +0.0000 +0.0000 +0.0000 +0.0000 +0.0000 +0.0000 +0.0000 +0.0000 +0.0000 +0.0000 +0.0000 +0.0000 +0.1951 +0.0240 +0.0000 +0.0000 +0.0000 -0.3569 ;
-0.1493 +0.1552 +0.0000 +0.0962 +0.1594 +0.0410 +0.0175 +0.0000 +0.0000 +0.0000 +0.0000 +0.0000 +0.0000 +0.0000 +0.0000 +0.3135 -0.0916 +0.0000 -0.0000 +0.0203 +0.1096 -0.0657 +0.1040 +0.0363 -0.0362 -0.0038 +0.0655 +0.1781 +0.0000 +0.0000 +0.0000 +0.0000 +0.4937 +0.4251 +0.5102 +0.4620 +0.3462 +0.0000 +0.0000 +0.0000 +0.0000 -0.2372 +0.0000 +0.0000 +0.0000 -0.1422 +0.0000 +0.0000 +0.0000 +0.0000 +0.1393 +0.0565 +0.0000 +0.0000 +0.0000 -0.1087 -0.3569 ;
+0.0000 +0.0000 -0.2593 -0.2446 -0.1538 +0.1973 +0.0000 -0.1087 -0.6075 -0.4440 -0.4586 -0.3943 -0.3878 -0.5457 -0.4668 -0.4812 +0.0000 -0.0066 -0.0089 +0.0000 -0.1543 -0.0000 -0.0670 -0.4828 +0.0000 +0.0000 +0.0508 +0.0000 +0.0000 +0.0000 +0.0000 +0.0000 +0.0000 +0.0000 +0.0000 +0.0000 +0.0000 +0.0000 -0.2131 +0.0000 -0.1565 -0.2176 +0.0000 -0.0595 +0.0000 +0.0000 +0.0000 +0.0000 -0.1775 +0.0000 +0.0000 +0.3898 +0.4192 +0.0000 +0.0000 +0.0000 -0.0745 ;
-0.0221 +0.2182 -0.2513 -0.0953 -0.2873 +0.1834 +0.0000 -0.6289 +0.0470 -0.1421 -0.5629 -0.5969 -0.4188 -0.4351 -0.5342 -0.5085 -0.4214 +0.0969 +0.0123 -0.1225 -0.2441 -0.0000 -0.1879 -0.4615 -0.2200 +0.0000 +0.0397 -0.4377 +0.0000 +0.4442 +0.0000 +0.0000 +0.0000 +0.0000 +0.0000 +0.0000 +0.0000 +0.0000 -0.1312 -0.2009 -0.0701 -0.1765 -0.2482 +0.0000 +0.0000 +0.0000 +0.0000 +0.0000 +0.0000 +0.0000 +0.5018 +0.0000 +0.3157 +0.0000 -0.4093 +0.0000 -0.0745 ;
-0.0093 +0.3677 +0.2349 -0.2265 -0.3561 -0.1347 +0.0000 -0.3722 -0.5421 -0.5182 -0.3830 -0.0271 -0.0512 -0.2516 -0.3754 -0.3935 -0.3804 -0.2045 +0.1037 +0.1175 -0.0764 -0.0000 -0.0457 -0.3871 +0.0000 +0.0000 +0.0885 -0.3506 +0.0000 +0.0000 +0.0000 +0.1228 +0.0000 +0.0000 +0.0000 +0.0000 +0.0000 +0.0000 +0.0000 +0.0000 -0.0170 -0.1411 -0.1479 +0.0000 +0.0000 -0.0370 -0.1287 +0.0000 +0.0000 +0.0000 +0.0000 +0.4577 +0.0000 +0.4515 +0.0000 +0.0000 -0.0745 ;
-0.1478 +0.0694 +0.0000 -0.4349 -0.2708 -0.0084 -0.2972 -0.5530 -0.4658 -0.4837 -0.5339 -0.5962 -0.5791 -0.1793 -0.0666 -0.3105 -0.2963 -0.4299 +0.0807 +0.0574 +0.1571 -0.0000 -0.0000 +0.2262 -0.1893 -0.3174 -0.1539 -0.3002 +0.0000 +0.0000 +0.0000 +0.0000 +0.0000 +0.0000 +0.3196 +0.0000 +0.0000 +0.0000 +0.0000 -0.2202 +0.0000 -0.1794 +0.0000 +0.0000 -0.1286 -0.1609 +0.0000 +0.0000 -0.1706 +0.0000 +0.0000 +0.3893 +0.3517 +0.0000 +0.0000 -0.5089 -0.0745 ;
-0.1385 +0.0000 -0.0734 -0.4170 +0.0000 +0.0000 +0.0000 +0.1008 -0.4670 -0.0223 -0.0409 +0.0721 -0.3088 -0.3610 +0.0000 +0.0000 +0.4014 -0.0125 -0.2871 +0.0000 +0.0000 +0.0000 +0.1289 +0.0000 +0.0000 +0.2713 +0.0740 +0.0000 +0.1780 +0.0000 +0.0000 +0.0000 +0.0000 +0.0000 +0.0000 +0.0000 +0.0000 -0.2035 -0.0540 -0.0540 -0.0797 -0.0009 -0.1649 -0.0822 -0.2500 -0.1645 -0.1573 -0.2368 -0.0235 -0.1012 +0.5766 +0.5543 +0.0000 +0.6012 +0.0000 +0.0000 -0.0745 ;
-0.0053 -0.1033 +0.0000 -0.2192 -0.4155 -0.4868 +0.2807 -0.5834 +0.4266 +0.5081 -0.0154 +0.0496 +0.2028 -0.4903 +0.0000 -0.4666 -0.4089 -0.3274 -0.2004 -0.0021 +0.0000 -0.0000 +0.2067 -0.4911 -0.0000 -0.0250 +0.0254 +0.2158 +0.0000 +0.0000 +0.0000 +0.0628 +0.2322 +0.0000 +0.0000 +0.0000 +0.0000 -0.2619 -0.2613 -0.1676 -0.1048 -0.1481 -0.2151 -0.0564 -0.1039 -0.2542 -0.0000 -0.2391 -0.0543 -0.0946 +0.6161 +0.5815 +0.5671 +0.0000 -0.4763 +0.0000 -0.0745 ;
+0.0000 +0.0000 +0.0000 +0.0000 +0.0000 +0.0000 +0.0000 +0.0000 +0.0000 +0.0000 +0.0000 +0.0000 +0.0000 +0.0000 +0.0000 +0.0000 +0.0000 +0.0000 +0.0000 +0.0000 +0.0000 +0.0000 +0.0000 +0.0000 +0.0000 +0.0000 +0.0000 +0.0000 +0.0000 +0.0000 +0.0000 +0.0000 +0.0000 +0.0000 +0.0000 +0.0000 +0.0000 +0.0000 +0.0000 +0.0000 +0.0000 +0.0000 +0.0000 +0.0000 +0.0000 +0.0000 +0.0000 +0.0000 +0.0000 +0.0000 +0.0000 +0.0000 +0.0000 +0.0000 +0.0000 +0.0000 +0.0000 ;
