brain 22882 fitness=2.94522 numneurons+1=38 maxWeight=8 maxBias=8 redinput=2-8 greeninput=9-16 blueinput=17-20
+0.0000 +0.0000 +0.0000 +0.0000 +0.0000 +0.0000 +0.0000 +0.0000 +0.0000 +0.0000 +0.0000 +0.0000 +0.0000 +0.0000 +0.0000 +0.0000 +0.0000 +0.0000 +0.0000 +0.0000 +0.0000 +0.0000 +0.0000 +0.0000 +0.0000 +0.0000 +0.0000 +0.0000 +0.0000 +0.0000 +0.0000 +0.0000 +0.0000 +0.0000 +0.0000 +0.0000 +0.0000 +0.0000 ;
+0.0000 +0.0000 +0.0000 +0.0000 +0.0000 +0.0000 +0.0000 +0.0000 +0.0000 +0.0000 +0.0000 +0.0000 +0.0000 +0.0000 +0.0000 +0.0000 +0.0000 +0.0000 +0.0000 +0.0000 +0.0000 +0.0000 +0.0000 +0.0000 +0.0000 +0.0000 +0.0000 +0.0000 +0.0000 +0.0000 +0.0000 +0.0000 +0.0000 +0.0000 +0.0000 +0.0000 +0.0000 +0.0000 ;
+0.0000 +0.0000 +0.0000 +0.0000 +0.0000 +0.0000 +0.0000 +0.0000 +0.0000 +0.0000 +0.0000 +0.0000 +0.0000 +0.0000 +0.0000 +0.0000 +0.0000 +0.0000 +0.0000 +0.0000 +0.0000 +0.0000 +0.0000 +0.0000 +0.0000 +0.0000 +0.0000 +0.0000 +0.0000 +0.0000 +0.0000 +0.0000 +0.0000 +0.0000 +0.0000 +0.0000 +0.0000 +0.0000 ;
+0.0000 +0.0000 +0.0000 +0.0000 +0.0000 +0.0000 +0.0000 +0.0000 +0.0000 +0.0000 +0.0000 +0.0000 +0.0000 +0.0000 +0.0000 +0.0000 +0.0000 +0.0000 +0.0000 +0.0000 +0.0000 +0.0000 +0.0000 +0.0000 +0.0000 +0.0000 +0.0000 +0.0000 +0.0000 +0.0000 +0.0000 +0.0000 +0.0000 +0.0000 +0.0000 +0.0000 +0.0000 +0.0000 ;
+0.0000 +0.0000 +0.0000 +0.0000 +0.0000 +0.0000 +0.0000 +0.0000 +0.0000 +0.0000 +0.0000 +0.0000 +0.0000 +0.0000 +0.0000 +0.0000 +0.0000 +0.0000 +0.0000 +0.0000 +0.0000 +0.0000 +0.0000 +0.0000 +0.0000 +0.0000 +0.0000 +0.0000 +0.0000 +0.0000 +0.0000 +0.0000 +0.0000 +0.0000 +0.0000 +0.0000 +0.0000 +0.0000 ;
+0.0000 +0.0000 +0.0000 +0.0000 +0.0000 +0.0000 +0.0000 +0.0000 +0.0000 +0.0000 +0.0000 +0.0000 +0.0000 +0.0000 +0.0000 +0.0000 +0.0000 +0.0000 +0.0000 +0.0000 +0.0000 +0.0000 +0.0000 +0.0000 +0.0000 +0.0000 +0.0000 +0.0000 +0.0000 +0.0000 +0.0000 +0.0000 +0.0000 +0.0000 +0.0000 +0.0000 +0.0000 +0.0000 ;
+0.0000 +0.0000 +0.0000 +0.0000 +0.0000 +0.0000 +0.0000 +0.0000 +0.0000 +0.0000 +0.0000 +0.0000 +0.0000 +0.0000 +0.0000 +0.0000 +0.0000 +0.0000 +0.0000 +0.0000 +0.0000 +0.0000 +0.0000 +0.0000 +0.0000 +0.0000 +0.0000 +0.0000 +0.0000 +0.0000 +0.0000 +0.0000 +0.0000 +0.0000 +0.0000 +0.0000 +0.0000 +0.0000 ;
+0.0000 +0.0000 +0.0000 +0.0000 +0.0000 +0.0000 +0.0000 +0.0000 +0.0000 +0.0000 +0.0000 +0.0000 +0.0000 +0.0000 +0.0000 +0.0000 +0.0000 +0.0000 +0.0000 +0.0000 +0.0000 +0.0000 +0.0000 +0.0000 +0.0000 +0.0000 +0.0000 +0.0000 +0.0000 +0.0000 +0.0000 +0.0000 +0.0000 +0.0000 +0.0000 +0.0000 +0.0000 +0.0000 ;
+0.0000 +0.0000 +0.0000 +0.0000 +0.0000 +0.0000 +0.0000 +0.0000 +0.0000 +0.0000 +0.0000 +0.0000 +0.0000 +0.0000 +0.0000 +0.0000 +0.0000 +0.0000 +0.0000 +0.0000 +0.0000 +0.0000 +0.0000 +0.0000 +0.0000 +0.0000 +0.0000 +0.0000 +0.0000 +0.0000 +0.0000 +0.0000 +0.0000 +0.0000 +0.0000 +0.0000 +0.0000 +0.0000 ;
+0.0000 +0.0000 +0.0000 +0.0000 +0.0000 +0.0000 +0.0000 +0.0000 +0.0000 +0.0000 +0.0000 +0.0000 +0.0000 +0.0000 +0.0000 +0.0000 +0.0000 +0.0000 +0.0000 +0.0000 +0.0000 +0.0000 +0.0000 +0.0000 +0.0000 +0.0000 +0.0000 +0.0000 +0.0000 +0.0000 +0.0000 +0.0000 +0.0000 +0.0000 +0.0000 +0.0000 +0.0000 +0.0000 ;
+0.0000 +0.0000 +0.0000 +0.0000 +0.0000 +0.0000 +0.0000 +0.0000 +0.0000 +0.0000 +0.0000 +0.0000 +0.0000 +0.0000 +0.0000 +0.0000 +0.0000 +0.0000 +0.0000 +0.0000 +0.0000 +0.0000 +0.0000 +0.0000 +0.0000 +0.0000 +0.0000 +0.0000 +0.0000 +0.0000 +0.0000 +0.0000 +0.0000 +0.0000 +0.0000 +0.0000 +0.0000 +0.0000 ;
+0.0000 +0.0000 +0.0000 +0.0000 +0.0000 +0.0000 +0.0000 +0.0000 +0.0000 +0.0000 +0.0000 +0.0000 +0.0000 +0.0000 +0.0000 +0.0000 +0.0000 +0.0000 +0.0000 +0.0000 +0.0000 +0.0000 +0.0000 +0.0000 +0.0000 +0.0000 +0.0000 +0.0000 +0.0000 +0.0000 +0.0000 +0.0000 +0.0000 +0.0000 +0.0000 +0.0000 +0.0000 +0.0000 ;
+0.0000 +0.0000 +0.0000 +0.0000 +0.0000 +0.0000 +0.0000 +0.0000 +0.0000 +0.0000 +0.0000 +0.0000 +0.0000 +0.0000 +0.0000 +0.0000 +0.0000 +0.0000 +0.0000 +0.0000 +0.0000 +0.0000 +0.0000 +0.0000 +0.0000 +0.0000 +0.0000 +0.0000 +0.0000 +0.0000 +0.0000 +0.0000 +0.0000 +0.0000 +0.0000 +0.0000 +0.0000 +0.0000 ;
+0.0000 +0.0000 +0.0000 +0.0000 +0.0000 +0.0000 +0.0000 +0.0000 +0.0000 +0.0000 +0.0000 +0.0000 +0.0000 +0.0000 +0.0000 +0.0000 +0.0000 +0.0000 +0.0000 +0.0000 +0.0000 +0.0000 +0.0000 +0.0000 +0.0000 +0.0000 +0.0000 +0.0000 +0.0000 +0.0000 +0.0000 +0.0000 +0.0000 +0.0000 +0.0000 +0.0000 +0.0000 +0.0000 ;
+0.0000 +0.0000 +0.0000 +0.0000 +0.0000 +0.0000 +0.0000 +0.0000 +0.0000 +0.0000 +0.0000 +0.0000 +0.0000 +0.0000 +0.0000 +0.0000 +0.0000 +0.0000 +0.0000 +0.0000 +0.0000 +0.0000 +0.0000 +0.0000 +0.0000 +0.0000 +0.0000 +0.0000 +0.0000 +0.0000 +0.0000 +0.0000 +0.0000 +0.0000 +0.0000 +0.0000 +0.0000 +0.0000 ;
+0.0000 +0.0000 +0.0000 +0.0000 +0.0000 +0.0000 +0.0000 +0.0000 +0.0000 +0.0000 +0.0000 +0.0000 +0.0000 +0.0000 +0.0000 +0.0000 +0.0000 +0.0000 +0.0000 +0.0000 +0.0000 +0.0000 +0.0000 +0.0000 +0.0000 +0.0000 +0.0000 +0.0000 +0.0000 +0.0000 +0.0000 +0.0000 +0.0000 +0.0000 +0.0000 +0.0000 +0.0000 +0.0000 ;
+0.0000 +0.0000 +0.0000 +0.0000 +0.0000 +0.0000 +0.0000 +0.0000 +0.0000 +0.0000 +0.0000 +0.0000 +0.0000 +0.0000 +0.0000 +0.0000 +0.0000 +0.0000 +0.0000 +0.0000 +0.0000 +0.0000 +0.0000 +0.0000 +0.0000 +0.0000 +0.0000 +0.0000 +0.0000 +0.0000 +0.0000 +0.0000 +0.0000 +0.0000 +0.0000 +0.0000 +0.0000 +0.0000 ;
+0.0000 +0.0000 +0.0000 +0.0000 +0.0000 +0.0000 +0.0000 +0.0000 +0.0000 +0.0000 +0.0000 +0.0000 +0.0000 +0.0000 +0.0000 +0.0000 +0.0000 +0.0000 +0.0000 +0.0000 +0.0000 +0.0000 +0.0000 +0.0000 +0.0000 +0.0000 +0.0000 +0.0000 +0.0000 +0.0000 +0.0000 +0.0000 +0.0000 +0.0000 +0.0000 +0.0000 +0.0000 +0.0000 ;
+0.0000 +0.0000 +0.0000 +0.0000 +0.0000 +0.0000 +0.0000 +0.0000 +0.0000 +0.0000 +0.0000 +0.0000 +0.0000 +0.0000 +0.0000 +0.0000 +0.0000 +0.0000 +0.0000 +0.0000 +0.0000 +0.0000 +0.0000 +0.0000 +0.0000 +0.0000 +0.0000 +0.0000 +0.0000 +0.0000 +0.0000 +0.0000 +0.0000 +0.0000 +0.0000 +0.0000 +0.0000 +0.0000 ;
+0.0000 +0.0000 +0.0000 +0.0000 +0.0000 +0.0000 +0.0000 +0.0000 +0.0000 +0.0000 +0.0000 +0.0000 +0.0000 +0.0000 +0.0000 +0.0000 +0.0000 +0.0000 +0.0000 +0.0000 +0.0000 +0.0000 +0.0000 +0.0000 +0.0000 +0.0000 +0.0000 +0.0000 +0.0000 +0.0000 +0.0000 +0.0000 +0.0000 +0.0000 +0.0000 +0.0000 +0.0000 +0.0000 ;
+0.0000 +0.0000 +0.0000 +0.0000 +0.0000 +0.0000 +0.0000 +0.0000 +0.0000 +0.0000 +0.0000 +0.0000 +0.0000 +0.0000 +0.0000 +0.0000 +0.0000 +0.0000 +0.0000 +0.0000 +0.0000 +0.0000 +0.0000 +0.0000 +0.0000 +0.0000 +0.0000 +0.0000 +0.0000 +0.0000 +0.0000 +0.0000 +0.0000 +0.0000 +0.0000 +0.0000 +0.0000 +0.0000 ;
-0.0021 +0.0000 +0.0223 +0.0000 -0.1340 +0.0000 -0.0567 -0.2076 -0.0351 +0.0482 -0.1916 -0.1137 +0.0454 -0.0450 -0.1194 +0.0000 +0.0000 +0.0810 +0.0000 +0.0000 +0.0000 +0.0000 -0.0009 -0.0189 -0.1274 +0.0000 -0.0390 -0.0527 +0.0439 +0.0000 +0.0000 -0.2248 -0.2108 -0.1881 -0.0070 +0.0000 +0.0000 +0.4039 ;
-0.0179 +0.1761 -0.1179 -0.0000 -0.0737 +0.0960 +0.0644 +0.0000 +0.0000 +0.1682 +0.1874 +0.1902 -0.0298 -0.0000 -0.0000 +0.0000 +0.0000 +0.1808 -0.0936 -0.0912 +0.0000 +0.0000 +0.0000 -0.0620 +0.0000 +0.1606 +0.1070 +0.0000 +0.0920 +0.0000 +0.0000 -0.1510 +0.0000 +0.0000 +0.0000 +0.0000 +0.0000 +0.4118 ;
-0.0000 -0.1080 +0.0214 +0.0000 +0.0000 +0.0000 +0.0000 +0.0000 +0.0000 +0.0000 -0.1408 -0.0809 -0.1105 -0.1180 -0.1625 -0.0890 -0.2570 +0.0811 +0.0036 -0.0258 -0.1242 +0.0000 +0.0000 +0.0000 +0.1791 -0.1044 +0.1066 +0.2317 +0.0000 +0.0000 +0.0000 -0.2056 +0.0000 -0.2311 -0.1659 -0.2233 -0.1215 -0.0980 ;
-0.1074 +0.0000 +0.1009 +0.1987 +0.0791 +0.0779 +0.1126 +0.0000 +0.0000 +0.0000 +0.0435 +0.1216 +0.0000 +0.0000 +0.0000 +0.0000 -0.0005 -0.2039 +0.1774 +0.0000 +0.0000 -0.0009 +0.2411 +0.0000 +0.0000 +0.0000 +0.0000 +0.2714 +0.0524 +0.1189 +0.0000 +0.0000 +0.0000 -0.0000 -0.0736 +0.0000 +0.0000 -0.0745 ;
-0.0241 -0.0269 +0.1569 +0.1619 -0.0024 -0.0909 +0.0000 +0.0000 +0.0000 +0.0895 +0.2463 +0.0898 +0.0530 +0.1671 +0.0000 -0.2335 +0.0000 +0.1229 +0.1206 +0.1842 +0.0000 +0.1752 +0.0429 -0.0727 -0.2360 +0.0000 +0.2031 +0.0000 +0.0000 +0.0000 +0.0000 -0.1838 +0.0000 -0.1602 -0.1032 -0.0601 -0.0619 -0.5400 ;
+0.0000 +0.2472 +0.1615 +0.0463 +0.0622 -0.0368 -0.1670 +0.2883 +0.1765 -0.0921 -0.3013 +0.0000 +0.0354 +0.0000 +0.0000 +0.0000 +0.0000 -0.2251 +0.0000 +0.0000 +0.0000 -0.1631 +0.0000 +0.1731 +0.0000 +0.1779 +0.0000 +0.1251 +0.2656 +0.1953 +0.0000 -0.3474 -0.2403 -0.3264 -0.4073 -0.3252 -0.4107 -0.5431 ;
+0.0000 +0.0000 -0.0074 -0.1982 +0.1858 +0.1350 +0.1589 +0.1525 +0.0302 +0.0000 +0.0000 +0.0000 +0.1598 +0.0000 +0.0000 +0.0000 +0.0077 +0.0571 +0.0000 +0.0000 +0.0000 -0.0242 +0.2953 -0.0805 -0.2324 +0.0000 +0.0000 +0.0000 +0.1104 +0.0685 +0.0000 -0.1295 +0.0000 +0.0000 +0.0000 +0.0000 +0.0000 -0.1216 ;
+0.0000 +0.0000 -0.1171 +0.0000 +0.0000 +0.0000 +0.0000 +0.0000 +0.0000 -0.2243 +0.0361 +0.0918 +0.1993 +0.0708 +0.0000 +0.2505 +0.0000 -0.0065 +0.1931 +0.1962 +0.0000 +0.0504 +0.0000 +0.0000 +0.0000 +0.0000 +0.0000 +0.0000 +0.0000 +0.0000 +0.0000 +0.0000 +0.0000 +0.0000 +0.0000 +0.0000 +0.0000 -0.5041 ;
-0.0162 +0.0000 +0.0000 -0.2353 +0.0000 -0.2417 +0.0000 +0.0000 +0.0000 +0.3126 +0.0000 +0.1960 +0.2917 +0.1093 +0.1585 +0.2871 +0.0000 +0.0582 -0.0265 -0.0484 +0.0000 -0.1532 +0.0957 +0.0000 -0.0542 -0.1506 +0.1746 +0.0000 +0.1436 +0.0000 +0.0000 +0.0000 -0.2463 +0.0000 +0.0000 +0.0000 +0.0000 -0.5041 ;
-0.2368 +0.0000 +0.0000 +0.0000 +0.0000 -0.0710 -0.0537 +0.0000 +0.0000 +0.0000 +0.3127 +0.2226 +0.2301 -0.0585 +0.1153 +0.1024 +0.0868 +0.0240 -0.0108 +0.0270 -0.0049 +0.0655 +0.0197 +0.0168 -0.0279 -0.1428 +0.1441 +0.0000 +0.0000 +0.2502 +0.0000 +0.0000 +0.0000 +0.0000 -0.1122 +0.0000 +0.0000 -0.5041 ;
+0.0000 +0.2798 +0.0919 +0.0577 +0.0875 +0.1588 -0.1066 -0.1565 +0.0000 -0.2552 +0.0000 +0.0000 +0.0000 +0.0000 +0.0000 +0.0000 +0.0000 +0.0509 +0.0510 +0.0000 +0.0000 +0.0000 +0.0000 +0.1240 +0.0000 +0.0000 +0.0429 +0.0000 +0.2514 +0.0000 +0.0000 +0.0000 -0.1594 -0.2021 +0.0000 +0.0000 +0.0000 -0.5041 ;
+0.0000 -0.1272 -0.0159 -0.1642 -0.0571 -0.0866 +0.1154 +0.0000 +0.0000 +0.1894 -0.2402 +0.0000 +0.0000 +0.0000 +0.0000 +0.0000 -0.2259 +0.2205 +0.1477 +0.1443 +0.0000 -0.0829 -0.0000 +0.1406 -0.0408 -0.1331 -0.2092 +0.0238 +0.2330 +0.0000 +0.0000 -0.0992 +0.0000 -0.1001 +0.0000 +0.0000 +0.0000 -0.5041 ;
-0.0271 +0.1940 +0.0987 -0.0810 -0.1422 +0.1746 +0.1517 +0.0000 -0.0922 -0.2756 +0.0000 +0.0173 +0.0000 +0.0000 +0.0000 +0.0000 +0.0000 +0.1274 +0.0197 +0.0257 +0.0000 -0.2611 -0.0444 +0.2806 -0.0228 +0.1522 +0.0047 +0.0000 +0.0652 +0.2437 +0.0000 +0.0000 -0.2277 +0.0000 -0.1020 +0.0000 +0.0000 -0.5041 ;
+0.0000 +0.1099 +0.0000 +0.0427 +0.0616 -0.1170 -0.0634 -0.0886 +0.0000 +0.0000 +0.0000 +0.0000 +0.1512 -0.1242 -0.0521 +0.0000 +0.0000 +0.0000 +0.1811 +0.1921 +0.0000 +0.0000 -0.0914 +0.1393 +0.0000 -0.2555 +0.2445 +0.0838 +0.0000 +0.2121 +0.0000 +0.0000 -0.1979 +0.0000 +0.0000 -0.0778 +0.0000 -0.5041 ;
+0.0000 +0.1673 -0.1762 -0.2937 -0.0791 +0.2466 +0.0094 +0.0055 +0.1877 +0.0000 +0.0000 +0.0000 +0.0000 -0.0544 -0.1732 +0.0000 +0.0000 +0.1611 +0.0000 +0.0000 +0.1760 -0.1296 -0.1023 +0.3190 -0.1137 +0.1396 -0.1011 +0.0000 +0.0000 +0.1951 +0.0000 +0.0000 +0.0000 +0.0000 -0.1561 +0.0000 -0.2825 -0.5041 ;
-0.0999 +0.0441 -0.1947 +0.0000 -0.1210 -0.0128 -0.0983 +0.2567 +0.0975 +0.0000 +0.0000 +0.0000 +0.0000 -0.1531 -0.0616 +0.0977 +0.0000 +0.0000 +0.0069 -0.1918 +0.0020 +0.0184 -0.0223 +0.2712 -0.0000 -0.1342 +0.0768 +0.0000 +0.0000 +0.3290 +0.1540 +0.0000 +0.0000 +0.0000 -0.2713 -0.1491 +0.0000 -0.5041 ;
+0.0000 +0.0000 +0.0000 +0.0000 +0.0000 +0.0000 +0.0000 +0.0000 +0.0000 +0.0000 +0.0000 +0.0000 +0.0000 +0.0000 +0.0000 +0.0000 +0.0000 +0.0000 +0.0000 +0.0000 +0.0000 +0.0000 +0.0000 +0.0000 +0.0000 +0.0000 +0.0000 +0.0000 +0.0000 +0.0000 +0.0000 +0.0000 +0.0000 +0.0000 +0.0000 +0.0000 +0.0000 +0.0000 ;
