brain 22900 fitness=10.8853 numneurons+1=66 maxWeight=8 maxBias=8 redinput=2-14 greeninput=15-24 blueinput=25-28
+0.0000 +0.0000 +0.0000 +0.0000 +0.0000 +0.0000 +0.0000 +0.0000 +0.0000 +0.0000 +0.0000 +0.0000 +0.0000 +0.0000 +0.0000 +0.0000 +0.0000 +0.0000 +0.0000 +0.0000 +0.0000 +0.0000 +0.0000 +0.0000 +0.0000 +0.0000 +0.0000 +0.0000 +0.0000 +0.0000 +0.0000 +0.0000 +0.0000 +0.0000 +0.0000 +0.0000 +0.0000 +0.0000 +0.0000 +0.0000 +0.0000 +0.0000 +0.0000 +0.0000 +0.0000 +0.0000 +0.0000 +0.0000 +0.0000 +0.0000 +0.0000 +0.0000 +0.0000 +0.0000 +0.0000 +0.0000 +0.0000 +0.0000 +0.0000 +0.0000 +0.0000 +0.0000 +0.0000 +0.0000 +0.0000 +0.0000 ;
+0.0000 +0.0000 +0.0000 +0.0000 +0.0000 +0.0000 +0.0000 +0.0000 +0.0000 +0.0000 +0.0000 +0.0000 +0.0000 +0.0000 +0.0000 +0.0000 +0.0000 +0.0000 +0.0000 +0.0000 +0.0000 +0.0000 +0.0000 +0.0000 +0.0000 +0.0000 +0.0000 +0.0000 +0.0000 +0.0000 +0.0000 +0.0000 +0.0000 +0.0000 +0.0000 +0.0000 +0.0000 +0.0000 +0.0000 +0.0000 +0.0000 +0.0000 +0.0000 +0.0000 +0.0000 +0.0000 +0.0000 +0.0000 +0.0000 +0.0000 +0.0000 +0.0000 +0.0000 +0.0000 +0.0000 +0.0000 +0.0000 +0.0000 +0.0000 +0.0000 +0.0000 +0.0000 +0.0000 +0.0000 +0.0000 +0.0000 ;
+0.0000 +0.0000 +0.0000 +0.0000 +0.0000 +0.0000 +0.0000 +0.0000 +0.0000 +0.0000 +0.0000 +0.0000 +0.0000 +0.0000 +0.0000 +0.0000 +0.0000 +0.0000 +0.0000 +0.0000 +0.0000 +0.0000 +0.0000 +0.0000 +0.0000 +0.0000 +0.0000 +0.0000 +0.0000 +0.0000 +0.0000 +0.0000 +0.0000 +0.0000 +0.0000 +0.0000 +0.0000 +0.0000 +0.0000 +0.0000 +0.0000 +0.0000 +0.0000 +0.0000 +0.0000 +0.0000 +0.0000 +0.0000 +0.0000 +0.0000 +0.0000 +0.0000 +0.0000 +0.0000 +0.0000 +0.0000 +0.0000 +0.0000 +0.0000 +0.0000 +0.0000 +0.0000 +0.0000 +0.0000 +0.0000 +0.0000 ;
+0.0000 +0.0000 +0.0000 +0.0000 +0.0000 +0.0000 +0.0000 +0.0000 +0.0000 +0.0000 +0.0000 +0.0000 +0.0000 +0.0000 +0.0000 +0.0000 +0.0000 +0.0000 +0.0000 +0.0000 +0.0000 +0.0000 +0.0000 +0.0000 +0.0000 +0.0000 +0.0000 +0.0000 +0.0000 +0.0000 +0.0000 +0.0000 +0.0000 +0.0000 +0.0000 +0.0000 +0.0000 +0.0000 +0.0000 +0.0000 +0.0000 +0.0000 +0.0000 +0.0000 +0.0000 +0.0000 +0.0000 +0.0000 +0.0000 +0.0000 +0.0000 +0.0000 +0.0000 +0.0000 +0.0000 +0.0000 +0.0000 +0.0000 +0.0000 +0.0000 +0.0000 +0.0000 +0.0000 +0.0000 +0.0000 +0.0000 ;
+0.0000 +0.0000 +0.0000 +0.0000 +0.0000 +0.0000 +0.0000 +0.0000 +0.0000 +0.0000 +0.0000 +0.0000 +0.0000 +0.0000 +0.0000 +0.0000 +0.0000 +0.0000 +0.0000 +0.0000 +0.0000 +0.0000 +0.0000 +0.0000 +0.0000 +0.0000 +0.0000 +0.0000 +0.0000 +0.0000 +0.0000 +0.0000 +0.0000 +0.0000 +0.0000 +0.0000 +0.0000 +0.0000 +0.0000 +0.0000 +0.0000 +0.0000 +0.0000 +0.0000 +0.0000 +0.0000 +0.0000 +0.0000 +0.0000 +0.0000 +0.0000 +0.0000 +0.0000 +0.0000 +0.0000 +0.0000 +0.0000 +0.0000 +0.0000 +0.0000 +0.0000 +0.0000 +0.0000 +0.0000 +0.0000 +0.0000 ;
+0.0000 +0.0000 +0.0000 +0.0000 +0.0000 +0.0000 +0.0000 +0.0000 +0.0000 +0.0000 +0.0000 +0.0000 +0.0000 +0.0000 +0.0000 +0.0000 +0.0000 +0.0000 +0.0000 +0.0000 +0.0000 +0.0000 +0.0000 +0.0000 +0.0000 +0.0000 +0.0000 +0.0000 +0.0000 +0.0000 +0.0000 +0.0000 +0.0000 +0.0000 +0.0000 +0.0000 +0.0000 +0.0000 +0.0000 +0.0000 +0.0000 +0.0000 +0.0000 +0.0000 +0.0000 +0.0000 +0.0000 +0.0000 +0.0000 +0.0000 +0.0000 +0.0000 +0.0000 +0.0000 +0.0000 +0.0000 +0.0000 +0.0000 +0.0000 +0.0000 +0.0000 +0.0000 +0.0000 +0.0000 +0.0000 +0.0000 ;
+0.0000 +0.0000 +0.0000 +0.0000 +0.0000 +0.0000 +0.0000 +0.0000 +0.0000 +0.0000 +0.0000 +0.0000 +0.0000 +0.0000 +0.0000 +0.0000 +0.0000 +0.0000 +0.0000 +0.0000 +0.0000 +0.0000 +0.0000 +0.0000 +0.0000 +0.0000 +0.0000 +0.0000 +0.0000 +0.0000 +0.0000 +0.0000 +0.0000 +0.0000 +0.0000 +0.0000 +0.0000 +0.0000 +0.0000 +0.0000 +0.0000 +0.0000 +0.0000 +0.0000 +0.0000 +0.0000 +0.0000 +0.0000 +0.0000 +0.0000 +0.0000 +0.0000 +0.0000 +0.0000 +0.0000 +0.0000 +0.0000 +0.0000 +0.0000 +0.0000 +0.0000 +0.0000 +0.0000 +0.0000 +0.0000 +0.0000 ;
+0.0000 +0.0000 +0.0000 +0.0000 +0.0000 +0.0000 +0.0000 +0.0000 +0.0000 +0.0000 +0.0000 +0.0000 +0.0000 +0.0000 +0.0000 +0.0000 +0.0000 +0.0000 +0.0000 +0.0000 +0.0000 +0.0000 +0.0000 +0.0000 +0.0000 +0.0000 +0.0000 +0.0000 +0.0000 +0.0000 +0.0000 +0.0000 +0.0000 +0.0000 +0.0000 +0.0000 +0.0000 +0.0000 +0.0000 +0.0000 +0.0000 +0.0000 +0.0000 +0.0000 +0.0000 +0.0000 +0.0000 +0.0000 +0.0000 +0.0000 +0.0000 +0.0000 +0.0000 +0.0000 +0.0000 +0.0000 +0.0000 +0.0000 +0.0000 +0.0000 +0.0000 +0.0000 +0.0000 +0.0000 +0.0000 +0.0000 ;
+0.0000 +0.0000 +0.0000 +0.0000 +0.0000 +0.0000 +0.0000 +0.0000 +0.0000 +0.0000 +0.0000 +0.0000 +0.0000 +0.0000 +0.0000 +0.0000 +0.0000 +0.0000 +0.0000 +0.0000 +0.0000 +0.0000 +0.0000 +0.0000 +0.0000 +0.0000 +0.0000 +0.0000 +0.0000 +0.0000 +0.0000 +0.0000 +0.0000 +0.0000 +0.0000 +0.0000 +0.0000 +0.0000 +0.0000 +0.0000 +0.0000 +0.0000 +0.0000 +0.0000 +0.0000 +0.0000 +0.0000 +0.0000 +0.0000 +0.0000 +0.0000 +0.0000 +0.0000 +0.0000 +0.0000 +0.0000 +0.0000 +0.0000 +0.0000 +0.0000 +0.0000 +0.0000 +0.0000 +0.0000 +0.0000 +0.0000 ;
+0.0000 +0.0000 +0.0000 +0.0000 +0.0000 +0.0000 +0.0000 +0.0000 +0.0000 +0.0000 +0.0000 +0.0000 +0.0000 +0.0000 +0.0000 +0.0000 +0.0000 +0.0000 +0.0000 +0.0000 +0.0000 +0.0000 +0.0000 +0.0000 +0.0000 +0.0000 +0.0000 +0.0000 +0.0000 +0.0000 +0.0000 +0.0000 +0.0000 +0.0000 +0.0000 +0.0000 +0.0000 +0.0000 +0.0000 +0.0000 +0.0000 +0.0000 +0.0000 +0.0000 +0.0000 +0.0000 +0.0000 +0.0000 +0.0000 +0.0000 +0.0000 +0.0000 +0.0000 +0.0000 +0.0000 +0.0000 +0.0000 +0.0000 +0.0000 +0.0000 +0.0000 +0.0000 +0.0000 +0.0000 +0.0000 +0.0000 ;
+0.0000 +0.0000 +0.0000 +0.0000 +0.0000 +0.0000 +0.0000 +0.0000 +0.0000 +0.0000 +0.0000 +0.0000 +0.0000 +0.0000 +0.0000 +0.0000 +0.0000 +0.0000 +0.0000 +0.0000 +0.0000 +0.0000 +0.0000 +0.0000 +0.0000 +0.0000 +0.0000 +0.0000 +0.0000 +0.0000 +0.0000 +0.0000 +0.0000 +0.0000 +0.0000 +0.0000 +0.0000 +0.0000 +0.0000 +0.0000 +0.0000 +0.0000 +0.0000 +0.0000 +0.0000 +0.0000 +0.0000 +0.0000 +0.0000 +0.0000 +0.0000 +0.0000 +0.0000 +0.0000 +0.0000 +0.0000 +0.0000 +0.0000 +0.0000 +0.0000 +0.0000 +0.0000 +0.0000 +0.0000 +0.0000 +0.0000 ;
+0.0000 +0.0000 +0.0000 +0.0000 +0.0000 +0.0000 +0.0000 +0.0000 +0.0000 +0.0000 +0.0000 +0.0000 +0.0000 +0.0000 +0.0000 +0.0000 +0.0000 +0.0000 +0.0000 +0.0000 +0.0000 +0.0000 +0.0000 +0.0000 +0.0000 +0.0000 +0.0000 +0.0000 +0.0000 +0.0000 +0.0000 +0.0000 +0.0000 +0.0000 +0.0000 +0.0000 +0.0000 +0.0000 +0.0000 +0.0000 +0.0000 +0.0000 +0.0000 +0.0000 +0.0000 +0.0000 +0.0000 +0.0000 +0.0000 +0.0000 +0.0000 +0.0000 +0.0000 +0.0000 +0.0000 +0.0000 +0.0000 +0.0000 +0.0000 +0.0000 +0.0000 +0.0000 +0.0000 +0.0000 +0.0000 +0.0000 ;
+0.0000 +0.0000 +0.0000 +0.0000 +0.0000 +0.0000 +0.0000 +0.0000 +0.0000 +0.0000 +0.0000 +0.0000 +0.0000 +0.0000 +0.0000 +0.0000 +0.0000 +0.0000 +0.0000 +0.0000 +0.0000 +0.0000 +0.0000 +0.0000 +0.0000 +0.0000 +0.0000 +0.0000 +0.0000 +0.0000 +0.0000 +0.0000 +0.0000 +0.0000 +0.0000 +0.0000 +0.0000 +0.0000 +0.0000 +0.0000 +0.0000 +0.0000 +0.0000 +0.0000 +0.0000 +0.0000 +0.0000 +0.0000 +0.0000 +0.0000 +0.0000 +0.0000 +0.0000 +0.0000 +0.0000 +0.0000 +0.0000 +0.0000 +0.0000 +0.0000 +0.0000 +0.0000 +0.0000 +0.0000 +0.0000 +0.0000 ;
+0.0000 +0.0000 +0.0000 +0.0000 +0.0000 +0.0000 +0.0000 +0.0000 +0.0000 +0.0000 +0.0000 +0.0000 +0.0000 +0.0000 +0.0000 +0.0000 +0.0000 +0.0000 +0.0000 +0.0000 +0.0000 +0.0000 +0.0000 +0.0000 +0.0000 +0.0000 +0.0000 +0.0000 +0.0000 +0.0000 +0.0000 +0.0000 +0.0000 +0.0000 +0.0000 +0.0000 +0.0000 +0.0000 +0.0000 +0.0000 +0.0000 +0.0000 +0.0000 +0.0000 +0.0000 +0.0000 +0.0000 +0.0000 +0.0000 +0.0000 +0.0000 +0.0000 +0.0000 +0.0000 +0.0000 +0.0000 +0.0000 +0.0000 +0.0000 +0.0000 +0.0000 +0.0000 +0.0000 +0.0000 +0.0000 +0.0000 ;
+0.0000 +0.0000 +0.0000 +0.0000 +0.0000 +0.0000 +0.0000 +0.0000 +0.0000 +0.0000 +0.0000 +0.0000 +0.0000 +0.0000 +0.0000 +0.0000 +0.0000 +0.0000 +0.0000 +0.0000 +0.0000 +0.0000 +0.0000 +0.0000 +0.0000 +0.0000 +0.0000 +0.0000 +0.0000 +0.0000 +0.0000 +0.0000 +0.0000 +0.0000 +0.0000 +0.0000 +0.0000 +0.0000 +0.0000 +0.0000 +0.0000 +0.0000 +0.0000 +0.0000 +0.0000 +0.0000 +0.0000 +0.0000 +0.0000 +0.0000 +0.0000 +0.0000 +0.0000 +0.0000 +0.0000 +0.0000 +0.0000 +0.0000 +0.0000 +0.0000 +0.0000 +0.0000 +0.0000 +0.0000 +0.0000 +0.0000 ;
+0.0000 +0.0000 +0.0000 +0.0000 +0.0000 +0.0000 +0.0000 +0.0000 +0.0000 +0.0000 +0.0000 +0.0000 +0.0000 +0.0000 +0.0000 +0.0000 +0.0000 +0.0000 +0.0000 +0.0000 +0.0000 +0.0000 +0.0000 +0.0000 +0.0000 +0.0000 +0.0000 +0.0000 +0.0000 +0.0000 +0.0000 +0.0000 +0.0000 +0.0000 +0.0000 +0.0000 +0.0000 +0.0000 +0.0000 +0.0000 +0.0000 +0.0000 +0.0000 +0.0000 +0.0000 +0.0000 +0.0000 +0.0000 +0.0000 +0.0000 +0.0000 +0.0000 +0.0000 +0.0000 +0.0000 +0.0000 +0.0000 +0.0000 +0.0000 +0.0000 +0.0000 +0.0000 +0.0000 +0.0000 +0.0000 +0.0000 ;
+0.0000 +0.0000 +0.0000 +0.0000 +0.0000 +0.0000 +0.0000 +0.0000 +0.0000 +0.0000 +0.0000 +0.0000 +0.0000 +0.0000 +0.0000 +0.0000 +0.0000 +0.0000 +0.0000 +0.0000 +0.0000 +0.0000 +0.0000 +0.0000 +0.0000 +0.0000 +0.0000 +0.0000 +0.0000 +0.0000 +0.0000 +0.0000 +0.0000 +0.0000 +0.0000 +0.0000 +0.0000 +0.0000 +0.0000 +0.0000 +0.0000 +0.0000 +0.0000 +0.0000 +0.0000 +0.0000 +0.0000 +0.0000 +0.0000 +0.0000 +0.0000 +0.0000 +0.0000 +0.0000 +0.0000 +0.0000 +0.0000 +0.0000 +0.0000 +0.0000 +0.0000 +0.0000 +0.0000 +0.0000 +0.0000 +0.0000 ;
+0.0000 +0.0000 +0.0000 +0.0000 +0.0000 +0.0000 +0.0000 +0.0000 +0.0000 +0.0000 +0.0000 +0.0000 +0.0000 +0.0000 +0.0000 +0.0000 +0.0000 +0.0000 +0.0000 +0.0000 +0.0000 +0.0000 +0.0000 +0.0000 +0.0000 +0.0000 +0.0000 +0.0000 +0.0000 +0.0000 +0.0000 +0.0000 +0.0000 +0.0000 +0.0000 +0.0000 +0.0000 +0.0000 +0.0000 +0.0000 +0.0000 +0.0000 +0.0000 +0.0000 +0.0000 +0.0000 +0.0000 +0.0000 +0.0000 +0.0000 +0.0000 +0.0000 +0.0000 +0.0000 +0.0000 +0.0000 +0.0000 +0.0000 +0.0000 +0.0000 +0.0000 +0.0000 +0.0000 +0.0000 +0.0000 +0.0000 ;
+0.0000 +0.0000 +0.0000 +0.0000 +0.0000 +0.0000 +0.0000 +0.0000 +0.0000 +0.0000 +0.0000 +0.0000 +0.0000 +0.0000 +0.0000 +0.0000 +0.0000 +0.0000 +0.0000 +0.0000 +0.0000 +0.0000 +0.0000 +0.0000 +0.0000 +0.0000 +0.0000 +0.0000 +0.0000 +0.0000 +0.0000 +0.0000 +0.0000 +0.0000 +0.0000 +0.0000 +0.0000 +0.0000 +0.0000 +0.0000 +0.0000 +0.0000 +0.0000 +0.0000 +0.0000 +0.0000 +0.0000 +0.0000 +0.0000 +0.0000 +0.0000 +0.0000 +0.0000 +0.0000 +0.0000 +0.0000 +0.0000 +0.0000 +0.0000 +0.0000 +0.0000 +0.0000 +0.0000 +0.0000 +0.0000 +0.0000 ;
+0.0000 +0.0000 +0.0000 +0.0000 +0.0000 +0.0000 +0.0000 +0.0000 +0.0000 +0.0000 +0.0000 +0.0000 +0.0000 +0.0000 +0.0000 +0.0000 +0.0000 +0.0000 +0.0000 +0.0000 +0.0000 +0.0000 +0.0000 +0.0000 +0.0000 +0.0000 +0.0000 +0.0000 +0.0000 +0.0000 +0.0000 +0.0000 +0.0000 +0.0000 +0.0000 +0.0000 +0.0000 +0.0000 +0.0000 +0.0000 +0.0000 +0.0000 +0.0000 +0.0000 +0.0000 +0.0000 +0.0000 +0.0000 +0.0000 +0.0000 +0.0000 +0.0000 +0.0000 +0.0000 +0.0000 +0.0000 +0.0000 +0.0000 +0.0000 +0.0000 +0.0000 +0.0000 +0.0000 +0.0000 +0.0000 +0.0000 ;
+0.0000 +0.0000 +0.0000 +0.0000 +0.0000 +0.0000 +0.0000 +0.0000 +0.0000 +0.0000 +0.0000 +0.0000 +0.0000 +0.0000 +0.0000 +0.0000 +0.0000 +0.0000 +0.0000 +0.0000 +0.0000 +0.0000 +0.0000 +0.0000 +0.0000 +0.0000 +0.0000 +0.0000 +0.0000 +0.0000 +0.0000 +0.0000 +0.0000 +0.0000 +0.0000 +0.0000 +0.0000 +0.0000 +0.0000 +0.0000 +0.0000 +0.0000 +0.0000 +0.0000 +0.0000 +0.0000 +0.0000 +0.0000 +0.0000 +0.0000 +0.0000 +0.0000 +0.0000 +0.0000 +0.0000 +0.0000 +0.0000 +0.0000 +0.0000 +0.0000 +0.0000 +0.0000 +0.0000 +0.0000 +0.0000 +0.0000 ;
+0.0000 +0.0000 +0.0000 +0.0000 +0.0000 +0.0000 +0.0000 +0.0000 +0.0000 +0.0000 +0.0000 +0.0000 +0.0000 +0.0000 +0.0000 +0.0000 +0.0000 +0.0000 +0.0000 +0.0000 +0.0000 +0.0000 +0.0000 +0.0000 +0.0000 +0.0000 +0.0000 +0.0000 +0.0000 +0.0000 +0.0000 +0.0000 +0.0000 +0.0000 +0.0000 +0.0000 +0.0000 +0.0000 +0.0000 +0.0000 +0.0000 +0.0000 +0.0000 +0.0000 +0.0000 +0.0000 +0.0000 +0.0000 +0.0000 +0.0000 +0.0000 +0.0000 +0.0000 +0.0000 +0.0000 +0.0000 +0.0000 +0.0000 +0.0000 +0.0000 +0.0000 +0.0000 +0.0000 +0.0000 +0.0000 +0.0000 ;
+0.0000 +0.0000 +0.0000 +0.0000 +0.0000 +0.0000 +0.0000 +0.0000 +0.0000 +0.0000 +0.0000 +0.0000 +0.0000 +0.0000 +0.0000 +0.0000 +0.0000 +0.0000 +0.0000 +0.0000 +0.0000 +0.0000 +0.0000 +0.0000 +0.0000 +0.0000 +0.0000 +0.0000 +0.0000 +0.0000 +0.0000 +0.0000 +0.0000 +0.0000 +0.0000 +0.0000 +0.0000 +0.0000 +0.0000 +0.0000 +0.0000 +0.0000 +0.0000 +0.0000 +0.0000 +0.0000 +0.0000 +0.0000 +0.0000 +0.0000 +0.0000 +0.0000 +0.0000 +0.0000 +0.0000 +0.0000 +0.0000 +0.0000 +0.0000 +0.0000 +0.0000 +0.0000 +0.0000 +0.0000 +0.0000 +0.0000 ;
+0.0000 +0.0000 +0.0000 +0.0000 +0.0000 +0.0000 +0.0000 +0.0000 +0.0000 +0.0000 +0.0000 +0.0000 +0.0000 +0.0000 +0.0000 +0.0000 +0.0000 +0.0000 +0.0000 +0.0000 +0.0000 +0.0000 +0.0000 +0.0000 +0.0000 +0.0000 +0.0000 +0.0000 +0.0000 +0.0000 +0.0000 +0.0000 +0.0000 +0.0000 +0.0000 +0.0000 +0.0000 +0.0000 +0.0000 +0.0000 +0.0000 +0.0000 +0.0000 +0.0000 +0.0000 +0.0000 +0.0000 +0.0000 +0.0000 +0.0000 +0.0000 +0.0000 +0.0000 +0.0000 +0.0000 +0.0000 +0.0000 +0.0000 +0.0000 +0.0000 +0.0000 +0.0000 +0.0000 +0.0000 +0.0000 +0.0000 ;
+0.0000 +0.0000 +0.0000 +0.0000 +0.0000 +0.0000 +0.0000 +0.0000 +0.0000 +0.0000 +0.0000 +0.0000 +0.0000 +0.0000 +0.0000 +0.0000 +0.0000 +0.0000 +0.0000 +0.0000 +0.0000 +0.0000 +0.0000 +0.0000 +0.0000 +0.0000 +0.0000 +0.0000 +0.0000 +0.0000 +0.0000 +0.0000 +0.0000 +0.0000 +0.0000 +0.0000 +0.0000 +0.0000 +0.0000 +0.0000 +0.0000 +0.0000 +0.0000 +0.0000 +0.0000 +0.0000 +0.0000 +0.0000 +0.0000 +0.0000 +0.0000 +0.0000 +0.0000 +0.0000 +0.0000 +0.0000 +0.0000 +0.0000 +0.0000 +0.0000 +0.0000 +0.0000 +0.0000 +0.0000 +0.0000 +0.0000 ;
+0.0000 +0.0000 +0.0000 +0.0000 +0.0000 +0.0000 +0.0000 +0.0000 +0.0000 +0.0000 +0.0000 +0.0000 +0.0000 +0.0000 +0.0000 +0.0000 +0.0000 +0.0000 +0.0000 +0.0000 +0.0000 +0.0000 +0.0000 +0.0000 +0.0000 +0.0000 +0.0000 +0.0000 +0.0000 +0.0000 +0.0000 +0.0000 +0.0000 +0.0000 +0.0000 +0.0000 +0.0000 +0.0000 +0.0000 +0.0000 +0.0000 +0.0000 +0.0000 +0.0000 +0.0000 +0.0000 +0.0000 +0.0000 +0.0000 +0.0000 +0.0000 +0.0000 +0.0000 +0.0000 +0.0000 +0.0000 +0.0000 +0.0000 +0.0000 +0.0000 +0.0000 +0.0000 +0.0000 +0.0000 +0.0000 +0.0000 ;
+0.0000 +0.0000 +0.0000 +0.0000 +0.0000 +0.0000 +0.0000 +0.0000 +0.0000 +0.0000 +0.0000 +0.0000 +0.0000 +0.0000 +0.0000 +0.0000 +0.0000 +0.0000 +0.0000 +0.0000 +0.0000 +0.0000 +0.0000 +0.0000 +0.0000 +0.0000 +0.0000 +0.0000 +0.0000 +0.0000 +0.0000 +0.0000 +0.0000 +0.0000 +0.0000 +0.0000 +0.0000 +0.0000 +0.0000 +0.0000 +0.0000 +0.0000 +0.0000 +0.0000 +0.0000 +0.0000 +0.0000 +0.0000 +0.0000 +0.0000 +0.0000 +0.0000 +0.0000 +0.0000 +0.0000 +0.0000 +0.0000 +0.0000 +0.0000 +0.0000 +0.0000 +0.0000 +0.0000 +0.0000 +0.0000 +0.0000 ;
+0.0000 +0.0000 +0.0000 +0.0000 +0.0000 +0.0000 +0.0000 +0.0000 +0.0000 +0.0000 +0.0000 +0.0000 +0.0000 +0.0000 +0.0000 +0.0000 +0.0000 +0.0000 +0.0000 +0.0000 +0.0000 +0.0000 +0.0000 +0.0000 +0.0000 +0.0000 +0.0000 +0.0000 +0.0000 +0.0000 +0.0000 +0.0000 +0.0000 +0.0000 +0.0000 +0.0000 +0.0000 +0.0000 +0.0000 +0.0000 +0.0000 +0.0000 +0.0000 +0.0000 +0.0000 +0.0000 +0.0000 +0.0000 +0.0000 +0.0000 +0.0000 +0.0000 +0.0000 +0.0000 +0.0000 +0.0000 +0.0000 +0.0000 +0.0000 +0.0000 +0.0000 +0.0000 +0.0000 +0.0000 +0.0000 +0.0000 ;
+0.0000 +0.0000 +0.0000 +0.0000 +0.0000 +0.0000 +0.0000 +0.0000 +0.0000 +0.0000 +0.0000 +0.0000 +0.0000 +0.0000 +0.0000 +0.0000 +0.0000 +0.0000 +0.0000 +0.0000 +0.0000 +0.0000 +0.0000 +0.0000 +0.0000 +0.0000 +0.0000 +0.0000 +0.0000 +0.0000 +0.0000 +0.0000 +0.0000 +0.0000 +0.0000 +0.0000 +0.0000 +0.0000 +0.0000 +0.0000 +0.0000 +0.0000 +0.0000 +0.0000 +0.0000 +0.0000 +0.0000 +0.0000 +0.0000 +0.0000 +0.0000 +0.0000 +0.0000 +0.0000 +0.0000 +0.0000 +0.0000 +0.0000 +0.0000 +0.0000 +0.0000 +0.0000 +0.0000 +0.0000 +0.0000 +0.0000 ;
-0.2057 +0.1596 +0.0185 +0.0000 -0.0000 +0.0000 +0.0000 +0.0000 +0.0000 +0.0000 +0.0000 +0.0000 +0.0487 +0.0000 -0.0000 +0.0180 -0.0905 -0.0015 +0.0000 +0.0000 +0.0000 +0.0000 +0.0103 +0.0000 +0.0000 +0.0000 +0.0727 +0.1779 +0.1188 +0.0000 +0.0000 +0.0000 +0.0000 -0.0002 -0.1545 -0.0695 +0.0640 +0.0000 +0.0571 +0.0000 +0.0871 +0.1500 +0.0051 +0.0289 +0.0275 -0.2218 +0.0000 -0.0011 -0.0332 -0.0016 -0.0029 -0.1077 -0.1976 +0.0000 +0.0000 +0.0000 +0.0000 +0.0000 +0.0004 +0.0000 +0.0718 +0.0493 +0.0000 +0.0000 +0.0000 +0.5030 ;
+0.0000 +0.0000 +0.0000 -0.0258 +0.0575 -0.0264 -0.0149 +0.1413 -0.0616 -0.0170 -0.0911 -0.1274 -0.0927 -0.0427 -0.1308 -0.0605 -0.0103 -0.0088 -0.0201 +0.0000 +0.0000 +0.0000 +0.0000 +0.0000 +0.0000 -0.1364 +0.2646 +0.1441 +0.1541 +0.2333 +0.0000 +0.0000 +0.3295 +0.0000 -0.0400 +0.0000 +0.0000 +0.0000 +0.0461 +0.0000 +0.0000 +0.0000 +0.0000 +0.0000 +0.0000 -0.1702 +0.0000 +0.0000 +0.0000 +0.0000 +0.0000 +0.0000 +0.0000 +0.0000 +0.0000 +0.0000 +0.0000 +0.0000 +0.1073 +0.0150 +0.1246 +0.0188 -0.0000 -0.0027 +0.0000 +0.3412 ;
-0.0370 -0.2164 +0.2624 +0.4786 +0.5303 +0.4972 +0.4378 +0.4399 +0.5283 +0.5215 +0.4225 +0.4774 +0.5737 +0.4655 +0.3532 +0.2405 -0.0052 -0.0473 -0.0606 +0.0000 +0.0000 +0.0000 +0.0000 +0.0000 +0.0000 -0.1774 -0.0630 +0.2255 +0.0000 -0.0404 -0.0000 +0.0000 +0.0000 +0.1257 +0.0625 -0.2534 +0.3451 +0.0000 +0.0000 +0.0000 +0.1152 +0.1542 +0.2050 +0.2451 +0.2848 -0.0536 -0.2554 -0.1753 -0.3723 -0.1885 -0.1805 -0.1466 -0.0219 -0.2880 -0.1856 -0.2179 -0.2945 +0.0000 +0.1654 +0.2169 +0.0000 +0.0000 -0.3995 -0.4775 +0.0000 -0.5092 ;
-0.0019 +0.0639 -0.0000 -0.0000 +0.0000 -0.0000 -0.0000 -0.0000 -0.0000 -0.0000 -0.0491 +0.0000 +0.0000 +0.0000 +0.0000 -0.0000 +0.0000 +0.0000 +0.0000 +0.0000 +0.0000 +0.0000 +0.0000 +0.0000 +0.0000 +0.0000 +0.1137 +0.0898 +0.0436 +0.3543 +0.2078 -0.0000 +0.0000 -0.0000 -0.0346 -0.0822 +0.0000 +0.0000 +0.0000 +0.0000 +0.0000 +0.0000 +0.0006 +0.0001 +0.0000 -0.1452 -0.0841 -0.0037 +0.0000 -0.1101 -0.0666 -0.0957 +0.0000 +0.0000 +0.0000 +0.0000 +0.0000 +0.0000 +0.0902 +0.0115 +0.0000 +0.0000 -0.0000 +0.0000 -0.0013 +0.2784 ;
+0.0000 +0.3841 +0.0916 -0.0351 -0.1271 -0.3969 -0.1534 -0.4031 -0.4701 -0.4082 -0.3250 -0.3874 +0.0000 +0.0000 +0.0000 +0.4690 +0.1828 +0.3705 +0.4270 +0.3626 +0.3090 +0.3694 +0.0000 +0.0000 -0.1149 -0.0024 -0.1423 +0.0000 +0.0000 -0.0005 +0.0000 +0.3062 +0.0000 +0.0000 +0.0000 +0.0000 +0.6127 +0.5858 +0.4308 +0.0000 +0.0000 +0.0000 +0.0000 +0.0000 +0.0000 -0.1024 -0.3058 -0.2251 -0.3455 -0.2452 -0.2249 -0.2173 -0.0537 +0.0000 +0.0000 +0.0000 +0.0000 +0.0000 +0.0000 +0.0000 +0.0000 +0.3569 -0.2222 -0.2798 +0.0000 -0.5072 ;
-0.1678 +0.1303 +0.1781 +0.1360 +0.0420 +0.0790 -0.0447 -0.1927 +0.1097 -0.1608 -0.0843 -0.0158 -0.1764 -0.1155 -0.0096 -0.1476 -0.2034 +0.0000 +0.0000 +0.0000 +0.0000 +0.0000 +0.0000 +0.0000 +0.0000 -0.1231 +0.0152 -0.1093 -0.0760 -0.0121 +0.0071 -0.2545 +0.1070 -0.0223 +0.0000 +0.3303 +0.2835 +0.2918 +0.2543 +0.0000 +0.4340 +0.2802 +0.0000 +0.0000 +0.0000 -0.1060 +0.0000 +0.0000 +0.0000 +0.0000 +0.0000 +0.0000 +0.0000 +0.0000 +0.0000 -0.1977 +0.0000 +0.0000 +0.2432 +0.2956 +0.1450 +0.0000 -0.1679 -0.2609 +0.0000 -0.0902 ;
-0.0628 +0.1650 +0.0248 +0.2271 +0.1772 +0.3330 +0.2761 +0.0000 +0.0000 +0.0000 +0.0000 +0.0000 +0.0000 +0.0000 +0.0000 -0.0479 +0.2632 -0.1861 -0.4713 -0.4649 -0.2364 +0.0000 +0.0000 +0.0000 +0.0000 +0.2035 +0.3323 +0.2836 +0.0000 +0.0000 -0.0000 -0.3023 -0.0000 +0.1560 -0.2152 +0.0000 +0.5156 +0.0000 +0.4518 +0.5493 +0.5392 +0.0000 +0.0000 +0.0000 +0.0000 -0.0368 +0.0000 -0.0731 -0.1297 -0.0943 -0.2371 -0.1768 -0.1767 +0.0000 +0.0000 -0.1954 +0.0000 +0.0000 +0.0000 +0.0000 +0.0000 +0.0000 +0.0000 -0.4655 -0.1985 -0.3490 ;
+0.0000 +0.0000 -0.0662 -0.2053 +0.4732 +0.5164 +0.3138 -0.1112 -0.0934 +0.4248 +0.5594 +0.0000 +0.3768 +0.4684 +0.0000 +0.1271 -0.3602 -0.4185 +0.0000 -0.4316 +0.0000 +0.0000 +0.0000 +0.0000 +0.0000 -0.0720 -0.1903 -0.2406 +0.1755 +0.0000 +0.0000 +0.1428 +0.0000 +0.0000 +0.0000 -0.2386 +0.0000 +0.3684 +0.0000 +0.3234 +0.3947 +0.2935 +0.3559 +0.2377 +0.2834 -0.0476 -0.2405 -0.2728 -0.2895 +0.0000 -0.1055 +0.0000 -0.1076 -0.0688 +0.0000 -0.2380 -0.2450 +0.0000 +0.0596 +0.0000 +0.0000 +0.0000 -0.3126 -0.2937 +0.0000 -0.3569 ;
-0.1266 +0.2175 +0.3358 +0.2187 +0.4169 +0.3274 +0.2244 +0.0950 +0.4832 +0.3004 +0.0000 -0.1614 +0.0000 -0.1003 +0.0000 -0.1798 -0.2597 -0.4633 -0.3223 -0.4770 +0.0000 +0.0000 +0.0000 +0.0000 +0.0000 -0.2379 -0.0650 -0.0408 +0.0000 +0.0062 +0.0000 +0.3156 +0.0012 -0.3794 +0.0000 -0.0960 +0.3996 +0.2628 +0.2042 +0.3455 +0.0000 +0.3642 +0.3138 +0.4516 +0.2563 -0.0868 -0.3009 +0.0000 -0.1958 -0.1937 -0.0758 -0.1840 -0.0808 -0.1236 +0.0000 +0.0000 -0.0823 +0.0000 +0.2648 +0.0000 +0.0000 +0.0000 -0.0800 -0.2719 +0.0000 -0.3569 ;
-0.1042 +0.2643 -0.1217 +0.2806 +0.2471 +0.2701 +0.2242 +0.4047 +0.4131 +0.0610 +0.0000 -0.0195 +0.0000 +0.0000 +0.2732 -0.2366 -0.0605 -0.2873 -0.1104 -0.4322 +0.0000 +0.0000 +0.0000 +0.0000 +0.0000 -0.0149 -0.0888 -0.0843 +0.0000 -0.1129 +0.0705 +0.1032 +0.0002 -0.1579 +0.0000 -0.0267 +0.0000 +0.2707 +0.1537 +0.3831 +0.3473 +0.4268 +0.3195 +0.3556 +0.2509 -0.0260 +0.0000 +0.0000 +0.0000 -0.2649 -0.0761 -0.1106 -0.0551 -0.0358 -0.2295 -0.1304 -0.1488 -0.2858 +0.1338 +0.0911 +0.0000 +0.0000 -0.2819 -0.2070 +0.0000 -0.3569 ;
-0.1973 +0.2178 +0.4760 +0.4178 +0.3465 +0.2721 +0.3417 +0.4668 +0.3447 -0.2357 +0.0000 +0.0000 +0.4172 +0.0000 +0.0000 +0.0000 +0.0000 -0.5261 -0.1147 -0.3538 -0.3479 +0.0000 +0.0000 +0.0000 +0.0000 -0.1956 +0.0507 -0.1869 +0.0000 -0.1261 +0.0000 +0.2341 +0.0000 -0.3168 +0.0000 +0.2624 +0.0000 +0.5014 +0.4553 +0.3302 +0.3764 +0.3477 +0.5165 +0.3238 +0.2339 -0.2538 -0.3084 -0.1910 -0.2753 -0.2913 -0.2091 -0.2754 -0.0873 +0.0000 +0.0000 +0.0000 +0.0000 -0.1801 +0.0000 +0.2797 +0.0000 +0.0000 -0.2976 -0.1819 +0.0000 -0.3569 ;
-0.0263 +0.0000 +0.0000 +0.0000 +0.4270 +0.1048 +0.4867 +0.3229 +0.2879 +0.2299 +0.2265 +0.0000 +0.0000 +0.0000 +0.0000 +0.0000 -0.4370 -0.5145 -0.1943 +0.0292 -0.4565 +0.0000 +0.0000 +0.0000 +0.0000 -0.0581 -0.0242 -0.1428 +0.0000 +0.0000 +0.0000 +0.3366 +0.0001 -0.3120 -0.1163 +0.1228 +0.3328 +0.3015 +0.3420 +0.4366 +0.3189 +0.2849 +0.4513 +0.3892 +0.0000 +0.0000 +0.0000 -0.3125 +0.0000 -0.1750 -0.2489 -0.1229 -0.2480 -0.1077 -0.2600 -0.1080 -0.0968 +0.0000 +0.0000 +0.1756 +0.0000 +0.0000 +0.0000 -0.2421 -0.1299 -0.3569 ;
-0.0266 +0.3725 +0.0000 +0.0000 -0.1598 +0.1875 +0.2242 +0.0669 +0.4801 +0.4008 +0.2105 +0.2995 +0.1113 -0.0112 +0.0000 +0.0000 +0.0000 +0.0000 -0.4851 -0.4030 +0.0731 -0.2269 -0.2455 +0.0000 +0.0000 -0.0219 -0.0580 -0.1685 +0.0000 -0.0525 +0.0000 +0.2675 +0.0021 -0.1599 +0.0000 +0.0951 +0.5076 +0.3832 +0.3056 +0.0000 +0.4850 +0.2262 +0.3505 +0.2355 +0.1453 +0.0000 -0.2673 +0.0000 -0.2888 -0.2217 -0.0611 +0.0000 -0.1578 -0.0361 -0.0505 -0.2518 -0.1687 -0.2489 +0.0000 +0.1494 +0.2367 +0.0000 -0.1078 -0.0945 +0.0000 -0.3569 ;
-0.0178 +0.3864 +0.0000 +0.0000 +0.0000 +0.0000 +0.4274 +0.3714 +0.3736 +0.3824 +0.2377 +0.2272 +0.1529 +0.2123 -0.0675 +0.0000 +0.0000 +0.0000 +0.0000 -0.4078 +0.0943 -0.2731 -0.4631 +0.0000 +0.0000 +0.0000 -0.1811 -0.0550 -0.2536 -0.0173 +0.0000 +0.1399 -0.0035 -0.3504 +0.0000 +0.1884 +0.4709 +0.2826 +0.2654 +0.3822 +0.5261 +0.2960 +0.0000 +0.2854 +0.3525 +0.0000 +0.0000 +0.0000 +0.0000 -0.1361 -0.1337 -0.2598 -0.1635 -0.0955 -0.0825 -0.2856 -0.0948 -0.1845 +0.0000 +0.0000 +0.1578 +0.0000 +0.0000 -0.2646 -0.1993 -0.3569 ;
-0.1416 +0.3744 +0.0643 +0.0000 +0.0000 +0.0000 +0.0000 +0.2627 +0.3723 +0.4691 +0.3548 +0.4991 +0.1031 +0.0266 +0.0000 +0.0000 +0.0000 +0.0000 +0.0000 +0.0000 -0.4033 -0.4521 +0.0378 -0.3130 -0.4311 +0.0000 -0.2492 -0.0755 -0.0575 -0.0735 +0.0048 +0.2670 +0.0027 -0.3051 +0.0000 +0.1906 +0.0000 +0.3305 +0.3136 +0.4446 +0.5204 +0.3090 +0.2678 +0.2493 +0.1781 -0.0250 -0.1703 -0.3078 -0.2450 -0.2344 -0.0883 -0.0801 +0.0000 +0.0000 -0.1963 -0.1972 +0.0000 +0.0000 +0.0000 +0.0000 +0.3240 +0.0000 +0.0000 -0.1100 -0.2530 -0.3569 ;
-0.0567 +0.0188 +0.0000 +0.0000 -0.0482 -0.2138 +0.2230 +0.0896 +0.0000 +0.4341 +0.3389 +0.1587 +0.2631 +0.3393 +0.3168 +0.0000 +0.0000 +0.0000 +0.0000 +0.0000 -0.2267 -0.2458 +0.0660 -0.0304 -0.3168 +0.0000 -0.1884 -0.1312 +0.0230 +0.0092 +0.1011 -0.0057 +0.0866 -0.0909 -0.0882 +0.2389 +0.0000 +0.2930 +0.3467 +0.2919 +0.2139 +0.3601 +0.3136 +0.1753 +0.0992 +0.0000 -0.2313 -0.0446 -0.0971 -0.2119 -0.1235 -0.2512 -0.0433 -0.1108 -0.0950 -0.1797 +0.0000 +0.0000 +0.0000 +0.0000 +0.2819 +0.1083 -0.1071 -0.1682 +0.0000 -0.3569 ;
+0.0000 +0.0000 -0.0327 +0.1555 +0.2578 +0.0508 +0.1577 +0.2929 +0.0000 +0.0000 +0.0000 +0.0000 +0.0000 +0.0000 +0.0000 -0.1415 +0.0084 -0.0731 -0.1172 -0.1403 +0.1684 +0.0000 +0.0000 +0.0000 +0.0000 -0.1168 +0.0000 +0.0000 +0.0000 +0.0000 +0.0000 +0.0000 +0.0000 +0.0000 +0.0000 +0.0000 +0.3276 +0.3781 +0.2894 +0.3052 +0.2955 +0.2810 +0.0000 +0.0000 +0.0000 +0.0000 -0.1296 +0.0000 +0.0000 +0.0000 +0.0000 +0.0000 +0.0000 +0.0000 +0.0000 +0.0000 +0.0000 +0.0000 +0.0889 +0.2060 +0.2428 +0.0000 -0.1098 -0.1454 +0.0000 -0.3569 ;
-0.0000 -0.1784 -0.1469 -0.0614 -0.0515 +0.1673 +0.1497 +0.0000 +0.0000 +0.0000 +0.1391 +0.3089 +0.0000 +0.0000 +0.2073 +0.2749 -0.1932 -0.0160 -0.0654 +0.0218 -0.0839 +0.0000 +0.0000 -0.2467 +0.0000 +0.1172 +0.0000 +0.0000 +0.0000 -0.0671 -0.1871 +0.2217 -0.0952 -0.2378 +0.0000 +0.2192 +0.4385 +0.3202 +0.4045 +0.0000 +0.3136 +0.4357 +0.4297 +0.0000 +0.4333 +0.0000 +0.0000 -0.2088 -0.0362 +0.0000 +0.0000 +0.0000 +0.0000 +0.0000 +0.0000 +0.0000 +0.0000 +0.0000 +0.0402 +0.0774 +0.1470 +0.0801 -0.0889 -0.1517 +0.0000 -0.3569 ;
-0.1085 +0.0256 -0.1486 +0.0522 +0.0158 +0.2133 +0.0000 +0.2052 +0.3422 +0.2612 +0.0000 +0.0000 +0.0000 +0.0000 +0.0000 +0.1027 -0.0308 -0.2101 -0.1028 -0.2909 +0.0619 +0.2291 +0.0000 -0.3011 +0.0000 +0.1624 +0.0000 +0.0000 +0.0000 +0.0019 -0.1222 +0.0000 -0.0247 -0.2158 +0.0000 +0.2253 +0.0000 +0.3454 +0.4783 +0.0000 +0.4187 +0.4880 +0.4592 +0.2991 +0.0000 +0.0000 +0.0000 +0.0000 +0.0000 +0.0000 +0.0000 +0.0000 +0.0000 +0.0000 +0.0000 -0.2197 +0.0000 -0.1784 +0.0836 +0.1982 +0.0000 +0.0601 -0.3224 -0.2202 +0.0000 -0.3569 ;
-0.0000 -0.1896 -0.3363 -0.1100 +0.0865 +0.0878 +0.1524 -0.3647 +0.1595 +0.0000 +0.0000 +0.0000 +0.0000 +0.0000 +0.0891 -0.3324 -0.0612 +0.0493 +0.0088 -0.2936 -0.1858 -0.0613 +0.0000 +0.0000 +0.0000 -0.0929 +0.0000 +0.0000 +0.0000 -0.0098 -0.0152 +0.0978 -0.0338 -0.3434 +0.0000 +0.2319 +0.3974 +0.4773 +0.3646 +0.5552 +0.5607 +0.3803 +0.4507 +0.0000 +0.0000 +0.0000 +0.0000 -0.0922 +0.0000 -0.2027 +0.0000 +0.0000 +0.0000 +0.0000 +0.0000 +0.0000 +0.0000 +0.0000 +0.0885 +0.1622 +0.0620 +0.2571 -0.2115 -0.4186 +0.0000 -0.3569 ;
-0.1566 -0.1626 +0.2649 +0.3298 +0.1920 -0.0637 -0.1900 +0.2289 +0.0000 +0.0000 +0.0000 +0.1445 +0.0000 +0.0000 +0.0000 -0.1395 +0.1232 +0.0982 -0.1098 +0.0676 +0.1658 +0.0391 -0.1580 +0.0000 +0.0000 +0.1129 +0.0000 +0.0000 +0.0000 +0.0000 -0.1970 +0.2768 +0.0000 +0.0000 +0.0319 +0.0000 +0.0000 +0.0000 +0.3849 +0.4783 +0.4150 +0.4650 +0.3656 +0.0000 +0.2653 +0.0000 +0.0000 -0.2094 -0.0322 +0.0000 +0.0000 +0.0000 +0.0000 +0.0000 +0.0000 +0.0000 +0.0000 +0.0000 +0.2384 +0.0624 +0.0090 +0.0000 -0.2479 -0.1359 +0.0000 -0.3569 ;
-0.0000 -0.1250 +0.0000 +0.1471 +0.0927 -0.1694 -0.1862 -0.0151 +0.3101 +0.2091 +0.1932 +0.0000 +0.0000 +0.0000 +0.0000 -0.0452 -0.1253 -0.1779 +0.1949 -0.1372 -0.1379 -0.0943 +0.0000 +0.0000 +0.0000 +0.0000 +0.1553 +0.0000 +0.0000 +0.0057 -0.0164 +0.0000 -0.0762 -0.2483 +0.0000 +0.2601 +0.2437 +0.0000 +0.4371 +0.0000 +0.4564 +0.3029 +0.3398 +0.3104 +0.2623 +0.0000 +0.0000 +0.0000 +0.0000 -0.0554 +0.0000 -0.1072 +0.0000 +0.0000 +0.0000 +0.0000 +0.0000 +0.0000 +0.0499 +0.0487 +0.0930 +0.1570 -0.1300 -0.2778 +0.0000 -0.3569 ;
-0.1736 +0.1754 +0.0000 +0.0000 +0.0000 +0.0334 +0.0808 +0.0000 -0.1625 +0.1463 +0.2972 +0.1767 +0.0000 +0.0000 +0.0000 -0.1853 +0.0923 -0.1216 -0.2019 +0.2374 +0.1400 -0.1887 -0.2015 +0.0000 +0.0000 +0.0000 +0.2253 +0.0000 +0.0000 -0.1396 +0.0169 -0.1817 -0.0684 -0.2134 +0.0000 +0.1272 +0.0000 +0.0000 +0.4214 +0.0000 +0.3923 +0.4507 +0.3691 +0.2575 +0.1942 +0.0000 +0.0000 +0.0000 -0.0987 +0.0000 +0.0000 +0.0000 +0.0000 +0.0000 +0.0000 +0.0000 +0.0000 +0.0000 +0.1599 +0.1403 +0.1685 +0.0000 -0.1179 -0.1882 +0.0000 -0.3569 ;
-0.0000 -0.0406 +0.0000 +0.0000 +0.0000 +0.2703 +0.1428 +0.0165 -0.2110 -0.0663 +0.0827 +0.0505 +0.1492 +0.0000 +0.0000 -0.0369 +0.0000 +0.0192 +0.0417 +0.1086 +0.0656 -0.0116 -0.0649 +0.0000 -0.1811 +0.0000 +0.1887 +0.0000 +0.0000 +0.1305 -0.0489 +0.0000 -0.2196 -0.0200 +0.0000 +0.2383 +0.3000 +0.2702 +0.2332 +0.3598 +0.2226 +0.3513 +0.2950 +0.0000 +0.0000 +0.0000 +0.0000 +0.0000 +0.0000 +0.0000 +0.0000 -0.0218 +0.0000 -0.0341 +0.0000 +0.0000 +0.0000 +0.0000 +0.1463 +0.0825 +0.1469 +0.1055 -0.1306 -0.2019 +0.0000 -0.3569 ;
-0.0968 +0.0267 +0.0000 +0.0000 +0.3172 +0.0000 +0.2565 +0.0000 +0.2332 +0.0284 -0.2824 +0.1725 +0.1230 +0.2740 +0.0000 +0.0000 +0.0000 +0.0839 -0.1295 +0.0427 -0.1789 -0.0239 +0.1314 -0.0690 +0.0000 +0.0000 +0.2580 +0.0000 +0.0000 +0.0000 -0.2044 +0.1547 +0.0000 +0.0000 +0.0652 +0.0000 +0.0000 +0.0000 +0.2897 +0.3087 +0.3621 +0.0000 +0.3464 +0.2959 +0.3004 +0.0000 +0.0000 +0.0000 +0.0000 +0.0000 +0.0000 +0.0000 -0.2348 +0.0000 -0.0645 +0.0000 +0.0000 +0.0000 +0.0823 +0.2417 +0.0000 +0.0552 -0.1698 -0.1778 +0.0000 -0.3569 ;
-0.0000 -0.2115 +0.0000 +0.0000 +0.0000 +0.0000 +0.0000 +0.0000 +0.2434 -0.1950 +0.2391 +0.0008 -0.0631 +0.1250 +0.0000 -0.1360 +0.0000 +0.0000 +0.0838 +0.2384 -0.0995 -0.0205 +0.0835 -0.1639 -0.0264 +0.0000 +0.0000 +0.2416 +0.0000 -0.0862 +0.0315 +0.1104 -0.0785 -0.0414 +0.0000 +0.2432 +0.2352 +0.2923 +0.2880 +0.4318 +0.4128 +0.0000 +0.2386 +0.0000 +0.2205 +0.0000 +0.0000 +0.0000 +0.0000 +0.0000 +0.0000 +0.0000 +0.0000 -0.0624 +0.0000 +0.0000 +0.0000 -0.1656 +0.1158 +0.0635 +0.1811 +0.1496 +0.0000 -0.0949 -0.2006 -0.3569 ;
-0.0497 -0.1225 +0.0000 +0.0000 +0.0000 +0.0000 +0.0000 +0.1169 +0.1374 +0.1784 -0.3853 +0.0816 +0.2678 -0.0212 +0.3458 +0.0000 +0.0000 +0.0000 +0.0000 +0.2156 -0.1249 -0.0017 -0.1527 +0.0201 -0.0624 +0.0000 +0.0000 +0.0321 +0.0000 -0.0507 -0.1657 +0.0000 -0.0062 -0.1893 +0.0000 +0.3389 +0.5395 +0.0000 +0.3299 +0.0000 +0.5163 +0.3819 +0.0000 +0.4761 +0.3127 +0.0000 +0.0000 +0.0000 +0.0000 +0.0000 +0.0000 -0.1646 +0.0000 +0.0000 +0.0000 +0.0000 -0.0875 +0.0000 +0.0985 +0.0000 +0.1287 +0.0984 +0.0000 -0.2640 -0.1020 -0.3569 ;
-0.0000 -0.2327 +0.0000 +0.0000 +0.0000 +0.0000 +0.0000 +0.0000 +0.3105 +0.1863 +0.3484 +0.1499 -0.0489 +0.1170 +0.0997 +0.0000 +0.0000 +0.0000 +0.0000 -0.0532 +0.0316 -0.0819 -0.0544 -0.1183 -0.1560 +0.0000 +0.0000 +0.2579 +0.0000 -0.1331 -0.1417 +0.1038 -0.0969 -0.3239 +0.0000 +0.2285 +0.2972 +0.0000 +0.3927 +0.5219 +0.3199 +0.3564 +0.4453 +0.3887 +0.0000 +0.0000 +0.0000 +0.0000 +0.0000 +0.0000 +0.0000 +0.0000 +0.0000 +0.0000 +0.0000 -0.0623 +0.0000 -0.0833 +0.0699 +0.1280 +0.1037 +0.1393 +0.0000 -0.2480 -0.0728 -0.3569 ;
-0.0280 -0.1703 +0.0000 +0.0000 +0.0000 +0.0000 +0.0869 +0.0000 +0.0000 +0.3377 +0.1462 +0.1587 +0.0417 +0.0011 -0.0417 -0.3276 +0.0000 +0.0000 +0.1772 -0.1372 -0.0458 -0.0819 -0.1661 -0.1262 +0.0359 +0.0000 +0.0000 -0.1334 +0.2082 +0.0039 -0.1679 -0.1433 -0.0636 -0.1595 -0.0209 +0.3038 +0.3777 +0.5492 +0.4731 +0.5499 +0.5214 +0.4134 +0.4740 +0.0000 +0.0000 +0.0000 +0.0000 +0.0000 -0.0485 +0.0000 +0.0000 +0.0000 +0.0000 +0.0000 +0.0000 +0.0000 -0.1298 +0.0000 +0.2244 +0.2111 +0.1214 +0.0230 -0.1547 -0.3330 -0.0823 -0.3569 ;
+0.0000 +0.0000 +0.0252 +0.2009 +0.2714 +0.1273 -0.0031 +0.4509 +0.2022 +0.2842 -0.2157 +0.0000 +0.0000 +0.0000 +0.0000 +0.2095 -0.2182 -0.3565 +0.0000 -0.3356 +0.0000 -0.1775 -0.2152 -0.1308 -0.2772 +0.1958 -0.0456 -0.1711 -0.0006 -0.0211 -0.0042 +0.0000 +0.0000 +0.0000 +0.0000 +0.0000 +0.0000 +0.0000 +0.0000 +0.0000 +0.0000 +0.0000 +0.0000 +0.0000 +0.0000 -0.1929 +0.0000 +0.0000 +0.0000 +0.0000 +0.0000 +0.0000 +0.0000 +0.0000 +0.0000 +0.0000 +0.0000 +0.0000 +0.0000 +0.3479 +0.1733 +0.0000 +0.0000 +0.0000 +0.0000 -0.0745 ;
-0.1074 +0.3599 -0.0727 +0.3350 +0.1634 +0.1062 +0.1401 -0.0545 +0.0885 +0.0529 +0.3564 -0.2611 +0.0000 -0.2106 +0.0000 +0.0000 +0.1675 -0.0672 -0.4385 -0.4257 -0.2142 -0.3917 -0.3107 -0.2886 -0.3388 +0.0349 +0.0130 -0.0138 -0.0526 +0.0166 -0.0000 -0.0629 -0.0000 +0.0000 -0.2221 +0.0061 +0.0000 +0.3014 +0.0000 +0.0000 +0.0000 +0.0000 +0.0000 +0.0000 +0.0000 +0.0000 +0.0000 -0.1271 -0.2750 +0.0000 +0.0000 +0.0000 +0.0000 +0.0000 +0.0000 +0.0000 +0.0000 +0.0000 +0.1329 +0.0000 +0.2755 +0.0000 -0.1694 +0.0000 +0.0000 -0.0745 ;
-0.1084 +0.2180 +0.0000 +0.0000 +0.1379 +0.3052 +0.1064 -0.1386 +0.0826 +0.3466 +0.0855 +0.1789 +0.0206 +0.0000 +0.0000 +0.0000 -0.3905 +0.0000 -0.2649 -0.0952 -0.2411 -0.1995 -0.4028 +0.0000 -0.3963 -0.0041 -0.1216 -0.1039 -0.0040 -0.0003 -0.0000 -0.2917 +0.0002 +0.0000 -0.3110 +0.0448 +0.0000 +0.0000 +0.0000 +0.0000 +0.5271 +0.0000 +0.0000 +0.0000 +0.0000 +0.0000 +0.0000 +0.0000 +0.0000 -0.0824 -0.1375 +0.0000 +0.0000 +0.0000 +0.0000 +0.0000 +0.0000 +0.0000 +0.0000 +0.3532 +0.0000 +0.3564 +0.0000 +0.0000 +0.0000 -0.0745 ;
-0.0079 +0.2619 +0.0000 +0.0000 +0.0000 +0.0000 -0.1504 +0.0407 +0.0399 +0.2106 +0.2374 +0.0069 +0.2107 +0.1527 +0.2835 -0.1188 -0.2701 -0.2358 -0.2411 -0.1683 -0.3022 +0.0222 +0.3107 +0.0000 -0.3980 -0.1037 +0.1271 +0.0012 -0.1717 +0.0186 -0.0000 -0.0788 +0.0002 -0.3398 +0.0609 -0.1247 +0.0000 +0.0000 +0.0000 +0.0000 +0.0000 +0.0000 +0.3832 +0.0000 +0.0000 +0.0000 +0.0000 +0.0000 +0.0000 +0.0000 +0.0000 -0.1781 +0.0000 +0.0000 -0.2043 +0.0000 +0.0000 +0.0000 +0.0000 +0.3659 +0.1893 +0.0000 +0.0000 -0.3069 +0.0000 -0.0745 ;
+0.0000 +0.0000 +0.0000 -0.0866 -0.2404 -0.2252 -0.1249 -0.1474 +0.0000 +0.0000 +0.0000 +0.0000 +0.0000 -0.2112 +0.0000 -0.0274 -0.2346 -0.2857 -0.2260 -0.2475 -0.1724 -0.1782 -0.2618 -0.1981 +0.0000 -0.0770 -0.0125 +0.0000 +0.0000 +0.0000 +0.0000 +0.0640 -0.0000 +0.0000 +0.0000 +0.0000 +0.5712 +0.4854 +0.3338 +0.0000 +0.0000 +0.0000 +0.0000 +0.0000 +0.0000 +0.0000 +0.0000 +0.0000 +0.0000 -0.1589 +0.0000 +0.0000 -0.1438 +0.0000 -0.1348 +0.0000 +0.0000 +0.0000 +0.0000 +0.1925 +0.1557 +0.0546 +0.0000 -0.3478 +0.0000 -0.0745 ;
-0.1881 -0.4127 +0.0000 +0.0000 -0.2009 -0.1374 -0.1131 -0.1942 -0.0565 -0.1926 +0.0000 +0.0000 +0.0000 +0.0000 +0.0000 -0.2849 -0.0642 -0.0535 +0.1875 -0.3728 -0.1902 -0.3892 -0.3385 -0.3778 -0.3141 -0.1788 -0.1496 -0.2140 +0.0000 +0.0000 +0.1515 +0.1964 -0.0042 +0.0000 -0.0542 +0.0000 +0.0000 +0.5406 +0.4751 +0.5631 +0.4922 +0.0000 +0.0000 +0.0000 +0.0000 -0.1401 +0.0000 +0.0000 +0.0000 -0.2807 +0.0000 -0.1145 +0.0000 +0.0000 +0.0000 +0.0000 +0.0000 +0.0000 +0.0745 +0.1250 +0.1351 +0.0000 -0.5147 +0.0000 +0.0000 -0.0745 ;
-0.0258 -0.0095 +0.0000 +0.0000 +0.0000 +0.0000 +0.0000 -0.0458 -0.1626 -0.1772 +0.0000 -0.2212 -0.1452 -0.1551 +0.0000 -0.1340 -0.0597 -0.2185 -0.0847 -0.1925 -0.0283 -0.0028 +0.0280 -0.1950 -0.1846 -0.0155 +0.0760 +0.0023 -0.0806 -0.0381 +0.0876 +0.0368 -0.0060 -0.1139 +0.0420 +0.2366 +0.0000 +0.0000 +0.0000 +0.0000 +0.4345 +0.3166 +0.3747 +0.5029 +0.0000 -0.2340 +0.0000 +0.0000 +0.0000 +0.0000 +0.0000 +0.0000 +0.0000 +0.0000 -0.1260 -0.0882 +0.0000 +0.0000 +0.2227 +0.0000 +0.1797 +0.1374 +0.0000 -0.4162 +0.0000 -0.0745 ;
+0.0000 +0.0000 +0.0000 +0.0000 +0.0000 +0.0000 +0.0000 +0.0000 +0.0000 +0.0000 +0.0000 +0.0000 +0.0000 +0.0000 +0.0000 +0.0000 +0.0000 +0.0000 +0.0000 +0.0000 +0.0000 +0.0000 +0.0000 +0.0000 +0.0000 +0.0000 +0.0000 +0.0000 +0.0000 +0.0000 +0.0000 +0.0000 +0.0000 +0.0000 +0.0000 +0.0000 +0.0000 +0.0000 +0.0000 +0.0000 +0.0000 +0.0000 +0.0000 +0.0000 +0.0000 +0.0000 +0.0000 +0.0000 +0.0000 +0.0000 +0.0000 +0.0000 +0.0000 +0.0000 +0.0000 +0.0000 +0.0000 +0.0000 +0.0000 +0.0000 +0.0000 +0.0000 +0.0000 +0.0000 +0.0000 +0.0000 ;
