brainFunction 22870 36 15 528 24779 2-6 7-12 13-14
0 0.231297
1 0.205135
2 0.46221
3 0.62959
4 0.547059
5 0.63369
6 0.294296
7 0.608913
8 0.300891
9 0.710517
10 0.281283
11 0.338324
12 0.367558
13 0.393583
14 0.394296
15 0.40414
16 0.5884
17 0.0338991
18 0.766795
19 0.013627
20 0.286808
21 0.472004
22 0.278583
23 0.861917
24 0.847642
25 0.904782
26 0.871969
27 0.890128
28 0.946222
29 0.757718
30 0.941846
31 0.699608
32 0.949702
33 0.963813
34 0.766705
35 0.930232
0 0.0389102
1 0.528583
2 0.415686
3 0.415686
4 0.415686
5 0.415686
6 0.415686
7 0.00784314
8 0.00784314
9 0.00784314
10 0.00784314
11 0.00784314
12 0.00784314
13 0.85098
14 0.85098
15 0.302597
16 0.501238
17 0.0176557
18 0.728841
19 0.0257099
20 0.136946
21 0.425263
22 0.317533
23 0.821245
24 0.78174
25 0.855139
26 0.714935
27 0.801446
28 0.91227
29 0.669446
30 0.873155
31 0.499444
32 0.806485
33 0.889449
34 0.656048
35 0.728823
0 0.57941
1 0.520388
2 0.408556
3 0.227986
4 0.34902
5 0.34902
6 0.34902
7 0.438503
8 0.121212
9 0.25098
10 0.25098
11 0.25098
12 0.25098
13 0.372906
14 0.14902
15 0.386993
16 0.522417
17 0.0177163
18 0.72832
19 0.0374508
20 0.238021
21 0.619114
22 0.328695
23 0.833443
24 0.743501
25 0.85505
26 0.782849
27 0.830017
28 0.937087
29 0.662894
30 0.921573
31 0.686691
32 0.829441
33 0.911002
34 0.747304
35 0.829729
0 0.00133557
1 0.512743
2 0.34902
3 0.34902
4 0.34902
5 0.439037
6 0.315151
7 0.25098
8 0.25098
9 0.25098
10 0.25098
11 0.249911
12 0.346168
13 0.14902
14 0.231016
15 0.280669
16 0.571434
17 0.0131305
18 0.68816
19 0.0348032
20 0.159377
21 0.555411
22 0.35214
23 0.809776
24 0.780363
25 0.80841
26 0.737222
27 0.743598
28 0.905202
29 0.532823
30 0.903158
31 0.532252
32 0.727048
33 0.875852
34 0.671746
35 0.722864
0 0.533795
1 0.505207
2 0.34902
3 0.49697
4 0.219964
5 0.0727273
6 0.267736
7 0.25098
8 0.319073
9 0.387166
10 0.163636
11 0.381818
12 0.409626
13 0.226381
14 0.118004
15 0.360111
16 0.601758
17 0.0193856
18 0.788488
19 0.0441479
20 0.159687
21 0.537656
22 0.351845
23 0.816818
24 0.69054
25 0.824385
26 0.739546
27 0.79612
28 0.915946
29 0.607909
30 0.902106
31 0.549027
32 0.785578
33 0.89589
34 0.688813
35 0.747389
0 0.283579
1 0.497614
2 0.34902
3 0.0930481
4 0.0613191
5 0.34902
6 0.273262
7 0.25098
8 0.145811
9 0.109091
10 0.277718
11 0.25098
12 0.214617
13 0.085918
14 0.216756
15 0.354881
16 0.566315
17 0.0150531
18 0.758026
19 0.054732
20 0.137201
21 0.532099
22 0.30405
23 0.805932
24 0.723583
25 0.820469
26 0.744977
27 0.737956
28 0.894155
29 0.576531
30 0.900116
31 0.518416
32 0.795067
33 0.908226
34 0.693906
35 0.774966
0 0.766096
1 0.489747
2 0.109091
3 0.294831
4 0.34902
5 0.272371
6 0.34902
7 0.327273
8 0.418538
9 0.25098
10 0.226738
11 0.238859
12 0.25098
13 0.140463
14 0.226025
15 0.361206
16 0.572847
17 0.0198805
18 0.762198
19 0.044055
20 0.151503
21 0.482842
22 0.346998
23 0.830248
24 0.75514
25 0.83568
26 0.738193
27 0.78472
28 0.911374
29 0.662999
30 0.902301
31 0.513932
32 0.819763
33 0.893719
34 0.699576
35 0.774468
0 0.636811
1 0.481993
2 0.34902
3 0.215865
4 0.334225
5 0.34902
6 0.34902
7 0.25098
8 0.238859
9 0.190374
10 0.25098
11 0.25098
12 0.25098
13 0.30303
14 0.14902
15 0.352075
16 0.547041
17 0.017713
18 0.750946
19 0.0424254
20 0.141144
21 0.466749
22 0.323063
23 0.833797
24 0.740758
25 0.840511
26 0.755811
27 0.787708
28 0.923691
29 0.630164
30 0.904443
31 0.52562
32 0.799792
33 0.90789
34 0.716244
35 0.782291
0 0.78719
1 0.474376
2 0.34902
3 0.34902
4 0.34902
5 0.34902
6 0.34902
7 0.25098
8 0.25098
9 0.25098
10 0.25098
11 0.25098
12 0.25098
13 0.14902
14 0.14902
15 0.314503
16 0.575305
17 0.0173474
18 0.759219
19 0.0400728
20 0.142172
21 0.46216
22 0.386965
23 0.832257
24 0.712178
25 0.799132
26 0.797162
27 0.747101
28 0.911753
29 0.501979
30 0.899211
31 0.433361
32 0.771287
33 0.922043
34 0.656726
35 0.806338
0 0.808817
1 0.466722
2 0.34902
3 0.34902
4 0.334225
5 0.181283
6 0.194652
7 0.25098
8 0.25098
9 0.25098
10 0.247059
11 0.464884
12 0.0196078
13 0.14902
14 0.512656
15 0.299102
16 0.61468
17 0.0269612
18 0.801505
19 0.0384432
20 0.156057
21 0.527255
22 0.376951
23 0.814977
24 0.737976
25 0.821371
26 0.720317
27 0.786671
28 0.882168
29 0.63496
30 0.894981
31 0.493973
32 0.837722
33 0.879313
34 0.606024
35 0.747187
0 0.393544
1 0.459188
2 0.319786
3 0.0939394
4 0.0773619
5 0.0935829
6 0.0454545
7 0.25098
8 0.108734
9 0.166488
10 0.0110517
11 0.101248
12 0.109091
13 0.406774
14 0.289127
15 0.450573
16 0.4033
17 0.0127243
18 0.67569
19 0.0605431
20 0.255073
21 0.707305
22 0.526527
23 0.820327
24 0.818472
25 0.830694
26 0.835909
27 0.776627
28 0.921704
29 0.602336
30 0.934315
31 0.588807
32 0.849953
33 0.929934
34 0.752925
35 0.84777
0 0.188837
1 0.450994
2 0.52549
3 0.52549
4 0.52549
5 0.52549
6 0.52549
7 0.52549
8 0.52549
9 0.52549
10 0.52549
11 0.52549
12 0.52549
13 0.52549
14 0.52549
15 0.248053
16 0.693389
17 0.0316166
18 0.787032
19 0.0399001
20 0.169722
21 0.412143
22 0.260617
23 0.795524
24 0.754514
25 0.821361
26 0.765924
27 0.770163
28 0.879799
29 0.548583
30 0.898938
31 0.498678
32 0.855525
33 0.907186
34 0.592739
35 0.831482
0 0.550058
1 0.442908
2 0.2
3 0.0878788
4 0.0534759
5 0.0301248
6 0.0509804
7 0.0196078
8 0.0798574
9 0.00106952
10 0.00213904
11 0.0748663
12 0.0823529
13 0.514795
14 0.701248
15 0.2861
16 0.694718
17 0.0370829
18 0.81722
19 0.0451097
20 0.0967311
21 0.42353
22 0.292934
23 0.81886
24 0.662449
25 0.816296
26 0.764152
27 0.753622
28 0.8699
29 0.592052
30 0.914077
31 0.383023
32 0.882588
33 0.898637
34 0.599213
35 0.833272
0 0.910723
1 0.43522
2 0.0545455
3 0.0256684
4 0.0524064
5 0.136542
6 0.0392157
7 0.00285205
8 0.00249554
9 0
10 0.0142603
11 0.0595366
12 0.0823529
13 0.411765
14 0.756506
15 0.339422
16 0.680721
17 0.036066
18 0.829395
19 0.0407328
20 0.179168
21 0.567504
22 0.304928
23 0.83163
24 0.674117
25 0.826396
26 0.779904
27 0.809191
28 0.88139
29 0.587981
30 0.912609
31 0.474114
32 0.897374
33 0.912512
34 0.610506
35 0.857708
0 0.268631
1 0.427462
2 0.148485
3 0.0896613
4 0.12656
5 0.158111
6 0.119786
7 0.0142603
8 0.00713012
9 0.0791444
10 0.0142603
11 0.00784314
12 0.00784314
13 0.43779
14 0.764349
15 0.337824
16 0.669492
17 0.0350647
18 0.79941
19 0.0418501
20 0.176253
21 0.552923
22 0.27409
23 0.833247
24 0.757518
25 0.830994
26 0.764772
27 0.801017
28 0.872262
29 0.679699
30 0.915353
31 0.446146
32 0.91876
33 0.91837
34 0.648629
35 0.854752
0 0.459906
1 0.419758
2 0.175401
3 0.262389
4 0.177005
5 0.192157
6 0.260784
7 0.0196078
8 0.16934
9 0.00784314
10 0.112656
11 0.00784314
12 0.140463
13 0.772906
14 0.653832
15 0.325461
16 0.621631
17 0.0238751
18 0.781513
19 0.0356707
20 0.181536
21 0.600478
22 0.251311
23 0.815332
24 0.706891
25 0.825151
26 0.787886
27 0.786365
28 0.879082
29 0.574486
30 0.910409
31 0.488686
32 0.898968
33 0.928829
34 0.632537
35 0.850143
0 0.390832
1 0.412242
2 0.159537
3 0.321925
4 0.176827
5 0.168627
6 0.168627
7 0.056328
8 0.265954
9 0.11836
10 0.00784314
11 0.00784314
12 0.00784314
13 0.462745
14 0.768627
15 0.347498
16 0.530439
17 0.0153661
18 0.756278
19 0.039433
20 0.155156
21 0.54145
22 0.320066
23 0.837029
24 0.732594
25 0.835695
26 0.726682
27 0.782497
28 0.910668
29 0.621744
30 0.879547
31 0.480462
32 0.780131
33 0.900495
34 0.67683
35 0.731932
0 0.616245
1 0.404726
2 0.34902
3 0.34902
4 0.34902
5 0.34902
6 0.031729
7 0.25098
8 0.25098
9 0.25098
10 0.25098
11 0.228164
12 0
13 0.14902
14 0.0948307
15 0.335031
16 0.589629
17 0.0166989
18 0.74537
19 0.0524663
20 0.268493
21 0.650709
22 0.380988
23 0.819106
24 0.723822
25 0.799969
26 0.698802
27 0.779314
28 0.898244
29 0.566154
30 0.892918
31 0.603057
32 0.765902
33 0.878618
34 0.655593
35 0.741164
0 0.0325786
1 0.397274
2 0.34902
3 0.34902
4 0.17451
5 0.0727273
6 0.335472
7 0.25098
8 0.25098
9 0.25098
10 0
11 0.350089
12 0.25098
13 0.14902
14 0.0905526
15 0.399503
16 0.576068
17 0.0170316
18 0.784041
19 0.0587375
20 0.207085
21 0.595674
22 0.401689
23 0.809195
24 0.726072
25 0.841862
26 0.731625
27 0.792833
28 0.900984
29 0.516513
30 0.880264
31 0.566259
32 0.743494
33 0.898424
34 0.669308
35 0.755286
0 0.118415
1 0.389872
2 0.34902
3 0.0475936
4 0.231551
5 0.34902
6 0.197504
7 0.25098
8 0.0912656
9 0.327273
10 0.346168
11 0.238859
12 0.190374
13 0.1041
14 0.3041
15 0.400914
16 0.550869
17 0.0176401
18 0.756293
19 0.0721506
20 0.176559
21 0.539219
22 0.346025
23 0.811613
24 0.721737
25 0.834988
26 0.718522
27 0.761046
28 0.90414
29 0.5711
30 0.900559
31 0.553609
32 0.783522
33 0.918044
34 0.692332
35 0.765476
0 0.622683
1 0.382526
2 0.122638
3 0.34902
4 0.272371
5 0.34902
6 0.34902
7 0.327273
8 0.228164
9 0.25098
10 0.214617
11 0.25098
12 0.25098
13 0.131194
14 0.224955
15 0.353974
16 0.581839
17 0.0202959
18 0.74469
19 0.0598321
20 0.140323
21 0.488094
22 0.316359
23 0.815153
24 0.753558
25 0.835693
26 0.735949
27 0.764557
28 0.897813
29 0.618322
30 0.896939
31 0.50438
32 0.815075
33 0.909094
34 0.686419
35 0.790139
0 0.823448
1 0.375076
2 0.197504
3 0.34902
4 0.34902
5 0.286274
6 0.333333
7 0.190374
8 0.238859
9 0.25098
10 0.25098
11 0.124777
12 0.25098
13 0.302317
14 0.283779
15 0.326868
16 0.550556
17 0.0191578
18 0.759132
19 0.0458089
20 0.121832
21 0.46406
22 0.323744
23 0.824984
24 0.703694
25 0.828753
26 0.768557
27 0.773576
28 0.908956
29 0.587261
30 0.899247
31 0.456038
32 0.830291
33 0.922205
34 0.655971
35 0.792807
0 0.936881
1 0.367727
2 0.34902
3 0.34902
4 0.267023
5 0.28057
6 0.179501
7 0.25098
8 0.25098
9 0.187879
10 0.187879
11 0.124777
12 0.0616755
13 0.216399
14 0.495187
15 0.322572
16 0.632755
17 0.0264023
18 0.759001
19 0.0516333
20 0.210405
21 0.603234
22 0.303738
23 0.824616
24 0.714592
25 0.816405
26 0.787303
27 0.785619
28 0.894718
29 0.596455
30 0.919132
31 0.538157
32 0.881183
33 0.923084
34 0.645484
35 0.858805
0 0.30987
1 0.360584
2 0.234046
3 0.34902
4 0.210339
5 0.162567
6 0.304278
7 0.0827094
8 0.229947
9 0.124777
10 0.0827094
11 0.101248
12 0.161497
13 0.433868
14 0.705169
15 0.335654
16 0.653391
17 0.0318335
18 0.79769
19 0.0728608
20 0.160689
21 0.455964
22 0.439327
23 0.834024
24 0.761018
25 0.777689
26 0.727053
27 0.744547
28 0.854867
29 0.617383
30 0.856461
31 0.310079
32 0.806327
33 0.885714
34 0.603044
35 0.773642
0 0.645438
1 0.353273
2 0.261676
3 0.101783
4 0.264171
5 0.2
6 0.0930481
7 0.208913
8 0.0110517
9 0.0196078
10 0.455615
11 0.545454
12 0.00320856
13 0.644563
14 0.448485
15 0.357255
16 0.584033
17 0.0209182
18 0.768949
19 0.0618385
20 0.178939
21 0.698108
22 0.44114
23 0.751123
24 0.784611
25 0.795997
26 0.739396
27 0.717173
28 0.814996
29 0.518614
30 0.856429
31 0.452186
32 0.818209
33 0.900768
34 0.617465
35 0.781486
0 0.196876
1 0.345913
2 0.157576
3 0.158645
4 0.1959
5 0.109804
6 0.131194
7 0.177897
8 0.247772
9 0.6
10 0.329055
11 0.05205
12 0.0969696
13 0.507308
14 0.464528
15 0.378751
16 0.567897
17 0.0200708
18 0.796587
19 0.0707659
20 0.215937
21 0.657649
22 0.365225
23 0.793593
24 0.730378
25 0.795803
26 0.651562
27 0.805633
28 0.843712
29 0.626264
30 0.847791
31 0.543184
32 0.807056
33 0.873212
34 0.549035
35 0.661621
0 0.0996187
1 0.338782
2 0.181818
3 0.106595
4 0.134938
5 0
6 0
7 0.6
8 0.381818
9 0.00320856
10 0.0877005
11 0
12 0
13 0.347594
14 0.108378
15 0.323155
16 0.716035
17 0.0384395
18 0.821773
19 0.0629885
20 0.116785
21 0.41084
22 0.314644
23 0.807661
24 0.7067
25 0.817305
26 0.653549
27 0.743209
28 0.847369
29 0.593243
30 0.856091
31 0.379251
32 0.835326
33 0.891783
34 0.629009
35 0.772736
0 0.943881
1 0.331657
2 0.0406417
3 0.0440285
4 0
5 0.0798574
6 0.124242
7 0.00178253
8 0.00356506
9 0
10 0
11 0.0713013
12 0.00784314
13 0.41533
14 0.360428
15 0.353971
16 0.687373
17 0.0305671
18 0.796448
19 0.169492
20 0.219034
21 0.529139
22 0.367033
23 0.817629
24 0.628826
25 0.77503
26 0.699867
27 0.719985
28 0.871891
29 0.499184
30 0.919687
31 0.542244
32 0.751369
33 0.811163
34 0.625152
35 0.800165
0 0.518886
1 0.324386
2 0
3 0
4 0.248841
5 0.208021
6 0.2
7 0
8 0
9 0.136898
10 0.0795009
11 0.547237
12 0.6
13 0.0270945
14 0.341889
15 0.360079
16 0.690512
17 0.0293883
18 0.777917
19 0.143192
20 0.165391
21 0.577065
22 0.465052
23 0.798494
24 0.738218
25 0.758001
26 0.689894
27 0.656906
28 0.838593
29 0.475867
30 0.870189
31 0.334375
32 0.674855
33 0.87215
34 0.653527
35 0.769
0 0.664051
1 0.316987
2 0.0317291
3 0.152585
4 0.196435
5 0.2
6 0.150089
7 0
8 0.0809269
9 0.336185
10 0.6
11 0.6
12 0.277005
13 0.313726
14 0.294118
15 0.384154
16 0.472639
17 0.0103516
18 0.762595
19 0.0871943
20 0.0942169
21 0.655188
22 0.487879
23 0.728579
24 0.729779
25 0.778068
26 0.744483
27 0.653013
28 0.821932
29 0.410519
30 0.854482
31 0.354879
32 0.748483
33 0.923334
34 0.573077
35 0.684002
0 0.918119
1 0.309736
2 0.2
3 0.2
4 0.2
5 0.171301
6 0.0941176
7 0.6
8 0.6
9 0.6
10 0.536542
11 0.0299465
12 0.00784314
13 0.2
14 0.524777
15 0.446983
16 0.593159
17 0.0246707
18 0.74803
19 0.0972708
20 0.293352
21 0.638865
22 0.388847
23 0.815987
24 0.768916
25 0.81654
26 0.738426
27 0.777746
28 0.902867
29 0.629126
30 0.908213
31 0.630576
32 0.811136
33 0.907503
34 0.718695
35 0.819618
0 0.205271
1 0.342562
2 0.196791
3 0.339929
4 0.34902
5 0.34902
6 0.34902
7 0.13262
8 0.262389
9 0.25098
10 0.25098
11 0.25098
12 0.25098
13 0.2959
14 0.14902
15 0.352521
16 0.539167
17 0.0177211
18 0.736109
19 0.0611905
20 0.20069
21 0.553681
22 0.319195
23 0.816869
24 0.746987
25 0.830954
26 0.718624
27 0.795546
28 0.899359
29 0.555482
30 0.87826
31 0.568679
32 0.73106
33 0.896051
34 0.652826
35 0.73584
0 0.460898
1 0.381869
2 0.34902
3 0.34902
4 0.34902
5 0.224777
6 0.0454545
7 0.25098
8 0.25098
9 0.25098
10 0.25098
11 0.177897
12 0.163636
13 0.14902
14 0.175045
15 0.299249
16 0.597979
17 0.0181202
18 0.721685
19 0.0805593
20 0.11181
21 0.478853
22 0.384995
23 0.807325
24 0.7214
25 0.790456
26 0.680312
27 0.726801
28 0.892486
29 0.578083
30 0.875613
31 0.415193
32 0.737476
33 0.887137
34 0.649732
35 0.690094
0 0.883154
1 0.411993
2 0.34902
3 0.34902
4 0.0811052
5 0.129412
6 0.34902
7 0.25098
8 0.25098
9 0.211408
10 0.327273
11 0.254902
12 0.25098
13 0.21426
14 0.122282
15 0.40657
16 0.542623
17 0.0212512
18 0.779112
19 0.101777
20 0.219728
21 0.634555
22 0.389357
23 0.799493
24 0.710051
25 0.812571
26 0.717525
27 0.77394
28 0.876817
29 0.616597
30 0.878972
31 0.592709
32 0.789068
33 0.884143
34 0.66856
35 0.755992
0 0.115296
1 0.405183
2 0.205882
3 0.0818182
4 0.262923
5 0.34902
6 0.194831
7 0.33262
8 0.218182
9 0.232086
10 0.25098
11 0.238859
12 0.161497
13 0.183957
14 0.211765
15 0.414249
16 0.512489
17 0.0172305
18 0.737062
19 0.105502
20 0.236704
21 0.63309
22 0.3555
23 0.79915
24 0.723097
25 0.827913
26 0.681364
27 0.760238
28 0.888787
29 0.576896
30 0.875191
31 0.618502
32 0.763125
33 0.898332
34 0.669479
35 0.731785
0 0.223298
1 0.398168
2 0.136364
3 0.267558
4 0.273262
5 0.34902
6 0.34902
7 0.436364
8 0.309447
9 0.25098
10 0.186809
11 0.25098
12 0.25098
13 0.140463
14 0.136898
15 0.367789
16 0.549624
17 0.0202134
18 0.743975
19 0.0791437
20 0.146799
21 0.432014
22 0.368053
23 0.8157
24 0.739364
25 0.836448
26 0.703071
27 0.760732
28 0.900782
29 0.596271
30 0.8794
31 0.514185
32 0.764427
33 0.896588
34 0.680062
35 0.754856
0 0.860222
1 0.391098
2 0.34902
3 0.199287
4 0.34902
5 0.34902
6 0.279501
7 0.25098
8 0.192513
9 0.206774
10 0.25098
11 0.25098
12 0.187879
13 0.208556
14 0.203565
15 0.357341
16 0.537037
17 0.0199009
18 0.745778
19 0.0595146
20 0.18827
21 0.567301
22 0.346611
23 0.819748
24 0.704237
25 0.823429
26 0.760789
27 0.801393
28 0.905348
29 0.573663
30 0.886777
31 0.557056
32 0.789024
33 0.919076
34 0.656359
35 0.799787
0 0.428027
1 0.384054
2 0.34902
3 0.34902
4 0.34902
5 0.23779
6 0.119786
7 0.25098
8 0.25098
9 0.25098
10 0.25098
11 0.103743
12 0.00998217
13 0.14902
14 0.416756
15 0.329508
16 0.574487
17 0.0211361
18 0.746699
19 0.0549479
20 0.238985
21 0.63921
22 0.332473
23 0.821746
24 0.681856
25 0.81731
26 0.769439
27 0.806293
28 0.900326
29 0.528264
30 0.903383
31 0.582407
32 0.829937
33 0.924803
34 0.606097
35 0.81375
0 0.0774499
1 0.37711
2 0.34902
3 0.34902
4 0.16328
5 0.134403
6 0.0969697
7 0.25098
8 0.25098
9 0.124777
10 0.0777184
11 0.0919786
12 0.0196078
13 0.248841
14 0.667023
15 0.323332
16 0.61668
17 0.0297226
18 0.779811
19 0.0585823
20 0.217482
21 0.573091
22 0.377759
23 0.825878
24 0.705949
25 0.817958
26 0.740728
27 0.80284
28 0.876631
29 0.565563
30 0.897216
31 0.512814
32 0.848561
33 0.906528
34 0.573055
35 0.800252
0 0.147132
1 0.370298
2 0.329412
3 0.140998
4 0.11426
5 0.0935829
6 0.0534759
7 0.25098
8 0.0766488
9 0.0146168
10 0.0196078
11 0.165775
12 0.00392157
13 0.461319
14 0.655615
15 0.32586
16 0.621316
17 0.0309117
18 0.756095
19 0.0697156
20 0.130799
21 0.526865
22 0.391834
23 0.801275
24 0.766703
25 0.816914
26 0.744648
27 0.729836
28 0.860987
29 0.593055
30 0.886338
31 0.373164
32 0.848126
33 0.918722
34 0.65843
35 0.808293
0 0.751007
1 0.363402
2 0.180392
3 0.329946
4 0.113904
5 0.239216
6 0.129412
7 0.0196078
8 0.0648842
9 0.313369
10 0.300891
11 0.16221
12 0.0823529
13 0.627451
14 0.560428
15 0.318034
16 0.677777
17 0.0407186
18 0.787091
19 0.0827872
20 0.1927
21 0.59906
22 0.285982
23 0.796529
24 0.762053
25 0.785077
26 0.654625
27 0.780184
28 0.809963
29 0.713854
30 0.850036
31 0.469325
32 0.847646
33 0.858977
34 0.596051
35 0.745457
0 0.239874
1 0.356461
2 0.0427807
3 0.122816
4 0.161497
5 0
6 0.0311943
7 0.0673797
8 0.165062
9 0.00392157
10 0.120856
11 0
12 0.00213904
13 0.63672
14 0.105526
15 0.339104
16 0.686968
17 0.039507
18 0.796199
19 0.073897
20 0.161445
21 0.594929
22 0.29402
23 0.797054
24 0.699975
25 0.799653
26 0.69165
27 0.766755
28 0.819265
29 0.606196
30 0.867224
31 0.438804
32 0.870338
33 0.891731
34 0.603237
35 0.789085
0 0.39005
1 0.349551
2 0.027451
3 0.122282
4 0
5 0.0513369
6 0.0805704
7 0.00392157
8 0.137255
9 0
10 0.00142603
11 0.00784314
12 0.00784314
13 0.539037
14 0.530481
15 0.401475
16 0.678373
17 0.0346221
18 0.808883
19 0.0961985
20 0.187093
21 0.529552
22 0.272049
23 0.826175
24 0.622654
25 0.823404
26 0.750078
27 0.802895
28 0.872254
29 0.515345
30 0.898741
31 0.543425
32 0.841465
33 0.897608
34 0.613091
35 0.846655
0 0.380502
1 0.342709
2 0
3 0
4 0.310339
5 0.241889
6 0.188414
7 0
8 0
9 0.00427807
10 0.114795
11 0.0709447
12 0.0741533
13 0.148307
14 0.691266
15 0.355825
16 0.68836
17 0.0448553
18 0.771449
19 0.0946406
20 0.189469
21 0.557233
22 0.31557
23 0.830797
24 0.71922
25 0.80793
26 0.677964
27 0.782067
28 0.860801
29 0.645398
30 0.897077
31 0.456114
32 0.847493
33 0.890263
34 0.626648
35 0.797323
0 0.411944
1 0.335745
2 0.109804
3 0.311586
4 0.127808
5 0.168627
6 0.34902
7 0.00142603
8 0.00784314
9 0.0142602
10 0.16934
11 0.162567
12 0.25098
13 0.567201
14 0.39893
15 0.385772
16 0.557923
17 0.0316242
18 0.78753
19 0.114139
20 0.125798
21 0.445364
22 0.403513
23 0.814871
24 0.750063
25 0.812413
26 0.637079
27 0.756081
28 0.846732
29 0.721938
30 0.859291
31 0.389368
32 0.845594
33 0.864434
34 0.624657
35 0.696295
0 0.899396
1 0.328901
2 0.290909
3 0.0969697
4 0.182353
5 0.34902
6 0.34902
7 0.403209
8 0.113012
9 0.00784314
10 0.25098
11 0.25098
12 0.25098
13 0.612478
14 0.14902
15 0.35608
16 0.59766
17 0.0360877
18 0.752113
19 0.130144
20 0.144295
21 0.457756
22 0.339974
23 0.798681
24 0.750499
25 0.813655
26 0.712236
27 0.714818
28 0.861643
29 0.649077
30 0.875034
31 0.461419
32 0.829616
33 0.889839
34 0.706664
35 0.815377
0 0.991126
1 0.362499
2 0.0196078
3 0.266667
4 0.34902
5 0.34902
6 0.174332
7 0.00784314
8 0.144385
9 0.25098
10 0.25098
11 0.25098
12 0.25205
13 0.460606
14 0.312656
15 0.341726
16 0.551862
17 0.020493
18 0.714758
19 0.103788
20 0.194905
21 0.602512
22 0.351911
23 0.815672
24 0.705846
25 0.799107
26 0.72138
27 0.790678
28 0.896151
29 0.573896
30 0.891637
31 0.588775
32 0.758874
33 0.866304
34 0.628806
35 0.749696
0 0.391367
1 0.371148
2 0.34902
3 0.34902
4 0.328342
5 0.154011
6 0.201961
7 0.25098
8 0.25098
9 0.25098
10 0.270232
11 0.144029
12 0.372905
13 0.14902
14 0.220321
15 0.299022
16 0.602085
17 0.0221451
18 0.737418
19 0.0892326
20 0.190372
21 0.619608
22 0.360893
23 0.79189
24 0.749517
25 0.800705
26 0.649482
27 0.771069
28 0.850184
29 0.616529
30 0.871684
31 0.581156
32 0.780744
33 0.840552
34 0.604726
35 0.703968
0 0.206577
1 0.364578
2 0.34902
3 0.131907
4 0.170588
5 0
6 0.283422
7 0.25098
8 0.249554
9 0.213904
10 0.0684492
11 0.0228164
12 0.346168
13 0.368627
14 0.0723708
15 0.360274
16 0.630399
17 0.0195476
18 0.752772
19 0.125936
20 0.197306
21 0.667631
22 0.341694
23 0.784581
24 0.680554
25 0.795406
26 0.694907
27 0.754014
28 0.868144
29 0.507595
30 0.865621
31 0.538486
32 0.731935
33 0.88214
34 0.66016
35 0.751764
0 0.140256
1 0.357851
2 0.143137
3 0.172371
4 0.1
5 0.200535
6 0.240463
7 0.0841355
8 0.21426
9 0.272727
10 0.372906
11 0.139394
12 0.226738
13 0.0898396
14 0.28057
15 0.394013
16 0.585516
17 0.0219545
18 0.762082
19 0.154492
20 0.136132
21 0.484458
22 0.42549
23 0.78224
24 0.696726
25 0.80679
26 0.683419
27 0.652024
28 0.85714
29 0.484575
30 0.880833
31 0.443665
32 0.746643
33 0.889829
34 0.659295
35 0.731019
0 0.924231
1 0.35103
2 0.0454545
3 0.0818182
4 0.185383
5 0.404278
6 0.34902
7 0.163636
8 0.0545455
9 0.373262
10 0.214617
11 0.433868
12 0.25098
13 0.157576
14 0.345455
15 0.463528
16 0.528196
17 0.0257042
18 0.741572
19 0.128799
20 0.295667
21 0.691082
22 0.439652
23 0.791526
24 0.762503
25 0.812842
26 0.710077
27 0.765454
28 0.867706
29 0.612693
30 0.885848
31 0.625349
32 0.787
33 0.897374
34 0.681837
35 0.78291
0 0.0331553
1 0.344214
2 0.134046
3 0.301961
4 0.395365
5 0.34902
6 0.34902
7 0.263102
8 0.202496
9 0.40713
10 0.269162
11 0.25098
12 0.25098
13 0.357932
14 0.199287
15 0.362638
16 0.532265
17 0.0173509
18 0.728951
19 0.0681509
20 0.282536
21 0.667634
22 0.326999
23 0.786291
24 0.745243
25 0.818764
26 0.740129
27 0.788059
28 0.872391
29 0.518445
30 0.869081
31 0.605028
32 0.781062
33 0.919113
34 0.620645
35 0.7947
0 0.0801145
1 0.337345
2 0.390731
3 0.288592
4 0.34902
5 0.185561
6 0.030303
7 0.25098
8 0.439216
9 0.25098
10 0.25098
11 0.0306595
12 0.00819964
13 0.306595
14 0.505882
15 0.308443
16 0.576792
17 0.0199313
18 0.726435
19 0.0564822
20 0.132843
21 0.492839
22 0.349869
23 0.808363
24 0.693153
25 0.815469
26 0.742532
27 0.753453
28 0.888023
29 0.514613
30 0.895962
31 0.47674
32 0.814919
33 0.921477
34 0.592679
35 0.772176
0 0.861615
1 0.330618
2 0.34902
3 0.34902
4 0.131551
5 0.0864528
6 0.140107
7 0.25098
8 0.25098
9 0.120499
10 0.0124777
11 0.0748663
12 0.0142602
13 0.256328
14 0.612121
15 0.29625
16 0.670245
17 0.0412912
18 0.765703
19 0.106386
20 0.113824
21 0.44969
22 0.296139
23 0.801551
24 0.719403
25 0.801185
26 0.718305
27 0.720029
28 0.840308
29 0.670158
30 0.894719
31 0.426757
32 0.867904
33 0.890489
34 0.626145
35 0.812166
0 0.985152
1 0.323776
2 0.0495544
3 0.160071
4 0.178431
5 0.165597
6 0.285918
7 0.00392157
8 0.144385
9 0.0110517
10 0.0702317
11 0.0588235
12 0.158645
13 0.558289
14 0.501604
15 0.318637
16 0.647646
17 0.0497073
18 0.777518
19 0.0951968
20 0.135104
21 0.517423
22 0.345743
23 0.80488
24 0.696495
25 0.800053
26 0.743832
27 0.757098
28 0.833111
29 0.634404
30 0.898885
31 0.425959
32 0.902695
33 0.892703
34 0.578763
35 0.834048
0 0.664748
1 0.316731
2 0.179679
3 0.0745098
4 0.102674
5 0.164706
6 0.243137
7 0.0648841
8 0.0713012
9 0.0114082
10 0.0196078
11 0.0196078
12 0.178966
13 0.684135
14 0.836007
15 0.339185
16 0.644166
17 0.0457166
18 0.777975
19 0.0906445
20 0.225833
21 0.614507
22 0.349145
23 0.813547
24 0.720549
25 0.794161
26 0.684325
27 0.776097
28 0.848452
29 0.662513
30 0.864966
31 0.444818
32 0.850722
33 0.885743
34 0.61473
35 0.789602
0 0.197968
1 0.309741
2 0.211765
3 0.183066
4 0.0786096
5 0.222638
6 0
7 0.0196078
8 0.0409982
9 0.0463458
10 0.166488
11 0.175758
12 0
13 0.579679
14 0.391444
15 0.338222
16 0.685594
17 0.0435304
18 0.787267
19 0.0801508
20 0.177174
21 0.580003
22 0.305202
23 0.802218
24 0.727783
25 0.807248
26 0.635267
27 0.779131
28 0.820587
29 0.627391
30 0.843617
31 0.476122
32 0.827096
33 0.867944
34 0.590419
35 0.737539
0 0.321346
1 0.302831
2 0.0463458
3 0.104991
4 0.086631
5 0
6 0.0614973
7 0.00534759
8 0.00249554
9 0.0670232
10 0
11 0
12 0.00641711
13 0.472727
14 0.192513
15 0.397814
16 0.655435
17 0.0358849
18 0.792034
19 0.0915342
20 0.231271
21 0.675102
22 0.271272
23 0.792122
24 0.657975
25 0.808678
26 0.691098
27 0.774131
28 0.836155
29 0.598727
30 0.879587
31 0.529046
32 0.869278
33 0.909303
34 0.626818
35 0.809625
0 0.0738448
1 0.296053
2 0.0677362
3 0.13369
4 0
5 0.247059
6 0.291266
7 0.00392157
8 0.212121
9 0
10 0.00142603
11 0.00784314
12 0.00784314
13 0.401426
14 0.599643
15 0.365624
16 0.677722
17 0.0322284
18 0.7767
19 0.120141
20 0.152981
21 0.497099
22 0.277048
23 0.809651
24 0.642681
25 0.822129
26 0.680504
27 0.753304
28 0.857058
29 0.496431
30 0.884868
31 0.517798
32 0.803059
33 0.8757
34 0.59485
35 0.780731
0 0.655298
1 0.289328
2 0
3 0.057754
4 0.21016
5 0.196257
6 0.334403
7 0
8 0
9 0.0909091
10 0.00998218
11 0.0834225
12 0.25098
13 0.142246
14 0.5041
15 0.399874
16 0.636994
17 0.0485005
18 0.772421
19 0.135731
20 0.184631
21 0.536568
22 0.360843
23 0.818403
24 0.735527
25 0.806797
26 0.642431
27 0.757414
28 0.844827
29 0.721262
30 0.880077
31 0.452459
32 0.844276
33 0.878
34 0.664135
35 0.76808
0 0.583691
1 0.282451
2 0.121925
3 0.235472
4 0.197326
5 0.354724
6 0.34902
7 0.0520499
8 0.031016
9 0.0131907
10 0.20713
11 0.25098
12 0.25098
13 0.622103
14 0.232799
15 0.364424
16 0.541589
17 0.0288529
18 0.768534
19 0.0744523
20 0.14816
21 0.490764
22 0.407308
23 0.807576
24 0.734318
25 0.808708
26 0.716797
27 0.771778
28 0.855135
29 0.603928
30 0.853541
31 0.411122
32 0.835362
33 0.902296
34 0.608023
35 0.772058
0 0.842782
1 0.275534
2 0.3918
3 0.245098
4 0.309447
5 0.229233
6 0.0196078
7 0.257398
8 0.137968
9 0.1918
10 0.25098
11 0.0962567
12 0.00784314
13 0.531551
14 0.523351
15 0.293041
16 0.670215
17 0.0546028
18 0.772948
19 0.13717
20 0.126404
21 0.433744
22 0.395107
23 0.789637
24 0.726508
25 0.786646
26 0.676689
27 0.709466
28 0.815906
29 0.632917
30 0.877976
31 0.384293
32 0.878468
33 0.877693
34 0.551062
35 0.788182
0 0.86706
1 0.26871
2 0.127629
3 0.0117647
4 0.0117647
5 0.057754
6 0.305348
7 0.142602
8 0.00784314
9 0.00784314
10 0.00784314
11 0.119073
12 0.239929
13 0.727629
14 0.634938
15 0.367953
16 0.618889
17 0.0446076
18 0.76237
19 0.189979
20 0.195085
21 0.61019
22 0.391859
23 0.781092
24 0.747355
25 0.790034
26 0.711089
27 0.699499
28 0.813819
29 0.645399
30 0.892174
31 0.500591
32 0.858722
33 0.866197
34 0.646917
35 0.823068
0 0.609071
1 0.261511
2 0.0117647
3 0.14795
4 0.254902
5 0.286275
6 0.324955
7 0.00784314
8 0.160428
9 0.25098
10 0.137611
11 0.25098
12 0.441355
13 0.61533
14 0.467023
15 0.376605
16 0.595323
17 0.0260113
18 0.734368
19 0.143636
20 0.306442
21 0.695359
22 0.413276
23 0.801929
24 0.714536
25 0.769958
26 0.716072
27 0.774941
28 0.85754
29 0.502383
30 0.876168
31 0.574872
32 0.760498
33 0.871774
34 0.586858
35 0.785488
0 0.0508746
1 0.254259
2 0.270588
3 0.270588
4 0.336007
5 0.056328
6 0.205526
7 0.209269
8 0.232086
9 0.213191
10 0.281283
11 0.268449
12 0.300535
13 0.306595
14 0.419608
15 0.367339
16 0.584536
17 0.0242499
18 0.74881
19 0.158433
20 0.151251
21 0.556791
22 0.415195
23 0.77279
24 0.774586
25 0.798059
26 0.626878
27 0.666842
28 0.825176
29 0.628443
30 0.847083
31 0.397275
32 0.777052
33 0.883871
34 0.643598
35 0.69299
0 0.84004
1 0.2471
2 0.242068
3 0.166845
4 0.100178
5 0.321925
6 0.34902
7 0.224242
8 0.275223
9 0.231016
10 0.40713
11 0.25098
12 0.25098
13 0.532264
14 0.15615
15 0.429483
16 0.556497
17 0.0241387
18 0.760633
19 0.193684
20 0.220058
21 0.602717
22 0.384094
23 0.772147
24 0.716667
25 0.792638
26 0.653458
27 0.706653
28 0.837245
29 0.603029
30 0.84716
31 0.549904
32 0.767135
33 0.868219
34 0.650407
35 0.736033
0 0.534029
1 0.239963
2 0.0770054
3 0.0762923
4 0.333155
5 0.34902
6 0.34902
7 0.250267
8 0.284492
9 0.245989
10 0.25098
11 0.25098
12 0.25098
13 0.233868
14 0.14902
15 0.415057
16 0.590003
17 0.0259436
18 0.730487
19 0.16381
20 0.220349
21 0.604506
22 0.316459
23 0.785292
24 0.720123
25 0.803424
26 0.656279
27 0.698721
28 0.856148
29 0.581763
30 0.854705
31 0.55871
32 0.739644
33 0.890941
34 0.685969
35 0.758514
0 0.689948
1 0.23288
2 0.0217469
3 0.328699
4 0.34902
5 0.34902
6 0.34902
7 0.0663102
8 0.323351
9 0.25098
10 0.25098
11 0.25098
12 0.25098
13 0.187166
14 0.14902
15 0.411447
16 0.519637
17 0.0186139
18 0.735375
19 0.0913696
20 0.198482
21 0.558674
22 0.392816
23 0.801041
24 0.696218
25 0.80355
26 0.690601
27 0.737445
28 0.877961
29 0.551677
30 0.853432
31 0.512346
32 0.739086
33 0.904679
34 0.645538
35 0.729699
0 0.742297
1 0.225894
2 0.34902
3 0.34902
4 0.34902
5 0.34902
6 0.153832
7 0.25098
8 0.25098
9 0.25098
10 0.25098
11 0.25098
12 0.0520499
13 0.14902
14 0.297683
15 0.342722
16 0.571667
17 0.0192474
18 0.738401
19 0.0715449
20 0.184659
21 0.564913
22 0.375912
23 0.80083
24 0.673182
25 0.799305
26 0.738938
27 0.75897
28 0.877257
29 0.479367
30 0.879062
31 0.549941
32 0.777713
33 0.912345
34 0.584285
35 0.781904
0 0.63984
1 0.219049
2 0.34902
3 0.34902
4 0.291979
5 0.058467
6 0.164528
7 0.25098
8 0.25098
9 0.25098
10 0.0745098
11 0.0124777
12 0.0755793
13 0.14902
14 0.58467
15 0.335729
16 0.599596
17 0.0319076
18 0.768744
19 0.0777207
20 0.20045
21 0.579663
22 0.399723
23 0.805501
24 0.693033
25 0.801807
26 0.695985
27 0.768238
28 0.853895
29 0.590512
30 0.874981
31 0.493608
32 0.830812
33 0.901033
34 0.561112
35 0.76932
0 0.35746
1 0.21216
2 0.335116
3 0.138324
4 0.100891
5 0.142959
6 0.0509804
7 0.25098
8 0.0819964
9 0.0798574
10 0.0367202
11 0.0445633
12 0.00213904
13 0.427451
14 0.558645
15 0.344253
16 0.625522
17 0.0356065
18 0.780983
19 0.0971918
20 0.147302
21 0.490689
22 0.427778
23 0.806971
24 0.695069
25 0.797448
26 0.712219
27 0.749043
28 0.844449
29 0.553957
30 0.866965
31 0.395846
32 0.834746
33 0.902671
34 0.560895
35 0.791382
0 0.773824
1 0.205049
2 0.278788
3 0.106239
4 0.150624
5 0.114973
6 0.156863
7 0.208913
8 0.031016
9 0.0916221
10 0.163636
11 0.106595
12 0.0196078
13 0.479501
14 0.670945
15 0.341909
16 0.643916
17 0.0371564
18 0.772147
19 0.136515
20 0.243274
21 0.645284
22 0.400739
23 0.798514
24 0.664356
25 0.786377
26 0.713709
27 0.772505
28 0.844056
29 0.504581
30 0.897182
31 0.571536
32 0.82956
33 0.877932
34 0.541092
35 0.81231
0 0.131688
1 0.197674
2 0.212121
3 0.0960784
4 0.13262
5 0.0258467
6 0.259715
7 0.142246
8 0.0545455
9 0.174332
10 0.0160428
11 0.0577541
12 0.342246
13 0.334403
14 0.669875
15 0.385566
16 0.601875
17 0.0349611
18 0.775211
19 0.0848419
20 0.236915
21 0.654029
22 0.35588
23 0.808184
24 0.679382
25 0.808332
26 0.734202
27 0.778564
28 0.846883
29 0.542121
30 0.895204
31 0.533985
32 0.856484
33 0.919731
34 0.567861
35 0.826191
0 0.281231
1 0.190239
2 0.231373
3 0.200891
4 0.156863
5 0.156863
6 0.156863
7 0.231373
8 0.212121
9 0.0196078
10 0.0196078
11 0.0196078
12 0.0196078
13 0.438146
14 0.8
15 0.289009
16 0.662023
17 0.0359868
18 0.76686
19 0.105869
20 0.187551
21 0.605552
22 0.325249
23 0.783221
24 0.720105
25 0.786744
26 0.609051
27 0.722454
28 0.797865
29 0.617532
30 0.848414
31 0.425154
32 0.830131
33 0.869913
34 0.525201
35 0.718345
0 0.418808
1 0.182898
2 0.159893
3 0.0780749
4 0.00267379
5 0.00516934
6 0.0884135
7 0.159358
8 0.220677
9 0.00178253
10 0
11 0.00499109
12 0.0741533
13 0.575045
14 0.349376
15 0.383239
16 0.649003
17 0.0404454
18 0.792213
19 0.119229
20 0.143774
21 0.530454
22 0.360079
23 0.807491
24 0.631267
25 0.811547
26 0.692487
27 0.770501
28 0.84649
29 0.54492
30 0.879722
31 0.488746
32 0.842342
33 0.883934
34 0.582535
35 0.788924
0 0.655813
1 0.175527
2 0.127451
3 0
4 0.0802139
5 0.183422
6 0.178431
7 0.108021
8 0
9 0.00213904
10 0.00784314
11 0.0142603
12 0.17041
13 0.247772
14 0.634581
15 0.306611
16 0.698145
17 0.0482658
18 0.779294
19 0.159714
20 0.149674
21 0.526532
22 0.330337
23 0.801009
24 0.641921
25 0.783703
26 0.679093
27 0.71854
28 0.825255
29 0.511496
30 0.884553
31 0.42344
32 0.821417
33 0.879807
34 0.552253
35 0.794524
0 0.774707
1 0.168016
2 0.00142603
3 0.129234
4 0.0809269
5 0.0595365
6 0.162923
7 0
8 0.0292335
9 0.0552585
10 0.0613191
11 0.0948307
12 0.249198
13 0.35508
14 0.676649
15 0.416352
16 0.646045
17 0.0582009
18 0.788647
19 0.168485
20 0.254676
21 0.681705
22 0.434267
23 0.790692
24 0.743999
25 0.794403
26 0.645769
27 0.728187
28 0.789259
29 0.676852
30 0.861418
31 0.430922
32 0.862248
33 0.882647
34 0.620084
35 0.788504
0 0.141208
1 0.160246
2 0.0438503
3 0.0652406
4 0.109091
5 0.34902
6 0.192157
7 0.0142603
8 0.00784314
9 0.139394
10 0.248841
11 0.25098
12 0.137611
13 0.765775
14 0.456328
15 0.403713
16 0.588236
17 0.0291577
18 0.766965
19 0.150068
20 0.300279
21 0.654055
22 0.404714
23 0.777892
24 0.744032
25 0.792664
26 0.669085
27 0.7358
28 0.81306
29 0.550257
30 0.853794
31 0.540007
32 0.807401
33 0.875856
34 0.600806
35 0.77655
0 0.324737
1 0.152626
2 0.258111
3 0.119073
4 0.333333
5 0.207843
6 0.21533
7 0.109447
8 0.246702
9 0.250267
10 0.156506
11 0.238146
12 0.281283
13 0.493405
14 0.412121
15 0.426036
16 0.584546
17 0.026641
18 0.750551
19 0.148903
20 0.284948
21 0.634947
22 0.416586
23 0.797063
24 0.731043
25 0.795806
26 0.640516
27 0.756634
28 0.849625
29 0.595562
30 0.851676
31 0.534177
32 0.768085
33 0.882843
34 0.611034
35 0.736716
0 0.313051
1 0.145128
2 0.34902
3 0.206239
4 0.240463
5 0.228699
6 0.34902
7 0.25098
8 0.232086
9 0.0998217
10 0.281283
11 0.257041
12 0.25098
13 0.381105
14 0.257398
15 0.423628
16 0.555809
17 0.0255691
18 0.74986
19 0.10592
20 0.302368
21 0.68635
22 0.383688
23 0.775618
24 0.756534
25 0.805884
26 0.614161
27 0.725418
28 0.831548
29 0.629804
30 0.813884
31 0.518679
32 0.758595
33 0.900715
34 0.664828
35 0.713574
0 0.283404
1 0.137465
2 0.190374
3 0.34902
4 0.21533
5 0.34902
6 0.031729
7 0.137611
8 0.25098
9 0.287344
10 0.25098
11 0.228164
12 0
13 0.412121
14 0.0948307
15 0.40906
16 0.582434
17 0.0174728
18 0.732888
19 0.11407
20 0.31889
21 0.682512
22 0.410496
23 0.789326
24 0.714434
25 0.789645
26 0.630137
27 0.765557
28 0.857671
29 0.516984
30 0.841671
31 0.627455
32 0.704446
33 0.871175
34 0.598203
35 0.679706
0 0.156366
1 0.129952
2 0.34902
3 0.34902
4 0.253832
5 0.0272727
6 0.301604
7 0.25098
8 0.25098
9 0.25098
10 0.0684492
11 0.218182
12 0.314438
13 0.14902
14 0.0905526
15 0.421435
16 0.584154
17 0.0233441
18 0.764493
19 0.146256
20 0.242251
21 0.588393
22 0.3584
23 0.798804
24 0.673436
25 0.810083
26 0.59739
27 0.740773
28 0.869587
29 0.59352
30 0.850064
31 0.556012
32 0.731744
33 0.889901
34 0.644918
35 0.674625
0 0.532798
1 0.122595
2 0.34902
3 0.206239
4 0.0158646
5 0.34902
6 0.34902
7 0.25098
8 0.228164
9 0
10 0.114082
11 0.25098
12 0.25098
13 0.0948307
14 0.121925
15 0.464676
16 0.57377
17 0.0219594
18 0.767137
19 0.168934
20 0.304377
21 0.684382
22 0.405907
23 0.784429
24 0.683839
25 0.813473
26 0.621513
27 0.753671
28 0.838715
29 0.521316
30 0.828199
31 0.619459
32 0.709389
33 0.875082
34 0.617251
35 0.723353
0 0.030137
1 0.115318
2 0.0909091
3 0.108913
4 0.34902
5 0.28877
6 0.330838
7 0.272727
8 0.109091
9 0.314438
10 0.25098
11 0.173975
12 0.25098
13 0.0951872
14 0.219608
15 0.458228
16 0.597329
17 0.0241064
18 0.744694
19 0.150363
20 0.31285
21 0.665144
22 0.342188
23 0.786979
24 0.695233
25 0.813959
26 0.631653
27 0.732623
28 0.856296
29 0.529732
30 0.851021
31 0.6181
32 0.712144
33 0.902213
34 0.671702
35 0.751967
0 0.366993
1 0.107999
2 0.111052
3 0.34902
4 0.301783
5 0.34902
6 0.34902
7 0.0456328
8 0.25098
9 0.25098
10 0.186809
11 0.25098
12 0.25098
13 0.108378
14 0.214617
15 0.435195
16 0.535946
17 0.0213943
18 0.753319
19 0.0890839
20 0.228927
21 0.555408
22 0.436584
23 0.792549
24 0.718014
25 0.816605
26 0.645039
27 0.74001
28 0.852052
29 0.555688
30 0.828784
31 0.487589
32 0.738572
33 0.905918
34 0.618933
35 0.713551
0 0.672991
1 0.100811
2 0.34902
3 0.254545
4 0.34902
5 0.34902
6 0.0495543
7 0.25098
8 0.122638
9 0.25098
10 0.25098
11 0.22852
12 0.00392157
13 0.280214
14 0.320143
15 0.360621
16 0.57505
17 0.0197014
18 0.747561
19 0.0767715
20 0.230321
21 0.604187
22 0.41228
23 0.785955
24 0.654048
25 0.78984
26 0.709309
27 0.735474
28 0.862704
29 0.450348
30 0.867566
31 0.525903
32 0.771664
33 0.918079
34 0.562551
35 0.775347
0 0.601867
1 0.0935982
2 0.34902
3 0.34902
4 0.182353
5 0.0604278
6 0.134046
7 0.25098
8 0.25098
9 0.25098
10 0.00392157
11 0.0937612
12 0.0338681
13 0.14902
14 0.64492
15 0.362711
16 0.621373
17 0.0341515
18 0.773875
19 0.0967924
20 0.151623
21 0.498425
22 0.440386
23 0.803206
24 0.705309
25 0.804467
26 0.67677
27 0.738108
28 0.838082
29 0.580503
30 0.867811
31 0.427948
32 0.820789
33 0.897132
34 0.546917
35 0.758092
0 0.833358
1 0.0863479
2 0.318717
3 0.104813
4 0.153298
5 0.12959
6 0.230303
7 0.25098
8 0.0278075
9 0.0912656
10 0.0912656
11 0.0484849
12 0.090196
13 0.457754
14 0.550446
15 0.390168
16 0.601838
17 0.0376991
18 0.764897
19 0.108157
20 0.287627
21 0.701403
22 0.382112
23 0.784843
24 0.692324
25 0.794863
26 0.708689
27 0.753263
28 0.822632
29 0.576933
30 0.875443
31 0.561921
32 0.848676
33 0.906421
34 0.594255
35 0.82101
0 0.171106
1 0.0790552
2 0.12959
3 0.274332
4 0.191087
5 0.207843
6 0.16328
7 0.0969697
8 0.161141
9 0.219964
10 0.0196078
11 0.0356507
12 0.14902
13 0.480214
14 0.673797
15 0.408849
16 0.605967
17 0.0378327
18 0.759627
19 0.0744273
20 0.246838
21 0.599855
22 0.418002
23 0.804487
24 0.707738
25 0.810588
26 0.704803
27 0.775821
28 0.835264
29 0.540802
30 0.864198
31 0.501408
32 0.842488
33 0.912171
34 0.54487
35 0.800188
0 0.355463
1 0.0716201
2 0.293583
3 0.180392
4 0.225312
5 0.148841
6 0.163458
7 0.208913
8 0.0196078
9 0.0773618
10 0.0196078
11 0.0855615
12 0.00285205
13 0.524064
14 0.754724
15 0.322508
16 0.670704
17 0.0528362
18 0.771953
19 0.0850506
20 0.195024
21 0.550848
22 0.358364
23 0.791286
24 0.741851
25 0.796554
26 0.586501
27 0.754145
28 0.797993
29 0.666613
30 0.829396
31 0.4209
32 0.825576
33 0.87336
34 0.547709
35 0.726112
0 0.527689
1 0.0641865
2 0.216221
3 0.108378
4 0.0638146
5 0.0349376
6 0
7 0.0581105
8 0.0124777
9 0.00320856
10 0.00320856
11 0
12 0
13 0.627451
14 0.243494
15 0.346893
16 0.690443
17 0.0518824
18 0.794593
19 0.109456
20 0.12459
21 0.511151
22 0.344871
23 0.790503
24 0.673416
25 0.796366
26 0.619356
27 0.731981
28 0.79667
29 0.602807
30 0.83443
31 0.369137
32 0.834173
33 0.87728
34 0.56135
35 0.745961
0 0.901085
1 0.0562655
2 0.0424242
3 0.0199643
4 0
5 0.0713013
6 0.0900178
7 0.00285205
8 0.00249554
9 0
10 0
11 0.00499109
12 0.00784314
13 0.420677
14 0.432086
15 0.406046
16 0.692067
17 0.0442169
18 0.801682
19 0.127215
20 0.226902
21 0.650353
22 0.305805
23 0.805767
24 0.539954
25 0.795255
26 0.686009
27 0.775043
28 0.840093
29 0.446693
30 0.870613
31 0.519332
32 0.813712
33 0.896105
34 0.542344
35 0.817407
0 0.194012
1 0.0481628
2 0
3 0
4 0.0313726
5 0.163993
6 0.184314
7 0
8 0
9 0
10 0.00998218
11 0.0121212
12 0.00784314
13 0
14 0.797861
15 0.369667
16 0.702278
17 0.0439054
18 0.793961
19 0.108936
20 0.171905
21 0.575273
22 0.341186
23 0.810711
24 0.637326
25 0.806546
26 0.676922
27 0.742257
28 0.809273
29 0.468252
30 0.871741
31 0.422565
32 0.811013
33 0.898155
34 0.52768
35 0.806721
0 0.634362
1 0.0401137
2 0
3 0.0770054
4 0.236898
5 0.0823529
6 0.0823529
7 0
8 0.00285205
9 0.0752228
10 0.124421
11 0.00784314
12 0.00784314
13 0.314795
14 0.759715
15 0.364776
16 0.641209
17 0.0308224
18 0.771285
19 0.0828494
20 0.223689
21 0.68639
22 0.374936
23 0.78884
24 0.674397
25 0.784417
26 0.707477
27 0.729251
28 0.803067
29 0.509764
30 0.878922
31 0.453927
32 0.833829
33 0.908145
34 0.559214
35 0.814147
0 0.508357
1 0.0323986
2 0.0980392
3 0.322816
4 0.272014
5 0.0666667
6 0.0666667
7 0.0110517
8 0.232086
9 0.25098
10 0.0741533
11 0.00784314
12 0.00784314
13 0.458111
14 0.722995
15 0.47606
16 0.535015
17 0.015177
18 0.754659
19 0.132099
20 0.37026
21 0.730525
22 0.423364
23 0.802978
24 0.690521
25 0.793922
26 0.646024
27 0.760541
28 0.855727
29 0.574611
30 0.846222
31 0.59976
32 0.737713
33 0.875304
34 0.616686
35 0.709609
0 0.107501
1 0.0253359
2 0.367736
3 0.34902
4 0.34902
5 0.34902
6 0.34902
7 0.300178
8 0.25098
9 0.25098
10 0.25098
11 0.25098
12 0.25098
13 0.174688
14 0.14902
15 0.442991
16 0.53492
17 0.0169511
18 0.737476
19 0.138616
20 0.38065
21 0.684572
22 0.39783
23 0.791831
24 0.71652
25 0.820408
26 0.613645
27 0.754947
28 0.858122
29 0.553555
30 0.823038
31 0.646891
32 0.69984
33 0.886906
34 0.650413
35 0.701633
0 0.196467
1 0.0183181
2 0.34902
3 0.34902
4 0.34902
5 0.34902
6 0.122638
7 0.25098
8 0.25098
9 0.25098
10 0.25098
11 0.228164
12 0.327273
13 0.14902
14 0.131194
15 0.396752
16 0.572815
17 0.0168264
18 0.732154
19 0.0957813
20 0.229422
21 0.568788
22 0.430112
23 0.78524
24 0.707437
25 0.804525
26 0.631306
27 0.716919
28 0.84962
29 0.493214
30 0.828483
31 0.51662
32 0.690175
33 0.899034
34 0.599526
35 0.701242
0 0.844875
1 0.0112501
2 0.34902
3 0.34902
4 0.333155
5 0.0812834
6 0.255615
7 0.25098
8 0.25098
9 0.25098
10 0.136898
11 0.23672
12 0.144028
13 0.14902
14 0.253832
15 0.423094
16 0.565183
17 0.0188408
18 0.754035
19 0.140922
20 0.282218
21 0.655318
22 0.428838
23 0.78425
24 0.671463
25 0.791693
26 0.621
27 0.717049
28 0.855532
29 0.56421
30 0.846163
31 0.551196
32 0.728366
33 0.890209
34 0.617968
35 0.691335
end fitness = 3.01327
