brain 22907 fitness=11.2222 numneurons+1=46 maxWeight=8 maxBias=8 redinput=2-4 greeninput=5-12 blueinput=13-18
+0.0000 +0.0000 +0.0000 +0.0000 +0.0000 +0.0000 +0.0000 +0.0000 +0.0000 +0.0000 +0.0000 +0.0000 +0.0000 +0.0000 +0.0000 +0.0000 +0.0000 +0.0000 +0.0000 +0.0000 +0.0000 +0.0000 +0.0000 +0.0000 +0.0000 +0.0000 +0.0000 +0.0000 +0.0000 +0.0000 +0.0000 +0.0000 +0.0000 +0.0000 +0.0000 +0.0000 +0.0000 +0.0000 +0.0000 +0.0000 +0.0000 +0.0000 +0.0000 +0.0000 +0.0000 +0.0000 ;
+0.0000 +0.0000 +0.0000 +0.0000 +0.0000 +0.0000 +0.0000 +0.0000 +0.0000 +0.0000 +0.0000 +0.0000 +0.0000 +0.0000 +0.0000 +0.0000 +0.0000 +0.0000 +0.0000 +0.0000 +0.0000 +0.0000 +0.0000 +0.0000 +0.0000 +0.0000 +0.0000 +0.0000 +0.0000 +0.0000 +0.0000 +0.0000 +0.0000 +0.0000 +0.0000 +0.0000 +0.0000 +0.0000 +0.0000 +0.0000 +0.0000 +0.0000 +0.0000 +0.0000 +0.0000 +0.0000 ;
+0.0000 +0.0000 +0.0000 +0.0000 +0.0000 +0.0000 +0.0000 +0.0000 +0.0000 +0.0000 +0.0000 +0.0000 +0.0000 +0.0000 +0.0000 +0.0000 +0.0000 +0.0000 +0.0000 +0.0000 +0.0000 +0.0000 +0.0000 +0.0000 +0.0000 +0.0000 +0.0000 +0.0000 +0.0000 +0.0000 +0.0000 +0.0000 +0.0000 +0.0000 +0.0000 +0.0000 +0.0000 +0.0000 +0.0000 +0.0000 +0.0000 +0.0000 +0.0000 +0.0000 +0.0000 +0.0000 ;
+0.0000 +0.0000 +0.0000 +0.0000 +0.0000 +0.0000 +0.0000 +0.0000 +0.0000 +0.0000 +0.0000 +0.0000 +0.0000 +0.0000 +0.0000 +0.0000 +0.0000 +0.0000 +0.0000 +0.0000 +0.0000 +0.0000 +0.0000 +0.0000 +0.0000 +0.0000 +0.0000 +0.0000 +0.0000 +0.0000 +0.0000 +0.0000 +0.0000 +0.0000 +0.0000 +0.0000 +0.0000 +0.0000 +0.0000 +0.0000 +0.0000 +0.0000 +0.0000 +0.0000 +0.0000 +0.0000 ;
+0.0000 +0.0000 +0.0000 +0.0000 +0.0000 +0.0000 +0.0000 +0.0000 +0.0000 +0.0000 +0.0000 +0.0000 +0.0000 +0.0000 +0.0000 +0.0000 +0.0000 +0.0000 +0.0000 +0.0000 +0.0000 +0.0000 +0.0000 +0.0000 +0.0000 +0.0000 +0.0000 +0.0000 +0.0000 +0.0000 +0.0000 +0.0000 +0.0000 +0.0000 +0.0000 +0.0000 +0.0000 +0.0000 +0.0000 +0.0000 +0.0000 +0.0000 +0.0000 +0.0000 +0.0000 +0.0000 ;
+0.0000 +0.0000 +0.0000 +0.0000 +0.0000 +0.0000 +0.0000 +0.0000 +0.0000 +0.0000 +0.0000 +0.0000 +0.0000 +0.0000 +0.0000 +0.0000 +0.0000 +0.0000 +0.0000 +0.0000 +0.0000 +0.0000 +0.0000 +0.0000 +0.0000 +0.0000 +0.0000 +0.0000 +0.0000 +0.0000 +0.0000 +0.0000 +0.0000 +0.0000 +0.0000 +0.0000 +0.0000 +0.0000 +0.0000 +0.0000 +0.0000 +0.0000 +0.0000 +0.0000 +0.0000 +0.0000 ;
+0.0000 +0.0000 +0.0000 +0.0000 +0.0000 +0.0000 +0.0000 +0.0000 +0.0000 +0.0000 +0.0000 +0.0000 +0.0000 +0.0000 +0.0000 +0.0000 +0.0000 +0.0000 +0.0000 +0.0000 +0.0000 +0.0000 +0.0000 +0.0000 +0.0000 +0.0000 +0.0000 +0.0000 +0.0000 +0.0000 +0.0000 +0.0000 +0.0000 +0.0000 +0.0000 +0.0000 +0.0000 +0.0000 +0.0000 +0.0000 +0.0000 +0.0000 +0.0000 +0.0000 +0.0000 +0.0000 ;
+0.0000 +0.0000 +0.0000 +0.0000 +0.0000 +0.0000 +0.0000 +0.0000 +0.0000 +0.0000 +0.0000 +0.0000 +0.0000 +0.0000 +0.0000 +0.0000 +0.0000 +0.0000 +0.0000 +0.0000 +0.0000 +0.0000 +0.0000 +0.0000 +0.0000 +0.0000 +0.0000 +0.0000 +0.0000 +0.0000 +0.0000 +0.0000 +0.0000 +0.0000 +0.0000 +0.0000 +0.0000 +0.0000 +0.0000 +0.0000 +0.0000 +0.0000 +0.0000 +0.0000 +0.0000 +0.0000 ;
+0.0000 +0.0000 +0.0000 +0.0000 +0.0000 +0.0000 +0.0000 +0.0000 +0.0000 +0.0000 +0.0000 +0.0000 +0.0000 +0.0000 +0.0000 +0.0000 +0.0000 +0.0000 +0.0000 +0.0000 +0.0000 +0.0000 +0.0000 +0.0000 +0.0000 +0.0000 +0.0000 +0.0000 +0.0000 +0.0000 +0.0000 +0.0000 +0.0000 +0.0000 +0.0000 +0.0000 +0.0000 +0.0000 +0.0000 +0.0000 +0.0000 +0.0000 +0.0000 +0.0000 +0.0000 +0.0000 ;
+0.0000 +0.0000 +0.0000 +0.0000 +0.0000 +0.0000 +0.0000 +0.0000 +0.0000 +0.0000 +0.0000 +0.0000 +0.0000 +0.0000 +0.0000 +0.0000 +0.0000 +0.0000 +0.0000 +0.0000 +0.0000 +0.0000 +0.0000 +0.0000 +0.0000 +0.0000 +0.0000 +0.0000 +0.0000 +0.0000 +0.0000 +0.0000 +0.0000 +0.0000 +0.0000 +0.0000 +0.0000 +0.0000 +0.0000 +0.0000 +0.0000 +0.0000 +0.0000 +0.0000 +0.0000 +0.0000 ;
+0.0000 +0.0000 +0.0000 +0.0000 +0.0000 +0.0000 +0.0000 +0.0000 +0.0000 +0.0000 +0.0000 +0.0000 +0.0000 +0.0000 +0.0000 +0.0000 +0.0000 +0.0000 +0.0000 +0.0000 +0.0000 +0.0000 +0.0000 +0.0000 +0.0000 +0.0000 +0.0000 +0.0000 +0.0000 +0.0000 +0.0000 +0.0000 +0.0000 +0.0000 +0.0000 +0.0000 +0.0000 +0.0000 +0.0000 +0.0000 +0.0000 +0.0000 +0.0000 +0.0000 +0.0000 +0.0000 ;
+0.0000 +0.0000 +0.0000 +0.0000 +0.0000 +0.0000 +0.0000 +0.0000 +0.0000 +0.0000 +0.0000 +0.0000 +0.0000 +0.0000 +0.0000 +0.0000 +0.0000 +0.0000 +0.0000 +0.0000 +0.0000 +0.0000 +0.0000 +0.0000 +0.0000 +0.0000 +0.0000 +0.0000 +0.0000 +0.0000 +0.0000 +0.0000 +0.0000 +0.0000 +0.0000 +0.0000 +0.0000 +0.0000 +0.0000 +0.0000 +0.0000 +0.0000 +0.0000 +0.0000 +0.0000 +0.0000 ;
+0.0000 +0.0000 +0.0000 +0.0000 +0.0000 +0.0000 +0.0000 +0.0000 +0.0000 +0.0000 +0.0000 +0.0000 +0.0000 +0.0000 +0.0000 +0.0000 +0.0000 +0.0000 +0.0000 +0.0000 +0.0000 +0.0000 +0.0000 +0.0000 +0.0000 +0.0000 +0.0000 +0.0000 +0.0000 +0.0000 +0.0000 +0.0000 +0.0000 +0.0000 +0.0000 +0.0000 +0.0000 +0.0000 +0.0000 +0.0000 +0.0000 +0.0000 +0.0000 +0.0000 +0.0000 +0.0000 ;
+0.0000 +0.0000 +0.0000 +0.0000 +0.0000 +0.0000 +0.0000 +0.0000 +0.0000 +0.0000 +0.0000 +0.0000 +0.0000 +0.0000 +0.0000 +0.0000 +0.0000 +0.0000 +0.0000 +0.0000 +0.0000 +0.0000 +0.0000 +0.0000 +0.0000 +0.0000 +0.0000 +0.0000 +0.0000 +0.0000 +0.0000 +0.0000 +0.0000 +0.0000 +0.0000 +0.0000 +0.0000 +0.0000 +0.0000 +0.0000 +0.0000 +0.0000 +0.0000 +0.0000 +0.0000 +0.0000 ;
+0.0000 +0.0000 +0.0000 +0.0000 +0.0000 +0.0000 +0.0000 +0.0000 +0.0000 +0.0000 +0.0000 +0.0000 +0.0000 +0.0000 +0.0000 +0.0000 +0.0000 +0.0000 +0.0000 +0.0000 +0.0000 +0.0000 +0.0000 +0.0000 +0.0000 +0.0000 +0.0000 +0.0000 +0.0000 +0.0000 +0.0000 +0.0000 +0.0000 +0.0000 +0.0000 +0.0000 +0.0000 +0.0000 +0.0000 +0.0000 +0.0000 +0.0000 +0.0000 +0.0000 +0.0000 +0.0000 ;
+0.0000 +0.0000 +0.0000 +0.0000 +0.0000 +0.0000 +0.0000 +0.0000 +0.0000 +0.0000 +0.0000 +0.0000 +0.0000 +0.0000 +0.0000 +0.0000 +0.0000 +0.0000 +0.0000 +0.0000 +0.0000 +0.0000 +0.0000 +0.0000 +0.0000 +0.0000 +0.0000 +0.0000 +0.0000 +0.0000 +0.0000 +0.0000 +0.0000 +0.0000 +0.0000 +0.0000 +0.0000 +0.0000 +0.0000 +0.0000 +0.0000 +0.0000 +0.0000 +0.0000 +0.0000 +0.0000 ;
+0.0000 +0.0000 +0.0000 +0.0000 +0.0000 +0.0000 +0.0000 +0.0000 +0.0000 +0.0000 +0.0000 +0.0000 +0.0000 +0.0000 +0.0000 +0.0000 +0.0000 +0.0000 +0.0000 +0.0000 +0.0000 +0.0000 +0.0000 +0.0000 +0.0000 +0.0000 +0.0000 +0.0000 +0.0000 +0.0000 +0.0000 +0.0000 +0.0000 +0.0000 +0.0000 +0.0000 +0.0000 +0.0000 +0.0000 +0.0000 +0.0000 +0.0000 +0.0000 +0.0000 +0.0000 +0.0000 ;
+0.0000 +0.0000 +0.0000 +0.0000 +0.0000 +0.0000 +0.0000 +0.0000 +0.0000 +0.0000 +0.0000 +0.0000 +0.0000 +0.0000 +0.0000 +0.0000 +0.0000 +0.0000 +0.0000 +0.0000 +0.0000 +0.0000 +0.0000 +0.0000 +0.0000 +0.0000 +0.0000 +0.0000 +0.0000 +0.0000 +0.0000 +0.0000 +0.0000 +0.0000 +0.0000 +0.0000 +0.0000 +0.0000 +0.0000 +0.0000 +0.0000 +0.0000 +0.0000 +0.0000 +0.0000 +0.0000 ;
+0.0000 +0.0000 +0.0000 +0.0000 +0.0000 +0.0000 +0.0000 +0.0000 +0.0000 +0.0000 +0.0000 +0.0000 +0.0000 +0.0000 +0.0000 +0.0000 +0.0000 +0.0000 +0.0000 +0.0000 +0.0000 +0.0000 +0.0000 +0.0000 +0.0000 +0.0000 +0.0000 +0.0000 +0.0000 +0.0000 +0.0000 +0.0000 +0.0000 +0.0000 +0.0000 +0.0000 +0.0000 +0.0000 +0.0000 +0.0000 +0.0000 +0.0000 +0.0000 +0.0000 +0.0000 +0.0000 ;
+0.0000 +0.1532 +0.0207 -0.0000 +0.0000 -0.1039 -0.1333 -0.0420 -0.0000 -0.0089 -0.0021 +0.0000 +0.0000 +0.1270 +0.2119 +0.2238 +0.0656 +0.2444 +0.2336 +0.0000 +0.0000 +0.2098 +0.3912 +0.0000 +0.2260 -0.4225 +0.0565 +0.0000 +0.0890 +0.1619 +0.1767 +0.2654 +0.2607 +0.1125 +0.0000 +0.0000 +0.0000 -0.1612 -0.1859 -0.1719 -0.1308 -0.0962 -0.1338 +0.0000 +0.0000 +0.4667 ;
-0.0001 +0.1314 +0.1139 -0.1519 +0.0000 +0.1327 -0.1463 +0.0144 -0.0242 +0.0000 +0.0678 +0.0351 +0.0296 +0.0000 -0.0190 +0.1459 +0.0900 -0.1938 +0.2931 +0.0000 +0.0000 +0.0000 +0.0000 +0.0000 +0.0000 +0.4958 +0.2732 +0.2094 +0.0000 +0.0000 +0.0000 +0.0000 +0.0000 +0.2156 +0.1550 +0.0000 +0.1299 -0.5351 -0.3545 -0.1466 -0.3282 -0.0069 -0.0000 -0.4127 -0.1824 +0.2549 ;
-0.0079 -0.1352 +0.1321 +0.1248 +0.1255 -0.0185 -0.0000 -0.0290 -0.0000 -0.0000 -0.0349 -0.0000 -0.0923 -0.1916 -0.2169 -0.0919 -0.0231 +0.0244 +0.0000 -0.1874 +0.0358 +0.0000 +0.2626 +0.1121 -0.1906 -0.3225 +0.2085 +0.0515 +0.1620 +0.2709 +0.1461 +0.2293 +0.0000 +0.2908 +0.2745 +0.2857 +0.2863 -0.1377 -0.2729 -0.0515 +0.0000 -0.1450 +0.0000 +0.0000 -0.1478 -0.5110 ;
-0.0167 -0.1658 -0.0000 +0.0000 +0.0266 +0.1309 -0.0399 +0.0000 +0.0000 +0.0000 +0.0000 +0.0000 +0.0000 -0.0684 +0.0332 -0.0722 +0.0918 -0.1114 +0.0000 +0.1954 +0.5475 +0.2298 +0.0000 +0.0000 +0.1735 +0.0000 +0.2833 +0.5501 +0.2579 +0.5936 +0.3968 +0.0000 +0.5853 +0.5348 +0.5835 +0.6066 +0.4878 +0.0000 -0.3900 -0.1552 -0.1931 -0.0082 -0.0000 -0.2458 -0.1649 +0.5056 ;
-0.0602 -0.1555 +0.0000 -0.1725 -0.2328 +0.1468 +0.1136 +0.2982 +0.3021 +0.1092 -0.1692 +0.0309 -0.0870 +0.0031 -0.1384 -0.1554 +0.0000 +0.0000 -0.0032 -0.0000 +0.0000 -0.0011 +0.0000 +0.0000 +0.1357 -0.0000 +0.0000 +0.0000 +0.0000 +0.0000 +0.0000 +0.0000 +0.0000 +0.0000 +0.0000 +0.0000 +0.0000 +0.0000 +0.0000 +0.0000 +0.0000 +0.0000 +0.0000 +0.0000 +0.0000 -0.1373 ;
+0.0000 -0.0380 +0.0494 +0.1354 +0.0000 -0.0459 -0.0455 +0.2264 +0.1424 +0.0000 +0.0402 +0.1847 +0.0000 +0.0740 -0.1573 -0.0276 -0.0127 -0.2104 -0.0530 +0.1064 -0.0120 +0.0000 +0.0000 +0.0426 +0.0000 +0.0000 +0.0000 +0.0000 +0.0000 +0.0000 +0.0000 +0.0000 +0.0000 +0.0000 +0.0000 +0.0000 +0.0000 -0.1784 -0.1921 +0.0000 +0.0000 +0.0000 +0.0000 +0.0000 +0.0000 +0.2863 ;
-0.1607 -0.1150 -0.1771 -0.1913 -0.1221 +0.0000 -0.0164 -0.0052 +0.0326 +0.0000 +0.0000 +0.0000 -0.1006 +0.0701 +0.0394 +0.2684 +0.2404 +0.2001 +0.0000 +0.5099 +0.0000 +0.2359 +0.0000 +0.0000 +0.0000 +0.0000 +0.4033 +0.6076 +0.0000 +0.6035 +0.4319 +0.5332 +0.5380 +0.0000 +0.0000 +0.6147 +0.0000 -0.3063 -0.2032 -0.0343 -0.0361 -0.1574 +0.0000 +0.0000 +0.0000 +0.5264 ;
+0.0000 +0.0000 +0.0000 +0.0000 +0.0000 -0.0205 -0.1019 -0.0402 -0.1312 -0.0714 -0.1147 +0.0000 -0.0000 +0.0000 -0.1158 +0.1286 +0.0000 +0.0000 +0.0000 +0.0000 +0.0000 +0.0000 +0.0000 +0.0000 +0.0000 +0.0000 +0.0000 +0.4282 +0.1865 +0.2754 +0.2743 +0.0000 +0.0000 +0.0000 +0.0000 +0.0000 +0.0000 +0.0000 -0.1622 -0.2056 -0.0430 -0.0562 +0.0000 -0.1805 +0.0000 +0.4824 ;
-0.0207 +0.0000 +0.0000 +0.0000 +0.0000 -0.0000 -0.0000 -0.0143 -0.0789 -0.0000 -0.0619 -0.0000 +0.0000 -0.1490 -0.1292 +0.0000 +0.0000 +0.0000 +0.0000 +0.3756 +0.1168 +0.3744 +0.0000 -0.0000 +0.0000 +0.0000 +0.3274 +0.0000 +0.4510 +0.4029 +0.4016 +0.5099 +0.0000 +0.0000 +0.0000 +0.0000 +0.0000 -0.2286 -0.2216 +0.0000 -0.2345 -0.0913 -0.0000 -0.2137 +0.0000 +0.4824 ;
+0.0000 +0.0000 +0.0776 +0.1280 +0.0000 -0.0000 +0.0376 +0.0124 -0.0761 -0.0708 -0.1108 -0.0000 -0.0000 -0.1386 +0.1039 -0.2225 +0.0000 +0.0000 +0.0000 +0.5537 +0.0000 +0.2317 -0.1747 +0.0000 +0.0293 -0.1937 +0.2483 +0.3346 +0.0000 +0.3217 +0.2648 +0.0000 +0.0000 +0.0000 +0.0000 +0.0000 +0.0000 -0.3044 -0.2594 +0.0000 -0.1832 -0.1211 -0.0000 -0.2300 +0.0000 +0.4824 ;
-0.2051 +0.0000 -0.0000 +0.0000 +0.0000 -0.0676 +0.0000 -0.0509 -0.0000 -0.0402 -0.1077 -0.0000 -0.0595 -0.1235 +0.0531 +0.0000 +0.0000 +0.0000 +0.0000 +0.3141 +0.2977 +0.2480 +0.0000 +0.1965 +0.0000 +0.0000 +0.4801 +0.4756 +0.2881 +0.0000 +0.3926 +0.5973 +0.0000 +0.0000 +0.0000 +0.0000 +0.0000 +0.0000 -0.2340 -0.2433 -0.0734 -0.1109 -0.0690 -0.1130 +0.0000 +0.4824 ;
+0.0000 +0.0000 +0.0000 +0.0693 +0.0000 -0.0000 +0.0000 -0.0517 -0.0772 -0.0000 -0.0756 -0.0703 -0.0000 -0.1492 +0.2594 -0.1008 +0.0000 +0.0000 +0.0000 +0.6153 +0.0000 +0.2486 -0.2729 -0.0000 +0.0000 -0.0893 +0.0000 +0.3542 +0.2637 +0.3811 +0.0000 +0.4500 +0.4480 +0.0000 +0.0000 +0.0000 +0.0000 -0.0935 -0.1570 -0.1984 -0.2536 -0.0065 -0.1895 +0.0000 +0.0000 +0.4824 ;
-0.0256 +0.0000 +0.0000 +0.0000 +0.0000 -0.0199 -0.0000 -0.0388 -0.0000 -0.0000 +0.0000 -0.0811 -0.0827 +0.0000 +0.0000 +0.1926 +0.0000 +0.0000 +0.0000 -0.3798 +0.3266 +0.0000 +0.5858 +0.0000 +0.0006 +0.0000 +0.0000 +0.0000 +0.0000 +0.5580 +0.3683 +0.0000 +0.5929 +0.4708 +0.0000 +0.0000 +0.0000 +0.0000 -0.1559 -0.1303 -0.2436 +0.0000 -0.0764 -0.2641 +0.0000 +0.4824 ;
+0.0000 +0.0000 +0.0000 +0.0131 +0.0000 -0.0618 -0.0000 -0.0695 -0.0000 -0.0585 -0.0000 -0.0000 +0.0000 +0.0000 +0.0000 -0.1543 -0.0178 +0.1575 +0.0000 +0.6472 +0.0000 +0.3416 -0.1704 -0.0000 +0.0000 -0.1069 +0.0000 +0.0000 +0.0000 +0.4844 +0.5370 +0.5958 +0.0000 +0.4281 +0.4368 +0.0000 +0.0000 +0.0000 +0.0000 -0.1715 -0.1206 -0.0037 -0.1683 -0.2202 -0.0880 +0.4824 ;
-0.1180 +0.0000 +0.0000 +0.0000 -0.0000 -0.0917 +0.0000 -0.1033 +0.0001 -0.0000 -0.0290 -0.0000 -0.0000 +0.1990 +0.0000 -0.0913 -0.1383 +0.0000 +0.0000 +0.1657 +0.2024 +0.1912 +0.0000 +0.1545 +0.0000 +0.0000 +0.0000 +0.0000 +0.0000 +0.0000 +0.4613 +0.4445 +0.5859 +0.0000 +0.5001 +0.4589 +0.0000 -0.2541 +0.0000 +0.0000 -0.1662 -0.0469 -0.1770 -0.2646 -0.0662 +0.4824 ;
+0.0000 +0.0000 +0.0000 +0.0000 +0.0000 -0.0000 -0.0552 +0.0000 -0.0000 -0.0000 -0.0256 -0.0105 -0.0076 +0.0000 +0.0000 +0.1338 -0.2348 -0.1241 +0.0000 +0.6318 +0.0000 +0.3495 -0.1596 +0.0000 +0.0282 -0.1611 +0.0000 +0.0000 +0.0000 +0.0000 +0.0000 +0.0000 +0.6024 +0.5891 +0.0000 +0.5393 +0.6049 +0.0000 +0.0000 -0.0952 -0.1565 -0.1891 -0.1080 -0.3056 -0.2160 +0.4824 ;
-0.0251 +0.0000 +0.0000 +0.0000 +0.0000 +0.0000 -0.0495 -0.0000 -0.0623 -0.0000 -0.0021 -0.0000 -0.0000 +0.0000 +0.0000 +0.0000 -0.3154 -0.0930 +0.1564 +0.3396 +0.3063 +0.3166 +0.0000 -0.0000 +0.0000 +0.0000 +0.0000 +0.0000 +0.0000 +0.0000 +0.0000 +0.0000 +0.5923 +0.5515 +0.4483 +0.4087 +0.5014 -0.3152 -0.2341 -0.0709 -0.0327 +0.0000 -0.0000 +0.0000 -0.0802 +0.4824 ;
-0.1002 -0.0000 +0.0000 +0.0000 -0.0000 -0.0000 -0.0000 -0.0000 -0.0000 -0.1119 -0.0783 -0.0185 +0.0112 +0.0000 +0.0000 +0.2738 +0.0000 -0.0185 -0.1825 +0.3018 +0.3534 +0.2039 +0.3684 +0.2047 +0.2096 -0.2023 +0.0000 +0.0000 +0.0000 +0.0000 +0.0000 +0.4170 +0.4851 +0.4999 +0.5882 +0.5922 +0.0000 +0.0000 +0.0000 -0.0353 -0.1217 -0.0037 -0.1800 -0.2752 -0.0712 +0.4824 ;
+0.0000 +0.0000 +0.0927 +0.0000 +0.0000 +0.0745 +0.1544 -0.0623 +0.0281 -0.0569 -0.0153 -0.0000 -0.1048 -0.0495 -0.2290 -0.1832 +0.0000 +0.0000 +0.2085 +0.0000 +0.0000 +0.0000 +0.0000 +0.0601 +0.0000 +0.0000 +0.2650 +0.0000 +0.0000 +0.0000 +0.0000 +0.0000 +0.0000 +0.0000 +0.0000 +0.0000 +0.0000 +0.0000 -0.1892 -0.1886 +0.0000 +0.0000 +0.0000 +0.0000 +0.0000 +0.4824 ;
-0.0344 +0.0000 +0.0327 -0.0000 -0.1520 +0.0894 -0.0000 -0.1063 +0.0016 -0.0346 -0.0174 -0.0804 -0.0000 -0.1058 -0.1144 -0.0468 +0.0000 +0.0000 +0.0810 +0.4303 +0.1484 +0.1326 +0.0331 -0.0043 -0.1105 -0.2952 +0.0000 +0.0000 +0.1154 +0.0000 +0.0000 +0.0000 +0.0000 +0.0000 +0.0000 +0.0000 +0.0000 -0.1592 +0.0000 -0.0170 -0.0959 +0.0000 +0.0000 +0.0000 +0.0000 +0.4824 ;
-0.0005 +0.0440 +0.1376 -0.2113 -0.0660 +0.0849 -0.0275 +0.0904 -0.0526 +0.0328 +0.1508 -0.1639 -0.1320 -0.2354 +0.1480 -0.0999 -0.0722 +0.0000 +0.1983 +0.0000 -0.2457 +0.0000 +0.0000 +0.2102 -0.2477 +0.0820 +0.0000 +0.1614 +0.0577 +0.0000 +0.0000 +0.0000 +0.0000 +0.0000 +0.0000 +0.0000 +0.0000 -0.2100 -0.1659 +0.0000 -0.0307 +0.0000 +0.0000 +0.0000 +0.0000 +0.4824 ;
-0.2339 -0.1084 -0.0675 +0.0571 +0.0000 +0.0483 +0.0260 +0.0827 -0.0180 -0.0781 +0.1008 -0.0389 -0.1204 -0.0018 -0.0565 -0.1029 +0.0000 +0.0000 +0.0000 +0.0810 +0.0557 +0.0309 +0.0951 -0.0882 +0.0108 -0.2642 +0.0000 +0.0000 +0.0000 +0.0000 +0.0000 +0.1156 +0.0000 +0.0000 +0.0000 +0.0000 +0.0000 +0.0000 -0.1452 -0.0545 +0.0000 -0.1809 +0.0000 +0.0000 +0.0000 +0.4824 ;
-0.0002 +0.0000 +0.0000 -0.1234 -0.0967 -0.1546 -0.0906 +0.1021 +0.2396 -0.0994 -0.0257 -0.0280 -0.1087 +0.0000 -0.0364 -0.1953 -0.2081 +0.0000 +0.0000 +0.0000 -0.0979 +0.0000 +0.0746 +0.2564 -0.1845 -0.0254 +0.0000 +0.0000 +0.0000 +0.0000 +0.0020 +0.0000 +0.0000 +0.0000 +0.0000 +0.0000 +0.0000 +0.0000 +0.0000 +0.0000 -0.0536 +0.0000 -0.2172 +0.0000 +0.0000 +0.4824 ;
-0.1561 +0.1281 +0.2718 -0.0155 -0.2409 -0.2308 -0.0726 +0.1775 +0.1059 -0.1480 -0.0180 -0.1281 +0.0284 +0.0000 -0.0663 -0.0011 -0.1498 -0.0741 +0.0000 +0.0000 -0.1806 +0.0587 -0.0000 +0.0341 -0.0000 -0.1705 +0.0000 +0.0000 +0.0000 +0.0000 +0.0000 +0.0902 +0.0437 +0.0000 +0.0000 +0.0000 +0.0000 +0.0000 +0.0000 +0.0000 -0.1317 -0.1284 +0.0000 -0.1268 +0.0000 +0.4824 ;
-0.0008 +0.0000 +0.0000 +0.0378 -0.0000 -0.0328 -0.0000 +0.1271 +0.0496 -0.0000 -0.1105 -0.0232 -0.0543 +0.0000 +0.0000 +0.0000 +0.1622 -0.0219 -0.1028 +0.0000 -0.1530 +0.0000 +0.3838 +0.0426 -0.2174 -0.2365 +0.0000 +0.0000 +0.0000 +0.0000 +0.0000 +0.0000 +0.0000 +0.1430 +0.0000 +0.0000 +0.0000 +0.0000 +0.0000 +0.0000 +0.0000 -0.0726 -0.0104 +0.0000 -0.0955 +0.4824 ;
-0.1596 -0.0700 -0.2326 +0.1510 +0.0239 -0.1572 -0.0318 -0.0746 +0.0026 -0.0106 +0.0718 +0.0042 -0.1833 +0.0518 +0.0769 -0.1464 -0.1807 -0.1568 -0.1847 +0.0483 +0.0155 -0.0917 +0.0390 -0.0795 -0.1537 -0.1390 +0.0000 +0.0000 +0.0000 +0.0000 +0.0000 +0.0000 +0.0000 +0.0000 +0.1017 +0.2377 +0.0000 +0.0000 +0.0000 +0.0000 +0.0000 -0.0104 -0.0641 -0.0541 +0.0000 +0.4824 ;
+0.0000 +0.0000 +0.0000 +0.0000 +0.0000 +0.0000 +0.0000 +0.0000 +0.0000 +0.0000 +0.0000 +0.0000 +0.0000 +0.0000 +0.0000 +0.0000 +0.0000 +0.0000 +0.0000 +0.0000 +0.0000 +0.0000 +0.0000 +0.0000 +0.0000 +0.0000 +0.0000 +0.0000 +0.0000 +0.0000 +0.0000 +0.0000 +0.0000 +0.0000 +0.0000 +0.0000 +0.0000 +0.0000 +0.0000 +0.0000 +0.0000 +0.0000 +0.0000 +0.0000 +0.0000 +0.0000 ;
