brain 22906 fitness=28.339 numneurons+1=75 maxWeight=8 maxBias=8 redinput=2-14 greeninput=15-30 blueinput=31-34
+0.0000 +0.0000 +0.0000 +0.0000 +0.0000 +0.0000 +0.0000 +0.0000 +0.0000 +0.0000 +0.0000 +0.0000 +0.0000 +0.0000 +0.0000 +0.0000 +0.0000 +0.0000 +0.0000 +0.0000 +0.0000 +0.0000 +0.0000 +0.0000 +0.0000 +0.0000 +0.0000 +0.0000 +0.0000 +0.0000 +0.0000 +0.0000 +0.0000 +0.0000 +0.0000 +0.0000 +0.0000 +0.0000 +0.0000 +0.0000 +0.0000 +0.0000 +0.0000 +0.0000 +0.0000 +0.0000 +0.0000 +0.0000 +0.0000 +0.0000 +0.0000 +0.0000 +0.0000 +0.0000 +0.0000 +0.0000 +0.0000 +0.0000 +0.0000 +0.0000 +0.0000 +0.0000 +0.0000 +0.0000 +0.0000 +0.0000 +0.0000 +0.0000 +0.0000 +0.0000 +0.0000 +0.0000 +0.0000 +0.0000 +0.0000 ;
+0.0000 +0.0000 +0.0000 +0.0000 +0.0000 +0.0000 +0.0000 +0.0000 +0.0000 +0.0000 +0.0000 +0.0000 +0.0000 +0.0000 +0.0000 +0.0000 +0.0000 +0.0000 +0.0000 +0.0000 +0.0000 +0.0000 +0.0000 +0.0000 +0.0000 +0.0000 +0.0000 +0.0000 +0.0000 +0.0000 +0.0000 +0.0000 +0.0000 +0.0000 +0.0000 +0.0000 +0.0000 +0.0000 +0.0000 +0.0000 +0.0000 +0.0000 +0.0000 +0.0000 +0.0000 +0.0000 +0.0000 +0.0000 +0.0000 +0.0000 +0.0000 +0.0000 +0.0000 +0.0000 +0.0000 +0.0000 +0.0000 +0.0000 +0.0000 +0.0000 +0.0000 +0.0000 +0.0000 +0.0000 +0.0000 +0.0000 +0.0000 +0.0000 +0.0000 +0.0000 +0.0000 +0.0000 +0.0000 +0.0000 +0.0000 ;
+0.0000 +0.0000 +0.0000 +0.0000 +0.0000 +0.0000 +0.0000 +0.0000 +0.0000 +0.0000 +0.0000 +0.0000 +0.0000 +0.0000 +0.0000 +0.0000 +0.0000 +0.0000 +0.0000 +0.0000 +0.0000 +0.0000 +0.0000 +0.0000 +0.0000 +0.0000 +0.0000 +0.0000 +0.0000 +0.0000 +0.0000 +0.0000 +0.0000 +0.0000 +0.0000 +0.0000 +0.0000 +0.0000 +0.0000 +0.0000 +0.0000 +0.0000 +0.0000 +0.0000 +0.0000 +0.0000 +0.0000 +0.0000 +0.0000 +0.0000 +0.0000 +0.0000 +0.0000 +0.0000 +0.0000 +0.0000 +0.0000 +0.0000 +0.0000 +0.0000 +0.0000 +0.0000 +0.0000 +0.0000 +0.0000 +0.0000 +0.0000 +0.0000 +0.0000 +0.0000 +0.0000 +0.0000 +0.0000 +0.0000 +0.0000 ;
+0.0000 +0.0000 +0.0000 +0.0000 +0.0000 +0.0000 +0.0000 +0.0000 +0.0000 +0.0000 +0.0000 +0.0000 +0.0000 +0.0000 +0.0000 +0.0000 +0.0000 +0.0000 +0.0000 +0.0000 +0.0000 +0.0000 +0.0000 +0.0000 +0.0000 +0.0000 +0.0000 +0.0000 +0.0000 +0.0000 +0.0000 +0.0000 +0.0000 +0.0000 +0.0000 +0.0000 +0.0000 +0.0000 +0.0000 +0.0000 +0.0000 +0.0000 +0.0000 +0.0000 +0.0000 +0.0000 +0.0000 +0.0000 +0.0000 +0.0000 +0.0000 +0.0000 +0.0000 +0.0000 +0.0000 +0.0000 +0.0000 +0.0000 +0.0000 +0.0000 +0.0000 +0.0000 +0.0000 +0.0000 +0.0000 +0.0000 +0.0000 +0.0000 +0.0000 +0.0000 +0.0000 +0.0000 +0.0000 +0.0000 +0.0000 ;
+0.0000 +0.0000 +0.0000 +0.0000 +0.0000 +0.0000 +0.0000 +0.0000 +0.0000 +0.0000 +0.0000 +0.0000 +0.0000 +0.0000 +0.0000 +0.0000 +0.0000 +0.0000 +0.0000 +0.0000 +0.0000 +0.0000 +0.0000 +0.0000 +0.0000 +0.0000 +0.0000 +0.0000 +0.0000 +0.0000 +0.0000 +0.0000 +0.0000 +0.0000 +0.0000 +0.0000 +0.0000 +0.0000 +0.0000 +0.0000 +0.0000 +0.0000 +0.0000 +0.0000 +0.0000 +0.0000 +0.0000 +0.0000 +0.0000 +0.0000 +0.0000 +0.0000 +0.0000 +0.0000 +0.0000 +0.0000 +0.0000 +0.0000 +0.0000 +0.0000 +0.0000 +0.0000 +0.0000 +0.0000 +0.0000 +0.0000 +0.0000 +0.0000 +0.0000 +0.0000 +0.0000 +0.0000 +0.0000 +0.0000 +0.0000 ;
+0.0000 +0.0000 +0.0000 +0.0000 +0.0000 +0.0000 +0.0000 +0.0000 +0.0000 +0.0000 +0.0000 +0.0000 +0.0000 +0.0000 +0.0000 +0.0000 +0.0000 +0.0000 +0.0000 +0.0000 +0.0000 +0.0000 +0.0000 +0.0000 +0.0000 +0.0000 +0.0000 +0.0000 +0.0000 +0.0000 +0.0000 +0.0000 +0.0000 +0.0000 +0.0000 +0.0000 +0.0000 +0.0000 +0.0000 +0.0000 +0.0000 +0.0000 +0.0000 +0.0000 +0.0000 +0.0000 +0.0000 +0.0000 +0.0000 +0.0000 +0.0000 +0.0000 +0.0000 +0.0000 +0.0000 +0.0000 +0.0000 +0.0000 +0.0000 +0.0000 +0.0000 +0.0000 +0.0000 +0.0000 +0.0000 +0.0000 +0.0000 +0.0000 +0.0000 +0.0000 +0.0000 +0.0000 +0.0000 +0.0000 +0.0000 ;
+0.0000 +0.0000 +0.0000 +0.0000 +0.0000 +0.0000 +0.0000 +0.0000 +0.0000 +0.0000 +0.0000 +0.0000 +0.0000 +0.0000 +0.0000 +0.0000 +0.0000 +0.0000 +0.0000 +0.0000 +0.0000 +0.0000 +0.0000 +0.0000 +0.0000 +0.0000 +0.0000 +0.0000 +0.0000 +0.0000 +0.0000 +0.0000 +0.0000 +0.0000 +0.0000 +0.0000 +0.0000 +0.0000 +0.0000 +0.0000 +0.0000 +0.0000 +0.0000 +0.0000 +0.0000 +0.0000 +0.0000 +0.0000 +0.0000 +0.0000 +0.0000 +0.0000 +0.0000 +0.0000 +0.0000 +0.0000 +0.0000 +0.0000 +0.0000 +0.0000 +0.0000 +0.0000 +0.0000 +0.0000 +0.0000 +0.0000 +0.0000 +0.0000 +0.0000 +0.0000 +0.0000 +0.0000 +0.0000 +0.0000 +0.0000 ;
+0.0000 +0.0000 +0.0000 +0.0000 +0.0000 +0.0000 +0.0000 +0.0000 +0.0000 +0.0000 +0.0000 +0.0000 +0.0000 +0.0000 +0.0000 +0.0000 +0.0000 +0.0000 +0.0000 +0.0000 +0.0000 +0.0000 +0.0000 +0.0000 +0.0000 +0.0000 +0.0000 +0.0000 +0.0000 +0.0000 +0.0000 +0.0000 +0.0000 +0.0000 +0.0000 +0.0000 +0.0000 +0.0000 +0.0000 +0.0000 +0.0000 +0.0000 +0.0000 +0.0000 +0.0000 +0.0000 +0.0000 +0.0000 +0.0000 +0.0000 +0.0000 +0.0000 +0.0000 +0.0000 +0.0000 +0.0000 +0.0000 +0.0000 +0.0000 +0.0000 +0.0000 +0.0000 +0.0000 +0.0000 +0.0000 +0.0000 +0.0000 +0.0000 +0.0000 +0.0000 +0.0000 +0.0000 +0.0000 +0.0000 +0.0000 ;
+0.0000 +0.0000 +0.0000 +0.0000 +0.0000 +0.0000 +0.0000 +0.0000 +0.0000 +0.0000 +0.0000 +0.0000 +0.0000 +0.0000 +0.0000 +0.0000 +0.0000 +0.0000 +0.0000 +0.0000 +0.0000 +0.0000 +0.0000 +0.0000 +0.0000 +0.0000 +0.0000 +0.0000 +0.0000 +0.0000 +0.0000 +0.0000 +0.0000 +0.0000 +0.0000 +0.0000 +0.0000 +0.0000 +0.0000 +0.0000 +0.0000 +0.0000 +0.0000 +0.0000 +0.0000 +0.0000 +0.0000 +0.0000 +0.0000 +0.0000 +0.0000 +0.0000 +0.0000 +0.0000 +0.0000 +0.0000 +0.0000 +0.0000 +0.0000 +0.0000 +0.0000 +0.0000 +0.0000 +0.0000 +0.0000 +0.0000 +0.0000 +0.0000 +0.0000 +0.0000 +0.0000 +0.0000 +0.0000 +0.0000 +0.0000 ;
+0.0000 +0.0000 +0.0000 +0.0000 +0.0000 +0.0000 +0.0000 +0.0000 +0.0000 +0.0000 +0.0000 +0.0000 +0.0000 +0.0000 +0.0000 +0.0000 +0.0000 +0.0000 +0.0000 +0.0000 +0.0000 +0.0000 +0.0000 +0.0000 +0.0000 +0.0000 +0.0000 +0.0000 +0.0000 +0.0000 +0.0000 +0.0000 +0.0000 +0.0000 +0.0000 +0.0000 +0.0000 +0.0000 +0.0000 +0.0000 +0.0000 +0.0000 +0.0000 +0.0000 +0.0000 +0.0000 +0.0000 +0.0000 +0.0000 +0.0000 +0.0000 +0.0000 +0.0000 +0.0000 +0.0000 +0.0000 +0.0000 +0.0000 +0.0000 +0.0000 +0.0000 +0.0000 +0.0000 +0.0000 +0.0000 +0.0000 +0.0000 +0.0000 +0.0000 +0.0000 +0.0000 +0.0000 +0.0000 +0.0000 +0.0000 ;
+0.0000 +0.0000 +0.0000 +0.0000 +0.0000 +0.0000 +0.0000 +0.0000 +0.0000 +0.0000 +0.0000 +0.0000 +0.0000 +0.0000 +0.0000 +0.0000 +0.0000 +0.0000 +0.0000 +0.0000 +0.0000 +0.0000 +0.0000 +0.0000 +0.0000 +0.0000 +0.0000 +0.0000 +0.0000 +0.0000 +0.0000 +0.0000 +0.0000 +0.0000 +0.0000 +0.0000 +0.0000 +0.0000 +0.0000 +0.0000 +0.0000 +0.0000 +0.0000 +0.0000 +0.0000 +0.0000 +0.0000 +0.0000 +0.0000 +0.0000 +0.0000 +0.0000 +0.0000 +0.0000 +0.0000 +0.0000 +0.0000 +0.0000 +0.0000 +0.0000 +0.0000 +0.0000 +0.0000 +0.0000 +0.0000 +0.0000 +0.0000 +0.0000 +0.0000 +0.0000 +0.0000 +0.0000 +0.0000 +0.0000 +0.0000 ;
+0.0000 +0.0000 +0.0000 +0.0000 +0.0000 +0.0000 +0.0000 +0.0000 +0.0000 +0.0000 +0.0000 +0.0000 +0.0000 +0.0000 +0.0000 +0.0000 +0.0000 +0.0000 +0.0000 +0.0000 +0.0000 +0.0000 +0.0000 +0.0000 +0.0000 +0.0000 +0.0000 +0.0000 +0.0000 +0.0000 +0.0000 +0.0000 +0.0000 +0.0000 +0.0000 +0.0000 +0.0000 +0.0000 +0.0000 +0.0000 +0.0000 +0.0000 +0.0000 +0.0000 +0.0000 +0.0000 +0.0000 +0.0000 +0.0000 +0.0000 +0.0000 +0.0000 +0.0000 +0.0000 +0.0000 +0.0000 +0.0000 +0.0000 +0.0000 +0.0000 +0.0000 +0.0000 +0.0000 +0.0000 +0.0000 +0.0000 +0.0000 +0.0000 +0.0000 +0.0000 +0.0000 +0.0000 +0.0000 +0.0000 +0.0000 ;
+0.0000 +0.0000 +0.0000 +0.0000 +0.0000 +0.0000 +0.0000 +0.0000 +0.0000 +0.0000 +0.0000 +0.0000 +0.0000 +0.0000 +0.0000 +0.0000 +0.0000 +0.0000 +0.0000 +0.0000 +0.0000 +0.0000 +0.0000 +0.0000 +0.0000 +0.0000 +0.0000 +0.0000 +0.0000 +0.0000 +0.0000 +0.0000 +0.0000 +0.0000 +0.0000 +0.0000 +0.0000 +0.0000 +0.0000 +0.0000 +0.0000 +0.0000 +0.0000 +0.0000 +0.0000 +0.0000 +0.0000 +0.0000 +0.0000 +0.0000 +0.0000 +0.0000 +0.0000 +0.0000 +0.0000 +0.0000 +0.0000 +0.0000 +0.0000 +0.0000 +0.0000 +0.0000 +0.0000 +0.0000 +0.0000 +0.0000 +0.0000 +0.0000 +0.0000 +0.0000 +0.0000 +0.0000 +0.0000 +0.0000 +0.0000 ;
+0.0000 +0.0000 +0.0000 +0.0000 +0.0000 +0.0000 +0.0000 +0.0000 +0.0000 +0.0000 +0.0000 +0.0000 +0.0000 +0.0000 +0.0000 +0.0000 +0.0000 +0.0000 +0.0000 +0.0000 +0.0000 +0.0000 +0.0000 +0.0000 +0.0000 +0.0000 +0.0000 +0.0000 +0.0000 +0.0000 +0.0000 +0.0000 +0.0000 +0.0000 +0.0000 +0.0000 +0.0000 +0.0000 +0.0000 +0.0000 +0.0000 +0.0000 +0.0000 +0.0000 +0.0000 +0.0000 +0.0000 +0.0000 +0.0000 +0.0000 +0.0000 +0.0000 +0.0000 +0.0000 +0.0000 +0.0000 +0.0000 +0.0000 +0.0000 +0.0000 +0.0000 +0.0000 +0.0000 +0.0000 +0.0000 +0.0000 +0.0000 +0.0000 +0.0000 +0.0000 +0.0000 +0.0000 +0.0000 +0.0000 +0.0000 ;
+0.0000 +0.0000 +0.0000 +0.0000 +0.0000 +0.0000 +0.0000 +0.0000 +0.0000 +0.0000 +0.0000 +0.0000 +0.0000 +0.0000 +0.0000 +0.0000 +0.0000 +0.0000 +0.0000 +0.0000 +0.0000 +0.0000 +0.0000 +0.0000 +0.0000 +0.0000 +0.0000 +0.0000 +0.0000 +0.0000 +0.0000 +0.0000 +0.0000 +0.0000 +0.0000 +0.0000 +0.0000 +0.0000 +0.0000 +0.0000 +0.0000 +0.0000 +0.0000 +0.0000 +0.0000 +0.0000 +0.0000 +0.0000 +0.0000 +0.0000 +0.0000 +0.0000 +0.0000 +0.0000 +0.0000 +0.0000 +0.0000 +0.0000 +0.0000 +0.0000 +0.0000 +0.0000 +0.0000 +0.0000 +0.0000 +0.0000 +0.0000 +0.0000 +0.0000 +0.0000 +0.0000 +0.0000 +0.0000 +0.0000 +0.0000 ;
+0.0000 +0.0000 +0.0000 +0.0000 +0.0000 +0.0000 +0.0000 +0.0000 +0.0000 +0.0000 +0.0000 +0.0000 +0.0000 +0.0000 +0.0000 +0.0000 +0.0000 +0.0000 +0.0000 +0.0000 +0.0000 +0.0000 +0.0000 +0.0000 +0.0000 +0.0000 +0.0000 +0.0000 +0.0000 +0.0000 +0.0000 +0.0000 +0.0000 +0.0000 +0.0000 +0.0000 +0.0000 +0.0000 +0.0000 +0.0000 +0.0000 +0.0000 +0.0000 +0.0000 +0.0000 +0.0000 +0.0000 +0.0000 +0.0000 +0.0000 +0.0000 +0.0000 +0.0000 +0.0000 +0.0000 +0.0000 +0.0000 +0.0000 +0.0000 +0.0000 +0.0000 +0.0000 +0.0000 +0.0000 +0.0000 +0.0000 +0.0000 +0.0000 +0.0000 +0.0000 +0.0000 +0.0000 +0.0000 +0.0000 +0.0000 ;
+0.0000 +0.0000 +0.0000 +0.0000 +0.0000 +0.0000 +0.0000 +0.0000 +0.0000 +0.0000 +0.0000 +0.0000 +0.0000 +0.0000 +0.0000 +0.0000 +0.0000 +0.0000 +0.0000 +0.0000 +0.0000 +0.0000 +0.0000 +0.0000 +0.0000 +0.0000 +0.0000 +0.0000 +0.0000 +0.0000 +0.0000 +0.0000 +0.0000 +0.0000 +0.0000 +0.0000 +0.0000 +0.0000 +0.0000 +0.0000 +0.0000 +0.0000 +0.0000 +0.0000 +0.0000 +0.0000 +0.0000 +0.0000 +0.0000 +0.0000 +0.0000 +0.0000 +0.0000 +0.0000 +0.0000 +0.0000 +0.0000 +0.0000 +0.0000 +0.0000 +0.0000 +0.0000 +0.0000 +0.0000 +0.0000 +0.0000 +0.0000 +0.0000 +0.0000 +0.0000 +0.0000 +0.0000 +0.0000 +0.0000 +0.0000 ;
+0.0000 +0.0000 +0.0000 +0.0000 +0.0000 +0.0000 +0.0000 +0.0000 +0.0000 +0.0000 +0.0000 +0.0000 +0.0000 +0.0000 +0.0000 +0.0000 +0.0000 +0.0000 +0.0000 +0.0000 +0.0000 +0.0000 +0.0000 +0.0000 +0.0000 +0.0000 +0.0000 +0.0000 +0.0000 +0.0000 +0.0000 +0.0000 +0.0000 +0.0000 +0.0000 +0.0000 +0.0000 +0.0000 +0.0000 +0.0000 +0.0000 +0.0000 +0.0000 +0.0000 +0.0000 +0.0000 +0.0000 +0.0000 +0.0000 +0.0000 +0.0000 +0.0000 +0.0000 +0.0000 +0.0000 +0.0000 +0.0000 +0.0000 +0.0000 +0.0000 +0.0000 +0.0000 +0.0000 +0.0000 +0.0000 +0.0000 +0.0000 +0.0000 +0.0000 +0.0000 +0.0000 +0.0000 +0.0000 +0.0000 +0.0000 ;
+0.0000 +0.0000 +0.0000 +0.0000 +0.0000 +0.0000 +0.0000 +0.0000 +0.0000 +0.0000 +0.0000 +0.0000 +0.0000 +0.0000 +0.0000 +0.0000 +0.0000 +0.0000 +0.0000 +0.0000 +0.0000 +0.0000 +0.0000 +0.0000 +0.0000 +0.0000 +0.0000 +0.0000 +0.0000 +0.0000 +0.0000 +0.0000 +0.0000 +0.0000 +0.0000 +0.0000 +0.0000 +0.0000 +0.0000 +0.0000 +0.0000 +0.0000 +0.0000 +0.0000 +0.0000 +0.0000 +0.0000 +0.0000 +0.0000 +0.0000 +0.0000 +0.0000 +0.0000 +0.0000 +0.0000 +0.0000 +0.0000 +0.0000 +0.0000 +0.0000 +0.0000 +0.0000 +0.0000 +0.0000 +0.0000 +0.0000 +0.0000 +0.0000 +0.0000 +0.0000 +0.0000 +0.0000 +0.0000 +0.0000 +0.0000 ;
+0.0000 +0.0000 +0.0000 +0.0000 +0.0000 +0.0000 +0.0000 +0.0000 +0.0000 +0.0000 +0.0000 +0.0000 +0.0000 +0.0000 +0.0000 +0.0000 +0.0000 +0.0000 +0.0000 +0.0000 +0.0000 +0.0000 +0.0000 +0.0000 +0.0000 +0.0000 +0.0000 +0.0000 +0.0000 +0.0000 +0.0000 +0.0000 +0.0000 +0.0000 +0.0000 +0.0000 +0.0000 +0.0000 +0.0000 +0.0000 +0.0000 +0.0000 +0.0000 +0.0000 +0.0000 +0.0000 +0.0000 +0.0000 +0.0000 +0.0000 +0.0000 +0.0000 +0.0000 +0.0000 +0.0000 +0.0000 +0.0000 +0.0000 +0.0000 +0.0000 +0.0000 +0.0000 +0.0000 +0.0000 +0.0000 +0.0000 +0.0000 +0.0000 +0.0000 +0.0000 +0.0000 +0.0000 +0.0000 +0.0000 +0.0000 ;
+0.0000 +0.0000 +0.0000 +0.0000 +0.0000 +0.0000 +0.0000 +0.0000 +0.0000 +0.0000 +0.0000 +0.0000 +0.0000 +0.0000 +0.0000 +0.0000 +0.0000 +0.0000 +0.0000 +0.0000 +0.0000 +0.0000 +0.0000 +0.0000 +0.0000 +0.0000 +0.0000 +0.0000 +0.0000 +0.0000 +0.0000 +0.0000 +0.0000 +0.0000 +0.0000 +0.0000 +0.0000 +0.0000 +0.0000 +0.0000 +0.0000 +0.0000 +0.0000 +0.0000 +0.0000 +0.0000 +0.0000 +0.0000 +0.0000 +0.0000 +0.0000 +0.0000 +0.0000 +0.0000 +0.0000 +0.0000 +0.0000 +0.0000 +0.0000 +0.0000 +0.0000 +0.0000 +0.0000 +0.0000 +0.0000 +0.0000 +0.0000 +0.0000 +0.0000 +0.0000 +0.0000 +0.0000 +0.0000 +0.0000 +0.0000 ;
+0.0000 +0.0000 +0.0000 +0.0000 +0.0000 +0.0000 +0.0000 +0.0000 +0.0000 +0.0000 +0.0000 +0.0000 +0.0000 +0.0000 +0.0000 +0.0000 +0.0000 +0.0000 +0.0000 +0.0000 +0.0000 +0.0000 +0.0000 +0.0000 +0.0000 +0.0000 +0.0000 +0.0000 +0.0000 +0.0000 +0.0000 +0.0000 +0.0000 +0.0000 +0.0000 +0.0000 +0.0000 +0.0000 +0.0000 +0.0000 +0.0000 +0.0000 +0.0000 +0.0000 +0.0000 +0.0000 +0.0000 +0.0000 +0.0000 +0.0000 +0.0000 +0.0000 +0.0000 +0.0000 +0.0000 +0.0000 +0.0000 +0.0000 +0.0000 +0.0000 +0.0000 +0.0000 +0.0000 +0.0000 +0.0000 +0.0000 +0.0000 +0.0000 +0.0000 +0.0000 +0.0000 +0.0000 +0.0000 +0.0000 +0.0000 ;
+0.0000 +0.0000 +0.0000 +0.0000 +0.0000 +0.0000 +0.0000 +0.0000 +0.0000 +0.0000 +0.0000 +0.0000 +0.0000 +0.0000 +0.0000 +0.0000 +0.0000 +0.0000 +0.0000 +0.0000 +0.0000 +0.0000 +0.0000 +0.0000 +0.0000 +0.0000 +0.0000 +0.0000 +0.0000 +0.0000 +0.0000 +0.0000 +0.0000 +0.0000 +0.0000 +0.0000 +0.0000 +0.0000 +0.0000 +0.0000 +0.0000 +0.0000 +0.0000 +0.0000 +0.0000 +0.0000 +0.0000 +0.0000 +0.0000 +0.0000 +0.0000 +0.0000 +0.0000 +0.0000 +0.0000 +0.0000 +0.0000 +0.0000 +0.0000 +0.0000 +0.0000 +0.0000 +0.0000 +0.0000 +0.0000 +0.0000 +0.0000 +0.0000 +0.0000 +0.0000 +0.0000 +0.0000 +0.0000 +0.0000 +0.0000 ;
+0.0000 +0.0000 +0.0000 +0.0000 +0.0000 +0.0000 +0.0000 +0.0000 +0.0000 +0.0000 +0.0000 +0.0000 +0.0000 +0.0000 +0.0000 +0.0000 +0.0000 +0.0000 +0.0000 +0.0000 +0.0000 +0.0000 +0.0000 +0.0000 +0.0000 +0.0000 +0.0000 +0.0000 +0.0000 +0.0000 +0.0000 +0.0000 +0.0000 +0.0000 +0.0000 +0.0000 +0.0000 +0.0000 +0.0000 +0.0000 +0.0000 +0.0000 +0.0000 +0.0000 +0.0000 +0.0000 +0.0000 +0.0000 +0.0000 +0.0000 +0.0000 +0.0000 +0.0000 +0.0000 +0.0000 +0.0000 +0.0000 +0.0000 +0.0000 +0.0000 +0.0000 +0.0000 +0.0000 +0.0000 +0.0000 +0.0000 +0.0000 +0.0000 +0.0000 +0.0000 +0.0000 +0.0000 +0.0000 +0.0000 +0.0000 ;
+0.0000 +0.0000 +0.0000 +0.0000 +0.0000 +0.0000 +0.0000 +0.0000 +0.0000 +0.0000 +0.0000 +0.0000 +0.0000 +0.0000 +0.0000 +0.0000 +0.0000 +0.0000 +0.0000 +0.0000 +0.0000 +0.0000 +0.0000 +0.0000 +0.0000 +0.0000 +0.0000 +0.0000 +0.0000 +0.0000 +0.0000 +0.0000 +0.0000 +0.0000 +0.0000 +0.0000 +0.0000 +0.0000 +0.0000 +0.0000 +0.0000 +0.0000 +0.0000 +0.0000 +0.0000 +0.0000 +0.0000 +0.0000 +0.0000 +0.0000 +0.0000 +0.0000 +0.0000 +0.0000 +0.0000 +0.0000 +0.0000 +0.0000 +0.0000 +0.0000 +0.0000 +0.0000 +0.0000 +0.0000 +0.0000 +0.0000 +0.0000 +0.0000 +0.0000 +0.0000 +0.0000 +0.0000 +0.0000 +0.0000 +0.0000 ;
+0.0000 +0.0000 +0.0000 +0.0000 +0.0000 +0.0000 +0.0000 +0.0000 +0.0000 +0.0000 +0.0000 +0.0000 +0.0000 +0.0000 +0.0000 +0.0000 +0.0000 +0.0000 +0.0000 +0.0000 +0.0000 +0.0000 +0.0000 +0.0000 +0.0000 +0.0000 +0.0000 +0.0000 +0.0000 +0.0000 +0.0000 +0.0000 +0.0000 +0.0000 +0.0000 +0.0000 +0.0000 +0.0000 +0.0000 +0.0000 +0.0000 +0.0000 +0.0000 +0.0000 +0.0000 +0.0000 +0.0000 +0.0000 +0.0000 +0.0000 +0.0000 +0.0000 +0.0000 +0.0000 +0.0000 +0.0000 +0.0000 +0.0000 +0.0000 +0.0000 +0.0000 +0.0000 +0.0000 +0.0000 +0.0000 +0.0000 +0.0000 +0.0000 +0.0000 +0.0000 +0.0000 +0.0000 +0.0000 +0.0000 +0.0000 ;
+0.0000 +0.0000 +0.0000 +0.0000 +0.0000 +0.0000 +0.0000 +0.0000 +0.0000 +0.0000 +0.0000 +0.0000 +0.0000 +0.0000 +0.0000 +0.0000 +0.0000 +0.0000 +0.0000 +0.0000 +0.0000 +0.0000 +0.0000 +0.0000 +0.0000 +0.0000 +0.0000 +0.0000 +0.0000 +0.0000 +0.0000 +0.0000 +0.0000 +0.0000 +0.0000 +0.0000 +0.0000 +0.0000 +0.0000 +0.0000 +0.0000 +0.0000 +0.0000 +0.0000 +0.0000 +0.0000 +0.0000 +0.0000 +0.0000 +0.0000 +0.0000 +0.0000 +0.0000 +0.0000 +0.0000 +0.0000 +0.0000 +0.0000 +0.0000 +0.0000 +0.0000 +0.0000 +0.0000 +0.0000 +0.0000 +0.0000 +0.0000 +0.0000 +0.0000 +0.0000 +0.0000 +0.0000 +0.0000 +0.0000 +0.0000 ;
+0.0000 +0.0000 +0.0000 +0.0000 +0.0000 +0.0000 +0.0000 +0.0000 +0.0000 +0.0000 +0.0000 +0.0000 +0.0000 +0.0000 +0.0000 +0.0000 +0.0000 +0.0000 +0.0000 +0.0000 +0.0000 +0.0000 +0.0000 +0.0000 +0.0000 +0.0000 +0.0000 +0.0000 +0.0000 +0.0000 +0.0000 +0.0000 +0.0000 +0.0000 +0.0000 +0.0000 +0.0000 +0.0000 +0.0000 +0.0000 +0.0000 +0.0000 +0.0000 +0.0000 +0.0000 +0.0000 +0.0000 +0.0000 +0.0000 +0.0000 +0.0000 +0.0000 +0.0000 +0.0000 +0.0000 +0.0000 +0.0000 +0.0000 +0.0000 +0.0000 +0.0000 +0.0000 +0.0000 +0.0000 +0.0000 +0.0000 +0.0000 +0.0000 +0.0000 +0.0000 +0.0000 +0.0000 +0.0000 +0.0000 +0.0000 ;
+0.0000 +0.0000 +0.0000 +0.0000 +0.0000 +0.0000 +0.0000 +0.0000 +0.0000 +0.0000 +0.0000 +0.0000 +0.0000 +0.0000 +0.0000 +0.0000 +0.0000 +0.0000 +0.0000 +0.0000 +0.0000 +0.0000 +0.0000 +0.0000 +0.0000 +0.0000 +0.0000 +0.0000 +0.0000 +0.0000 +0.0000 +0.0000 +0.0000 +0.0000 +0.0000 +0.0000 +0.0000 +0.0000 +0.0000 +0.0000 +0.0000 +0.0000 +0.0000 +0.0000 +0.0000 +0.0000 +0.0000 +0.0000 +0.0000 +0.0000 +0.0000 +0.0000 +0.0000 +0.0000 +0.0000 +0.0000 +0.0000 +0.0000 +0.0000 +0.0000 +0.0000 +0.0000 +0.0000 +0.0000 +0.0000 +0.0000 +0.0000 +0.0000 +0.0000 +0.0000 +0.0000 +0.0000 +0.0000 +0.0000 +0.0000 ;
+0.0000 +0.0000 +0.0000 +0.0000 +0.0000 +0.0000 +0.0000 +0.0000 +0.0000 +0.0000 +0.0000 +0.0000 +0.0000 +0.0000 +0.0000 +0.0000 +0.0000 +0.0000 +0.0000 +0.0000 +0.0000 +0.0000 +0.0000 +0.0000 +0.0000 +0.0000 +0.0000 +0.0000 +0.0000 +0.0000 +0.0000 +0.0000 +0.0000 +0.0000 +0.0000 +0.0000 +0.0000 +0.0000 +0.0000 +0.0000 +0.0000 +0.0000 +0.0000 +0.0000 +0.0000 +0.0000 +0.0000 +0.0000 +0.0000 +0.0000 +0.0000 +0.0000 +0.0000 +0.0000 +0.0000 +0.0000 +0.0000 +0.0000 +0.0000 +0.0000 +0.0000 +0.0000 +0.0000 +0.0000 +0.0000 +0.0000 +0.0000 +0.0000 +0.0000 +0.0000 +0.0000 +0.0000 +0.0000 +0.0000 +0.0000 ;
+0.0000 +0.0000 +0.0000 +0.0000 +0.0000 +0.0000 +0.0000 +0.0000 +0.0000 +0.0000 +0.0000 +0.0000 +0.0000 +0.0000 +0.0000 +0.0000 +0.0000 +0.0000 +0.0000 +0.0000 +0.0000 +0.0000 +0.0000 +0.0000 +0.0000 +0.0000 +0.0000 +0.0000 +0.0000 +0.0000 +0.0000 +0.0000 +0.0000 +0.0000 +0.0000 +0.0000 +0.0000 +0.0000 +0.0000 +0.0000 +0.0000 +0.0000 +0.0000 +0.0000 +0.0000 +0.0000 +0.0000 +0.0000 +0.0000 +0.0000 +0.0000 +0.0000 +0.0000 +0.0000 +0.0000 +0.0000 +0.0000 +0.0000 +0.0000 +0.0000 +0.0000 +0.0000 +0.0000 +0.0000 +0.0000 +0.0000 +0.0000 +0.0000 +0.0000 +0.0000 +0.0000 +0.0000 +0.0000 +0.0000 +0.0000 ;
+0.0000 +0.0000 +0.0000 +0.0000 +0.0000 +0.0000 +0.0000 +0.0000 +0.0000 +0.0000 +0.0000 +0.0000 +0.0000 +0.0000 +0.0000 +0.0000 +0.0000 +0.0000 +0.0000 +0.0000 +0.0000 +0.0000 +0.0000 +0.0000 +0.0000 +0.0000 +0.0000 +0.0000 +0.0000 +0.0000 +0.0000 +0.0000 +0.0000 +0.0000 +0.0000 +0.0000 +0.0000 +0.0000 +0.0000 +0.0000 +0.0000 +0.0000 +0.0000 +0.0000 +0.0000 +0.0000 +0.0000 +0.0000 +0.0000 +0.0000 +0.0000 +0.0000 +0.0000 +0.0000 +0.0000 +0.0000 +0.0000 +0.0000 +0.0000 +0.0000 +0.0000 +0.0000 +0.0000 +0.0000 +0.0000 +0.0000 +0.0000 +0.0000 +0.0000 +0.0000 +0.0000 +0.0000 +0.0000 +0.0000 +0.0000 ;
+0.0000 +0.0000 +0.0000 +0.0000 +0.0000 +0.0000 +0.0000 +0.0000 +0.0000 +0.0000 +0.0000 +0.0000 +0.0000 +0.0000 +0.0000 +0.0000 +0.0000 +0.0000 +0.0000 +0.0000 +0.0000 +0.0000 +0.0000 +0.0000 +0.0000 +0.0000 +0.0000 +0.0000 +0.0000 +0.0000 +0.0000 +0.0000 +0.0000 +0.0000 +0.0000 +0.0000 +0.0000 +0.0000 +0.0000 +0.0000 +0.0000 +0.0000 +0.0000 +0.0000 +0.0000 +0.0000 +0.0000 +0.0000 +0.0000 +0.0000 +0.0000 +0.0000 +0.0000 +0.0000 +0.0000 +0.0000 +0.0000 +0.0000 +0.0000 +0.0000 +0.0000 +0.0000 +0.0000 +0.0000 +0.0000 +0.0000 +0.0000 +0.0000 +0.0000 +0.0000 +0.0000 +0.0000 +0.0000 +0.0000 +0.0000 ;
+0.0000 +0.0000 +0.0000 +0.0000 +0.0000 +0.0000 +0.0000 +0.0000 +0.0000 +0.0000 +0.0000 +0.0000 +0.0000 +0.0000 +0.0000 +0.0000 +0.0000 +0.0000 +0.0000 +0.0000 +0.0000 +0.0000 +0.0000 +0.0000 +0.0000 +0.0000 +0.0000 +0.0000 +0.0000 +0.0000 +0.0000 +0.0000 +0.0000 +0.0000 +0.0000 +0.0000 +0.0000 +0.0000 +0.0000 +0.0000 +0.0000 +0.0000 +0.0000 +0.0000 +0.0000 +0.0000 +0.0000 +0.0000 +0.0000 +0.0000 +0.0000 +0.0000 +0.0000 +0.0000 +0.0000 +0.0000 +0.0000 +0.0000 +0.0000 +0.0000 +0.0000 +0.0000 +0.0000 +0.0000 +0.0000 +0.0000 +0.0000 +0.0000 +0.0000 +0.0000 +0.0000 +0.0000 +0.0000 +0.0000 +0.0000 ;
+0.0000 +0.0000 +0.0000 +0.0000 +0.0000 +0.0000 +0.0000 +0.0000 +0.0000 +0.0000 +0.0000 +0.0000 +0.0000 +0.0000 +0.0000 +0.0000 +0.0000 +0.0000 +0.0000 +0.0000 +0.0000 +0.0000 +0.0000 +0.0000 +0.0000 +0.0000 +0.0000 +0.0000 +0.0000 +0.0000 +0.0000 +0.0000 +0.0000 +0.0000 +0.0000 +0.0000 +0.0000 +0.0000 +0.0000 +0.0000 +0.0000 +0.0000 +0.0000 +0.0000 +0.0000 +0.0000 +0.0000 +0.0000 +0.0000 +0.0000 +0.0000 +0.0000 +0.0000 +0.0000 +0.0000 +0.0000 +0.0000 +0.0000 +0.0000 +0.0000 +0.0000 +0.0000 +0.0000 +0.0000 +0.0000 +0.0000 +0.0000 +0.0000 +0.0000 +0.0000 +0.0000 +0.0000 +0.0000 +0.0000 +0.0000 ;
+0.0000 +0.0603 +0.0000 -0.1033 -0.0869 -0.0282 +0.0000 -0.0226 +0.0000 +0.0000 +0.0000 +0.0000 +0.0000 -0.0000 -0.1106 +0.2185 +0.0509 +0.0821 +0.0546 +0.1046 +0.0118 +0.1706 +0.1719 +0.1798 +0.1102 +0.0000 +0.1011 +0.0373 +0.0817 +0.1588 +0.1007 +0.2094 +0.0000 +0.0000 +0.0000 +0.0000 -0.2085 +0.0000 +0.0000 -0.1724 +0.0000 +0.0098 +0.0000 +0.0000 +0.1746 +0.0505 +0.0740 +0.0826 +0.0746 +0.1839 +0.0155 +0.0146 +0.0000 +0.0000 -0.0690 -0.1361 -0.1525 -0.1196 -0.0587 -0.1798 -0.0779 -0.1764 +0.0000 +0.0000 +0.0000 -0.0026 +0.1720 +0.3082 +0.1969 +0.1809 +0.0649 +0.0000 +0.0000 +0.0000 -0.4431 ;
+0.0000 +0.0581 +0.1078 +0.0163 +0.1388 +0.0001 +0.0245 +0.0000 +0.0000 +0.0000 +0.0000 +0.0000 +0.0000 +0.0000 +0.0000 -0.1462 +0.0000 +0.0000 +0.0000 +0.0009 +0.0000 +0.0000 +0.0257 +0.0000 +0.0000 +0.0248 +0.0000 +0.0000 +0.0000 +0.0000 +0.0000 +0.1174 +0.1950 +0.1651 +0.1012 +0.1104 +0.0000 -0.0000 +0.3021 -0.2026 +0.5519 +0.0000 +0.0000 +0.0000 +0.0000 +0.0000 +0.0000 +0.0000 +0.0000 +0.0000 +0.0000 +0.0000 +0.0000 -0.0000 +0.0000 -0.0011 +0.0000 +0.0000 +0.0000 +0.0000 +0.0000 +0.0000 +0.0000 +0.0000 +0.0000 -0.0021 +0.0165 +0.1684 +0.1748 +0.0000 +0.0000 -0.0000 -0.0000 -0.0000 +0.2784 ;
-0.1706 +0.1180 +0.3020 +0.1244 +0.3737 +0.1805 +0.3207 +0.1490 +0.3351 +0.5030 +0.3061 +0.0000 +0.0000 +0.0000 -0.3134 -0.5710 -0.5834 -0.4110 -0.5246 -0.5584 -0.4327 -0.4258 -0.2888 -0.2729 -0.1757 -0.3396 -0.2120 -0.4226 -0.5846 -0.5207 -0.3858 -0.2103 +0.0606 +0.0019 +0.0000 +0.0000 -0.0000 +0.0000 +0.0000 -0.3509 -0.0000 +0.0000 +0.0000 +0.0000 +0.0000 +0.0000 +0.0000 +0.0000 +0.0000 +0.0000 +0.0000 +0.0000 -0.0831 -0.5699 -0.3413 -0.5544 -0.0283 -0.3648 +0.0000 -0.4249 -0.3168 -0.1902 -0.5394 +0.0000 -0.3232 -0.2093 +0.0000 +0.0000 +0.0000 +0.0000 +0.0000 -0.5815 +0.0000 +0.0000 +0.1843 ;
+0.0000 +0.0149 +0.0699 +0.1695 -0.0000 -0.1151 +0.1332 -0.0308 -0.0911 -0.1475 +0.0867 -0.1649 -0.0129 -0.0269 +0.0000 -0.0870 +0.0000 +0.1551 +0.1816 +0.0891 +0.1966 +0.0185 +0.1807 +0.1525 +0.2199 +0.0537 +0.1428 +0.0000 +0.0000 +0.0000 +0.0000 +0.1886 +0.1973 +0.1757 +0.0000 -0.0563 -0.6067 -0.1682 +0.0000 +0.0000 +0.0000 +0.0000 +0.0000 +0.0000 +0.0000 +0.0000 +0.0000 +0.0000 +0.0000 +0.0000 +0.0000 +0.0000 -0.1107 -0.0000 -0.0007 -0.0006 -0.0586 +0.0000 +0.0000 +0.0000 +0.0000 +0.0000 +0.0000 +0.0000 +0.0000 +0.0000 +0.2063 +0.0000 +0.0000 +0.0000 +0.0000 -0.0000 +0.0000 +0.0000 +0.4039 ;
-0.1405 +0.0000 -0.0055 +0.0013 -0.0064 +0.0000 +0.0000 +0.0000 +0.0000 +0.0000 +0.0000 +0.0000 +0.0000 +0.0000 +0.0000 +0.0000 +0.3959 +0.3807 +0.3326 +0.2832 +0.4361 +0.1243 +0.3793 +0.1304 +0.2822 +0.0000 +0.0000 +0.0000 +0.0000 +0.0000 +0.0000 -0.0056 +0.0000 +0.0000 +0.0000 -0.0972 +0.2015 +0.1980 +0.0946 +0.0000 -0.0010 +0.0000 +0.0915 +0.1680 +0.0997 +0.1972 +0.0000 +0.0000 +0.0000 +0.0000 +0.0000 +0.0000 -0.0590 -0.2002 -0.1443 -0.1355 -0.0928 -0.2074 +0.0000 +0.0000 +0.0000 +0.0000 +0.0000 +0.0000 +0.0000 +0.0000 +0.0791 +0.0000 +0.0000 +0.0000 +0.0000 -0.1633 -0.2399 +0.0000 -0.5066 ;
-0.1051 +0.2070 +0.1238 -0.0000 -0.0609 +0.1211 +0.1079 +0.0754 +0.1878 +0.0210 +0.1246 +0.0774 +0.1552 +0.0580 +0.0000 +0.1450 +0.1220 +0.0427 +0.1059 +0.1370 +0.2004 +0.0615 -0.0204 +0.0920 +0.1517 +0.1721 +0.0320 +0.0000 -0.0000 -0.0149 +0.0000 +0.0634 +0.2671 -0.1885 +0.0000 -0.0008 +0.5810 +0.0029 +0.1723 +0.0048 +0.0000 +0.0000 +0.0000 +0.0000 +0.0000 +0.0000 +0.0000 +0.0000 +0.0000 +0.0000 +0.0000 +0.0000 +0.0000 +0.0000 +0.0000 +0.0000 +0.0000 +0.0000 +0.0000 +0.0000 +0.0000 +0.0000 +0.0000 +0.0000 -0.0005 +0.0000 +0.1731 +0.6960 +0.6716 +0.6897 +0.0000 -0.0000 -0.0000 +0.0000 +0.2627 ;
+0.0000 -0.0601 +0.0052 +0.0000 +0.0035 -0.0001 +0.0000 -0.0000 +0.0000 -0.0000 +0.0000 +0.0000 +0.0000 -0.0000 +0.0000 -0.0000 +0.0418 +0.0030 +0.0000 +0.0000 -0.0000 -0.0000 -0.0000 +0.0000 +0.0533 +0.0000 +0.0000 +0.0000 +0.0000 +0.0000 -0.0000 +0.1536 +0.2351 +0.0000 +0.0000 -0.1001 +0.5218 -0.0000 +0.5802 +0.2206 +0.0000 +0.0000 +0.0000 +0.0000 +0.0000 +0.0000 +0.0000 +0.0000 +0.0000 +0.0000 +0.0000 +0.0000 +0.0000 -0.0000 -0.0009 +0.0000 -0.1044 -0.0006 +0.0000 -0.0000 -0.0280 -0.0006 -0.0000 -0.0794 +0.0000 +0.0000 +0.0000 +0.0000 +0.0000 +0.0000 +0.0000 -0.0119 +0.0000 +0.0000 -0.1216 ;
+0.0000 +0.0000 +0.1913 +0.2549 +0.2001 +0.2560 -0.3572 -0.2965 -0.2877 -0.1709 -0.2685 -0.1856 -0.3772 -0.2363 +0.0000 +0.5896 -0.2480 -0.4059 +0.5028 +0.0000 -0.2984 -0.1801 -0.2725 +0.1151 -0.3826 -0.3138 -0.3070 -0.2199 +0.1512 -0.3130 -0.2160 +0.0000 +0.0000 +0.0000 +0.0000 +0.0000 +0.0000 +0.0000 +0.0000 +0.0000 +0.0000 +0.0000 +0.0000 +0.0000 +0.0000 +0.0000 +0.0000 +0.0000 +0.0000 +0.0000 +0.0000 +0.0000 -0.0014 -0.4137 -0.2844 -0.3552 -0.0606 -0.2996 +0.0000 -0.2855 +0.0000 +0.0000 +0.0000 -0.1923 +0.0000 +0.0000 +0.0408 +0.0000 +0.0000 +0.0000 +0.0000 +0.0000 +0.0000 +0.0000 -0.3569 ;
-0.1406 -0.0909 +0.0574 +0.2953 +0.0075 -0.3287 +0.0817 +0.4326 -0.3361 -0.2998 -0.2017 -0.3409 -0.1943 -0.2645 -0.3438 +0.0000 -0.2023 +0.4063 +0.3340 +0.2239 -0.1943 -0.3961 -0.3703 -0.2091 -0.1760 -0.3109 -0.2295 -0.3718 +0.0000 +0.1602 -0.3847 +0.0280 +0.0000 +0.0000 +0.0000 +0.0675 +0.0000 +0.2180 +0.0000 -0.1382 +0.0000 -0.0000 +0.0000 +0.0000 +0.0000 +0.0000 +0.0000 +0.0000 +0.0000 +0.0000 +0.0000 +0.0000 -0.2022 +0.0000 -0.2991 -0.4707 -0.0364 -0.3119 -0.4469 -0.4986 -0.2412 +0.0000 +0.0000 +0.0000 +0.0000 +0.0000 +0.1450 +0.1012 +0.0000 +0.0000 +0.0000 +0.0000 +0.0000 +0.0000 -0.3569 ;
-0.2005 +0.0000 +0.2440 -0.3350 +0.3263 +0.2814 +0.0000 -0.2679 -0.3141 -0.4169 -0.3038 -0.2074 +0.2004 -0.2953 -0.4264 -0.3841 +0.2745 -0.3962 -0.4041 -0.2644 -0.3523 +0.2874 -0.3382 +0.2064 -0.3381 +0.0000 +0.0000 -0.4317 +0.4786 -0.4004 -0.3830 -0.0494 +0.0000 +0.0000 +0.0000 +0.0946 +0.0000 +0.1361 -0.0000 -0.2821 +0.0000 +0.0000 +0.0000 +0.0000 +0.0000 +0.0000 +0.0000 +0.0000 +0.0000 +0.0000 +0.0000 +0.0000 -0.1791 +0.0000 -0.2978 -0.4172 -0.1342 -0.3575 -0.4250 -0.4516 +0.0000 +0.0000 +0.0000 +0.0000 +0.0000 -0.2477 +0.1670 +0.0000 +0.0000 +0.0000 +0.0000 +0.0000 +0.0000 +0.0000 -0.3569 ;
-0.0125 -0.1062 +0.1887 -0.2511 +0.2763 +0.5818 -0.3923 +0.2680 +0.1888 -0.2024 -0.2263 -0.3920 -0.3064 -0.1952 -0.2125 -0.4018 -0.2432 -0.3859 -0.3859 -0.1900 +0.2811 +0.2626 -0.1816 -0.3326 +0.5469 +0.2579 -0.1582 -0.4142 +0.0000 -0.3800 -0.2234 +0.0000 +0.0000 +0.0000 +0.0000 +0.0000 +0.0000 +0.0936 +0.0000 -0.1729 -0.0000 -0.0000 +0.0000 +0.0000 +0.0000 +0.0000 +0.0000 +0.0000 +0.0000 +0.0000 +0.0000 +0.0000 -0.1258 -0.4857 -0.3711 -0.4969 -0.0359 -0.1835 -0.3976 -0.3770 +0.0000 +0.0000 +0.0000 +0.0000 +0.0000 +0.0000 +0.0376 +0.2380 +0.0000 +0.0000 +0.0000 +0.0000 +0.0000 +0.0000 -0.3569 ;
-0.0316 -0.0916 -0.3232 -0.3011 +0.1814 +0.0852 +0.1819 +0.0903 +0.2342 -0.3969 -0.3050 -0.3256 -0.2254 -0.2587 +0.0000 -0.4267 -0.4028 +0.0000 -0.2703 -0.1966 -0.4189 +0.2871 +0.3704 -0.4095 -0.3763 -0.4079 -0.2260 +0.2482 -0.2013 -0.3126 +0.4397 +0.0000 -0.2161 +0.0000 +0.0000 +0.2217 +0.0000 +0.2173 -0.0000 -0.3016 +0.0000 -0.0000 +0.0000 +0.0000 +0.0000 +0.0000 +0.0000 +0.0000 +0.0000 +0.0000 +0.0000 +0.0000 +0.0000 -0.4752 -0.2956 -0.4026 -0.1085 -0.2510 -0.3441 +0.0000 -0.3771 -0.1586 -0.4734 +0.0000 +0.0000 +0.0000 +0.0000 +0.0310 +0.0866 +0.0000 +0.0000 -0.1530 +0.0000 +0.0000 -0.3569 ;
-0.0263 +0.0000 -0.3378 +0.0726 +0.2910 -0.2054 +0.0500 +0.1034 -0.3412 -0.2379 -0.2638 -0.2688 -0.2908 -0.2562 +0.0000 -0.4349 +0.1552 +0.0000 +0.0000 +0.0803 -0.2103 +0.1101 +0.0000 -0.2079 -0.3854 +0.2292 -0.2713 -0.2836 -0.3091 -0.1977 -0.3629 +0.0000 -0.0849 +0.0000 +0.0000 -0.0173 +0.0000 +0.1396 +0.0000 +0.0000 +0.0000 +0.0000 +0.0000 +0.0000 +0.0000 +0.0000 +0.0000 +0.0000 +0.0000 +0.0000 +0.0000 +0.0000 +0.0000 -0.5479 -0.1998 +0.0000 -0.0375 -0.3361 -0.4666 -0.4012 -0.3874 +0.0000 -0.3474 +0.0000 +0.0000 +0.0000 +0.0000 +0.0000 +0.0987 +0.0000 +0.0000 +0.0000 +0.0000 +0.0000 -0.3569 ;
+0.0000 -0.1290 +0.0000 -0.2876 -0.3422 -0.2957 +0.2720 +0.2759 -0.3152 +0.2620 -0.3615 -0.2229 +0.2370 -0.2594 +0.0291 -0.3534 -0.1767 -0.3035 -0.3714 +0.2849 -0.1923 +0.1939 +0.2254 -0.3031 -0.2144 -0.1664 -0.1964 +0.1548 -0.3347 +0.0000 +0.0000 +0.0000 +0.0000 +0.0000 +0.0000 +0.1957 +0.0000 +0.2025 +0.0000 -0.3491 -0.0146 -0.0000 +0.0000 +0.0000 +0.0000 +0.0000 +0.0000 +0.0000 +0.0000 +0.0000 +0.0000 +0.0000 +0.0000 +0.0000 +0.0000 +0.0000 -0.2476 -0.3840 -0.3989 -0.4054 -0.3304 -0.1462 -0.2911 -0.3990 +0.0000 +0.0000 +0.0000 +0.0000 +0.0772 +0.2105 +0.0000 +0.0000 +0.0000 +0.0000 -0.3569 ;
-0.2393 +0.0000 +0.0000 -0.2385 -0.2999 -0.2021 -0.3651 -0.3421 +0.0526 -0.2473 +0.2835 -0.3839 -0.2323 +0.1996 +0.1325 -0.4296 -0.1955 -0.3237 +0.3581 -0.3456 +0.3111 -0.2859 -0.3154 -0.2010 +0.0000 -0.2758 -0.2233 +0.5762 -0.4200 +0.4453 -0.2413 +0.0000 +0.0000 +0.0048 +0.0000 +0.1228 +0.0000 +0.0704 -0.0000 -0.1441 +0.0000 +0.0000 +0.0000 +0.0000 +0.0000 +0.0000 +0.0000 +0.0000 +0.0000 +0.0000 +0.0000 +0.0000 +0.0000 -0.3455 +0.0000 -0.4913 +0.0000 +0.0000 +0.0000 -0.3338 -0.3102 -0.2732 -0.2810 -0.3604 -0.2411 +0.0000 +0.0000 +0.0000 +0.0000 +0.0896 +0.0000 +0.0000 +0.0000 +0.0000 -0.3569 ;
-0.1792 -0.1237 +0.5061 -0.2220 -0.3312 -0.2250 -0.4067 -0.2130 -0.2002 +0.3856 -0.3593 +0.0634 +0.1881 +0.1791 -0.3537 -0.3721 +0.0000 -0.2261 +0.5391 -0.2986 -0.2351 -0.2238 -0.2963 +0.1838 +0.0491 -0.2636 -0.3548 -0.3513 -0.3146 -0.3889 +0.2169 +0.0000 +0.0000 -0.0927 +0.0000 +0.1208 +0.0000 +0.0742 +0.0000 -0.2232 +0.0000 -0.0000 +0.0000 +0.0000 +0.0000 +0.0000 +0.0000 +0.0000 +0.0000 +0.0000 +0.0000 +0.0000 -0.1930 +0.0000 +0.0000 +0.0000 +0.0000 +0.0000 -0.4190 -0.5008 -0.4426 -0.2601 -0.3246 -0.3531 -0.2987 +0.0000 +0.0000 +0.0000 +0.0000 +0.0947 +0.2015 +0.0000 +0.0000 +0.0000 -0.3569 ;
-0.0745 -0.0917 +0.0000 -0.2621 -0.2841 -0.4053 -0.4020 -0.3449 -0.2126 +0.2664 +0.2211 -0.4080 +0.3243 +0.1911 +0.1557 +0.0000 -0.4126 -0.3917 +0.2253 +0.3647 -0.2512 -0.4016 +0.0000 -0.1985 +0.1803 -0.3724 -0.3268 -0.2914 +0.2268 -0.2614 +0.2858 +0.0000 +0.0000 +0.0000 -0.2278 +0.1502 +0.0000 -0.4388 +0.0256 -0.2608 -0.1445 -0.0000 +0.0000 +0.0000 +0.0000 +0.0000 +0.0000 +0.0000 +0.0000 +0.0000 +0.0000 +0.0000 +0.0000 +0.0000 -0.3081 +0.0000 +0.0000 +0.0000 -0.4254 -0.3719 -0.2544 -0.1797 -0.3764 -0.4387 -0.2383 -0.2315 +0.0000 +0.0000 +0.0000 +0.0361 +0.0999 +0.0000 +0.0000 -0.3059 -0.3569 ;
+0.0000 +0.0000 +0.1666 +0.1116 -0.2140 +0.1206 +0.2038 +0.0858 +0.1515 +0.1181 +0.1215 +0.0000 +0.0000 +0.0000 +0.0000 +0.2146 +0.0556 +0.1476 -0.0945 -0.2382 +0.0000 -0.0100 -0.0934 +0.0000 +0.0000 -0.0751 -0.0664 +0.0000 +0.0000 +0.0000 +0.0000 -0.1810 -0.0124 -0.1499 +0.0000 +0.0000 +0.0000 +0.0000 +0.0000 +0.0000 +0.0000 +0.0000 +0.0104 +0.0887 +0.0196 +0.0000 +0.0000 +0.0000 +0.0000 +0.0000 +0.0000 +0.0000 +0.0000 +0.0000 +0.0000 +0.0000 +0.0000 +0.0000 +0.0000 +0.0000 +0.0000 +0.0000 +0.0000 +0.0000 +0.0000 +0.0000 +0.0000 +0.1725 +0.2059 +0.1274 +0.0000 +0.0000 +0.0000 +0.0000 -0.3569 ;
-0.0639 +0.0684 +0.0000 +0.1119 +0.0275 +0.0547 +0.1863 +0.0645 +0.0545 +0.2539 +0.1919 +0.2963 -0.0233 +0.0000 +0.0000 +0.5055 +0.4227 +0.1200 -0.1162 -0.2374 -0.1496 -0.2439 -0.1991 +0.0000 -0.1104 -0.2373 +0.0000 +0.0000 +0.0000 +0.0000 +0.0000 -0.0938 -0.0923 -0.0306 +0.0000 +0.0000 -0.0000 +0.2157 -0.0280 -0.3601 -0.0000 +0.0000 +0.5921 +0.0000 +0.0000 +0.5704 +0.0000 +0.0000 +0.0000 +0.0000 +0.0000 +0.6045 +0.0000 +0.0000 +0.0000 +0.0000 +0.0000 +0.0000 +0.0000 +0.0000 +0.0000 +0.0000 +0.0000 +0.0000 +0.0000 +0.0000 +0.1416 +0.0926 +0.0514 +0.0412 +0.0000 -0.3788 +0.0000 +0.0000 -0.3569 ;
-0.0035 +0.1177 -0.0473 +0.0000 +0.0952 +0.1662 +0.2041 +0.0729 +0.0504 +0.1250 +0.2340 +0.0000 +0.1890 +0.0000 +0.0000 +0.2501 +0.0966 +0.2712 +0.2028 -0.1439 -0.2098 -0.0866 +0.0000 +0.0000 +0.0000 -0.2432 -0.1540 -0.1220 +0.0000 +0.0000 -0.1401 +0.0026 -0.1697 -0.1560 +0.0000 +0.0000 -0.0004 -0.1266 -0.1394 -0.1015 -0.0011 +0.0000 +0.4331 +0.4949 +0.4067 +0.5233 +0.0000 +0.0000 +0.0000 +0.0000 +0.0000 +0.0000 +0.0000 +0.0000 +0.0000 +0.0000 +0.0000 +0.0000 +0.0000 +0.0000 +0.0000 +0.0000 +0.0000 +0.0000 +0.0000 +0.0000 +0.1085 +0.2311 +0.0169 +0.0887 +0.0000 -0.1203 +0.0000 +0.0000 -0.3569 ;
-0.0439 +0.0276 +0.0000 +0.1174 +0.2396 +0.2580 +0.2880 +0.1889 -0.0915 +0.1581 +0.2181 +0.2581 +0.2606 +0.0000 -0.1380 -0.1594 +0.0982 +0.3230 +0.3419 -0.2883 +0.0000 -0.2120 -0.3269 -0.0872 -0.2185 -0.1650 +0.0000 +0.0000 +0.0000 +0.0000 +0.0000 -0.1122 -0.0880 -0.0010 +0.0000 +0.0205 +0.0882 +0.0000 -0.1190 -0.2778 -0.0000 -0.0244 +0.5990 +0.5475 +0.5878 +0.0000 +0.0000 +0.0000 +0.0000 +0.0000 +0.0000 +0.0000 +0.0000 +0.0000 +0.0000 +0.0000 +0.0000 +0.0000 +0.0000 +0.0000 +0.0000 +0.0000 +0.0000 +0.0000 +0.0000 +0.0000 +0.1298 +0.0705 +0.0640 +0.0145 +0.0000 +0.0000 +0.0000 -0.3568 -0.3569 ;
+0.0000 +0.0487 +0.0000 +0.2216 +0.2802 +0.2468 +0.0442 +0.2637 +0.2750 +0.0591 +0.2162 +0.2197 +0.0000 +0.0000 +0.0000 +0.0000 -0.0812 -0.1093 +0.1146 -0.0566 -0.1060 +0.0000 -0.1463 -0.0764 +0.0000 +0.0000 +0.0000 +0.0000 +0.0000 -0.1339 +0.0000 +0.0381 -0.2386 -0.0768 +0.0000 +0.0000 +0.0000 +0.0414 -0.0571 +0.1316 -0.1284 +0.0000 +0.0000 +0.2901 +0.2848 +0.1783 +0.0000 +0.0000 +0.0000 +0.0000 +0.0000 +0.0000 +0.0000 +0.0000 +0.0000 +0.0000 +0.0000 +0.0000 +0.0000 +0.0000 +0.0000 +0.0000 +0.0000 +0.0000 +0.0000 +0.0000 +0.1496 +0.2205 +0.0053 +0.0163 +0.0000 +0.0000 +0.0000 +0.0000 -0.3569 ;
-0.1840 +0.1638 +0.0777 +0.0506 +0.2004 +0.1105 +0.2603 +0.0737 -0.1043 +0.2513 +0.2394 +0.1723 +0.0000 +0.0000 +0.0000 +0.0000 -0.1739 -0.2181 +0.1849 -0.1039 +0.1575 +0.0887 +0.0000 +0.0000 -0.1173 -0.1826 +0.0000 +0.0000 +0.0000 +0.0000 +0.0000 -0.0597 -0.0062 -0.1088 +0.0000 +0.0000 -0.0785 +0.1066 -0.1525 -0.1899 -0.0013 +0.0000 +0.0000 +0.0000 +0.3833 +0.5308 +0.4863 +0.3728 +0.0000 +0.0000 +0.0000 +0.0000 +0.0000 +0.0000 +0.0000 +0.0000 +0.0000 +0.0000 +0.0000 +0.0000 +0.0000 +0.0000 +0.0000 +0.0000 +0.0000 +0.0000 +0.1300 +0.2387 +0.0773 +0.1177 +0.0000 -0.1121 +0.0000 +0.0000 -0.3569 ;
-0.0033 -0.1167 +0.0000 +0.1568 +0.1566 -0.1488 +0.2087 +0.1144 -0.0075 +0.1780 +0.1789 +0.1714 +0.0000 +0.0000 +0.0000 +0.0000 +0.0000 -0.2243 -0.1230 -0.1157 +0.2986 +0.1791 -0.0115 +0.0000 -0.1120 -0.1711 +0.0000 +0.0000 -0.2463 +0.0000 +0.0000 -0.0431 -0.1007 -0.0022 +0.0000 +0.0017 -0.0558 -0.2836 +0.0316 -0.1805 -0.0000 -0.0000 +0.0000 +0.0000 +0.0000 +0.5949 +0.5986 +0.6017 +0.0000 +0.0000 +0.0000 +0.0000 +0.0000 +0.0000 +0.0000 +0.0000 +0.0000 -0.3103 +0.0000 +0.0000 +0.0000 +0.0000 +0.0000 +0.0000 +0.0000 +0.0000 +0.0000 +0.1460 +0.0309 +0.1591 +0.1613 -0.1671 +0.0000 +0.0000 -0.3569 ;
-0.1097 +0.0213 +0.1430 +0.2301 +0.0000 +0.1198 +0.0669 +0.2766 +0.0845 -0.2073 +0.0643 +0.0309 +0.0893 +0.0000 +0.0000 +0.0000 +0.0000 +0.0000 +0.0000 -0.2362 -0.2101 +0.2092 +0.3891 +0.0224 -0.2886 -0.1041 -0.1668 +0.0000 +0.0000 +0.0000 -0.0795 -0.1270 -0.1206 -0.0011 +0.0000 +0.0000 -0.0000 +0.0000 -0.0000 -0.2962 +0.0000 +0.0000 +0.0000 +0.5789 +0.0000 +0.0000 +0.5837 +0.5747 +0.0000 +0.0000 +0.0000 +0.0000 +0.0000 +0.0000 +0.0000 +0.0000 +0.0000 +0.0000 +0.0000 +0.0000 +0.0000 +0.0000 +0.0000 +0.0000 +0.0000 +0.0000 +0.1435 +0.0458 +0.1574 +0.1772 +0.0000 +0.0000 -0.2313 +0.0000 -0.3569 ;
-0.0013 +0.1222 +0.0000 +0.0000 +0.1615 +0.2036 +0.1176 +0.0000 -0.1457 +0.1000 +0.2076 +0.0332 +0.0283 +0.0920 -0.1482 +0.0000 +0.0000 +0.0000 -0.2704 -0.1841 -0.0740 -0.2205 +0.0729 +0.0540 +0.0727 +0.1346 -0.2033 +0.0000 +0.0000 +0.0000 +0.0000 -0.1243 -0.0988 -0.0325 +0.0000 +0.0000 -0.0000 +0.1117 -0.0000 -0.1133 -0.0000 +0.0000 +0.0000 +0.0000 +0.0000 +0.0000 +0.5453 +0.5223 +0.5299 +0.4268 +0.0000 +0.0000 +0.0000 +0.0000 +0.0000 +0.0000 +0.0000 +0.0000 +0.0000 +0.0000 +0.0000 +0.0000 +0.0000 +0.0000 +0.0000 +0.0000 +0.2081 +0.2052 +0.1114 +0.0674 +0.0000 +0.0000 -0.1737 +0.0000 -0.3569 ;
-0.0663 +0.0170 +0.0000 +0.0000 +0.0000 +0.1296 +0.0290 +0.2077 +0.0704 +0.1674 +0.1428 +0.2172 +0.0807 +0.1490 +0.2059 -0.0666 +0.0000 -0.0921 +0.0000 -0.0396 +0.0000 -0.1758 -0.0566 -0.1632 +0.2097 +0.1841 +0.0000 -0.1118 -0.1760 +0.0000 +0.0000 +0.0000 -0.1258 -0.0685 -0.0689 +0.0000 +0.0000 +0.0727 -0.1712 +0.1778 -0.1047 +0.0000 +0.0000 +0.0000 +0.0000 +0.0000 +0.2850 +0.3332 +0.0000 +0.0000 +0.3520 +0.0000 +0.0000 +0.0000 +0.0000 +0.0000 +0.0000 +0.0000 +0.0000 +0.0000 +0.0000 +0.0000 +0.0000 +0.0000 +0.0000 +0.0000 +0.0356 +0.1367 +0.2439 +0.1300 +0.0000 +0.0000 +0.0000 +0.0000 -0.3569 ;
-0.0028 +0.1587 -0.1431 +0.0000 +0.0000 +0.0000 +0.1240 +0.2153 +0.2907 +0.1759 +0.0607 +0.1520 +0.1254 +0.2054 +0.0655 +0.0000 +0.0000 +0.0000 +0.0000 -0.2834 +0.0000 -0.1248 -0.2559 -0.1550 +0.0866 +0.1044 +0.1906 -0.1522 -0.2009 +0.0000 +0.0000 +0.0000 -0.1416 -0.0258 -0.1159 +0.0771 +0.0804 +0.0000 -0.0000 -0.2497 -0.0000 -0.0718 +0.0000 +0.0000 +0.0000 +0.0000 +0.0000 +0.5197 +0.0000 +0.4883 +0.5380 +0.0000 +0.0000 +0.0000 +0.0000 +0.0000 +0.0000 +0.0000 +0.0000 +0.0000 +0.0000 +0.0000 +0.0000 +0.0000 +0.0000 +0.0000 +0.0000 +0.0623 +0.0269 +0.1931 +0.0393 +0.0000 -0.2176 +0.0000 -0.3569 ;
-0.0216 +0.0217 +0.0000 +0.0000 +0.0000 +0.2070 +0.0460 +0.1928 +0.1978 +0.0735 +0.0981 +0.2281 +0.1562 +0.1051 +0.1508 -0.1776 +0.0000 +0.0000 +0.0000 +0.0000 +0.0000 -0.1923 -0.1687 -0.2833 -0.2725 -0.0361 +0.1180 +0.4712 +0.1662 +0.0000 +0.0000 +0.0000 -0.0850 -0.0093 -0.0862 +0.0000 -0.0002 -0.1741 -0.1196 +0.0211 -0.0006 +0.0000 +0.0000 +0.0000 +0.0000 +0.0000 +0.0000 +0.5178 +0.4697 +0.4702 +0.4898 +0.0000 +0.0000 +0.0000 +0.0000 +0.0000 +0.0000 +0.0000 +0.0000 +0.0000 +0.0000 +0.0000 +0.0000 +0.0000 +0.0000 +0.0000 +0.0023 +0.0000 +0.0105 +0.2046 +0.0389 +0.0000 -0.2004 +0.0000 -0.3569 ;
-0.0041 +0.1726 +0.0000 +0.0433 +0.0000 +0.0000 +0.2094 +0.2311 +0.1141 +0.1148 +0.2297 +0.2847 +0.1471 +0.2740 -0.1686 +0.0000 +0.0000 +0.0000 +0.0000 -0.1222 +0.0000 -0.2131 +0.0000 +0.0000 -0.0626 -0.1372 -0.1390 +0.2742 +0.0653 +0.2324 +0.0000 +0.0000 -0.2124 -0.0239 -0.0000 +0.0000 -0.0202 +0.0418 -0.1691 -0.1450 -0.0499 +0.0000 +0.0000 +0.0000 +0.0000 +0.0000 +0.0000 +0.0000 +0.0000 +0.4446 +0.3888 +0.3295 +0.0000 +0.0000 +0.0000 +0.0000 +0.0000 +0.0000 +0.0000 +0.0000 +0.0000 +0.0000 +0.0000 +0.0000 +0.0000 +0.0000 +0.0000 +0.1439 +0.2161 +0.0121 +0.1035 +0.0000 +0.0000 -0.2457 -0.3569 ;
-0.0137 -0.1419 +0.0000 +0.0000 +0.0000 +0.1223 +0.2408 +0.2664 +0.1004 +0.0325 +0.2479 +0.2805 +0.0510 +0.0313 -0.1821 +0.0000 +0.0000 +0.0000 +0.0000 -0.0597 +0.0000 +0.0000 -0.0544 -0.2088 -0.0575 -0.1197 -0.0666 +0.2709 +0.2637 -0.0635 +0.1208 -0.1676 -0.0677 -0.0907 -0.0895 -0.0306 +0.0080 -0.2441 +0.0228 +0.0104 -0.0246 -0.0029 +0.0000 +0.0000 +0.0000 +0.0000 +0.0000 +0.0000 +0.4353 +0.4319 +0.2803 +0.4460 +0.0000 +0.0000 +0.0000 +0.0000 +0.0000 +0.0000 +0.0000 +0.0000 +0.0000 +0.0000 +0.0000 -0.2515 +0.0000 +0.0000 +0.0000 +0.1960 +0.0572 +0.2413 +0.0914 +0.0000 +0.0000 -0.2288 -0.3569 ;
+0.0000 +0.0000 +0.0409 -0.0796 -0.0545 +0.2242 -0.0017 -0.0256 -0.1534 -0.0753 -0.0456 +0.2877 -0.0014 -0.2388 -0.1170 +0.1080 +0.0037 +0.1880 +0.2263 -0.0309 +0.0552 +0.2138 +0.0195 +0.1163 +0.1566 +0.0566 +0.1074 +0.0195 -0.0003 +0.0000 +0.0000 +0.2407 +0.1420 +0.0866 +0.0000 +0.0000 +0.0000 +0.0000 +0.0000 +0.0000 -0.0768 +0.0000 +0.1241 +0.1684 +0.0000 +0.0000 +0.0000 +0.0000 +0.0000 +0.0000 +0.0000 +0.0000 -0.0356 -0.2097 -0.1413 +0.0000 +0.0000 +0.0000 +0.0000 +0.0000 +0.0000 +0.0000 +0.0000 +0.0000 +0.0000 +0.0000 +0.0000 +0.0687 +0.2585 +0.0000 +0.0000 -0.0942 +0.0000 +0.0000 -0.5015 ;
-0.1489 +0.0804 -0.0000 -0.0000 -0.0000 +0.0001 -0.0000 -0.0000 -0.0000 -0.0000 +0.0000 -0.0000 -0.0000 -0.0000 -0.0000 +0.1819 +0.0349 +0.1051 +0.2345 +0.1806 +0.1445 +0.0635 +0.0222 +0.1548 +0.1874 +0.1245 +0.1735 +0.0622 +0.0616 +0.2087 +0.0000 -0.0462 +0.1688 +0.4262 +0.3100 +0.0000 -0.1327 -0.0000 +0.0731 +0.0000 -0.6895 +0.6372 +0.0000 +0.0000 +0.0000 +0.0000 +0.0000 +0.0000 +0.0000 +0.0000 +0.0000 +0.0000 +0.0000 -0.0000 -0.0018 -0.0014 +0.0000 +0.0000 +0.0000 +0.0000 +0.0000 +0.0000 +0.0000 +0.0000 +0.0000 +0.0000 +0.1224 +0.0000 +0.6316 +0.6734 +0.0000 +0.0000 -0.0347 -0.0903 -0.5015 ;
-0.0170 +0.0000 -0.0000 -0.0244 +0.0348 +0.0001 -0.0016 -0.0236 -0.0000 -0.0239 -0.0387 -0.0000 -0.0581 -0.0000 -0.0000 +0.1697 +0.1931 +0.1717 +0.0991 +0.1205 +0.1680 +0.0061 +0.1591 +0.0677 +0.0295 +0.2047 +0.2412 +0.1874 +0.0415 +0.0000 +0.0000 +0.1198 +0.1019 +0.2085 +0.3613 +0.1322 -0.3407 +0.0000 +0.0929 +0.0000 -0.0180 -0.1868 +0.0000 +0.0000 +0.0000 +0.0017 +0.0000 +0.0000 +0.0000 +0.0000 +0.0000 +0.0000 +0.0000 +0.0000 +0.0000 +0.0000 -0.0311 -0.0011 -0.0000 +0.0000 +0.0000 +0.0000 +0.0000 +0.0000 +0.0000 +0.0000 +0.0856 +0.6541 +0.0000 +0.5954 +0.0000 -0.0143 +0.0000 +0.0000 -0.5015 ;
-0.2350 +0.2797 +0.0000 -0.0000 -0.0000 +0.0001 -0.0000 -0.0000 -0.0000 -0.0182 -0.0000 -0.0396 -0.0000 -0.0000 -0.0000 +0.0000 +0.1848 +0.1051 +0.2193 +0.1583 +0.1718 +0.0213 +0.1574 +0.1012 +0.0000 +0.2242 +0.2390 +0.1976 +0.1764 +0.2149 +0.1625 +0.2641 +0.0623 +0.1319 +0.2586 +0.0000 -0.1837 -0.0000 +0.1093 +0.0000 -0.6803 +0.6098 +0.0000 +0.0000 +0.0000 +0.0000 +0.0000 +0.0000 +0.0000 +0.0000 +0.0000 +0.0000 +0.0000 +0.0000 +0.0000 +0.0000 +0.0000 +0.0000 -0.0000 -0.0000 -0.0000 +0.0000 +0.0000 +0.0000 +0.0000 +0.0000 +0.0000 +0.6695 +0.6548 +0.0000 +0.0000 -0.0160 -0.0768 +0.0000 -0.5015 ;
-0.1357 +0.2882 -0.3060 -0.1424 -0.1166 +0.1673 +0.1632 +0.0010 -0.0360 +0.0324 +0.0063 +0.1699 +0.0453 -0.1249 +0.1372 +0.0000 +0.0169 +0.0876 +0.1683 -0.1100 +0.2474 +0.0422 -0.4141 +0.2217 +0.2312 -0.2101 +0.1135 +0.0580 +0.0139 +0.2130 +0.2457 +0.0000 -0.1125 -0.1498 -0.0366 -0.0838 +0.1401 +0.1407 -0.0000 -0.0697 -0.0000 -0.0308 +0.0000 +0.0000 +0.0000 +0.0000 +0.0000 +0.0000 +0.0000 +0.1732 +0.2386 +0.0000 +0.0000 +0.0000 +0.0000 +0.0000 +0.0000 +0.0000 +0.0000 +0.0000 +0.0000 -0.0879 -0.2260 -0.1234 -0.2941 +0.0000 +0.0000 +0.0000 +0.0000 +0.0000 +0.0000 +0.0000 -0.0284 -0.2422 -0.5015 ;
+0.0000 +0.0000 +0.4154 +0.0000 -0.0849 +0.1955 +0.1020 +0.4758 +0.5063 +0.4833 +0.3129 +0.0000 +0.0000 +0.0000 -0.3068 +0.1062 -0.2872 +0.0695 +0.1925 -0.1315 +0.2394 +0.0715 -0.0024 -0.1302 -0.2831 +0.0000 +0.0000 +0.0000 +0.0000 +0.0000 +0.0000 -0.0592 +0.0133 -0.0850 +0.0000 +0.0000 +0.0000 +0.1922 +0.0201 +0.0000 +0.0000 +0.0000 +0.3799 +0.2915 +0.3372 +0.0000 +0.0000 +0.0000 +0.0000 +0.0000 +0.0000 +0.0000 +0.0000 -0.2191 +0.0000 +0.0000 +0.0000 +0.0000 -0.3046 +0.0000 +0.0000 +0.0000 +0.0000 -0.2583 +0.0000 +0.0000 +0.0000 +0.0000 +0.0000 +0.0000 +0.0000 +0.0000 +0.0000 +0.0000 -0.5015 ;
+0.0000 +0.0000 +0.0000 +0.2708 +0.1561 +0.0432 +0.0855 +0.0204 +0.0118 +0.2321 +0.0000 +0.0000 +0.0000 +0.0000 +0.2180 -0.1132 +0.2191 -0.0648 -0.1424 +0.0994 -0.2297 -0.0012 -0.0656 +0.1755 +0.0000 +0.0000 +0.0000 +0.0000 +0.0000 +0.0000 -0.1214 +0.0707 -0.0270 -0.0448 -0.0503 +0.1226 +0.1396 -0.2769 +0.1626 -0.0906 +0.0000 +0.0000 +0.0000 +0.3446 +0.1674 +0.3218 +0.0000 +0.0000 +0.0000 +0.0000 +0.0000 +0.0000 +0.0000 +0.0000 +0.0000 +0.0000 -0.1471 -0.0943 -0.2271 +0.0000 +0.0000 +0.0000 +0.0000 +0.0000 +0.0000 +0.0000 +0.0000 +0.0055 +0.0000 +0.0000 +0.0000 +0.0000 +0.0000 +0.0000 -0.5015 ;
-0.2105 +0.1601 +0.3937 +0.0000 +0.0000 +0.0000 +0.4256 +0.0107 +0.1225 +0.1203 +0.0484 +0.1508 +0.4985 +0.0000 +0.0000 -0.1619 +0.0000 +0.0000 +0.2711 +0.2811 +0.0082 -0.1363 +0.0152 -0.1592 -0.2258 -0.0557 -0.2650 +0.1006 +0.0000 -0.2122 +0.0000 +0.0000 -0.0162 -0.0802 -0.0887 +0.1702 -0.0000 -0.3191 +0.1617 +0.0763 -0.0000 +0.0000 +0.0000 +0.0000 +0.0000 +0.0000 +0.0000 +0.3146 +0.4607 +0.3826 +0.0000 +0.0000 +0.0000 +0.0000 +0.0000 +0.0000 +0.0000 -0.0498 +0.0000 +0.0000 +0.0000 -0.0217 -0.2455 -0.1696 +0.0000 +0.0000 +0.0000 +0.0000 +0.0000 +0.0000 +0.0000 +0.0000 -0.2067 +0.0000 -0.5015 ;
+0.0000 +0.0000 +0.0000 +0.0000 +0.0000 +0.0000 +0.0000 +0.0000 +0.0000 +0.0000 +0.0000 +0.0000 +0.0000 +0.0000 +0.0000 +0.0000 +0.0000 +0.0000 +0.0000 +0.0000 +0.0000 +0.0000 +0.0000 +0.0000 +0.0000 +0.0000 +0.0000 +0.0000 +0.0000 +0.0000 +0.0000 +0.0000 +0.0000 +0.0000 +0.0000 +0.0000 +0.0000 +0.0000 +0.0000 +0.0000 +0.0000 +0.0000 +0.0000 +0.0000 +0.0000 +0.0000 +0.0000 +0.0000 +0.0000 +0.0000 +0.0000 +0.0000 +0.0000 +0.0000 +0.0000 +0.0000 +0.0000 +0.0000 +0.0000 +0.0000 +0.0000 +0.0000 +0.0000 +0.0000 +0.0000 +0.0000 +0.0000 +0.0000 +0.0000 +0.0000 +0.0000 +0.0000 +0.0000 +0.0000 +0.0000 ;
