brain 22873 fitness=2.39695 numneurons+1=72 maxWeight=8 maxBias=8 redinput=2-14 greeninput=15-30 blueinput=31-34
+0.0000 +0.0000 +0.0000 +0.0000 +0.0000 +0.0000 +0.0000 +0.0000 +0.0000 +0.0000 +0.0000 +0.0000 +0.0000 +0.0000 +0.0000 +0.0000 +0.0000 +0.0000 +0.0000 +0.0000 +0.0000 +0.0000 +0.0000 +0.0000 +0.0000 +0.0000 +0.0000 +0.0000 +0.0000 +0.0000 +0.0000 +0.0000 +0.0000 +0.0000 +0.0000 +0.0000 +0.0000 +0.0000 +0.0000 +0.0000 +0.0000 +0.0000 +0.0000 +0.0000 +0.0000 +0.0000 +0.0000 +0.0000 +0.0000 +0.0000 +0.0000 +0.0000 +0.0000 +0.0000 +0.0000 +0.0000 +0.0000 +0.0000 +0.0000 +0.0000 +0.0000 +0.0000 +0.0000 +0.0000 +0.0000 +0.0000 +0.0000 +0.0000 +0.0000 +0.0000 +0.0000 +0.0000 ;
+0.0000 +0.0000 +0.0000 +0.0000 +0.0000 +0.0000 +0.0000 +0.0000 +0.0000 +0.0000 +0.0000 +0.0000 +0.0000 +0.0000 +0.0000 +0.0000 +0.0000 +0.0000 +0.0000 +0.0000 +0.0000 +0.0000 +0.0000 +0.0000 +0.0000 +0.0000 +0.0000 +0.0000 +0.0000 +0.0000 +0.0000 +0.0000 +0.0000 +0.0000 +0.0000 +0.0000 +0.0000 +0.0000 +0.0000 +0.0000 +0.0000 +0.0000 +0.0000 +0.0000 +0.0000 +0.0000 +0.0000 +0.0000 +0.0000 +0.0000 +0.0000 +0.0000 +0.0000 +0.0000 +0.0000 +0.0000 +0.0000 +0.0000 +0.0000 +0.0000 +0.0000 +0.0000 +0.0000 +0.0000 +0.0000 +0.0000 +0.0000 +0.0000 +0.0000 +0.0000 +0.0000 +0.0000 ;
+0.0000 +0.0000 +0.0000 +0.0000 +0.0000 +0.0000 +0.0000 +0.0000 +0.0000 +0.0000 +0.0000 +0.0000 +0.0000 +0.0000 +0.0000 +0.0000 +0.0000 +0.0000 +0.0000 +0.0000 +0.0000 +0.0000 +0.0000 +0.0000 +0.0000 +0.0000 +0.0000 +0.0000 +0.0000 +0.0000 +0.0000 +0.0000 +0.0000 +0.0000 +0.0000 +0.0000 +0.0000 +0.0000 +0.0000 +0.0000 +0.0000 +0.0000 +0.0000 +0.0000 +0.0000 +0.0000 +0.0000 +0.0000 +0.0000 +0.0000 +0.0000 +0.0000 +0.0000 +0.0000 +0.0000 +0.0000 +0.0000 +0.0000 +0.0000 +0.0000 +0.0000 +0.0000 +0.0000 +0.0000 +0.0000 +0.0000 +0.0000 +0.0000 +0.0000 +0.0000 +0.0000 +0.0000 ;
+0.0000 +0.0000 +0.0000 +0.0000 +0.0000 +0.0000 +0.0000 +0.0000 +0.0000 +0.0000 +0.0000 +0.0000 +0.0000 +0.0000 +0.0000 +0.0000 +0.0000 +0.0000 +0.0000 +0.0000 +0.0000 +0.0000 +0.0000 +0.0000 +0.0000 +0.0000 +0.0000 +0.0000 +0.0000 +0.0000 +0.0000 +0.0000 +0.0000 +0.0000 +0.0000 +0.0000 +0.0000 +0.0000 +0.0000 +0.0000 +0.0000 +0.0000 +0.0000 +0.0000 +0.0000 +0.0000 +0.0000 +0.0000 +0.0000 +0.0000 +0.0000 +0.0000 +0.0000 +0.0000 +0.0000 +0.0000 +0.0000 +0.0000 +0.0000 +0.0000 +0.0000 +0.0000 +0.0000 +0.0000 +0.0000 +0.0000 +0.0000 +0.0000 +0.0000 +0.0000 +0.0000 +0.0000 ;
+0.0000 +0.0000 +0.0000 +0.0000 +0.0000 +0.0000 +0.0000 +0.0000 +0.0000 +0.0000 +0.0000 +0.0000 +0.0000 +0.0000 +0.0000 +0.0000 +0.0000 +0.0000 +0.0000 +0.0000 +0.0000 +0.0000 +0.0000 +0.0000 +0.0000 +0.0000 +0.0000 +0.0000 +0.0000 +0.0000 +0.0000 +0.0000 +0.0000 +0.0000 +0.0000 +0.0000 +0.0000 +0.0000 +0.0000 +0.0000 +0.0000 +0.0000 +0.0000 +0.0000 +0.0000 +0.0000 +0.0000 +0.0000 +0.0000 +0.0000 +0.0000 +0.0000 +0.0000 +0.0000 +0.0000 +0.0000 +0.0000 +0.0000 +0.0000 +0.0000 +0.0000 +0.0000 +0.0000 +0.0000 +0.0000 +0.0000 +0.0000 +0.0000 +0.0000 +0.0000 +0.0000 +0.0000 ;
+0.0000 +0.0000 +0.0000 +0.0000 +0.0000 +0.0000 +0.0000 +0.0000 +0.0000 +0.0000 +0.0000 +0.0000 +0.0000 +0.0000 +0.0000 +0.0000 +0.0000 +0.0000 +0.0000 +0.0000 +0.0000 +0.0000 +0.0000 +0.0000 +0.0000 +0.0000 +0.0000 +0.0000 +0.0000 +0.0000 +0.0000 +0.0000 +0.0000 +0.0000 +0.0000 +0.0000 +0.0000 +0.0000 +0.0000 +0.0000 +0.0000 +0.0000 +0.0000 +0.0000 +0.0000 +0.0000 +0.0000 +0.0000 +0.0000 +0.0000 +0.0000 +0.0000 +0.0000 +0.0000 +0.0000 +0.0000 +0.0000 +0.0000 +0.0000 +0.0000 +0.0000 +0.0000 +0.0000 +0.0000 +0.0000 +0.0000 +0.0000 +0.0000 +0.0000 +0.0000 +0.0000 +0.0000 ;
+0.0000 +0.0000 +0.0000 +0.0000 +0.0000 +0.0000 +0.0000 +0.0000 +0.0000 +0.0000 +0.0000 +0.0000 +0.0000 +0.0000 +0.0000 +0.0000 +0.0000 +0.0000 +0.0000 +0.0000 +0.0000 +0.0000 +0.0000 +0.0000 +0.0000 +0.0000 +0.0000 +0.0000 +0.0000 +0.0000 +0.0000 +0.0000 +0.0000 +0.0000 +0.0000 +0.0000 +0.0000 +0.0000 +0.0000 +0.0000 +0.0000 +0.0000 +0.0000 +0.0000 +0.0000 +0.0000 +0.0000 +0.0000 +0.0000 +0.0000 +0.0000 +0.0000 +0.0000 +0.0000 +0.0000 +0.0000 +0.0000 +0.0000 +0.0000 +0.0000 +0.0000 +0.0000 +0.0000 +0.0000 +0.0000 +0.0000 +0.0000 +0.0000 +0.0000 +0.0000 +0.0000 +0.0000 ;
+0.0000 +0.0000 +0.0000 +0.0000 +0.0000 +0.0000 +0.0000 +0.0000 +0.0000 +0.0000 +0.0000 +0.0000 +0.0000 +0.0000 +0.0000 +0.0000 +0.0000 +0.0000 +0.0000 +0.0000 +0.0000 +0.0000 +0.0000 +0.0000 +0.0000 +0.0000 +0.0000 +0.0000 +0.0000 +0.0000 +0.0000 +0.0000 +0.0000 +0.0000 +0.0000 +0.0000 +0.0000 +0.0000 +0.0000 +0.0000 +0.0000 +0.0000 +0.0000 +0.0000 +0.0000 +0.0000 +0.0000 +0.0000 +0.0000 +0.0000 +0.0000 +0.0000 +0.0000 +0.0000 +0.0000 +0.0000 +0.0000 +0.0000 +0.0000 +0.0000 +0.0000 +0.0000 +0.0000 +0.0000 +0.0000 +0.0000 +0.0000 +0.0000 +0.0000 +0.0000 +0.0000 +0.0000 ;
+0.0000 +0.0000 +0.0000 +0.0000 +0.0000 +0.0000 +0.0000 +0.0000 +0.0000 +0.0000 +0.0000 +0.0000 +0.0000 +0.0000 +0.0000 +0.0000 +0.0000 +0.0000 +0.0000 +0.0000 +0.0000 +0.0000 +0.0000 +0.0000 +0.0000 +0.0000 +0.0000 +0.0000 +0.0000 +0.0000 +0.0000 +0.0000 +0.0000 +0.0000 +0.0000 +0.0000 +0.0000 +0.0000 +0.0000 +0.0000 +0.0000 +0.0000 +0.0000 +0.0000 +0.0000 +0.0000 +0.0000 +0.0000 +0.0000 +0.0000 +0.0000 +0.0000 +0.0000 +0.0000 +0.0000 +0.0000 +0.0000 +0.0000 +0.0000 +0.0000 +0.0000 +0.0000 +0.0000 +0.0000 +0.0000 +0.0000 +0.0000 +0.0000 +0.0000 +0.0000 +0.0000 +0.0000 ;
+0.0000 +0.0000 +0.0000 +0.0000 +0.0000 +0.0000 +0.0000 +0.0000 +0.0000 +0.0000 +0.0000 +0.0000 +0.0000 +0.0000 +0.0000 +0.0000 +0.0000 +0.0000 +0.0000 +0.0000 +0.0000 +0.0000 +0.0000 +0.0000 +0.0000 +0.0000 +0.0000 +0.0000 +0.0000 +0.0000 +0.0000 +0.0000 +0.0000 +0.0000 +0.0000 +0.0000 +0.0000 +0.0000 +0.0000 +0.0000 +0.0000 +0.0000 +0.0000 +0.0000 +0.0000 +0.0000 +0.0000 +0.0000 +0.0000 +0.0000 +0.0000 +0.0000 +0.0000 +0.0000 +0.0000 +0.0000 +0.0000 +0.0000 +0.0000 +0.0000 +0.0000 +0.0000 +0.0000 +0.0000 +0.0000 +0.0000 +0.0000 +0.0000 +0.0000 +0.0000 +0.0000 +0.0000 ;
+0.0000 +0.0000 +0.0000 +0.0000 +0.0000 +0.0000 +0.0000 +0.0000 +0.0000 +0.0000 +0.0000 +0.0000 +0.0000 +0.0000 +0.0000 +0.0000 +0.0000 +0.0000 +0.0000 +0.0000 +0.0000 +0.0000 +0.0000 +0.0000 +0.0000 +0.0000 +0.0000 +0.0000 +0.0000 +0.0000 +0.0000 +0.0000 +0.0000 +0.0000 +0.0000 +0.0000 +0.0000 +0.0000 +0.0000 +0.0000 +0.0000 +0.0000 +0.0000 +0.0000 +0.0000 +0.0000 +0.0000 +0.0000 +0.0000 +0.0000 +0.0000 +0.0000 +0.0000 +0.0000 +0.0000 +0.0000 +0.0000 +0.0000 +0.0000 +0.0000 +0.0000 +0.0000 +0.0000 +0.0000 +0.0000 +0.0000 +0.0000 +0.0000 +0.0000 +0.0000 +0.0000 +0.0000 ;
+0.0000 +0.0000 +0.0000 +0.0000 +0.0000 +0.0000 +0.0000 +0.0000 +0.0000 +0.0000 +0.0000 +0.0000 +0.0000 +0.0000 +0.0000 +0.0000 +0.0000 +0.0000 +0.0000 +0.0000 +0.0000 +0.0000 +0.0000 +0.0000 +0.0000 +0.0000 +0.0000 +0.0000 +0.0000 +0.0000 +0.0000 +0.0000 +0.0000 +0.0000 +0.0000 +0.0000 +0.0000 +0.0000 +0.0000 +0.0000 +0.0000 +0.0000 +0.0000 +0.0000 +0.0000 +0.0000 +0.0000 +0.0000 +0.0000 +0.0000 +0.0000 +0.0000 +0.0000 +0.0000 +0.0000 +0.0000 +0.0000 +0.0000 +0.0000 +0.0000 +0.0000 +0.0000 +0.0000 +0.0000 +0.0000 +0.0000 +0.0000 +0.0000 +0.0000 +0.0000 +0.0000 +0.0000 ;
+0.0000 +0.0000 +0.0000 +0.0000 +0.0000 +0.0000 +0.0000 +0.0000 +0.0000 +0.0000 +0.0000 +0.0000 +0.0000 +0.0000 +0.0000 +0.0000 +0.0000 +0.0000 +0.0000 +0.0000 +0.0000 +0.0000 +0.0000 +0.0000 +0.0000 +0.0000 +0.0000 +0.0000 +0.0000 +0.0000 +0.0000 +0.0000 +0.0000 +0.0000 +0.0000 +0.0000 +0.0000 +0.0000 +0.0000 +0.0000 +0.0000 +0.0000 +0.0000 +0.0000 +0.0000 +0.0000 +0.0000 +0.0000 +0.0000 +0.0000 +0.0000 +0.0000 +0.0000 +0.0000 +0.0000 +0.0000 +0.0000 +0.0000 +0.0000 +0.0000 +0.0000 +0.0000 +0.0000 +0.0000 +0.0000 +0.0000 +0.0000 +0.0000 +0.0000 +0.0000 +0.0000 +0.0000 ;
+0.0000 +0.0000 +0.0000 +0.0000 +0.0000 +0.0000 +0.0000 +0.0000 +0.0000 +0.0000 +0.0000 +0.0000 +0.0000 +0.0000 +0.0000 +0.0000 +0.0000 +0.0000 +0.0000 +0.0000 +0.0000 +0.0000 +0.0000 +0.0000 +0.0000 +0.0000 +0.0000 +0.0000 +0.0000 +0.0000 +0.0000 +0.0000 +0.0000 +0.0000 +0.0000 +0.0000 +0.0000 +0.0000 +0.0000 +0.0000 +0.0000 +0.0000 +0.0000 +0.0000 +0.0000 +0.0000 +0.0000 +0.0000 +0.0000 +0.0000 +0.0000 +0.0000 +0.0000 +0.0000 +0.0000 +0.0000 +0.0000 +0.0000 +0.0000 +0.0000 +0.0000 +0.0000 +0.0000 +0.0000 +0.0000 +0.0000 +0.0000 +0.0000 +0.0000 +0.0000 +0.0000 +0.0000 ;
+0.0000 +0.0000 +0.0000 +0.0000 +0.0000 +0.0000 +0.0000 +0.0000 +0.0000 +0.0000 +0.0000 +0.0000 +0.0000 +0.0000 +0.0000 +0.0000 +0.0000 +0.0000 +0.0000 +0.0000 +0.0000 +0.0000 +0.0000 +0.0000 +0.0000 +0.0000 +0.0000 +0.0000 +0.0000 +0.0000 +0.0000 +0.0000 +0.0000 +0.0000 +0.0000 +0.0000 +0.0000 +0.0000 +0.0000 +0.0000 +0.0000 +0.0000 +0.0000 +0.0000 +0.0000 +0.0000 +0.0000 +0.0000 +0.0000 +0.0000 +0.0000 +0.0000 +0.0000 +0.0000 +0.0000 +0.0000 +0.0000 +0.0000 +0.0000 +0.0000 +0.0000 +0.0000 +0.0000 +0.0000 +0.0000 +0.0000 +0.0000 +0.0000 +0.0000 +0.0000 +0.0000 +0.0000 ;
+0.0000 +0.0000 +0.0000 +0.0000 +0.0000 +0.0000 +0.0000 +0.0000 +0.0000 +0.0000 +0.0000 +0.0000 +0.0000 +0.0000 +0.0000 +0.0000 +0.0000 +0.0000 +0.0000 +0.0000 +0.0000 +0.0000 +0.0000 +0.0000 +0.0000 +0.0000 +0.0000 +0.0000 +0.0000 +0.0000 +0.0000 +0.0000 +0.0000 +0.0000 +0.0000 +0.0000 +0.0000 +0.0000 +0.0000 +0.0000 +0.0000 +0.0000 +0.0000 +0.0000 +0.0000 +0.0000 +0.0000 +0.0000 +0.0000 +0.0000 +0.0000 +0.0000 +0.0000 +0.0000 +0.0000 +0.0000 +0.0000 +0.0000 +0.0000 +0.0000 +0.0000 +0.0000 +0.0000 +0.0000 +0.0000 +0.0000 +0.0000 +0.0000 +0.0000 +0.0000 +0.0000 +0.0000 ;
+0.0000 +0.0000 +0.0000 +0.0000 +0.0000 +0.0000 +0.0000 +0.0000 +0.0000 +0.0000 +0.0000 +0.0000 +0.0000 +0.0000 +0.0000 +0.0000 +0.0000 +0.0000 +0.0000 +0.0000 +0.0000 +0.0000 +0.0000 +0.0000 +0.0000 +0.0000 +0.0000 +0.0000 +0.0000 +0.0000 +0.0000 +0.0000 +0.0000 +0.0000 +0.0000 +0.0000 +0.0000 +0.0000 +0.0000 +0.0000 +0.0000 +0.0000 +0.0000 +0.0000 +0.0000 +0.0000 +0.0000 +0.0000 +0.0000 +0.0000 +0.0000 +0.0000 +0.0000 +0.0000 +0.0000 +0.0000 +0.0000 +0.0000 +0.0000 +0.0000 +0.0000 +0.0000 +0.0000 +0.0000 +0.0000 +0.0000 +0.0000 +0.0000 +0.0000 +0.0000 +0.0000 +0.0000 ;
+0.0000 +0.0000 +0.0000 +0.0000 +0.0000 +0.0000 +0.0000 +0.0000 +0.0000 +0.0000 +0.0000 +0.0000 +0.0000 +0.0000 +0.0000 +0.0000 +0.0000 +0.0000 +0.0000 +0.0000 +0.0000 +0.0000 +0.0000 +0.0000 +0.0000 +0.0000 +0.0000 +0.0000 +0.0000 +0.0000 +0.0000 +0.0000 +0.0000 +0.0000 +0.0000 +0.0000 +0.0000 +0.0000 +0.0000 +0.0000 +0.0000 +0.0000 +0.0000 +0.0000 +0.0000 +0.0000 +0.0000 +0.0000 +0.0000 +0.0000 +0.0000 +0.0000 +0.0000 +0.0000 +0.0000 +0.0000 +0.0000 +0.0000 +0.0000 +0.0000 +0.0000 +0.0000 +0.0000 +0.0000 +0.0000 +0.0000 +0.0000 +0.0000 +0.0000 +0.0000 +0.0000 +0.0000 ;
+0.0000 +0.0000 +0.0000 +0.0000 +0.0000 +0.0000 +0.0000 +0.0000 +0.0000 +0.0000 +0.0000 +0.0000 +0.0000 +0.0000 +0.0000 +0.0000 +0.0000 +0.0000 +0.0000 +0.0000 +0.0000 +0.0000 +0.0000 +0.0000 +0.0000 +0.0000 +0.0000 +0.0000 +0.0000 +0.0000 +0.0000 +0.0000 +0.0000 +0.0000 +0.0000 +0.0000 +0.0000 +0.0000 +0.0000 +0.0000 +0.0000 +0.0000 +0.0000 +0.0000 +0.0000 +0.0000 +0.0000 +0.0000 +0.0000 +0.0000 +0.0000 +0.0000 +0.0000 +0.0000 +0.0000 +0.0000 +0.0000 +0.0000 +0.0000 +0.0000 +0.0000 +0.0000 +0.0000 +0.0000 +0.0000 +0.0000 +0.0000 +0.0000 +0.0000 +0.0000 +0.0000 +0.0000 ;
+0.0000 +0.0000 +0.0000 +0.0000 +0.0000 +0.0000 +0.0000 +0.0000 +0.0000 +0.0000 +0.0000 +0.0000 +0.0000 +0.0000 +0.0000 +0.0000 +0.0000 +0.0000 +0.0000 +0.0000 +0.0000 +0.0000 +0.0000 +0.0000 +0.0000 +0.0000 +0.0000 +0.0000 +0.0000 +0.0000 +0.0000 +0.0000 +0.0000 +0.0000 +0.0000 +0.0000 +0.0000 +0.0000 +0.0000 +0.0000 +0.0000 +0.0000 +0.0000 +0.0000 +0.0000 +0.0000 +0.0000 +0.0000 +0.0000 +0.0000 +0.0000 +0.0000 +0.0000 +0.0000 +0.0000 +0.0000 +0.0000 +0.0000 +0.0000 +0.0000 +0.0000 +0.0000 +0.0000 +0.0000 +0.0000 +0.0000 +0.0000 +0.0000 +0.0000 +0.0000 +0.0000 +0.0000 ;
+0.0000 +0.0000 +0.0000 +0.0000 +0.0000 +0.0000 +0.0000 +0.0000 +0.0000 +0.0000 +0.0000 +0.0000 +0.0000 +0.0000 +0.0000 +0.0000 +0.0000 +0.0000 +0.0000 +0.0000 +0.0000 +0.0000 +0.0000 +0.0000 +0.0000 +0.0000 +0.0000 +0.0000 +0.0000 +0.0000 +0.0000 +0.0000 +0.0000 +0.0000 +0.0000 +0.0000 +0.0000 +0.0000 +0.0000 +0.0000 +0.0000 +0.0000 +0.0000 +0.0000 +0.0000 +0.0000 +0.0000 +0.0000 +0.0000 +0.0000 +0.0000 +0.0000 +0.0000 +0.0000 +0.0000 +0.0000 +0.0000 +0.0000 +0.0000 +0.0000 +0.0000 +0.0000 +0.0000 +0.0000 +0.0000 +0.0000 +0.0000 +0.0000 +0.0000 +0.0000 +0.0000 +0.0000 ;
+0.0000 +0.0000 +0.0000 +0.0000 +0.0000 +0.0000 +0.0000 +0.0000 +0.0000 +0.0000 +0.0000 +0.0000 +0.0000 +0.0000 +0.0000 +0.0000 +0.0000 +0.0000 +0.0000 +0.0000 +0.0000 +0.0000 +0.0000 +0.0000 +0.0000 +0.0000 +0.0000 +0.0000 +0.0000 +0.0000 +0.0000 +0.0000 +0.0000 +0.0000 +0.0000 +0.0000 +0.0000 +0.0000 +0.0000 +0.0000 +0.0000 +0.0000 +0.0000 +0.0000 +0.0000 +0.0000 +0.0000 +0.0000 +0.0000 +0.0000 +0.0000 +0.0000 +0.0000 +0.0000 +0.0000 +0.0000 +0.0000 +0.0000 +0.0000 +0.0000 +0.0000 +0.0000 +0.0000 +0.0000 +0.0000 +0.0000 +0.0000 +0.0000 +0.0000 +0.0000 +0.0000 +0.0000 ;
+0.0000 +0.0000 +0.0000 +0.0000 +0.0000 +0.0000 +0.0000 +0.0000 +0.0000 +0.0000 +0.0000 +0.0000 +0.0000 +0.0000 +0.0000 +0.0000 +0.0000 +0.0000 +0.0000 +0.0000 +0.0000 +0.0000 +0.0000 +0.0000 +0.0000 +0.0000 +0.0000 +0.0000 +0.0000 +0.0000 +0.0000 +0.0000 +0.0000 +0.0000 +0.0000 +0.0000 +0.0000 +0.0000 +0.0000 +0.0000 +0.0000 +0.0000 +0.0000 +0.0000 +0.0000 +0.0000 +0.0000 +0.0000 +0.0000 +0.0000 +0.0000 +0.0000 +0.0000 +0.0000 +0.0000 +0.0000 +0.0000 +0.0000 +0.0000 +0.0000 +0.0000 +0.0000 +0.0000 +0.0000 +0.0000 +0.0000 +0.0000 +0.0000 +0.0000 +0.0000 +0.0000 +0.0000 ;
+0.0000 +0.0000 +0.0000 +0.0000 +0.0000 +0.0000 +0.0000 +0.0000 +0.0000 +0.0000 +0.0000 +0.0000 +0.0000 +0.0000 +0.0000 +0.0000 +0.0000 +0.0000 +0.0000 +0.0000 +0.0000 +0.0000 +0.0000 +0.0000 +0.0000 +0.0000 +0.0000 +0.0000 +0.0000 +0.0000 +0.0000 +0.0000 +0.0000 +0.0000 +0.0000 +0.0000 +0.0000 +0.0000 +0.0000 +0.0000 +0.0000 +0.0000 +0.0000 +0.0000 +0.0000 +0.0000 +0.0000 +0.0000 +0.0000 +0.0000 +0.0000 +0.0000 +0.0000 +0.0000 +0.0000 +0.0000 +0.0000 +0.0000 +0.0000 +0.0000 +0.0000 +0.0000 +0.0000 +0.0000 +0.0000 +0.0000 +0.0000 +0.0000 +0.0000 +0.0000 +0.0000 +0.0000 ;
+0.0000 +0.0000 +0.0000 +0.0000 +0.0000 +0.0000 +0.0000 +0.0000 +0.0000 +0.0000 +0.0000 +0.0000 +0.0000 +0.0000 +0.0000 +0.0000 +0.0000 +0.0000 +0.0000 +0.0000 +0.0000 +0.0000 +0.0000 +0.0000 +0.0000 +0.0000 +0.0000 +0.0000 +0.0000 +0.0000 +0.0000 +0.0000 +0.0000 +0.0000 +0.0000 +0.0000 +0.0000 +0.0000 +0.0000 +0.0000 +0.0000 +0.0000 +0.0000 +0.0000 +0.0000 +0.0000 +0.0000 +0.0000 +0.0000 +0.0000 +0.0000 +0.0000 +0.0000 +0.0000 +0.0000 +0.0000 +0.0000 +0.0000 +0.0000 +0.0000 +0.0000 +0.0000 +0.0000 +0.0000 +0.0000 +0.0000 +0.0000 +0.0000 +0.0000 +0.0000 +0.0000 +0.0000 ;
+0.0000 +0.0000 +0.0000 +0.0000 +0.0000 +0.0000 +0.0000 +0.0000 +0.0000 +0.0000 +0.0000 +0.0000 +0.0000 +0.0000 +0.0000 +0.0000 +0.0000 +0.0000 +0.0000 +0.0000 +0.0000 +0.0000 +0.0000 +0.0000 +0.0000 +0.0000 +0.0000 +0.0000 +0.0000 +0.0000 +0.0000 +0.0000 +0.0000 +0.0000 +0.0000 +0.0000 +0.0000 +0.0000 +0.0000 +0.0000 +0.0000 +0.0000 +0.0000 +0.0000 +0.0000 +0.0000 +0.0000 +0.0000 +0.0000 +0.0000 +0.0000 +0.0000 +0.0000 +0.0000 +0.0000 +0.0000 +0.0000 +0.0000 +0.0000 +0.0000 +0.0000 +0.0000 +0.0000 +0.0000 +0.0000 +0.0000 +0.0000 +0.0000 +0.0000 +0.0000 +0.0000 +0.0000 ;
+0.0000 +0.0000 +0.0000 +0.0000 +0.0000 +0.0000 +0.0000 +0.0000 +0.0000 +0.0000 +0.0000 +0.0000 +0.0000 +0.0000 +0.0000 +0.0000 +0.0000 +0.0000 +0.0000 +0.0000 +0.0000 +0.0000 +0.0000 +0.0000 +0.0000 +0.0000 +0.0000 +0.0000 +0.0000 +0.0000 +0.0000 +0.0000 +0.0000 +0.0000 +0.0000 +0.0000 +0.0000 +0.0000 +0.0000 +0.0000 +0.0000 +0.0000 +0.0000 +0.0000 +0.0000 +0.0000 +0.0000 +0.0000 +0.0000 +0.0000 +0.0000 +0.0000 +0.0000 +0.0000 +0.0000 +0.0000 +0.0000 +0.0000 +0.0000 +0.0000 +0.0000 +0.0000 +0.0000 +0.0000 +0.0000 +0.0000 +0.0000 +0.0000 +0.0000 +0.0000 +0.0000 +0.0000 ;
+0.0000 +0.0000 +0.0000 +0.0000 +0.0000 +0.0000 +0.0000 +0.0000 +0.0000 +0.0000 +0.0000 +0.0000 +0.0000 +0.0000 +0.0000 +0.0000 +0.0000 +0.0000 +0.0000 +0.0000 +0.0000 +0.0000 +0.0000 +0.0000 +0.0000 +0.0000 +0.0000 +0.0000 +0.0000 +0.0000 +0.0000 +0.0000 +0.0000 +0.0000 +0.0000 +0.0000 +0.0000 +0.0000 +0.0000 +0.0000 +0.0000 +0.0000 +0.0000 +0.0000 +0.0000 +0.0000 +0.0000 +0.0000 +0.0000 +0.0000 +0.0000 +0.0000 +0.0000 +0.0000 +0.0000 +0.0000 +0.0000 +0.0000 +0.0000 +0.0000 +0.0000 +0.0000 +0.0000 +0.0000 +0.0000 +0.0000 +0.0000 +0.0000 +0.0000 +0.0000 +0.0000 +0.0000 ;
+0.0000 +0.0000 +0.0000 +0.0000 +0.0000 +0.0000 +0.0000 +0.0000 +0.0000 +0.0000 +0.0000 +0.0000 +0.0000 +0.0000 +0.0000 +0.0000 +0.0000 +0.0000 +0.0000 +0.0000 +0.0000 +0.0000 +0.0000 +0.0000 +0.0000 +0.0000 +0.0000 +0.0000 +0.0000 +0.0000 +0.0000 +0.0000 +0.0000 +0.0000 +0.0000 +0.0000 +0.0000 +0.0000 +0.0000 +0.0000 +0.0000 +0.0000 +0.0000 +0.0000 +0.0000 +0.0000 +0.0000 +0.0000 +0.0000 +0.0000 +0.0000 +0.0000 +0.0000 +0.0000 +0.0000 +0.0000 +0.0000 +0.0000 +0.0000 +0.0000 +0.0000 +0.0000 +0.0000 +0.0000 +0.0000 +0.0000 +0.0000 +0.0000 +0.0000 +0.0000 +0.0000 +0.0000 ;
+0.0000 +0.0000 +0.0000 +0.0000 +0.0000 +0.0000 +0.0000 +0.0000 +0.0000 +0.0000 +0.0000 +0.0000 +0.0000 +0.0000 +0.0000 +0.0000 +0.0000 +0.0000 +0.0000 +0.0000 +0.0000 +0.0000 +0.0000 +0.0000 +0.0000 +0.0000 +0.0000 +0.0000 +0.0000 +0.0000 +0.0000 +0.0000 +0.0000 +0.0000 +0.0000 +0.0000 +0.0000 +0.0000 +0.0000 +0.0000 +0.0000 +0.0000 +0.0000 +0.0000 +0.0000 +0.0000 +0.0000 +0.0000 +0.0000 +0.0000 +0.0000 +0.0000 +0.0000 +0.0000 +0.0000 +0.0000 +0.0000 +0.0000 +0.0000 +0.0000 +0.0000 +0.0000 +0.0000 +0.0000 +0.0000 +0.0000 +0.0000 +0.0000 +0.0000 +0.0000 +0.0000 +0.0000 ;
+0.0000 +0.0000 +0.0000 +0.0000 +0.0000 +0.0000 +0.0000 +0.0000 +0.0000 +0.0000 +0.0000 +0.0000 +0.0000 +0.0000 +0.0000 +0.0000 +0.0000 +0.0000 +0.0000 +0.0000 +0.0000 +0.0000 +0.0000 +0.0000 +0.0000 +0.0000 +0.0000 +0.0000 +0.0000 +0.0000 +0.0000 +0.0000 +0.0000 +0.0000 +0.0000 +0.0000 +0.0000 +0.0000 +0.0000 +0.0000 +0.0000 +0.0000 +0.0000 +0.0000 +0.0000 +0.0000 +0.0000 +0.0000 +0.0000 +0.0000 +0.0000 +0.0000 +0.0000 +0.0000 +0.0000 +0.0000 +0.0000 +0.0000 +0.0000 +0.0000 +0.0000 +0.0000 +0.0000 +0.0000 +0.0000 +0.0000 +0.0000 +0.0000 +0.0000 +0.0000 +0.0000 +0.0000 ;
+0.0000 +0.0000 +0.0000 +0.0000 +0.0000 +0.0000 +0.0000 +0.0000 +0.0000 +0.0000 +0.0000 +0.0000 +0.0000 +0.0000 +0.0000 +0.0000 +0.0000 +0.0000 +0.0000 +0.0000 +0.0000 +0.0000 +0.0000 +0.0000 +0.0000 +0.0000 +0.0000 +0.0000 +0.0000 +0.0000 +0.0000 +0.0000 +0.0000 +0.0000 +0.0000 +0.0000 +0.0000 +0.0000 +0.0000 +0.0000 +0.0000 +0.0000 +0.0000 +0.0000 +0.0000 +0.0000 +0.0000 +0.0000 +0.0000 +0.0000 +0.0000 +0.0000 +0.0000 +0.0000 +0.0000 +0.0000 +0.0000 +0.0000 +0.0000 +0.0000 +0.0000 +0.0000 +0.0000 +0.0000 +0.0000 +0.0000 +0.0000 +0.0000 +0.0000 +0.0000 +0.0000 +0.0000 ;
+0.0000 +0.0000 +0.0000 +0.0000 +0.0000 +0.0000 +0.0000 +0.0000 +0.0000 +0.0000 +0.0000 +0.0000 +0.0000 +0.0000 +0.0000 +0.0000 +0.0000 +0.0000 +0.0000 +0.0000 +0.0000 +0.0000 +0.0000 +0.0000 +0.0000 +0.0000 +0.0000 +0.0000 +0.0000 +0.0000 +0.0000 +0.0000 +0.0000 +0.0000 +0.0000 +0.0000 +0.0000 +0.0000 +0.0000 +0.0000 +0.0000 +0.0000 +0.0000 +0.0000 +0.0000 +0.0000 +0.0000 +0.0000 +0.0000 +0.0000 +0.0000 +0.0000 +0.0000 +0.0000 +0.0000 +0.0000 +0.0000 +0.0000 +0.0000 +0.0000 +0.0000 +0.0000 +0.0000 +0.0000 +0.0000 +0.0000 +0.0000 +0.0000 +0.0000 +0.0000 +0.0000 +0.0000 ;
+0.0000 +0.0000 +0.0000 +0.0000 +0.0000 +0.0000 +0.0000 +0.0000 +0.0000 +0.0000 +0.0000 +0.0000 +0.0000 +0.0000 +0.0000 +0.0000 +0.0000 +0.0000 +0.0000 +0.0000 +0.0000 +0.0000 +0.0000 +0.0000 +0.0000 +0.0000 +0.0000 +0.0000 +0.0000 +0.0000 +0.0000 +0.0000 +0.0000 +0.0000 +0.0000 +0.0000 +0.0000 +0.0000 +0.0000 +0.0000 +0.0000 +0.0000 +0.0000 +0.0000 +0.0000 +0.0000 +0.0000 +0.0000 +0.0000 +0.0000 +0.0000 +0.0000 +0.0000 +0.0000 +0.0000 +0.0000 +0.0000 +0.0000 +0.0000 +0.0000 +0.0000 +0.0000 +0.0000 +0.0000 +0.0000 +0.0000 +0.0000 +0.0000 +0.0000 +0.0000 +0.0000 +0.0000 ;
+0.0000 +0.0000 +0.0000 +0.0000 +0.0000 +0.0000 +0.0000 +0.0000 +0.0000 +0.0000 +0.0000 +0.0000 +0.0000 +0.0000 +0.0000 +0.0000 +0.0000 +0.0000 +0.0000 +0.0000 +0.0000 +0.0000 +0.0000 +0.0000 +0.0000 +0.0000 +0.0000 +0.0000 +0.0000 +0.0000 +0.0000 +0.0000 +0.0000 +0.0000 +0.0000 +0.0000 +0.0000 +0.0000 +0.0000 +0.0000 +0.0000 +0.0000 +0.0000 +0.0000 +0.0000 +0.0000 +0.0000 +0.0000 +0.0000 +0.0000 +0.0000 +0.0000 +0.0000 +0.0000 +0.0000 +0.0000 +0.0000 +0.0000 +0.0000 +0.0000 +0.0000 +0.0000 +0.0000 +0.0000 +0.0000 +0.0000 +0.0000 +0.0000 +0.0000 +0.0000 +0.0000 +0.0000 ;
+0.0000 +0.0883 +0.1401 +0.0000 +0.0000 +0.1650 +0.0000 +0.0000 +0.0000 +0.0000 +0.0000 +0.0000 +0.0000 +0.0000 -0.2044 -0.1050 +0.0368 +0.1952 +0.1744 +0.0081 +0.2571 +0.2083 +0.2505 +0.0000 +0.1841 +0.0606 +0.0362 +0.1120 +0.0047 +0.0000 +0.0000 +0.1060 +0.0000 +0.0000 +0.0000 +0.0000 -0.2507 +0.0000 +0.0000 +0.1522 +0.0000 -0.1787 +0.1370 +0.0617 +0.0877 +0.0000 +0.0000 +0.2430 +0.2429 +0.0317 +0.0278 +0.0140 -0.2342 +0.0000 -0.0327 -0.1281 +0.0000 +0.0000 -0.0209 +0.0000 -0.0617 -0.0577 -0.1194 +0.1772 +0.0631 +0.1453 +0.0000 +0.0000 +0.0000 +0.0000 +0.0000 -0.4431 ;
+0.0000 +0.0178 +0.1478 -0.0579 +0.0000 +0.0269 -0.0147 -0.0859 -0.1259 +0.0000 -0.1426 -0.1151 -0.2246 -0.1480 +0.0000 +0.0000 +0.0995 +0.1983 +0.0306 +0.2145 +0.0697 +0.0272 +0.0134 +0.1227 +0.0000 +0.1526 +0.1243 +0.1155 +0.0998 +0.0677 +0.0470 -0.0057 +0.1023 +0.0698 +0.1299 +0.2336 +0.0000 -0.0213 +0.1673 +0.0111 +0.2262 +0.0000 +0.0000 +0.0000 +0.0019 +0.0000 +0.1053 +0.0000 +0.0000 +0.0000 +0.0190 +0.1252 +0.0000 +0.0000 +0.0000 +0.0000 +0.0000 +0.0000 +0.0000 +0.0000 -0.0241 -0.0962 +0.0000 +0.0000 +0.0983 +0.0428 +0.0912 +0.0000 -0.0019 -0.1125 +0.0000 +0.2784 ;
-0.0108 +0.2206 -0.0709 -0.1802 -0.0579 -0.0570 +0.0554 +0.0927 +0.2425 +0.0931 +0.2506 +0.0000 +0.0870 +0.0688 +0.1637 -0.1045 -0.2119 -0.1517 +0.0986 +0.2178 -0.0210 +0.0443 +0.0128 +0.1813 -0.0680 +0.1188 -0.0229 +0.1429 -0.0797 -0.1281 +0.1607 +0.1335 -0.0420 +0.1023 -0.2397 +0.0000 -0.0010 +0.0000 -0.2437 -0.0517 -0.0176 +0.0000 +0.0000 +0.0000 +0.0000 +0.0000 +0.0000 +0.0000 +0.0000 +0.0000 +0.0000 +0.0000 +0.0000 -0.2217 -0.1801 -0.1701 -0.2347 -0.2172 -0.2119 -0.2440 -0.2089 +0.0000 -0.2129 +0.2088 +0.0000 +0.0003 +0.0000 +0.0000 -0.2612 -0.1499 -0.2576 +0.1843 ;
+0.0000 +0.0520 +0.0134 -0.0304 +0.0921 +0.0336 +0.0000 +0.1735 +0.0000 +0.0582 +0.0000 +0.0685 +0.2164 +0.0576 +0.0000 -0.0459 +0.1131 -0.0363 +0.0928 +0.1844 +0.1707 +0.2472 +0.0544 +0.2146 +0.2536 +0.1162 +0.0741 +0.0000 +0.0000 +0.0000 +0.0000 -0.0873 +0.1056 +0.1055 +0.0000 -0.0721 -0.1939 -0.1608 +0.0000 +0.0000 +0.0000 +0.0000 +0.0883 +0.2494 +0.1764 +0.1944 +0.2586 +0.2387 +0.1232 +0.0000 +0.0000 +0.0000 +0.0000 -0.1163 -0.2209 -0.1696 +0.0000 +0.0000 +0.0000 +0.0000 +0.0000 +0.0000 -0.1973 +0.0000 +0.0817 +0.0000 +0.0000 +0.0000 -0.1726 +0.0000 +0.0000 -0.5314 ;
-0.1782 +0.0000 +0.0875 -0.0573 -0.2367 +0.0000 +0.0000 +0.0000 +0.0000 +0.0000 +0.0000 +0.0000 +0.0000 +0.0000 +0.2360 +0.3335 +0.1467 +0.2372 +0.1044 +0.0000 +0.0000 +0.1503 +0.0837 +0.0070 +0.2505 +0.3114 +0.0000 +0.1962 -0.0846 +0.0000 +0.0000 -0.1358 +0.0000 +0.0000 +0.0000 +0.0000 +0.1319 +0.0634 -0.0416 +0.0000 -0.1434 +0.0000 +0.1036 +0.1096 +0.0380 +0.2510 +0.0000 +0.0000 +0.0000 +0.0000 +0.0000 +0.0000 +0.0000 -0.1346 -0.0510 -0.0259 -0.1050 -0.1448 +0.0000 +0.0000 +0.0000 +0.0000 +0.0000 +0.0190 +0.0000 +0.0000 +0.0000 +0.0000 -0.3575 -0.0890 -0.3578 -0.5758 ;
-0.1571 +0.0643 +0.0000 -0.0227 -0.0252 +0.0331 +0.1598 +0.0105 +0.1344 +0.0628 +0.1362 +0.1930 +0.0139 +0.0039 -0.0945 +0.0162 +0.0000 +0.1716 -0.0000 -0.0671 +0.1237 +0.1424 +0.2203 +0.0000 +0.1903 +0.0888 +0.0982 +0.0955 +0.0823 +0.0895 -0.0169 +0.0861 +0.0545 -0.1648 -0.2252 -0.0318 +0.2621 -0.0705 +0.0039 +0.0012 +0.0000 +0.0000 +0.0000 +0.0000 +0.0000 +0.0000 +0.0000 +0.0000 +0.0000 +0.0000 +0.0000 +0.0000 -0.0401 -0.0173 -0.2474 -0.1650 -0.0538 -0.0804 -0.0114 -0.0000 -0.2213 +0.0000 +0.0000 +0.2766 +0.3621 +0.4395 +0.2314 +0.3041 -0.0000 -0.0283 +0.0000 +0.2627 ;
-0.0266 +0.1160 +0.0300 +0.1343 +0.1574 -0.1377 +0.0321 -0.2014 -0.0926 -0.2316 -0.2326 -0.0396 -0.2219 -0.2271 +0.0000 +0.1360 -0.1167 +0.2397 -0.1038 +0.1358 +0.1161 +0.0830 -0.0462 -0.0168 -0.0848 -0.1124 -0.2278 +0.0000 +0.0000 -0.1997 -0.1644 +0.1935 +0.0381 +0.0000 -0.1421 -0.2136 +0.0000 -0.0298 +0.2800 -0.0900 +0.0000 +0.0000 +0.1672 +0.2750 +0.2732 +0.1168 +0.0000 +0.0000 +0.0000 +0.0000 +0.0000 +0.0000 -0.1665 +0.0000 +0.0000 +0.0000 +0.0000 +0.0000 +0.0000 +0.0000 +0.0000 -0.2448 +0.0000 +0.0000 +0.0000 +0.0000 +0.0000 +0.0000 +0.0000 +0.0000 +0.0000 -0.1137 ;
+0.0000 +0.0000 +0.1792 -0.0483 -0.1260 +0.2313 +0.0000 +0.0000 +0.0000 +0.0000 +0.0000 +0.0000 +0.0000 +0.0000 -0.2172 -0.1434 +0.1582 +0.2369 +0.0000 +0.0000 +0.1783 +0.0000 +0.0000 +0.0000 +0.0000 +0.0000 +0.0000 +0.0000 +0.0000 +0.1012 +0.0000 -0.0016 -0.1378 -0.0000 +0.0000 +0.0000 +0.0000 +0.0000 +0.0000 +0.0000 +0.0000 +0.0000 +0.0000 +0.0000 +0.0000 +0.0000 +0.0000 +0.0000 +0.0000 +0.0000 +0.0000 +0.0000 +0.0000 -0.1707 +0.0000 -0.0774 -0.1919 -0.2135 -0.2703 -0.3222 -0.1232 -0.1073 -0.1941 +0.1129 +0.0000 +0.0000 +0.0000 +0.0000 +0.0000 +0.0000 +0.0000 -0.3569 ;
-0.0028 -0.1375 -0.0325 +0.0773 +0.0816 -0.0473 +0.0966 +0.0000 +0.0000 +0.0000 +0.0000 +0.0000 +0.0000 +0.0000 +0.0000 +0.3129 -0.2585 +0.0000 +0.0000 +0.0000 +0.0000 +0.0947 +0.0819 +0.0000 +0.0000 +0.0000 +0.0000 +0.0000 +0.1707 +0.0000 +0.0000 +0.0415 -0.0219 -0.1376 -0.0450 -0.0489 +0.0896 +0.1328 +0.0000 -0.2765 -0.0000 -0.2495 +0.0000 +0.0000 +0.0000 +0.0000 +0.0000 +0.0000 +0.0000 +0.0000 +0.0000 +0.0000 +0.0000 -0.2375 -0.0866 -0.0894 -0.2597 -0.3177 -0.1102 -0.2452 -0.1583 -0.1205 -0.0663 +0.0712 +0.1968 +0.0000 +0.0000 +0.0000 +0.0000 +0.0000 +0.0000 -0.3569 ;
+0.0000 -0.1888 +0.2507 +0.0095 -0.0052 +0.3070 -0.3139 +0.0000 +0.0000 +0.0000 +0.0000 +0.0000 +0.0000 +0.0000 +0.0000 +0.0000 +0.2602 -0.1207 +0.0000 +0.0000 +0.1132 +0.0000 +0.0000 +0.0000 +0.1754 +0.0000 +0.0000 +0.0000 +0.0000 +0.0000 +0.2011 -0.1760 -0.0021 -0.0943 +0.0000 +0.0148 +0.0639 +0.2056 -0.2351 -0.1789 +0.0000 +0.0350 +0.0000 +0.0000 +0.0000 +0.0000 +0.0000 +0.0000 +0.0000 +0.0000 +0.0000 +0.0000 -0.0824 -0.2596 -0.1873 -0.0284 -0.3693 -0.2646 -0.1312 -0.2196 +0.0000 -0.1905 -0.0872 +0.1035 +0.0000 +0.0000 +0.0000 +0.0000 +0.0000 +0.0000 +0.0000 -0.3569 ;
-0.0038 -0.0272 +0.0000 +0.2061 +0.0857 -0.1042 -0.0430 -0.0184 +0.0000 +0.0000 +0.0000 +0.0000 +0.0000 +0.0000 +0.0000 +0.3635 +0.0000 +0.0000 +0.0000 -0.1623 +0.0000 +0.0000 +0.1532 +0.0000 +0.1414 +0.0000 +0.0000 +0.0000 +0.0000 +0.0000 +0.0000 -0.0731 -0.0191 -0.0491 -0.0000 -0.0859 +0.0000 +0.1890 +0.0000 -0.2770 -0.0000 -0.2076 +0.0000 +0.0000 +0.0000 +0.0000 +0.0000 +0.0000 +0.0000 +0.0000 +0.0000 +0.0000 -0.1422 -0.3183 -0.0923 -0.0716 -0.2217 -0.2120 -0.2921 -0.0813 +0.0000 -0.1780 -0.3036 +0.1515 +0.2218 +0.0000 +0.0000 +0.0000 +0.0000 +0.0000 +0.0000 -0.3569 ;
+0.0000 -0.2518 +0.0000 +0.0000 +0.3292 +0.0050 +0.1236 -0.0914 +0.2954 -0.1597 +0.0000 +0.0000 +0.0000 +0.0000 +0.0000 +0.0000 +0.0000 +0.0000 +0.0000 +0.0000 +0.0967 +0.2999 +0.0000 +0.2925 +0.0000 +0.2626 +0.0000 +0.0000 +0.0000 +0.0000 +0.0000 -0.0642 -0.1032 -0.1764 +0.0000 +0.0903 +0.0437 +0.1111 -0.1120 -0.2242 +0.0912 -0.0469 +0.0000 +0.0000 +0.0000 +0.0000 +0.0000 +0.0000 +0.0000 +0.0000 +0.0000 +0.0000 -0.1322 +0.0000 -0.0892 -0.1579 -0.1110 -0.0815 -0.2126 -0.0996 -0.0956 -0.1064 -0.1809 +0.0000 +0.0445 +0.0880 +0.0000 +0.0000 +0.0000 +0.0000 -0.3076 -0.3569 ;
-0.0027 +0.0000 +0.0000 +0.0000 +0.0000 +0.0000 -0.0099 +0.3390 +0.1093 -0.0539 +0.0000 -0.2257 +0.0000 +0.0000 +0.0000 +0.0000 +0.0000 +0.0000 +0.0000 +0.2335 +0.0000 +0.0000 -0.2030 +0.1410 +0.0612 +0.1877 +0.0000 +0.0000 +0.0000 +0.0000 +0.0000 -0.1732 +0.0309 -0.1174 -0.1409 +0.0000 +0.0000 +0.0403 +0.0000 +0.0000 +0.0000 +0.0000 +0.0000 +0.0000 +0.0000 +0.0000 +0.0000 +0.0000 +0.0000 +0.0000 +0.0000 +0.0000 -0.1264 -0.3028 -0.1382 -0.0328 -0.2688 -0.1242 -0.2445 -0.1997 -0.2470 +0.0000 +0.0000 +0.0000 +0.0000 +0.1053 +0.0000 +0.0000 +0.0000 +0.0000 +0.0000 -0.3569 ;
+0.0000 -0.0987 +0.0000 +0.0000 +0.0000 +0.0000 +0.0000 -0.0259 +0.0746 -0.2228 +0.0728 +0.2849 +0.0000 +0.0000 +0.0000 +0.0000 +0.0000 +0.0000 +0.0000 +0.0629 +0.0000 +0.0000 +0.0000 +0.1467 -0.1367 +0.0000 +0.0000 +0.2915 +0.0000 +0.1093 +0.0000 -0.1483 -0.0439 -0.1964 +0.0000 +0.1512 +0.1546 +0.2377 +0.0000 -0.1169 -0.0000 -0.3688 +0.0000 +0.0000 +0.0000 +0.0000 +0.0000 +0.0000 +0.0000 +0.0000 +0.0000 +0.0000 -0.2277 -0.1530 -0.1801 -0.0009 -0.2368 -0.3175 -0.1526 -0.1332 -0.1840 -0.1793 +0.0000 +0.0000 +0.0000 +0.0445 +0.1031 +0.0000 +0.0000 +0.0000 +0.0000 -0.3569 ;
-0.0012 -0.0896 +0.0000 +0.0000 +0.0000 +0.0000 +0.0000 +0.0000 +0.0000 +0.0318 -0.1324 +0.1244 +0.2460 -0.1339 -0.1022 +0.0000 +0.0000 +0.0000 +0.0000 +0.0000 +0.2837 +0.0000 +0.0000 +0.1411 +0.2130 -0.0897 +0.0000 +0.0000 +0.2175 +0.0000 +0.0000 -0.0018 -0.0626 -0.0776 +0.0652 +0.1669 +0.0441 +0.0165 -0.1315 -0.1297 +0.0280 +0.1383 +0.0000 +0.0000 +0.0000 +0.0000 +0.0000 +0.0000 +0.0000 +0.0000 +0.0000 +0.0000 -0.0278 -0.1273 -0.1947 +0.0000 -0.3154 -0.2317 -0.0722 -0.2860 -0.2490 -0.0739 -0.1158 +0.0000 +0.0000 +0.0000 +0.0330 +0.0000 +0.0000 +0.0000 +0.0000 -0.3569 ;
+0.0000 -0.0995 +0.0000 +0.0000 +0.0000 +0.0000 +0.0000 +0.0000 +0.0000 +0.1246 +0.0138 -0.1618 -0.0640 +0.2187 +0.0000 +0.0000 +0.2228 +0.0000 +0.0000 +0.0000 +0.0000 +0.3040 +0.0000 +0.0000 +0.0752 +0.1772 +0.0000 -0.0994 +0.0000 +0.0000 +0.0000 +0.0000 -0.1359 -0.0925 -0.0113 -0.1300 +0.0924 +0.1885 +0.0000 -0.1727 -0.0590 -0.3245 +0.0000 +0.0000 +0.0000 +0.0000 +0.0000 +0.0000 +0.0000 +0.0000 +0.0000 +0.0000 -0.1622 -0.1308 -0.2039 -0.0984 -0.2087 +0.0000 -0.2326 -0.2056 -0.0406 -0.2487 -0.1630 +0.0000 +0.0000 +0.0000 +0.1619 +0.0239 +0.0000 +0.0000 +0.0000 -0.3569 ;
-0.1352 -0.1340 -0.2621 +0.0000 +0.0000 +0.0000 +0.0000 +0.0000 +0.0000 -0.2245 +0.2982 -0.1346 +0.2116 +0.2336 +0.1721 +0.0000 +0.0000 +0.0579 +0.0000 +0.0000 +0.0000 +0.2269 +0.0000 +0.1577 +0.0000 +0.1392 +0.0000 +0.0000 -0.0865 -0.0867 +0.2654 -0.0866 -0.1768 +0.1264 -0.0400 +0.1105 +0.1827 +0.1169 -0.1228 -0.0794 -0.0145 -0.0131 +0.0000 +0.0000 +0.0000 +0.0000 +0.0000 +0.0000 +0.0000 +0.0000 +0.0000 +0.0000 -0.1912 -0.2017 -0.1344 +0.0000 -0.2222 -0.0934 -0.0812 -0.1140 -0.0607 -0.1001 -0.0664 +0.0000 +0.0000 +0.0000 +0.1537 +0.2348 -0.2291 +0.0000 +0.0000 -0.3569 ;
+0.0000 +0.0000 -0.1203 +0.2200 +0.2692 +0.0000 +0.2303 +0.0503 +0.1217 +0.2280 +0.1705 +0.1443 +0.0000 +0.0000 +0.0000 +0.1670 +0.2023 +0.2262 -0.1045 -0.1105 -0.2143 -0.0166 -0.1219 -0.2318 -0.2227 +0.0000 +0.0000 +0.0000 +0.0000 +0.0000 -0.0578 -0.1387 -0.0128 -0.2323 +0.0000 +0.0000 +0.0000 +0.0000 +0.0000 +0.0000 +0.0000 +0.0000 +0.1400 +0.0280 +0.0000 +0.0256 +0.0000 +0.0000 +0.0000 +0.0000 +0.0000 +0.0000 +0.0000 +0.0000 +0.0000 +0.0000 +0.0000 +0.0000 +0.0000 +0.0000 +0.0000 +0.0000 +0.0000 +0.0000 +0.2329 +0.0520 +0.0698 +0.0878 +0.0000 +0.0000 +0.0000 -0.3569 ;
-0.0040 +0.1515 -0.1107 -0.2260 +0.0325 +0.0823 +0.1997 +0.2156 +0.1981 +0.0980 +0.1311 +0.0668 +0.0000 +0.0000 +0.0000 +0.0762 +0.1304 +0.0038 -0.2590 -0.2821 -0.1005 -0.2091 -0.1841 +0.0000 +0.0000 +0.0000 +0.0000 +0.0000 -0.1513 +0.0000 +0.0000 -0.2283 -0.0849 -0.0636 +0.0000 +0.0000 -0.1352 +0.2213 -0.2623 +0.0000 -0.0951 +0.0000 +0.3508 +0.2057 +0.3488 +0.0000 +0.0000 +0.0000 +0.0000 +0.0000 +0.0000 +0.0000 +0.0000 +0.0000 +0.0000 +0.0000 +0.0000 +0.0000 +0.0000 +0.0000 +0.0000 +0.0000 +0.0000 +0.0000 +0.0778 +0.2043 +0.0515 +0.0030 -0.1195 +0.0000 +0.0000 -0.3569 ;
-0.2242 +0.1320 +0.0643 -0.1538 +0.0864 +0.0000 +0.1879 +0.1327 +0.0692 +0.1726 +0.0120 +0.2567 +0.0645 +0.0000 +0.0669 +0.0857 +0.2323 +0.0189 +0.0640 -0.1906 +0.0000 -0.1068 -0.0311 -0.1185 -0.1279 +0.0000 +0.0000 +0.0000 -0.1456 -0.1962 +0.0000 -0.0710 -0.1840 -0.1392 +0.1252 +0.0000 -0.1819 +0.1342 +0.2221 +0.1210 +0.0000 +0.0000 +0.1230 +0.1725 +0.1809 +0.0000 +0.0989 +0.0000 +0.0000 +0.0000 +0.0000 +0.0000 +0.0000 +0.0000 +0.0000 +0.0000 +0.0000 +0.0000 +0.0000 +0.0000 +0.0000 +0.0000 +0.0000 +0.0000 +0.1505 +0.1501 +0.1951 +0.1935 -0.0010 +0.0000 +0.0000 -0.3569 ;
-0.0041 +0.0931 +0.0658 +0.0899 +0.0030 -0.2433 +0.0553 +0.2044 +0.0588 +0.0465 +0.1723 +0.0000 +0.0000 +0.1106 +0.0000 -0.0478 -0.0488 +0.1791 +0.0342 +0.1478 -0.2236 -0.1933 -0.0285 -0.1879 +0.0000 +0.0000 +0.0000 +0.0000 +0.0000 +0.0000 +0.0000 -0.1773 -0.1014 -0.1148 +0.0000 +0.1768 +0.1268 +0.0000 -0.0879 -0.1267 -0.1418 +0.0896 +0.0000 +0.2035 +0.0000 +0.0000 +0.1941 +0.0000 +0.0000 +0.0000 +0.0000 +0.1543 +0.0000 +0.0000 +0.0000 +0.0000 +0.0000 +0.0000 +0.0000 +0.0000 +0.0000 +0.0000 +0.0000 +0.0791 +0.2107 +0.1867 +0.0952 +0.0000 -0.1900 +0.0000 +0.0000 -0.3569 ;
-0.0813 +0.2361 +0.2273 +0.0000 +0.0816 -0.0563 -0.0174 +0.0749 +0.0887 +0.1943 +0.1490 +0.0339 +0.0502 +0.0000 +0.0000 +0.0000 +0.0000 -0.0920 -0.0658 -0.1265 -0.0400 +0.0289 +0.0000 -0.2018 +0.0000 +0.0000 +0.0000 +0.0000 +0.0000 -0.2053 -0.1256 -0.0739 -0.1597 -0.1236 +0.0000 +0.0000 -0.1625 -0.0154 +0.0621 +0.1756 -0.1650 +0.0000 +0.0000 +0.0000 +0.1865 +0.3287 +0.2373 +0.0000 +0.0000 +0.0000 +0.0000 +0.0000 +0.0000 +0.0000 +0.0000 +0.0000 +0.0000 +0.0000 +0.0000 +0.0000 +0.0000 +0.0000 +0.0000 +0.0000 +0.0157 +0.0724 +0.0340 +0.0202 +0.0000 -0.1227 +0.0000 -0.3569 ;
+0.0000 -0.0096 +0.0000 +0.0387 +0.2381 +0.0245 +0.1224 +0.0175 +0.0842 +0.0243 +0.0379 +0.2372 +0.0000 +0.0000 +0.0000 -0.1046 +0.0000 +0.0000 -0.0947 +0.0000 -0.1702 +0.0214 +0.0715 -0.1162 -0.0729 -0.2408 -0.1514 +0.0000 +0.0000 +0.0000 +0.0000 -0.1682 -0.2117 -0.1791 +0.0000 +0.0000 -0.1012 +0.2271 +0.0000 +0.0000 +0.0297 +0.0000 +0.0000 +0.0000 +0.3244 +0.3421 +0.0000 +0.2877 +0.0000 +0.2758 +0.0000 +0.0000 +0.0000 +0.0000 +0.0000 +0.0000 +0.0000 +0.0000 +0.0000 +0.0000 +0.0000 +0.0000 +0.0000 +0.1782 +0.1497 +0.1181 +0.0115 +0.0000 +0.0000 -0.2493 +0.0000 -0.3569 ;
-0.2095 +0.3294 +0.0000 +0.1342 +0.0000 +0.0000 +0.1846 +0.2387 +0.0628 +0.1438 +0.0456 +0.1754 +0.2276 +0.0943 +0.2503 +0.0000 +0.0000 +0.0000 +0.0000 -0.2649 -0.2186 -0.2008 -0.0539 -0.1591 -0.0725 +0.0000 -0.0246 +0.0000 -0.2220 +0.0000 +0.0000 -0.0440 -0.0399 -0.2025 +0.0000 +0.0000 -0.1623 +0.1054 -0.1889 +0.2585 -0.1778 +0.0000 +0.0000 +0.0000 +0.1679 +0.3535 +0.0000 +0.2929 +0.0000 +0.0000 +0.0000 +0.0000 +0.0000 +0.0000 +0.0000 +0.0000 +0.0000 +0.0000 +0.0000 +0.0000 +0.0000 +0.0000 +0.0000 +0.0830 +0.0825 +0.0593 +0.2191 +0.0000 +0.0000 +0.0000 -0.2964 -0.3569 ;
-0.0010 +0.2939 +0.0000 +0.0000 +0.0000 +0.0597 +0.1381 +0.0651 +0.2749 +0.1286 +0.0560 +0.1335 +0.1723 +0.2073 +0.0000 +0.0000 +0.0000 +0.0000 -0.1013 -0.2107 +0.0000 -0.1980 -0.2528 -0.0193 -0.1016 -0.0295 -0.1349 -0.1395 +0.0000 +0.0000 +0.0000 +0.0000 -0.1755 -0.0732 -0.1368 +0.2456 -0.0872 +0.0000 -0.2310 -0.1082 -0.0077 -0.2113 +0.0000 +0.0000 +0.0000 +0.3272 +0.3022 +0.0000 +0.0000 +0.3316 +0.0000 +0.0000 +0.0000 +0.0000 +0.0000 +0.0000 +0.0000 +0.0000 +0.0000 +0.0000 +0.0000 +0.0000 +0.0000 +0.2224 +0.0030 +0.0004 +0.0113 +0.0000 +0.0000 -0.2312 +0.0000 -0.3569 ;
-0.1304 +0.1685 +0.0000 +0.0000 +0.0000 +0.1325 +0.0957 +0.0959 +0.0817 +0.1467 -0.1502 +0.1027 +0.0748 -0.0769 +0.1471 +0.0000 +0.0000 +0.0000 +0.0000 +0.0000 +0.0000 +0.0000 -0.1777 -0.0327 +0.1145 -0.0288 +0.0072 +0.1175 -0.1096 -0.1633 +0.0000 +0.0000 -0.0196 -0.2462 -0.0732 +0.0000 -0.1266 -0.0754 +0.0816 +0.0375 +0.0000 +0.0000 +0.0000 +0.0000 +0.0000 +0.0000 +0.0000 +0.2414 +0.0774 +0.1572 +0.2344 +0.0000 +0.0000 +0.0000 +0.0000 +0.0000 +0.0000 +0.0000 +0.0000 +0.0000 +0.0000 +0.0000 +0.0000 +0.0000 +0.1263 +0.2270 +0.0425 +0.2478 +0.0000 -0.0839 +0.0000 -0.3569 ;
-0.0000 +0.2836 +0.0000 +0.0000 +0.0464 +0.0000 +0.2339 +0.0000 +0.1674 +0.2435 +0.0940 +0.0253 +0.0491 +0.0355 +0.1943 +0.0000 +0.0000 +0.0000 +0.0000 +0.0000 -0.0528 +0.0000 +0.0000 -0.0396 -0.2072 -0.0745 +0.2471 +0.0531 -0.0638 -0.2579 -0.0212 +0.0000 -0.2227 -0.1094 -0.0775 +0.0000 -0.1902 +0.1264 -0.1465 +0.0000 -0.0084 +0.0000 +0.0000 +0.0000 +0.0000 +0.0000 +0.0000 +0.0000 +0.2673 +0.0998 +0.1821 +0.0000 +0.0000 +0.0000 +0.0000 +0.0000 +0.0000 +0.0000 +0.0000 +0.0000 +0.0000 +0.0000 +0.0000 +0.1716 +0.1652 +0.0000 +0.0627 +0.0594 +0.0000 +0.0000 -0.1030 -0.3569 ;
-0.1705 +0.0614 +0.0000 +0.0000 +0.0000 +0.0730 +0.2768 +0.2576 +0.1863 +0.0461 +0.1005 +0.0474 +0.1186 +0.0727 +0.2701 +0.0000 +0.0000 +0.0000 -0.0571 +0.0000 +0.0000 -0.2480 -0.2478 -0.0465 +0.0000 -0.2515 -0.2409 +0.1579 -0.1677 +0.0092 +0.1445 -0.0031 +0.0459 -0.1548 -0.1562 +0.1111 -0.1509 -0.0102 -0.0332 -0.0337 -0.0892 -0.0025 +0.0000 +0.0000 +0.0000 +0.0000 +0.0000 +0.0000 +0.2758 +0.0878 +0.3213 +0.2217 +0.0000 +0.0000 +0.0000 +0.0000 +0.0000 +0.0000 +0.0000 +0.0000 +0.0000 -0.1699 +0.0000 +0.0433 +0.0469 +0.1424 +0.1052 +0.0000 +0.0000 +0.0000 -0.2559 -0.3569 ;
+0.0000 +0.0000 +0.0413 +0.0000 -0.0698 +0.0077 -0.0381 -0.1155 +0.1230 +0.2617 +0.2701 +0.0908 +0.1135 +0.0000 +0.0000 -0.2040 +0.2334 +0.2411 +0.2351 +0.1989 +0.0830 +0.1957 +0.2377 +0.1257 +0.1934 +0.1438 +0.1208 +0.0497 +0.1811 -0.0629 +0.0000 +0.0794 -0.1744 +0.0531 +0.0854 +0.0000 -0.1896 +0.0000 +0.0000 +0.0000 +0.0000 +0.0000 +0.0600 +0.0000 +0.0000 +0.0000 +0.0000 +0.0000 +0.0000 +0.0000 +0.0000 +0.0000 -0.1129 -0.1356 -0.0693 +0.0000 +0.0000 +0.0000 +0.0000 +0.0000 +0.0000 +0.0000 +0.0000 +0.0000 +0.1768 +0.1722 +0.0000 +0.0000 -0.0748 -0.2301 +0.0000 -0.5151 ;
+0.0000 +0.0839 +0.1403 +0.1252 +0.1228 +0.0851 +0.0026 -0.1155 -0.1354 +0.0446 +0.2371 +0.0608 +0.0024 -0.1522 +0.0000 +0.0933 +0.1835 +0.0250 -0.1003 +0.1986 +0.2290 +0.0923 +0.2190 +0.0494 +0.1522 +0.1465 +0.2107 +0.1329 -0.1980 +0.2063 -0.0037 +0.0649 +0.2275 +0.0872 +0.1799 +0.0000 -0.1712 +0.0000 +0.1412 -0.1089 -0.1764 -0.0000 +0.0000 +0.0517 +0.0000 +0.0000 +0.0000 +0.0000 +0.0000 +0.0000 +0.0000 +0.0000 -0.1805 -0.0063 -0.1440 -0.0191 +0.0000 +0.0000 +0.0000 +0.0000 +0.0000 +0.0000 +0.0000 +0.3146 +0.0000 +0.1752 +0.3392 +0.0000 -0.0000 -0.0923 -0.0796 -0.5151 ;
-0.0335 +0.1451 -0.0194 +0.0856 +0.0137 +0.0235 -0.1355 -0.0024 -0.1053 +0.1329 +0.0000 +0.1128 +0.1614 +0.0000 +0.0000 +0.0078 +0.1514 +0.0510 +0.0774 +0.1230 -0.0156 -0.0109 +0.0896 +0.1247 +0.2092 +0.2201 +0.0320 +0.1296 +0.0270 +0.0000 +0.0000 +0.0053 -0.1318 +0.2667 +0.2076 +0.1712 -0.1157 +0.0000 +0.0047 +0.0000 +0.1484 -0.0000 +0.0000 +0.0000 +0.0000 +0.1101 +0.1842 +0.0000 +0.0000 +0.0000 +0.0000 +0.0000 +0.0000 +0.0000 -0.1829 -0.0887 -0.0000 +0.0000 +0.0000 +0.0000 +0.0000 +0.0000 +0.0000 +0.1635 +0.4012 +0.0000 +0.3484 +0.0000 -0.0517 -0.1615 -0.1408 -0.5151 ;
+0.0000 +0.1888 +0.0000 +0.0000 +0.1832 -0.1956 +0.0915 -0.2150 +0.0120 +0.1026 +0.0957 -0.0452 +0.2045 +0.1532 +0.0007 +0.0000 +0.2072 +0.2273 +0.0515 +0.2015 +0.2308 +0.1720 +0.0056 +0.0720 -0.1410 +0.0635 -0.0447 +0.1217 +0.1421 +0.0140 +0.2226 +0.0518 -0.0609 +0.1591 +0.0676 +0.0000 -0.0959 +0.0000 +0.1979 -0.1209 -0.2274 -0.0000 +0.0000 +0.0000 +0.0000 +0.0000 +0.0000 +0.0000 +0.0000 +0.0000 +0.0000 +0.0000 +0.0000 +0.0000 +0.0000 +0.0000 +0.0000 -0.0347 -0.1174 -0.0000 -0.2162 +0.0000 +0.0000 +0.0000 +0.1439 +0.3653 +0.0000 +0.3596 -0.1939 -0.1825 -0.1325 -0.5151 ;
-0.0396 +0.0809 +0.0000 +0.0000 +0.0490 +0.0425 +0.0012 +0.0431 +0.1605 +0.1293 -0.0033 -0.1042 -0.0208 -0.1473 +0.0966 -0.0665 +0.1274 +0.2089 +0.2312 +0.1506 +0.2497 +0.1961 +0.1624 +0.0138 +0.2156 +0.0787 +0.0092 +0.1533 +0.0110 +0.0839 +0.0858 +0.2134 +0.0039 -0.1851 -0.0055 +0.1634 -0.0297 +0.0096 -0.0185 +0.0002 +0.0481 +0.0981 +0.0000 +0.0000 +0.0000 +0.0000 +0.0000 +0.0000 +0.0000 +0.1757 +0.0117 +0.0000 +0.0000 +0.0000 +0.0000 +0.0000 +0.0000 -0.0548 +0.0000 +0.0000 -0.0324 -0.0205 -0.1816 +0.0000 +0.1740 +0.3374 +0.1493 +0.0000 -0.1831 -0.0240 -0.0553 -0.5151 ;
+0.0000 +0.0000 +0.0000 -0.0688 +0.0722 -0.0614 +0.0000 +0.1604 +0.2578 +0.0680 +0.2623 +0.0000 +0.0000 +0.0272 +0.0000 -0.1077 -0.1030 -0.2525 -0.2872 -0.1876 +0.0000 +0.0103 +0.0691 +0.0420 +0.2572 +0.1439 +0.0875 -0.0481 -0.0391 -0.1333 +0.0638 -0.0885 -0.0972 -0.0500 +0.0000 +0.0000 +0.0000 +0.0000 +0.1296 +0.0000 +0.0000 +0.0000 +0.1216 +0.1908 +0.0536 +0.0000 +0.0000 +0.0000 +0.0000 +0.0000 +0.0000 +0.0000 -0.0920 -0.2361 +0.0000 +0.0000 +0.0000 +0.0000 +0.0000 +0.0000 +0.0000 +0.0000 +0.0000 +0.0000 +0.0000 +0.0000 +0.0000 +0.0000 +0.0000 +0.0000 +0.0000 -0.5151 ;
+0.0000 +0.0000 +0.0782 +0.0396 +0.0202 -0.0510 +0.0438 +0.0994 +0.0265 +0.1070 -0.0305 +0.0000 +0.0000 +0.0000 -0.1064 -0.0282 -0.1350 -0.1821 -0.0907 +0.0526 -0.0441 +0.0968 +0.1869 -0.0398 -0.1227 -0.1511 +0.0000 +0.0000 +0.0000 +0.1415 +0.0895 +0.0879 +0.0688 -0.1841 +0.0000 +0.2067 +0.0507 -0.1588 -0.0083 +0.0633 +0.1693 +0.0000 +0.0000 +0.0089 +0.0253 +0.1607 +0.0000 +0.0000 +0.0000 +0.0000 +0.0000 +0.0000 +0.0000 +0.0000 -0.1683 -0.0129 -0.1283 +0.0000 +0.0000 +0.0000 +0.0000 +0.0000 +0.0000 +0.0000 +0.2145 +0.0000 +0.0000 +0.0000 +0.0000 +0.0000 +0.0000 -0.5151 ;
-0.1043 +0.0061 +0.0000 +0.0000 +0.0000 +0.1985 +0.0391 +0.0312 -0.1658 -0.2126 +0.1714 +0.2508 -0.0821 -0.1649 +0.0000 -0.0621 -0.2473 +0.2242 -0.1722 +0.0000 +0.2350 +0.1557 +0.0768 +0.0000 -0.1190 -0.2098 -0.0378 +0.0268 -0.1129 +0.0164 +0.0605 +0.0000 +0.1411 -0.0779 -0.1011 -0.1647 -0.0000 +0.1370 -0.2091 +0.2272 -0.1566 +0.0000 +0.0000 +0.0000 +0.0000 +0.0000 +0.0000 +0.0509 +0.1866 +0.1481 +0.0000 +0.0000 +0.0000 +0.0000 +0.0000 +0.0000 +0.0000 -0.2016 -0.1512 -0.2406 +0.0000 +0.0000 +0.0000 +0.0000 +0.0000 +0.0000 +0.0000 +0.0000 +0.0000 -0.2569 +0.0000 -0.5151 ;
+0.0000 +0.0000 +0.0000 +0.0000 +0.0000 +0.0000 +0.0000 +0.0000 +0.0000 +0.0000 +0.0000 +0.0000 +0.0000 +0.0000 +0.0000 +0.0000 +0.0000 +0.0000 +0.0000 +0.0000 +0.0000 +0.0000 +0.0000 +0.0000 +0.0000 +0.0000 +0.0000 +0.0000 +0.0000 +0.0000 +0.0000 +0.0000 +0.0000 +0.0000 +0.0000 +0.0000 +0.0000 +0.0000 +0.0000 +0.0000 +0.0000 +0.0000 +0.0000 +0.0000 +0.0000 +0.0000 +0.0000 +0.0000 +0.0000 +0.0000 +0.0000 +0.0000 +0.0000 +0.0000 +0.0000 +0.0000 +0.0000 +0.0000 +0.0000 +0.0000 +0.0000 +0.0000 +0.0000 +0.0000 +0.0000 +0.0000 +0.0000 +0.0000 +0.0000 +0.0000 +0.0000 +0.0000 ;
