brainFunction 22902 107 27 5881 24805 2-8 9-24 25-26
0 0.903938
1 0.288351
2 0.609091
3 0.743494
4 0.491979
5 0.503565
6 0.478253
7 0.649555
8 0.30606
9 0.166488
10 0.483779
11 0.623529
12 0.344742
13 0.724064
14 0.435294
15 0.847415
16 0.532977
17 0.315865
18 0.738681
19 0.584314
20 0.527273
21 0.375045
22 0.290909
23 0.597861
24 0.434581
25 0.599643
26 0.438503
27 0.977369
28 0.716599
29 0.669785
30 0.997702
31 0.570048
32 0.212781
33 0.00748868
34 0.972218
35 0.994298
36 0.475206
37 0.954972
38 0.827546
39 0.985298
40 0.993781
41 0.992533
42 0.995515
43 0.909637
44 0.985206
45 0.910535
46 0.857834
47 0.734953
48 0.105821
49 0.377517
50 0.247672
51 0.0303739
52 0.0748485
53 0.0361959
54 0.0209163
55 0.0415691
56 0.999867
57 0.999907
58 0.999698
59 0.996629
60 0.998383
61 0.993368
62 0.99672
63 0.998854
64 0.982677
65 0.881401
66 0.949416
67 0.745391
68 0.93269
69 0.837252
70 0.868787
71 0.886197
72 0.739674
73 0.807829
74 0.48308
75 0.335133
76 0.599574
77 0.66761
78 0.737227
79 0.319457
80 0.166453
81 0.0413761
82 0.0418364
83 0.0294845
84 0.0535882
85 0.113574
86 0.0958021
87 0.0969649
88 0.069633
89 0.635018
90 0.195895
91 0.805121
92 0.062624
93 0.481011
94 0.208059
95 0.378867
96 0.215561
97 0.384874
98 0.373328
99 0.494305
100 0.042592
101 0.431811
102 0.065593
103 0.227378
104 0.989915
105 0.993908
106 0.96955
0 0.20052
1 0.443147
2 0.717647
3 0.717647
4 0.717647
5 0.717647
6 0.717647
7 0.717647
8 0.717647
9 0.0117647
10 0.0117647
11 0.0117647
12 0.0117647
13 0.0117647
14 0.0117647
15 0.0117647
16 0.0117647
17 0.0117647
18 0.0117647
19 0.0117647
20 0.0117647
21 0.0117647
22 0.0117647
23 0.0117647
24 0.0117647
25 0.505882
26 0.505882
27 0.835374
28 0.510384
29 0.101075
30 0.988713
31 0.243491
32 0.558901
33 0.000320339
34 0.957858
35 0.919667
36 0.212796
37 0.952061
38 0.492741
39 0.942965
40 0.788142
41 0.878642
42 0.956662
43 0.733909
44 0.824451
45 0.532234
46 0.621051
47 0.757497
48 0.0372632
49 0.0554535
50 0.0433812
51 0.0120797
52 0.0239807
53 0.0217241
54 0.0160999
55 0.0128099
56 0.995479
57 0.997734
58 0.992031
59 0.946111
60 0.975489
61 0.910777
62 0.959644
63 0.978015
64 0.544956
65 0.182929
66 0.265501
67 0.0643384
68 0.0288533
69 0.0803721
70 0.034738
71 0.221636
72 0.0923599
73 0.0521089
74 0.00612544
75 0.0251142
76 0.0283727
77 0.0478597
78 0.493681
79 0.0772948
80 0.285805
81 0.0251165
82 0.0773601
83 0.0300916
84 0.0169109
85 0.290333
86 0.0925128
87 0.321639
88 0.0626505
89 0.291187
90 0.00718886
91 0.20058
92 0.0217407
93 0.191984
94 0.0750258
95 0.153193
96 0.0371296
97 0.156781
98 0.118827
99 0.163901
100 0.0168848
101 0.238025
102 0.0715986
103 0.124884
104 0.987356
105 0.989574
106 0.714538
0 0.563805
1 0.543501
2 0
3 0.00106952
4 0.0117647
5 0.105882
6 0.0909091
7 0.0285205
8 0.0313725
9 0
10 0
11 0
12 0
13 0.0124777
14 0.0196078
15 0.0196078
16 0.0196078
17 0.6
18 0.6
19 0.109091
20 0.00142602
21 0.00392157
22 0.00392157
23 0.00392157
24 0.00392157
25 0.445633
26 0.591444
27 0.299346
28 0.177311
29 0.0144843
30 0.181667
31 0.0196855
32 0.0513919
33 0.000801017
34 0.293774
35 0.487505
36 0.0727276
37 0.620111
38 0.0427459
39 0.897123
40 0.630068
41 0.655715
42 0.856422
43 0.690015
44 0.636893
45 0.362044
46 0.609396
47 0.365213
48 0.017067
49 0.00728387
50 0.0282814
51 0.00510162
52 0.0100946
53 0.0067843
54 0.00787199
55 0.00809529
56 0.60645
57 0.559476
58 0.670256
59 0.159507
60 0.270534
61 0.116253
62 0.184968
63 0.0779507
64 0.377489
65 0.108803
66 0.170182
67 0.0313161
68 0.0222614
69 0.0392331
70 0.0155174
71 0.300573
72 0.111941
73 0.0640862
74 0.0224908
75 0.04456
76 0.0490195
77 0.0915494
78 0.146286
79 0.0402912
80 0.0351368
81 0.0163979
82 0.0143026
83 0.015628
84 0.00319696
85 0.0274124
86 0.0445302
87 0.0395997
88 0.00988746
89 0.00483825
90 0.000199039
91 0.00213189
92 0.00130245
93 0.00861456
94 0.00811163
95 0.00767258
96 0.0103529
97 0.0162374
98 0.00651082
99 0.00983212
100 0.00770146
101 0.0158743
102 0.0283408
103 0.0223386
104 0.52099
105 0.375818
106 0.135644
0 0.96519
1 0.53705
2 0.0030303
3 0.0666667
4 0.0666667
5 0.0666667
6 0.0666667
7 0.0666667
8 0.0666667
9 0
10 0
11 0.00320856
12 0.00392157
13 0.00392157
14 0.00392157
15 0.00392157
16 0.00392157
17 0.00392157
18 0.00392157
19 0.00392157
20 0.00392157
21 0.00392157
22 0.00392157
23 0.00392157
24 0.00392157
25 0.71016
26 0.976471
27 0.137708
28 0.0214273
29 0.0393485
30 0.791621
31 0.79181
32 0.0571886
33 0.00620832
34 0.192262
35 0.0935822
36 0.10466
37 0.0380754
38 0.0272109
39 0.947046
40 0.683365
41 0.641493
42 0.804687
43 0.785998
44 0.711242
45 0.756892
46 0.609014
47 0.489963
48 0.264605
49 0.111726
50 0.187285
51 0.158895
52 0.494173
53 0.202302
54 0.311783
55 0.6575
56 0.676042
57 0.92785
58 0.890573
59 0.883288
60 0.89049
61 0.256158
62 0.75294
63 0.549605
64 0.9984
65 0.983814
66 0.984976
67 0.983784
68 0.982389
69 0.800566
70 0.978389
71 0.995781
72 0.981321
73 0.950691
74 0.844627
75 0.953545
76 0.942902
77 0.895509
78 0.0394801
79 0.126048
80 0.0327826
81 0.0227081
82 0.0373433
83 0.114165
84 0.0209983
85 0.196927
86 0.509009
87 0.107178
88 0.277907
89 0.0468102
90 0.00660558
91 0.0511276
92 0.00218041
93 0.243536
94 0.161582
95 0.174937
96 0.0532207
97 0.0495551
98 0.111613
99 0.0538123
100 0.209963
101 0.0898515
102 0.687503
103 0.123312
104 0.14165
105 0.202093
106 0.0499567
0 0.271209
1 0.56486
2 0.0638146
3 0.662745
4 0.662745
5 0.662745
6 0.662745
7 0.662745
8 0.662745
9 0.176471
10 0.176471
11 0.574332
12 0.662745
13 0.662745
14 0.662745
15 0.662745
16 0.662745
17 0.662745
18 0.662745
19 0.662745
20 0.662745
21 0.662745
22 0.662745
23 0.662745
24 0.662745
25 0.4959
26 0.662745
27 0.998008
28 0.905084
29 0.336839
30 0.995967
31 0.681671
32 0.286496
33 0.00407655
34 0.99771
35 0.997965
36 0.973272
37 0.995893
38 0.988218
39 0.892644
40 0.952394
41 0.799248
42 0.908257
43 0.773322
44 0.898721
45 0.788256
46 0.917227
47 0.812827
48 0.171212
49 0.547336
50 0.594644
51 0.261463
52 0.563722
53 0.372509
54 0.302872
55 0.754218
56 0.999545
57 0.999079
58 0.996042
59 0.96715
60 0.99458
61 0.989581
62 0.998818
63 0.996763
64 0.936332
65 0.915847
66 0.951928
67 0.485209
68 0.792216
69 0.823145
70 0.826122
71 0.847659
72 0.942973
73 0.641425
74 0.554848
75 0.766157
76 0.893635
77 0.742442
78 0.73892
79 0.49532
80 0.161935
81 0.143809
82 0.294062
83 0.0726792
84 0.0552728
85 0.340792
86 0.249848
87 0.592889
88 0.80963
89 0.870968
90 0.910321
91 0.980981
92 0.836332
93 0.972766
94 0.61874
95 0.820307
96 0.614258
97 0.664145
98 0.763749
99 0.943082
100 0.748118
101 0.948225
102 0.841399
103 0.835952
104 0.994555
105 0.986133
106 0.990969
0 0.575795
1 0.558403
2 0.0745098
3 0.0745098
4 0.0745098
5 0.0745098
6 0.0745098
7 0.274153
8 0.294118
9 0.00392157
10 0.00392157
11 0.00392157
12 0.00392157
13 0.00392157
14 0.00392157
15 0.00392157
16 0.00392157
17 0.00392157
18 0.00392157
19 0.00392157
20 0.109447
21 0.294118
22 0.294118
23 0.294118
24 0.294118
25 0.960784
26 0.597148
27 0.933399
28 0.69478
29 0.788041
30 0.998794
31 0.664221
32 0.940703
33 0.00541667
34 0.98629
35 0.996377
36 0.819374
37 0.986744
38 0.956354
39 0.996542
40 0.994915
41 0.994749
42 0.998798
43 0.992658
44 0.996826
45 0.984983
46 0.983155
47 0.99692
48 0.17584
49 0.234467
50 0.205646
51 0.0436521
52 0.259749
53 0.235971
54 0.0211632
55 0.0412207
56 0.999887
57 0.999925
58 0.999817
59 0.998676
60 0.999426
61 0.997749
62 0.998501
63 0.999765
64 0.966305
65 0.502882
66 0.682557
67 0.342513
68 0.401443
69 0.393673
70 0.597902
71 0.924074
72 0.240935
73 0.370421
74 0.100009
75 0.179473
76 0.211485
77 0.406242
78 0.305256
79 0.0367125
80 0.712423
81 0.201822
82 0.334333
83 0.188741
84 0.202422
85 0.785151
86 0.894662
87 0.922754
88 0.617457
89 0.832827
90 0.0428444
91 0.786443
92 0.300594
93 0.865179
94 0.537409
95 0.804634
96 0.497566
97 0.778638
98 0.824273
99 0.725252
100 0.574098
101 0.878915
102 0.866052
103 0.940312
104 0.999055
105 0.996972
106 0.981948
0 0.881692
1 0.55158
2 0.317647
3 0.317647
4 0.317647
5 0.317647
6 0.317647
7 0.317647
8 0.317647
9 0.317647
10 0.317647
11 0.317647
12 0.317647
13 0.317647
14 0.317647
15 0.317647
16 0.317647
17 0.317647
18 0.317647
19 0.317647
20 0.317647
21 0.317647
22 0.317647
23 0.317647
24 0.317647
25 0.317647
26 0.317647
27 0.662992
28 0.708271
29 0.14475
30 0.980608
31 0.830399
32 0.96985
33 0.00329919
34 0.881103
35 0.992345
36 0.503653
37 0.990886
38 0.688302
39 0.997843
40 0.997869
41 0.998349
42 0.999557
43 0.990831
44 0.998814
45 0.988521
46 0.994962
47 0.997215
48 0.542624
49 0.873547
50 0.704979
51 0.144555
52 0.342776
53 0.176609
54 0.220601
55 0.0966436
56 0.998129
57 0.998479
58 0.99927
59 0.986562
60 0.98776
61 0.98809
62 0.98263
63 0.9917
64 0.989087
65 0.872061
66 0.90136
67 0.66924
68 0.556579
69 0.450924
70 0.70529
71 0.93659
72 0.661576
73 0.884691
74 0.0988408
75 0.307179
76 0.333473
77 0.630294
78 0.170855
79 0.0499093
80 0.842048
81 0.345864
82 0.907201
83 0.142482
84 0.268132
85 0.962674
86 0.936408
87 0.892519
88 0.617644
89 0.120629
90 0.00831239
91 0.0940754
92 0.0356357
93 0.418978
94 0.530005
95 0.643683
96 0.287879
97 0.619502
98 0.246117
99 0.754719
100 0.364372
101 0.5379
102 0.67259
103 0.77879
104 0.984471
105 0.997241
106 0.964535
0 0.331197
1 0.544565
2 0.133333
3 0.133333
4 0.157041
5 0.929412
6 0.145276
7 0.0156863
8 0.0156863
9 0.156863
10 0.156863
11 0.156863
12 0.156863
13 0.156863
14 0.0142602
15 0.42246
16 0.929412
17 0.929412
18 0.557219
19 0.240285
20 0.172549
21 0.172549
22 0.172549
23 0.172549
24 0.172549
25 0.757932
26 0.870945
27 0.968559
28 0.752904
29 0.759224
30 0.997837
31 0.72398
32 0.964786
33 0.0271433
34 0.995567
35 0.999809
36 0.97849
37 0.998501
38 0.991853
39 0.99689
40 0.999029
41 0.999285
42 0.999539
43 0.988337
44 0.996561
45 0.979059
46 0.989034
47 0.989281
48 0.444546
49 0.89361
50 0.958496
51 0.2237
52 0.315914
53 0.64017
54 0.436832
55 0.504172
56 0.999493
57 0.999796
58 0.99938
59 0.989931
60 0.998493
61 0.99645
62 0.994037
63 0.998275
64 0.955238
65 0.955914
66 0.90444
67 0.736189
68 0.933684
69 0.862047
70 0.769111
71 0.891878
72 0.892198
73 0.931078
74 0.520676
75 0.245553
76 0.39653
77 0.84322
78 0.925731
79 0.609452
80 0.759216
81 0.320864
82 0.631644
83 0.368922
84 0.571847
85 0.925983
86 0.777528
87 0.883494
88 0.794832
89 0.72488
90 0.308129
91 0.888893
92 0.412578
93 0.569382
94 0.470314
95 0.629435
96 0.686
97 0.524937
98 0.565898
99 0.572308
100 0.264974
101 0.766302
102 0.310184
103 0.826932
104 0.995193
105 0.998724
106 0.989458
0 0.0150562
1 0.537947
2 0.127273
3 0.0181818
4 0.0486631
5 0.0235294
6 0.291087
7 0.333333
8 0.333333
9 0.163636
10 0.6
11 0.109091
12 0
13 0.381818
14 0.0545455
15 0.00891266
16 0.0196078
17 0.0196078
18 0.0944742
19 0.156863
20 0.156863
21 0.156863
22 0.156863
23 0.156863
24 0.156863
25 0.232799
26 0.964349
27 0.988753
28 0.805932
29 0.88455
30 0.999455
31 0.658569
32 0.964749
33 0.0115359
34 0.993612
35 0.999464
36 0.961261
37 0.998565
38 0.994547
39 0.997506
40 0.998607
41 0.999123
42 0.999801
43 0.994479
44 0.996993
45 0.982726
46 0.992729
47 0.993802
48 0.474941
49 0.789799
50 0.869746
51 0.248288
52 0.5786
53 0.608028
54 0.193299
55 0.1938
56 0.999947
57 0.999922
58 0.999919
59 0.999616
60 0.999624
61 0.999348
62 0.999416
63 0.999882
64 0.990288
65 0.915353
66 0.931206
67 0.810687
68 0.858574
69 0.81095
70 0.87601
71 0.953311
72 0.577307
73 0.884458
74 0.263149
75 0.320246
76 0.46003
77 0.86614
78 0.605514
79 0.374066
80 0.896704
81 0.503196
82 0.72378
83 0.309527
84 0.535673
85 0.841294
86 0.707712
87 0.93353
88 0.875929
89 0.870793
90 0.349995
91 0.917042
92 0.176805
93 0.816446
94 0.556287
95 0.315828
96 0.431871
97 0.646693
98 0.743852
99 0.706005
100 0.295235
101 0.554165
102 0.672654
103 0.670816
104 0.997973
105 0.995427
106 0.975254
0 0.141335
1 0.530843
2 0.2
3 0.319073
4 0.475758
5 0.615686
6 0.431016
7 0.317647
8 0.00909087
9 0.00784314
10 0.00784314
11 0.00784314
12 0.234581
13 0.22959
14 0.160428
15 0.176471
16 0.176471
17 0.176471
18 0.15508
19 0.519786
20 0.643137
21 0.233868
22 0.436364
23 0
24 0
25 0.796435
26 0.406061
27 0.983009
28 0.835708
29 0.85119
30 0.99895
31 0.658971
32 0.967294
33 0.012633
34 0.995891
35 0.999686
36 0.96961
37 0.99823
38 0.986117
39 0.999222
40 0.999251
41 0.998974
42 0.999888
43 0.997533
44 0.996893
45 0.993533
46 0.994588
47 0.99401
48 0.337806
49 0.728661
50 0.848902
51 0.11843
52 0.280065
53 0.719953
54 0.161105
55 0.381775
56 0.999914
57 0.99998
58 0.99991
59 0.999369
60 0.999828
61 0.999606
62 0.999456
63 0.999753
64 0.97514
65 0.921497
66 0.886723
67 0.889029
68 0.778553
69 0.900966
70 0.962511
71 0.935379
72 0.825994
73 0.91633
74 0.395756
75 0.306055
76 0.600409
77 0.92291
78 0.736078
79 0.18779
80 0.857866
81 0.4012
82 0.670295
83 0.359924
84 0.740443
85 0.871719
86 0.547041
87 0.927962
88 0.816493
89 0.883546
90 0.139227
91 0.944451
92 0.165364
93 0.862835
94 0.668059
95 0.529584
96 0.478027
97 0.488971
98 0.765993
99 0.636143
100 0.339127
101 0.564158
102 0.497847
103 0.746017
104 0.997503
105 0.997839
106 0.939628
0 0.703522
1 0.523549
2 0.0698752
3 0.054902
4 0.291979
5 0.124064
6 0.500535
7 0.772906
8 0.686274
9 0.00392157
10 0.0317291
11 0.054902
12 0.054902
13 0.054902
14 0.0484848
15 0.0196078
16 0.0110517
17 0.00784314
18 0.00784314
19 0.736185
20 0.898039
21 0.438859
22 0.176471
23 0.176471
24 0.176471
25 0.402852
26 0.919786
27 0.987279
28 0.781556
29 0.874285
30 0.999311
31 0.612141
32 0.891004
33 0.0296862
34 0.995168
35 0.99988
36 0.914969
37 0.999567
38 0.994788
39 0.996898
40 0.999435
41 0.999169
42 0.999865
43 0.996174
44 0.998591
45 0.987933
46 0.997518
47 0.997866
48 0.496068
49 0.774705
50 0.924931
51 0.182083
52 0.428963
53 0.331643
54 0.325256
55 0.180585
56 0.999983
57 0.999888
58 0.999979
59 0.999053
60 0.999564
61 0.999086
62 0.999203
63 0.999778
64 0.984722
65 0.8908
66 0.925847
67 0.446091
68 0.829007
69 0.632802
70 0.785064
71 0.902004
72 0.492854
73 0.902314
74 0.413671
75 0.568762
76 0.804844
77 0.866866
78 0.74234
79 0.738809
80 0.775869
81 0.848403
82 0.851523
83 0.629069
84 0.332659
85 0.944848
86 0.83472
87 0.940161
88 0.927101
89 0.904991
90 0.387082
91 0.917881
92 0.360704
93 0.626897
94 0.562543
95 0.52446
96 0.34079
97 0.787205
98 0.680279
99 0.872752
100 0.360864
101 0.739305
102 0.57979
103 0.601259
104 0.999379
105 0.998338
106 0.975905
0 0.380478
1 0.516278
2 0.862745
3 0.849911
4 0.316221
5 0.164706
6 0.164706
7 0.111408
8 0.0745098
9 0.0117647
10 0.0117647
11 0.0117647
12 0.309804
13 0.831373
14 0.0791444
15 0.00392157
16 0.00392157
17 0.00392157
18 0.00392157
19 0.00392157
20 0.00392157
21 0.0488414
22 0.0745098
23 0.0745098
24 0.026025
25 0.925134
26 0.659537
27 0.989531
28 0.82852
29 0.928876
30 0.999345
31 0.592344
32 0.837213
33 0.0635437
34 0.973622
35 0.998857
36 0.694492
37 0.998666
38 0.983508
39 0.999279
40 0.999743
41 0.999801
42 0.999946
43 0.996709
44 0.999469
45 0.991456
46 0.997815
47 0.995921
48 0.492654
49 0.486364
50 0.871969
51 0.0826388
52 0.212245
53 0.203231
54 0.081971
55 0.257065
56 0.999976
57 0.999992
58 0.999997
59 0.999723
60 0.999819
61 0.999208
62 0.998145
63 0.999839
64 0.998943
65 0.931626
66 0.976152
67 0.853011
68 0.986968
69 0.954661
70 0.995141
71 0.989939
72 0.878944
73 0.971976
74 0.729067
75 0.756617
76 0.863665
77 0.969124
78 0.819652
79 0.151871
80 0.883083
81 0.584142
82 0.66317
83 0.567909
84 0.446134
85 0.905687
86 0.96394
87 0.96701
88 0.927795
89 0.753398
90 0.5162
91 0.924213
92 0.572803
93 0.801968
94 0.690566
95 0.677762
96 0.530011
97 0.715669
98 0.900252
99 0.773792
100 0.407022
101 0.777142
102 0.299855
103 0.553497
104 0.997101
105 0.993495
106 0.95615
0 0.22801
1 0.509091
2 0.952941
3 0.93369
4 0.905882
5 0.905882
6 0.882709
7 0.172906
8 0.109804
9 0.952941
10 0.952941
11 0.952941
12 0.610695
13 0.0117647
14 0.0117647
15 0.0117647
16 0.0117647
17 0.0117647
18 0.0117647
19 0.083779
20 0.513012
21 0.00392157
22 0.00392157
23 0.00392157
24 0.00392157
25 0.886631
26 0.918717
27 0.914812
28 0.570599
29 0.800765
30 0.999709
31 0.534443
32 0.743339
33 0.0487059
34 0.98897
35 0.999448
36 0.91455
37 0.998417
38 0.966391
39 0.99971
40 0.999775
41 0.999707
42 0.999968
43 0.998412
44 0.99817
45 0.995072
46 0.991766
47 0.996834
48 0.575585
49 0.62423
50 0.808154
51 0.0995441
52 0.534241
53 0.181351
54 0.29283
55 0.343494
56 0.999998
57 0.999998
58 0.999999
59 0.999976
60 0.999985
61 0.999618
62 0.9996
63 0.999912
64 0.999451
65 0.986478
66 0.972168
67 0.880517
68 0.981123
69 0.969494
70 0.995659
71 0.994048
72 0.862501
73 0.984562
74 0.952986
75 0.720268
76 0.936007
77 0.98409
78 0.852
79 0.238912
80 0.90265
81 0.598961
82 0.840549
83 0.809252
84 0.480178
85 0.980751
86 0.956261
87 0.955712
88 0.958001
89 0.927072
90 0.110871
91 0.97867
92 0.359309
93 0.695673
94 0.684404
95 0.51174
96 0.414119
97 0.74815
98 0.834018
99 0.666264
100 0.452111
101 0.867041
102 0.897721
103 0.694759
104 0.999757
105 0.996882
106 0.9845
0 0.77354
1 0.502006
2 0.38877
3 0.976471
4 0.883779
5 0.813904
6 0.975936
7 0.894118
8 0.894117
9 0.0770053
10 0.53262
11 0.976471
12 0.976471
13 0.976471
14 0.801069
15 0.0117647
16 0.0117647
17 0.00962567
18 0.00392157
19 0.00463458
20 0.0117647
21 0.0117647
22 0.0117647
23 0.0117647
24 0.0117647
25 0.806417
26 0.892335
27 0.998501
28 0.951966
29 0.930233
30 0.999849
31 0.8075
32 0.650061
33 0.0892491
34 0.991872
35 0.999744
36 0.850448
37 0.999702
38 0.995529
39 0.999846
40 0.999918
41 0.999848
42 0.999971
43 0.999167
44 0.999826
45 0.997535
46 0.997837
47 0.997924
48 0.274742
49 0.594655
50 0.801391
51 0.088891
52 0.236703
53 0.224768
54 0.077028
55 0.581249
56 0.999999
57 1
58 0.999999
59 0.999899
60 0.99998
61 0.999953
62 0.999913
63 0.999979
64 0.998844
65 0.968913
66 0.991549
67 0.837581
68 0.993265
69 0.966333
70 0.997204
71 0.978684
72 0.962768
73 0.997449
74 0.896114
75 0.895444
76 0.97285
77 0.99116
78 0.899255
79 0.421606
80 0.938759
81 0.348
82 0.629535
83 0.574908
84 0.588209
85 0.927447
86 0.940325
87 0.962893
88 0.91861
89 0.957196
90 0.712467
91 0.990932
92 0.943238
93 0.875621
94 0.731605
95 0.901049
96 0.812313
97 0.924782
98 0.930559
99 0.974555
100 0.581821
101 0.933065
102 0.463446
103 0.856563
104 0.99904
105 0.999006
106 0.997443
0 0.0947859
1 0.495078
2 0.969875
3 0.913725
4 0.913726
5 0.913725
6 0.913725
7 0.981462
8 0.988235
9 0.972549
10 0.972549
11 0.186453
12 0.0117647
13 0.0117647
14 0.0117647
15 0.0117647
16 0.0117647
17 0.0117647
18 0.0117647
19 0.0117647
20 0.00891266
21 0.00392157
22 0.00392157
23 0.00392157
24 0.00392157
25 0.958289
26 0.97861
27 0.936989
28 0.713719
29 0.837886
30 0.999827
31 0.64206
32 0.942377
33 0.0491389
34 0.98584
35 0.999333
36 0.970548
37 0.998652
38 0.977229
39 0.999882
40 0.999805
41 0.999854
42 0.999983
43 0.999314
44 0.999103
45 0.997881
46 0.992697
47 0.999141
48 0.371137
49 0.629568
50 0.748773
51 0.0458448
52 0.650726
53 0.284833
54 0.204099
55 0.164105
56 0.999999
57 0.999999
58 0.999998
59 0.999981
60 0.999995
61 0.999934
62 0.999949
63 0.999977
64 0.997491
65 0.979913
66 0.965702
67 0.852767
68 0.971182
69 0.9574
70 0.986047
71 0.991899
72 0.814742
73 0.994709
74 0.952138
75 0.72457
76 0.930647
77 0.989399
78 0.759593
79 0.425826
80 0.865402
81 0.4777
82 0.806915
83 0.651841
84 0.669331
85 0.983332
86 0.951617
87 0.970988
88 0.908605
89 0.962543
90 0.0828229
91 0.991104
92 0.240021
93 0.809127
94 0.724021
95 0.376329
96 0.681926
97 0.619948
98 0.894466
99 0.732528
100 0.550225
101 0.853956
102 0.929701
103 0.863963
104 0.999856
105 0.999306
106 0.997191
0 0.505419
1 0.48735
2 0
3 0.649554
4 0.968093
5 0.964706
6 0.964706
7 0.964706
8 0.964706
9 0
10 0
11 0.0506239
12 0.706595
13 0.968627
14 0.968627
15 0.53369
16 0.0117647
17 0.0117647
18 0.0117647
19 0.0117647
20 0.0117647
21 0.0117647
22 0.0117647
23 0.0117647
24 0.0117647
25 0.615686
26 0.94902
27 0.996787
28 0.976691
29 0.854496
30 0.999503
31 0.744159
32 0.755512
33 0.153295
34 0.992318
35 0.999813
36 0.935653
37 0.999676
38 0.995219
39 0.999873
40 0.999899
41 0.99982
42 0.999975
43 0.999491
44 0.999786
45 0.99816
46 0.998146
47 0.998089
48 0.270781
49 0.52314
50 0.73533
51 0.0504591
52 0.181482
53 0.125024
54 0.0559883
55 0.170804
56 0.999998
57 0.999999
58 0.999999
59 0.999865
60 0.999982
61 0.999959
62 0.999967
63 0.999986
64 0.998056
65 0.969485
66 0.987621
67 0.879365
68 0.966021
69 0.93655
70 0.993564
71 0.971787
72 0.950803
73 0.995995
74 0.907391
75 0.882801
76 0.972249
77 0.98426
78 0.725348
79 0.396393
80 0.870304
81 0.469832
82 0.626486
83 0.477799
84 0.559796
85 0.923474
86 0.89749
87 0.949918
88 0.799062
89 0.948008
90 0.484348
91 0.994271
92 0.798486
93 0.84888
94 0.599625
95 0.861338
96 0.726314
97 0.827655
98 0.855531
99 0.978908
100 0.617603
101 0.883356
102 0.573047
103 0.812261
104 0.999404
105 0.998877
106 0.997465
0 0.921089
1 0.479769
2 0.936542
3 0.921569
4 0.921569
5 0.921568
6 0.921568
7 0.921569
8 0.921568
9 0.707665
10 0.0117647
11 0.0117647
12 0.0117647
13 0.0117647
14 0.0117647
15 0.0117647
16 0.0117647
17 0.0117647
18 0.0117647
19 0.0117647
20 0.0117647
21 0.0117647
22 0.0117647
23 0.0117647
24 0.0117647
25 0.897326
26 0.890196
27 0.976261
28 0.902089
29 0.757331
30 0.999846
31 0.656561
32 0.945147
33 0.0269603
34 0.990234
35 0.999338
36 0.9357
37 0.999213
38 0.971388
39 0.999843
40 0.99956
41 0.999777
42 0.999972
43 0.999175
44 0.999014
45 0.997836
46 0.995072
47 0.998756
48 0.181192
49 0.629446
50 0.692572
51 0.0222446
52 0.224485
53 0.221245
54 0.153136
55 0.197211
56 0.999996
57 0.999999
58 0.999995
59 0.999916
60 0.999981
61 0.999937
62 0.999882
63 0.999963
64 0.984461
65 0.946744
66 0.920899
67 0.77583
68 0.904395
69 0.939587
70 0.972825
71 0.969791
72 0.871484
73 0.994819
74 0.756662
75 0.547038
76 0.809558
77 0.97266
78 0.812242
79 0.310928
80 0.841002
81 0.348149
82 0.774007
83 0.306208
84 0.633677
85 0.955765
86 0.927853
87 0.974597
88 0.882561
89 0.920835
90 0.1331
91 0.986459
92 0.535674
93 0.881222
94 0.646188
95 0.648082
96 0.738333
97 0.755326
98 0.714885
99 0.836611
100 0.520637
101 0.788655
102 0.660653
103 0.850506
104 0.999677
105 0.999538
106 0.998533
0 0.369012
1 0.470708
2 0.0352941
3 0.0352941
4 0.438859
5 0.917647
6 0.917647
7 0.917647
8 0.917647
9 0.156863
10 0.156863
11 0.156863
12 0.156863
13 0.156863
14 0.195365
15 0.522995
16 0.0117647
17 0.0117647
18 0.0117647
19 0.0117647
20 0.0117647
21 0.0117647
22 0.0117647
23 0.0117647
24 0.0117647
25 0.587166
26 0.964706
27 0.988812
28 0.924718
29 0.728659
30 0.999636
31 0.735727
32 0.776506
33 0.0423733
34 0.983755
35 0.99952
36 0.925677
37 0.998595
38 0.985164
39 0.999786
40 0.999703
41 0.999804
42 0.999961
43 0.999288
44 0.999517
45 0.998072
46 0.995758
47 0.99752
48 0.173038
49 0.530166
50 0.542364
51 0.0321572
52 0.112762
53 0.0789379
54 0.0450522
55 0.0852839
56 0.999995
57 0.999997
58 0.999997
59 0.999848
60 0.999946
61 0.999903
62 0.999919
63 0.999985
64 0.997191
65 0.966575
66 0.977625
67 0.861543
68 0.958163
69 0.923025
70 0.979088
71 0.955632
72 0.91084
73 0.994674
74 0.848658
75 0.7166
76 0.904139
77 0.97056
78 0.695784
79 0.404982
80 0.801415
81 0.431987
82 0.60658
83 0.341776
84 0.497224
85 0.921346
86 0.842828
87 0.904851
88 0.711641
89 0.916058
90 0.306312
91 0.988634
92 0.452221
93 0.74295
94 0.489545
95 0.5769
96 0.549788
97 0.666475
98 0.555861
99 0.889136
100 0.354407
101 0.662193
102 0.554558
103 0.702477
104 0.999313
105 0.999042
106 0.998
0 0.437715
1 0.460396
2 0.625668
3 0.917647
4 0.917647
5 0.917647
6 0.917647
7 0.917647
8 0.917647
9 0.00320856
10 0.0117647
11 0.0117647
12 0.0117647
13 0.0117647
14 0.0117647
15 0.0117647
16 0.0117647
17 0.0117647
18 0.0117647
19 0.0117647
20 0.0117647
21 0.0117647
22 0.0117647
23 0.0117647
24 0.0117647
25 0.805704
26 0.886275
27 0.990905
28 0.855903
29 0.631157
30 0.999609
31 0.731805
32 0.576814
33 0.0288408
34 0.984119
35 0.999128
36 0.846352
37 0.997613
38 0.968788
39 0.9994
40 0.999427
41 0.999555
42 0.999905
43 0.998023
44 0.999017
45 0.994119
46 0.993282
47 0.993198
48 0.131429
49 0.431579
50 0.451253
51 0.0197026
52 0.0716558
53 0.0358036
54 0.031877
55 0.0697957
56 0.999994
57 0.999996
58 0.999996
59 0.999771
60 0.999934
61 0.999803
62 0.999915
63 0.999975
64 0.994995
65 0.948034
66 0.97237
67 0.732831
68 0.948451
69 0.854102
70 0.96231
71 0.948617
72 0.868037
73 0.991759
74 0.733055
75 0.697548
76 0.892192
77 0.94914
78 0.549894
79 0.317527
80 0.678523
81 0.347115
82 0.516137
83 0.212138
84 0.33373
85 0.850005
86 0.785904
87 0.899312
88 0.718725
89 0.897172
90 0.321961
91 0.98307
92 0.330554
93 0.678236
94 0.395249
95 0.415879
96 0.329662
97 0.482746
98 0.449148
99 0.717719
100 0.228618
101 0.511664
102 0.35494
103 0.469525
104 0.998551
105 0.997943
106 0.996513
0 0.282766
1 0.451868
2 0.862745
3 0.862745
4 0.862745
5 0.862745
6 0.862745
7 0.862746
8 0.862745
9 0.0117647
10 0.0117647
11 0.0117647
12 0.0117647
13 0.0117647
14 0.0117647
15 0.0117647
16 0.0117647
17 0.0117647
18 0.0117647
19 0.0117647
20 0.0117647
21 0.0117647
22 0.0117647
23 0.0117647
24 0.0117647
25 0.972549
26 0.972549
27 0.89905
28 0.0936395
29 0.37862
30 0.999435
31 0.712156
32 0.552583
33 0.0123159
34 0.998007
35 0.991814
36 0.42991
37 0.996768
38 0.955884
39 0.996693
40 0.998301
41 0.99766
42 0.999641
43 0.993132
44 0.986269
45 0.977575
46 0.991975
47 0.991669
48 0.857639
49 0.678914
50 0.497738
51 0.160609
52 0.40458
53 0.405168
54 0.362687
55 0.723234
56 0.999908
57 0.99997
58 0.999987
59 0.999136
60 0.999712
61 0.997014
62 0.997737
63 0.998937
64 0.999017
65 0.860118
66 0.982047
67 0.834145
68 0.947163
69 0.804906
70 0.988455
71 0.98241
72 0.749921
73 0.676457
74 0.0598261
75 0.459201
76 0.747734
77 0.881957
78 0.0621897
79 0.0163447
80 0.978455
81 0.411776
82 0.600219
83 0.382977
84 0.58801
85 0.805451
86 0.895372
87 0.987147
88 0.95164
89 0.758769
90 0.0254555
91 0.784543
92 0.251834
93 0.391218
94 0.346947
95 0.203304
96 0.0478222
97 0.291407
98 0.323999
99 0.194555
100 0.351489
101 0.64739
102 0.322067
103 0.222936
104 0.975828
105 0.977953
106 0.738554
0 0.897931
1 0.44188
2 0.968627
3 0.31836
4 0.0745098
5 0.231372
6 0.951515
7 0.727273
8 0
9 0.968627
10 0.968627
11 0.917647
12 0.407843
13 0.407843
14 0.407843
15 0.407843
16 0.407843
17 0.552228
18 0.937255
19 0.942959
20 1
21 1
22 0.0909091
23 0
24 0
25 0.896257
26 0.606061
27 0.96909
28 0.507722
29 0.946763
30 0.999207
31 0.749628
32 0.721995
33 0.0350339
34 0.993907
35 0.99947
36 0.917275
37 0.998125
38 0.980917
39 0.99121
40 0.99848
41 0.996777
42 0.999226
43 0.942728
44 0.990789
45 0.951874
46 0.983329
47 0.983452
48 0.606795
49 0.883449
50 0.973524
51 0.64529
52 0.841849
53 0.702784
54 0.440937
55 0.709589
56 0.999991
57 0.99997
58 0.999914
59 0.999382
60 0.999672
61 0.998429
62 0.998426
63 0.999753
64 0.992845
65 0.930012
66 0.970696
67 0.784107
68 0.970468
69 0.919628
70 0.962181
71 0.973485
72 0.892737
73 0.829811
74 0.469225
75 0.686608
76 0.780063
77 0.921427
78 0.436527
79 0.157809
80 0.572467
81 0.677121
82 0.523925
83 0.367204
84 0.481015
85 0.732843
86 0.830346
87 0.727004
88 0.792691
89 0.935085
90 0.416556
91 0.969454
92 0.292372
93 0.625132
94 0.268444
95 0.394311
96 0.469064
97 0.313191
98 0.459274
99 0.389564
100 0.270869
101 0.479653
102 0.39201
103 0.506043
104 0.994281
105 0.971464
106 0.831709
0 0.679016
1 0.433874
2 0.415686
3 0.415686
4 0.415686
5 0.890553
6 0.506239
7 0.0980393
8 0.0980392
9 0.415686
10 0.415686
11 0.415686
12 0.415686
13 0.415686
14 0.415686
15 0.415686
16 0.116221
17 0.00392157
18 0.00392157
19 0.334403
20 0.407843
21 0.407843
22 0.407843
23 0.407843
24 0.407843
25 0.467023
26 0.903387
27 0.991184
28 0.342118
29 0.975595
30 0.999876
31 0.444436
32 0.742691
33 0.0373355
34 0.998749
35 0.999848
36 0.87416
37 0.999679
38 0.996644
39 0.99509
40 0.999365
41 0.997633
42 0.999692
43 0.987077
44 0.997747
45 0.983875
46 0.997148
47 0.992988
48 0.862514
49 0.906875
50 0.963852
51 0.595449
52 0.843794
53 0.755116
54 0.493973
55 0.74032
56 0.999988
57 0.99999
58 0.999991
59 0.999784
60 0.999847
61 0.999784
62 0.998752
63 0.999586
64 0.97509
65 0.770714
66 0.921702
67 0.248706
68 0.822975
69 0.770125
70 0.956701
71 0.930579
72 0.451509
73 0.630796
74 0.128257
75 0.354139
76 0.644313
77 0.782561
78 0.412933
79 0.28544
80 0.932258
81 0.508296
82 0.775305
83 0.425399
84 0.515946
85 0.949177
86 0.881949
87 0.986572
88 0.946714
89 0.97569
90 0.386552
91 0.9738
92 0.880368
93 0.716709
94 0.77
95 0.772852
96 0.424193
97 0.910601
98 0.838806
99 0.823361
100 0.677044
101 0.886957
102 0.700672
103 0.674016
104 0.996974
105 0.994286
106 0.904482
0 0.783809
1 0.425349
2 0.934581
3 0.054902
4 0.054902
5 0.054902
6 0.054902
7 0.126738
8 0.176471
9 0.976471
10 0.976471
11 0.51123
12 0.407843
13 0.407843
14 0.407843
15 0.407843
16 0.407843
17 0.407843
18 0.407843
19 0.407843
20 0.407843
21 0.260606
22 0.176471
23 0.176471
24 0.176471
25 0.742602
26 0.437433
27 0.996859
28 0.962316
29 0.985097
30 0.999697
31 0.798313
32 0.919532
33 0.0658182
34 0.989524
35 0.999678
36 0.95459
37 0.998757
38 0.996025
39 0.999388
40 0.999792
41 0.99984
42 0.99998
43 0.998334
44 0.999815
45 0.998528
46 0.998856
47 0.999493
48 0.347501
49 0.876345
50 0.954698
51 0.492716
52 0.769233
53 0.464251
54 0.144776
55 0.196007
56 0.999997
57 0.999994
58 0.999996
59 0.999816
60 0.999846
61 0.999932
62 0.999824
63 0.999945
64 0.997715
65 0.959185
66 0.964944
67 0.893432
68 0.960557
69 0.9268
70 0.979128
71 0.983724
72 0.91517
73 0.914941
74 0.505451
75 0.746059
76 0.73698
77 0.944767
78 0.423918
79 0.260167
80 0.693524
81 0.889941
82 0.896052
83 0.375614
84 0.569281
85 0.943184
86 0.943026
87 0.867405
88 0.70239
89 0.930444
90 0.684701
91 0.984499
92 0.389501
93 0.916334
94 0.836639
95 0.890624
96 0.910422
97 0.736467
98 0.81289
99 0.939308
100 0.846701
101 0.650017
102 0.891082
103 0.78773
104 0.99912
105 0.995963
106 0.99204
0 0.809733
1 0.418497
2 0.796078
3 0.796078
4 0.796079
5 0.796078
6 0.796078
7 0.0795011
8 0.00784314
9 0.00392157
10 0.00392157
11 0.00392157
12 0.00392157
13 0.00392157
14 0.00392157
15 0.00392157
16 0.00392157
17 0.00392157
18 0.00392157
19 0.00392157
20 0.150802
21 0.407843
22 0.407843
23 0.407843
24 0.407843
25 0.996078
26 0.848485
27 0.997195
28 0.961171
29 0.91153
30 0.999951
31 0.686455
32 0.993147
33 0.0718238
34 0.998839
35 0.999976
36 0.988255
37 0.999932
38 0.998472
39 0.999521
40 0.999826
41 0.999849
42 0.999991
43 0.999155
44 0.999761
45 0.998841
46 0.999356
47 0.99978
48 0.57962
49 0.945865
50 0.980944
51 0.221982
52 0.43539
53 0.613952
54 0.457852
55 0.385605
56 0.999993
57 0.999995
58 0.999997
59 0.99982
60 0.999938
61 0.999952
62 0.999902
63 0.999949
64 0.903932
65 0.883249
66 0.854859
67 0.289505
68 0.690221
69 0.797444
70 0.782847
71 0.857398
72 0.600707
73 0.942282
74 0.324943
75 0.280388
76 0.386616
77 0.897917
78 0.902243
79 0.76093
80 0.965374
81 0.83291
82 0.976572
83 0.488983
84 0.796803
85 0.991364
86 0.950835
87 0.991825
88 0.965791
89 0.982369
90 0.691976
91 0.993798
92 0.86267
93 0.938654
94 0.88266
95 0.932104
96 0.883132
97 0.906662
98 0.870396
99 0.938813
100 0.815878
101 0.897876
102 0.816465
103 0.93742
104 0.999814
105 0.999844
106 0.998966
0 0.202405
1 0.411111
2 0.0352941
3 0.0352941
4 0.0352941
5 0.0352941
6 0.0352941
7 0.0352941
8 0.0352941
9 0.00392157
10 0.00392157
11 0.00392157
12 0.00392157
13 0.00392157
14 0.00392157
15 0.00392157
16 0.00392157
17 0.00392157
18 0.00392157
19 0.00392157
20 0.00392157
21 0.00392157
22 0.00392157
23 0.00392157
24 0.00392157
25 0.996078
26 0.996078
27 0.987698
28 0.923962
29 0.89512
30 0.999702
31 0.370963
32 0.994103
33 0.0345033
34 0.996245
35 0.99991
36 0.980509
37 0.99989
38 0.996306
39 0.999724
40 0.999915
41 0.999898
42 0.999994
43 0.999614
44 0.999691
45 0.999026
46 0.999634
47 0.999859
48 0.549097
49 0.881336
50 0.965648
51 0.246767
52 0.493963
53 0.631252
54 0.337405
55 0.226227
56 0.999973
57 0.999983
58 0.999987
59 0.999326
60 0.999593
61 0.999876
62 0.999533
63 0.999765
64 0.93016
65 0.898908
66 0.787439
67 0.357215
68 0.544865
69 0.774239
70 0.729431
71 0.821112
72 0.587987
73 0.911573
74 0.277213
75 0.227904
76 0.27609
77 0.848596
78 0.815961
79 0.414966
80 0.965058
81 0.864273
82 0.977967
83 0.551783
84 0.72341
85 0.98993
86 0.957492
87 0.987096
88 0.909618
89 0.928737
90 0.25764
91 0.951673
92 0.466507
93 0.840644
94 0.785023
95 0.714713
96 0.791014
97 0.704095
98 0.754028
99 0.787951
100 0.676957
101 0.663898
102 0.69707
103 0.813143
104 0.99977
105 0.999571
106 0.994131
0 0.70539
1 0.404059
2 0
3 0
4 0
5 0
6 0
7 0
8 0
9 0.00392157
10 0.00392157
11 0.00392157
12 0.00392157
13 0.00392157
14 0.00392157
15 0.00392157
16 0.00392157
17 0.00392157
18 0.00392157
19 0.00392157
20 0.00392157
21 0.00392157
22 0.00392157
23 0.00392157
24 0.00392157
25 1
26 1
27 0.970815
28 0.921677
29 0.958819
30 0.999728
31 0.360058
32 0.995527
33 0.0620764
34 0.99237
35 0.999575
36 0.971494
37 0.999258
38 0.994649
39 0.999435
40 0.999658
41 0.999911
42 0.999985
43 0.998976
44 0.999391
45 0.998537
46 0.999092
47 0.999761
48 0.447748
49 0.885007
50 0.946874
51 0.23832
52 0.386658
53 0.769897
54 0.372226
55 0.162517
56 0.999957
57 0.999943
58 0.999905
59 0.999167
60 0.999462
61 0.999726
62 0.99894
63 0.999795
64 0.838685
65 0.746386
66 0.537497
67 0.456144
68 0.333305
69 0.747335
70 0.544485
71 0.647482
72 0.399705
73 0.843579
74 0.302007
75 0.13296
76 0.168535
77 0.81923
78 0.936308
79 0.787512
80 0.901405
81 0.752506
82 0.881599
83 0.413341
84 0.725603
85 0.974701
86 0.79515
87 0.94896
88 0.708095
89 0.864798
90 0.174298
91 0.945683
92 0.444578
93 0.512625
94 0.55955
95 0.744051
96 0.678042
97 0.7893
98 0.528827
99 0.809821
100 0.323946
101 0.768767
102 0.436379
103 0.746078
104 0.999583
105 0.999424
106 0.99335
0 0.133358
1 0.397033
2 0
3 0
4 0
5 0
6 0
7 0
8 0
9 0
10 0
11 0
12 0
13 0
14 0
15 0
16 0
17 0
18 0
19 0
20 0
21 0
22 0
23 0
24 0
25 0
26 0
27 0.891729
28 0.790774
29 0.898575
30 0.996968
31 0.318055
32 0.981944
33 0.0325693
34 0.966427
35 0.998522
36 0.883611
37 0.997027
38 0.959216
39 0.999318
40 0.998684
41 0.999746
42 0.999948
43 0.997988
44 0.997889
45 0.996425
46 0.998327
47 0.997866
48 0.292538
49 0.666589
50 0.932125
51 0.143652
52 0.215328
53 0.747198
54 0.354646
55 0.108784
56 0.999781
57 0.999929
58 0.999824
59 0.997781
60 0.999006
61 0.999155
62 0.995388
63 0.998636
64 0.817041
65 0.774392
66 0.612429
67 0.470156
68 0.389461
69 0.727904
70 0.62308
71 0.613734
72 0.697002
73 0.836843
74 0.179822
75 0.154304
76 0.143607
77 0.662547
78 0.724443
79 0.281471
80 0.815287
81 0.614091
82 0.852012
83 0.459509
84 0.664656
85 0.959989
86 0.733952
87 0.913196
88 0.571225
89 0.60283
90 0.0763717
91 0.919258
92 0.133976
93 0.309749
94 0.318269
95 0.324037
96 0.397564
97 0.15731
98 0.186444
99 0.439346
100 0.277676
101 0.145567
102 0.504211
103 0.558862
104 0.99682
105 0.997875
106 0.90193
0 0.57159
1 0.388911
2 0
3 0
4 0
5 0.0901961
6 0.180392
7 0.180392
8 0.180392
9 0
10 0
11 0
12 0
13 0
14 0
15 0
16 0
17 0.215686
18 0.215686
19 0.215686
20 0.215686
21 0.215686
22 0.215686
23 0.215686
24 0.215686
25 0
26 0.996078
27 0.928571
28 0.326761
29 0.750816
30 0.996537
31 0.281323
32 0.820396
33 0.023241
34 0.967424
35 0.997529
36 0.787016
37 0.992944
38 0.898739
39 0.996884
40 0.994194
41 0.998202
42 0.999786
43 0.984872
44 0.987198
45 0.970385
46 0.994424
47 0.979184
48 0.329965
49 0.698559
50 0.921802
51 0.17017
52 0.24302
53 0.704277
54 0.447007
55 0.268576
56 0.999499
57 0.999698
58 0.999553
59 0.995541
60 0.997226
61 0.997734
62 0.994692
63 0.997064
64 0.712456
65 0.655361
66 0.644436
67 0.362703
68 0.384331
69 0.53816
70 0.4598
71 0.599492
72 0.627195
73 0.844385
74 0.127832
75 0.168408
76 0.236662
77 0.735163
78 0.544528
79 0.410853
80 0.629096
81 0.43635
82 0.754948
83 0.259492
84 0.398418
85 0.872246
86 0.612658
87 0.811773
88 0.728838
89 0.524146
90 0.111846
91 0.903509
92 0.108546
93 0.14847
94 0.122141
95 0.149101
96 0.148763
97 0.190118
98 0.087052
99 0.306848
100 0.0916554
101 0.105815
102 0.216072
103 0.310108
104 0.983227
105 0.991305
106 0.681196
0 0.0485953
1 0.381969
2 0
3 0
4 0.0713013
5 0.156863
6 0.156863
7 0.156863
8 0.156863
9 0
10 0
11 0
12 0
13 0
14 0.0392157
15 0.215686
16 0.215686
17 0.215686
18 0.215686
19 0.215686
20 0.215686
21 0.215686
22 0.215686
23 0.215686
24 0.215686
25 0.271658
26 0.996078
27 0.852504
28 0.250071
29 0.652315
30 0.984436
31 0.0933719
32 0.445167
33 0.00972354
34 0.921768
35 0.990101
36 0.608403
37 0.980651
38 0.75554
39 0.986173
40 0.965684
41 0.986836
42 0.998031
43 0.91399
44 0.914742
45 0.875974
46 0.978208
47 0.874944
48 0.258927
49 0.315441
50 0.714408
51 0.172032
52 0.164058
53 0.647747
54 0.23325
55 0.138165
56 0.998926
57 0.99939
58 0.997988
59 0.987555
60 0.994489
61 0.995107
62 0.979442
63 0.988735
64 0.463658
65 0.408696
66 0.391038
67 0.235179
68 0.157151
69 0.423922
70 0.236918
71 0.383541
72 0.545081
73 0.327807
74 0.0734621
75 0.0730037
76 0.106485
77 0.383983
78 0.325408
79 0.147277
80 0.298418
81 0.194945
82 0.36296
83 0.135987
84 0.1973
85 0.53612
86 0.312444
87 0.515036
88 0.292602
89 0.410584
90 0.0447944
91 0.870834
92 0.031246
93 0.0801492
94 0.0431249
95 0.0600079
96 0.0734899
97 0.0615471
98 0.0481171
99 0.105327
100 0.0411829
101 0.0701046
102 0.117837
103 0.140243
104 0.934951
105 0.95167
106 0.269264
0 0.966461
1 0.374771
2 0
3 0
4 0
5 0.0607843
6 0.121569
7 0.121569
8 0.121569
9 0
10 0
11 0
12 0
13 0
14 0
15 0
16 0
17 0.215686
18 0.215686
19 0.215686
20 0.215686
21 0.215686
22 0.215686
23 0.215686
24 0.215686
25 0
26 0.996078
27 0.477104
28 0.0361606
29 0.186246
30 0.895881
31 0.0448054
32 0.0639311
33 0.00707913
34 0.450978
35 0.599441
36 0.0505402
37 0.569017
38 0.0717906
39 0.945664
40 0.791283
41 0.838809
42 0.981992
43 0.709346
44 0.708068
45 0.724394
46 0.876139
47 0.506514
48 0.134525
49 0.0610477
50 0.181923
51 0.0906025
52 0.127559
53 0.232845
54 0.112505
55 0.103847
56 0.985908
57 0.987222
58 0.976844
59 0.89733
60 0.919499
61 0.876511
62 0.853725
63 0.736383
64 0.309235
65 0.100707
66 0.269822
67 0.076288
68 0.0763544
69 0.129387
70 0.107163
71 0.380929
72 0.204449
73 0.108297
74 0.0407413
75 0.115997
76 0.102583
77 0.129731
78 0.0737526
79 0.110982
80 0.0861555
81 0.0747227
82 0.107081
83 0.0559641
84 0.0400636
85 0.110604
86 0.119505
87 0.154577
88 0.0743868
89 0.0642019
90 0.00408732
91 0.241445
92 0.00687348
93 0.0291913
94 0.0188459
95 0.0225188
96 0.0201577
97 0.0314013
98 0.0158257
99 0.0373303
100 0.0352426
101 0.0168446
102 0.0623447
103 0.0297958
104 0.596063
105 0.597913
106 0.0523373
0 0.933112
1 0.367795
2 0
3 0.0124777
4 0.137255
5 0.137255
6 0.137255
7 0.137255
8 0.137255
9 0
10 0
11 0
12 0
13 0.137255
14 0.215686
15 0.215686
16 0.215686
17 0.215686
18 0.215686
19 0.215686
20 0.215686
21 0.215686
22 0.215686
23 0.215686
24 0.215686
25 0.452763
26 0.996078
27 0.399825
28 0.0122051
29 0.0345058
30 0.413543
31 0.0902839
32 0.0137055
33 0.00663744
34 0.213936
35 0.117991
36 0.0197054
37 0.198855
38 0.0154515
39 0.770124
40 0.550346
41 0.454372
42 0.788477
43 0.44018
44 0.526406
45 0.603834
46 0.596695
47 0.224
48 0.0971661
49 0.0311321
50 0.0731805
51 0.0821297
52 0.0938787
53 0.0735465
54 0.0794113
55 0.248701
56 0.72051
57 0.700166
58 0.728074
59 0.260541
60 0.369568
61 0.15356
62 0.336529
63 0.0609847
64 0.39761
65 0.144904
66 0.429707
67 0.0659914
68 0.26418
69 0.0853251
70 0.146645
71 0.520657
72 0.374211
73 0.106435
74 0.0732066
75 0.311327
76 0.241253
77 0.0966377
78 0.0652422
79 0.130086
80 0.037774
81 0.0511448
82 0.0272408
83 0.0515889
84 0.00748496
85 0.0361604
86 0.0590243
87 0.0673667
88 0.0765738
89 0.00941205
90 0.00459479
91 0.0123361
92 0.00392618
93 0.0352107
94 0.0256761
95 0.021282
96 0.0193554
97 0.0204686
98 0.0166398
99 0.0182116
100 0.125025
101 0.0203994
102 0.0756861
103 0.014885
104 0.220161
105 0.175084
106 0.0565257
0 0.197676
1 0.361849
2 0.133333
3 0.133333
4 0.133333
5 0.133333
6 0.133333
7 0.133333
8 0.133333
9 0.215686
10 0.215686
11 0.215686
12 0.215686
13 0.215686
14 0.215686
15 0.215686
16 0.215686
17 0.215686
18 0.215686
19 0.215686
20 0.215686
21 0.215686
22 0.215686
23 0.215686
24 0.215686
25 0.996078
26 0.996078
27 0.863303
28 0.105769
29 0.0449734
30 0.853881
31 0.448624
32 0.0587296
33 0.0120865
34 0.647698
35 0.639031
36 0.246235
37 0.779831
38 0.199913
39 0.789814
40 0.631896
41 0.376347
42 0.718338
43 0.683508
44 0.630527
45 0.642521
46 0.681045
47 0.521939
48 0.232064
49 0.131037
50 0.289133
51 0.263001
52 0.385545
53 0.231117
54 0.356238
55 0.639719
56 0.686593
57 0.82878
58 0.815737
59 0.511236
60 0.556692
61 0.336595
62 0.521664
63 0.225189
64 0.9051
65 0.854322
66 0.878036
67 0.523877
68 0.792791
69 0.552401
70 0.744918
71 0.850838
72 0.89155
73 0.733953
74 0.518769
75 0.847362
76 0.797769
77 0.636577
78 0.295816
79 0.388321
80 0.0610002
81 0.102069
82 0.11381
83 0.131333
84 0.0260683
85 0.162421
86 0.349486
87 0.256454
88 0.388148
89 0.110366
90 0.0661951
91 0.0811447
92 0.0373053
93 0.428189
94 0.212423
95 0.276744
96 0.154636
97 0.164579
98 0.258079
99 0.193343
100 0.442157
101 0.290919
102 0.464671
103 0.202201
104 0.538241
105 0.377205
106 0.272658
0 0.358128
1 0.356445
2 0.0823529
3 0.0823529
4 0.082353
5 0.0823529
6 0.0823529
7 0.082353
8 0.0823529
9 0.215686
10 0.215686
11 0.215686
12 0.215686
13 0.215686
14 0.215686
15 0.215686
16 0.215686
17 0.215686
18 0.215686
19 0.215686
20 0.215686
21 0.215686
22 0.215686
23 0.215686
24 0.215686
25 1
26 1
27 0.994635
28 0.91503
29 0.690754
30 0.999301
31 0.757649
32 0.783437
33 0.0300645
34 0.994886
35 0.99768
36 0.96747
37 0.995095
38 0.978752
39 0.951471
40 0.90459
41 0.910374
42 0.968963
43 0.876303
44 0.944493
45 0.889862
46 0.916476
47 0.962657
48 0.186065
49 0.541935
50 0.664093
51 0.318404
52 0.425456
53 0.67376
54 0.462151
55 0.581777
56 0.999212
57 0.999378
58 0.993171
59 0.976377
60 0.996612
61 0.990386
62 0.994497
63 0.99774
64 0.824294
65 0.715289
66 0.679924
67 0.604082
68 0.627194
69 0.795623
70 0.507127
71 0.723881
72 0.843502
73 0.666202
74 0.512795
75 0.597592
76 0.592395
77 0.59504
78 0.856765
79 0.682214
80 0.268602
81 0.163818
82 0.273872
83 0.124418
84 0.194843
85 0.552297
86 0.614172
87 0.723386
88 0.565762
89 0.95494
90 0.812944
91 0.97703
92 0.760796
93 0.896475
94 0.406049
95 0.912037
96 0.674593
97 0.695048
98 0.727871
99 0.782541
100 0.545935
101 0.94333
102 0.772448
103 0.901474
104 0.995296
105 0.987975
106 0.98969
0 0.144895
1 0.350559
2 0
3 0
4 0
5 0
6 0
7 0.0713013
8 0.0784314
9 0
10 0
11 0
12 0
13 0
14 0
15 0
16 0
17 0
18 0
19 0
20 0.0784314
21 0.215686
22 0.215686
23 0.215686
24 0.215686
25 0
26 0.545455
27 0.901784
28 0.834475
29 0.806581
30 0.998911
31 0.0985559
32 0.969859
33 0.0133392
34 0.941638
35 0.993842
36 0.724263
37 0.988199
38 0.936321
39 0.997838
40 0.992151
41 0.997736
42 0.999436
43 0.992346
44 0.996357
45 0.990321
46 0.991712
47 0.997769
48 0.0696337
49 0.273238
50 0.263177
51 0.0311525
52 0.118527
53 0.220638
54 0.0367863
55 0.0117643
56 0.999785
57 0.999253
58 0.999197
59 0.995873
60 0.996758
61 0.998222
62 0.99756
63 0.999298
64 0.35421
65 0.102827
66 0.0856236
67 0.0662956
68 0.0348639
69 0.175061
70 0.0724752
71 0.205235
72 0.0310087
73 0.145887
74 0.0715763
75 0.0327592
76 0.0308848
77 0.121935
78 0.656561
79 0.311893
80 0.559887
81 0.200705
82 0.45094
83 0.0792123
84 0.269114
85 0.548868
86 0.532061
87 0.798342
88 0.213262
89 0.804178
90 0.0351273
91 0.760498
92 0.413545
93 0.360738
94 0.341926
95 0.461316
96 0.535667
97 0.603417
98 0.426317
99 0.529898
100 0.3668
101 0.68031
102 0.626568
103 0.772876
104 0.999113
105 0.998059
106 0.994604
0 0.569001
1 0.343366
2 0
3 0
4 0
5 0
6 0
7 0
8 0
9 0
10 0
11 0
12 0
13 0
14 0
15 0
16 0
17 0
18 0
19 0
20 0
21 0
22 0
23 0
24 0
25 0
26 0
27 0.148097
28 0.252482
29 0.118022
30 0.650426
31 0.0122296
32 0.645159
33 0.00820811
34 0.0724128
35 0.137389
36 0.0270549
37 0.417706
38 0.0582399
39 0.995346
40 0.957281
41 0.991598
42 0.998055
43 0.979572
44 0.977339
45 0.967439
46 0.964061
47 0.976221
48 0.0268065
49 0.0459815
50 0.0784065
51 0.0122812
52 0.0177933
53 0.0425013
54 0.0178309
55 0.00407513
56 0.902064
57 0.760572
58 0.892247
59 0.569552
60 0.599
61 0.717739
62 0.630293
63 0.513796
64 0.139955
65 0.0333372
66 0.0425837
67 0.0353395
68 0.00913283
69 0.0679566
70 0.0160919
71 0.0851239
72 0.0253093
73 0.083575
74 0.0481926
75 0.0318503
76 0.0155307
77 0.094414
78 0.281855
79 0.264061
80 0.128251
81 0.149267
82 0.111484
83 0.0647159
84 0.0735623
85 0.181722
86 0.162967
87 0.177168
88 0.0135511
89 0.00774309
90 0.000234798
91 0.00599407
92 0.00640114
93 0.00713559
94 0.0273571
95 0.0232528
96 0.0531409
97 0.0356728
98 0.00830109
99 0.0423226
100 0.0372962
101 0.0456856
102 0.0482178
103 0.0441891
104 0.873608
105 0.81478
106 0.566435
0 0.473173
1 0.336439
2 0
3 0
4 0
5 0
6 0
7 0
8 0
9 0
10 0
11 0
12 0
13 0
14 0
15 0
16 0
17 0
18 0
19 0
20 0
21 0
22 0
23 0
24 0
25 0
26 0
27 0.0686605
28 0.0146228
29 0.0246942
30 0.0809904
31 0.0061268
32 0.0236176
33 0.00330087
34 0.0122977
35 0.00235987
36 0.00665184
37 0.0160586
38 0.00300407
39 0.657621
40 0.142699
41 0.337714
42 0.485068
43 0.236257
44 0.153321
45 0.313838
46 0.300679
47 0.115584
48 0.0144405
49 0.00665287
50 0.0158335
51 0.0125243
52 0.0154267
53 0.0174267
54 0.0128158
55 0.00550405
56 0.12316
57 0.0369304
58 0.076948
59 0.0176701
60 0.0540293
61 0.0523086
62 0.0584155
63 0.0116843
64 0.0806175
65 0.0607665
66 0.060458
67 0.0405005
68 0.0102959
69 0.0311987
70 0.0111411
71 0.0360831
72 0.112542
73 0.0231639
74 0.110305
75 0.0423008
76 0.0356691
77 0.0256846
78 0.121483
79 0.310866
80 0.00396462
81 0.00932031
82 0.00232156
83 0.0121881
84 0.00338047
85 0.00462626
86 0.00577958
87 0.00507843
88 0.00131467
89 0.00229292
90 0.000544899
91 0.00167298
92 0.00111616
93 0.00304928
94 0.00876387
95 0.00713528
96 0.0228866
97 0.0102677
98 0.00272868
99 0.00397564
100 0.0122403
101 0.0121466
102 0.0119023
103 0.00555875
104 0.147461
105 0.0971325
106 0.0779249
0 0.721468
1 0.330711
2 0
3 0
4 0
5 0
6 0
7 0
8 0
9 0
10 0
11 0
12 0
13 0
14 0
15 0
16 0
17 0
18 0
19 0
20 0
21 0
22 0
23 0
24 0
25 0
26 0
27 0.807253
28 0.648083
29 0.0971249
30 0.801806
31 0.271994
32 0.19321
33 0.0248664
34 0.315202
35 0.382465
36 0.332034
37 0.388629
38 0.218077
39 0.705795
40 0.405894
41 0.596335
42 0.637589
43 0.631243
44 0.576624
45 0.632103
46 0.61069
47 0.549148
48 0.120725
49 0.11987
50 0.173654
51 0.14677
52 0.208223
53 0.199797
54 0.201201
55 0.180858
56 0.249385
57 0.312014
58 0.265471
59 0.276249
60 0.353768
61 0.223206
62 0.24772
63 0.231472
64 0.887676
65 0.851015
66 0.85799
67 0.811009
68 0.815335
69 0.778783
70 0.752709
71 0.822313
72 0.885513
73 0.854971
74 0.867038
75 0.856665
76 0.768214
77 0.787226
78 0.845197
79 0.884258
80 0.0296244
81 0.043438
82 0.0391496
83 0.0681173
84 0.0381772
85 0.0405397
86 0.0633593
87 0.056101
88 0.0426406
89 0.069609
90 0.0468203
91 0.0726151
92 0.0428817
93 0.385885
94 0.390675
95 0.49526
96 0.483611
97 0.320631
98 0.324718
99 0.314223
100 0.3413
101 0.368483
102 0.391977
103 0.293198
104 0.428001
105 0.506817
106 0.406143
0 0.0562381
1 0.325261
2 0
3 0
4 0
5 0
6 0
7 0.0579323
8 0.0980392
9 0
10 0
11 0
12 0
13 0
14 0
15 0
16 0
17 0
18 0
19 0
20 0
21 0.0623886
22 0.0980392
23 0.0980392
24 0.0980392
25 0
26 0.0445633
27 0.957126
28 0.595605
29 0.223113
30 0.999718
31 0.948374
32 0.872754
33 0.0927442
34 0.997225
35 0.998145
36 0.936207
37 0.993946
38 0.945759
39 0.958
40 0.908803
41 0.796171
42 0.970595
43 0.951436
44 0.920666
45 0.877834
46 0.873133
47 0.931456
48 0.742041
49 0.579933
50 0.846263
51 0.469072
52 0.880392
53 0.522797
54 0.61694
55 0.780031
56 0.997268
57 0.998577
58 0.99877
59 0.985034
60 0.992811
61 0.953531
62 0.976656
63 0.992557
64 0.996864
65 0.930557
66 0.97867
67 0.858209
68 0.931763
69 0.858467
70 0.960117
71 0.979342
72 0.965125
73 0.777927
74 0.474983
75 0.924266
76 0.908564
77 0.650044
78 0.556909
79 0.459694
80 0.930576
81 0.506602
82 0.849601
83 0.763025
84 0.536677
85 0.956578
86 0.963269
87 0.959274
88 0.913194
89 0.988763
90 0.782545
91 0.988612
92 0.859446
93 0.97668
94 0.874883
95 0.960534
96 0.685601
97 0.830091
98 0.908397
99 0.846659
100 0.92131
101 0.938018
102 0.962264
103 0.798102
104 0.991072
105 0.961337
106 0.80601
0 0.758173
1 0.319045
2 0.0901961
3 0.0901961
4 0.0901961
5 0.0901961
6 0.0901961
7 0.0901961
8 0.0901961
9 0.52549
10 0.52549
11 0.52549
12 0.52549
13 0.52549
14 0.52549
15 0.52549
16 0.52549
17 0.52549
18 0.52549
19 0.52549
20 0.52549
21 0.52549
22 0.52549
23 0.52549
24 0.52549
25 0.698039
26 0.698039
27 0.990592
28 0.89048
29 0.985158
30 0.999968
31 0.975198
32 0.997704
33 0.244526
34 0.999799
35 0.999988
36 0.997323
37 0.999933
38 0.999391
39 0.999563
40 0.999955
41 0.999854
42 0.999984
43 0.999584
44 0.999784
45 0.999302
46 0.999552
47 0.999934
48 0.958544
49 0.996738
50 0.994168
51 0.90872
52 0.98592
53 0.981081
54 0.933251
55 0.916747
56 0.999997
57 0.999994
58 0.999994
59 0.99988
60 0.999959
61 0.999953
62 0.999835
63 0.999968
64 0.994059
65 0.971802
66 0.972893
67 0.857149
68 0.977028
69 0.943632
70 0.982708
71 0.992862
72 0.85818
73 0.968736
74 0.436987
75 0.672441
76 0.669069
77 0.946055
78 0.501728
79 0.118898
80 0.996272
81 0.961424
82 0.993458
83 0.861506
84 0.960515
85 0.997325
86 0.997166
87 0.997232
88 0.997236
89 0.996209
90 0.814
91 0.995992
92 0.959236
93 0.98544
94 0.972292
95 0.984007
96 0.959367
97 0.963288
98 0.978152
99 0.926968
100 0.985528
101 0.971178
102 0.991773
103 0.989021
104 0.999696
105 0.999519
106 0.997357
0 0.399531
1 0.312082
2 0.0941176
3 0.0941176
4 0.0941177
5 0.0941176
6 0.0941176
7 0.0941177
8 0.0941176
9 0.52549
10 0.52549
11 0.52549
12 0.52549
13 0.52549
14 0.52549
15 0.52549
16 0.52549
17 0.52549
18 0.52549
19 0.52549
20 0.52549
21 0.52549
22 0.52549
23 0.52549
24 0.52549
25 0.701961
26 0.701961
27 0.995266
28 0.949188
29 0.998549
30 0.999987
31 0.980252
32 0.999473
33 0.442139
34 0.999829
35 0.999997
36 0.999228
37 0.99998
38 0.999869
39 0.999896
40 0.999989
41 0.999982
42 0.999998
43 0.999865
44 0.999948
45 0.999819
46 0.999908
47 0.999985
48 0.983738
49 0.998923
50 0.999482
51 0.973554
52 0.995132
53 0.993252
54 0.966387
55 0.970731
56 0.999999
57 0.999999
58 0.999999
59 0.999985
60 0.999983
61 0.999992
62 0.999963
63 0.999989
64 0.995128
65 0.993171
66 0.980599
67 0.932971
68 0.984305
69 0.974607
70 0.995156
71 0.995751
72 0.910632
73 0.985475
74 0.623263
75 0.703128
76 0.783307
77 0.985038
78 0.713157
79 0.300916
80 0.998671
81 0.983468
82 0.998448
83 0.928335
84 0.983274
85 0.999739
86 0.997864
87 0.999423
88 0.999287
89 0.999037
90 0.917696
91 0.999152
92 0.985409
93 0.992741
94 0.994504
95 0.995901
96 0.988193
97 0.991485
98 0.993523
99 0.989767
100 0.994525
101 0.990709
102 0.997842
103 0.994624
104 0.999956
105 0.999871
106 0.998811
0 0.552168
1 0.304559
2 0.0941176
3 0.0941176
4 0.0941177
5 0.0941176
6 0.0941176
7 0.0941177
8 0.0941176
9 0.52549
10 0.52549
11 0.52549
12 0.52549
13 0.52549
14 0.52549
15 0.52549
16 0.52549
17 0.52549
18 0.52549
19 0.52549
20 0.52549
21 0.52549
22 0.52549
23 0.52549
24 0.52549
25 0.698039
26 0.698039
27 0.998837
28 0.997336
29 0.999368
30 0.999989
31 0.803497
32 0.999692
33 0.345791
34 0.999689
35 0.999996
36 0.999563
37 0.999982
38 0.999915
39 0.999875
40 0.999962
41 0.999988
42 0.999998
43 0.999829
44 0.999942
45 0.999752
46 0.999894
47 0.999989
48 0.76665
49 0.993483
50 0.995712
51 0.779092
52 0.935686
53 0.956711
54 0.755648
55 0.43411
56 1
57 0.999999
58 0.999997
59 0.999985
60 0.999988
61 0.999997
62 0.999989
63 0.999998
64 0.881842
65 0.963084
66 0.732581
67 0.8215
68 0.683237
69 0.942062
70 0.902322
71 0.92777
72 0.48433
73 0.957156
74 0.701906
75 0.283576
76 0.404423
77 0.959663
78 0.969971
79 0.699327
80 0.991762
81 0.918815
82 0.987825
83 0.525633
84 0.957422
85 0.997163
86 0.960362
87 0.99595
88 0.9796
89 0.998859
90 0.884411
91 0.99936
92 0.986633
93 0.982619
94 0.989968
95 0.996059
96 0.994136
97 0.99351
98 0.991979
99 0.993846
100 0.960301
101 0.99605
102 0.98903
103 0.99508
104 0.999993
105 0.999978
106 0.999939
0 0.921955
1 0.297152
2 0
3 0
4 0
5 0
6 0
7 0
8 0
9 0
10 0
11 0
12 0
13 0
14 0
15 0
16 0
17 0
18 0
19 0
20 0
21 0
22 0
23 0
24 0
25 0
26 0
27 0.992766
28 0.993014
29 0.997016
30 0.999966
31 0.629436
32 0.999636
33 0.205227
34 0.998423
35 0.999975
36 0.996751
37 0.999917
38 0.999346
39 0.999863
40 0.999936
41 0.999987
42 0.999997
43 0.999807
44 0.999936
45 0.999812
46 0.999847
47 0.999978
48 0.599335
49 0.98428
50 0.991206
51 0.476583
52 0.744012
53 0.89058
54 0.610262
55 0.216278
56 0.999998
57 0.999994
58 0.999988
59 0.999896
60 0.999937
61 0.999984
62 0.99994
63 0.99999
64 0.863816
65 0.901945
66 0.635168
67 0.679259
68 0.650482
69 0.880548
70 0.809399
71 0.849707
72 0.34686
73 0.953841
74 0.563772
75 0.177925
76 0.213864
77 0.890276
78 0.967349
79 0.74954
80 0.982778
81 0.88286
82 0.974774
83 0.528926
84 0.918951
85 0.992804
86 0.941656
87 0.989866
88 0.90127
89 0.991422
90 0.692667
91 0.995116
92 0.94283
93 0.939705
94 0.971656
95 0.984935
96 0.980393
97 0.958872
98 0.965209
99 0.974751
100 0.900743
101 0.978567
102 0.934522
103 0.972463
104 0.999972
105 0.999969
106 0.999739
0 0.165126
1 0.289858
2 0
3 0
4 0
5 0
6 0
7 0
8 0
9 0
10 0
11 0
12 0
13 0
14 0
15 0
16 0
17 0
18 0
19 0
20 0
21 0
22 0
23 0
24 0
25 0
26 0
27 0.975358
28 0.98559
29 0.984305
30 0.999913
31 0.47572
32 0.999304
33 0.170064
34 0.995695
35 0.99991
36 0.989202
37 0.999776
38 0.997329
39 0.999856
40 0.99991
41 0.999977
42 0.999997
43 0.999797
44 0.999867
45 0.999732
46 0.999794
47 0.999963
48 0.523184
49 0.944882
50 0.980412
51 0.349706
52 0.5651
53 0.786687
54 0.390906
55 0.10038
56 0.999992
57 0.999983
58 0.999975
59 0.999766
60 0.999846
61 0.999953
62 0.999833
63 0.999964
64 0.848596
65 0.856628
66 0.603389
67 0.591327
68 0.439004
69 0.87306
70 0.749997
71 0.769105
72 0.352078
73 0.878547
74 0.497828
75 0.155171
76 0.173054
77 0.811379
78 0.926766
79 0.624285
80 0.975802
81 0.887862
82 0.966959
83 0.560523
84 0.904033
85 0.990301
86 0.917206
87 0.983197
88 0.734736
89 0.972484
90 0.258012
91 0.9852
92 0.813474
93 0.868203
94 0.921595
95 0.957211
96 0.943887
97 0.903836
98 0.912233
99 0.942922
100 0.801629
101 0.929855
102 0.806327
103 0.88683
104 0.999934
105 0.999912
106 0.99884
0 0.795862
1 0.282682
2 0
3 0
4 0
5 0
6 0
7 0
8 0
9 0
10 0
11 0
12 0
13 0
14 0
15 0
16 0
17 0
18 0
19 0
20 0
21 0
22 0
23 0
24 0
25 0
26 0
27 0.964233
28 0.975392
29 0.978207
30 0.999881
31 0.515518
32 0.999181
33 0.19734
34 0.991823
35 0.999676
36 0.977004
37 0.999449
38 0.994578
39 0.999819
40 0.999877
41 0.999978
42 0.999996
43 0.999742
44 0.999861
45 0.999706
46 0.999703
47 0.999948
48 0.511707
49 0.941239
50 0.977245
51 0.293352
52 0.494618
53 0.807932
54 0.508354
55 0.131853
56 0.999982
57 0.999967
58 0.999954
59 0.999603
60 0.999687
61 0.999881
62 0.99961
63 0.999906
64 0.848455
65 0.832605
66 0.607664
67 0.553927
68 0.532121
69 0.844716
70 0.720383
71 0.710783
72 0.382657
73 0.932732
74 0.459481
75 0.182224
76 0.174457
77 0.80561
78 0.948351
79 0.806269
80 0.966532
81 0.892566
82 0.953449
83 0.618309
84 0.896554
85 0.988382
86 0.875223
87 0.972292
88 0.743563
89 0.927159
90 0.233341
91 0.975746
92 0.786227
93 0.72507
94 0.822963
95 0.897181
96 0.877398
97 0.845032
98 0.77554
99 0.922016
100 0.662623
101 0.8456
102 0.654706
103 0.81929
104 0.999858
105 0.999876
106 0.998478
0 0.0861639
1 0.275551
2 0
3 0
4 0
5 0
6 0
7 0
8 0
9 0
10 0
11 0
12 0
13 0
14 0
15 0
16 0
17 0
18 0
19 0
20 0
21 0
22 0
23 0
24 0
25 0
26 0
27 0.963184
28 0.962718
29 0.971071
30 0.999822
31 0.373528
32 0.998188
33 0.174001
34 0.990284
35 0.99958
36 0.973973
37 0.999341
38 0.992801
39 0.999741
40 0.999782
41 0.999962
42 0.999993
43 0.999554
44 0.999686
45 0.999326
46 0.999579
47 0.999871
48 0.47783
49 0.899612
50 0.97234
51 0.270176
52 0.476625
53 0.782511
54 0.436221
55 0.092648
56 0.999975
57 0.999951
58 0.999935
59 0.99955
60 0.999619
61 0.999849
62 0.999472
63 0.99987
64 0.803726
65 0.822448
66 0.562402
67 0.502787
68 0.42513
69 0.838203
70 0.654606
71 0.673293
72 0.368797
73 0.896283
74 0.427234
75 0.156731
76 0.167398
77 0.742428
78 0.911713
79 0.724992
80 0.954108
81 0.858828
82 0.937573
83 0.546746
84 0.868187
85 0.984116
86 0.818105
87 0.964683
88 0.668082
89 0.9234
90 0.17094
91 0.974697
92 0.659667
93 0.633952
94 0.733431
95 0.790547
96 0.80426
97 0.745651
98 0.697312
99 0.852833
100 0.527695
101 0.733286
102 0.54735
103 0.669258
104 0.999765
105 0.999732
106 0.995748
0 0.43849
1 0.268266
2 0
3 0
4 0
5 0
6 0
7 0
8 0
9 0
10 0
11 0
12 0
13 0
14 0
15 0
16 0
17 0
18 0
19 0
20 0
21 0
22 0
23 0
24 0
25 0
26 0
27 0.92969
28 0.913081
29 0.94577
30 0.999642
31 0.247392
32 0.994321
33 0.159146
34 0.982953
35 0.999009
36 0.949509
37 0.998626
38 0.981534
39 0.999564
40 0.99955
41 0.999897
42 0.999985
43 0.999191
44 0.999154
45 0.998577
46 0.99914
47 0.999637
48 0.413018
49 0.805747
50 0.952481
51 0.201616
52 0.389419
53 0.685537
54 0.324619
55 0.0600589
56 0.999956
57 0.999907
58 0.999889
59 0.999233
60 0.999305
61 0.999727
62 0.998909
63 0.999653
64 0.739524
65 0.72702
66 0.503065
67 0.406231
68 0.236286
69 0.759148
70 0.561027
71 0.586744
72 0.31748
73 0.791987
74 0.331015
75 0.141139
76 0.140761
77 0.656018
78 0.845192
79 0.645822
80 0.921791
81 0.831974
82 0.896117
83 0.507899
84 0.793379
85 0.973077
86 0.732189
87 0.943056
88 0.48308
89 0.865472
90 0.0807328
91 0.960264
92 0.48311
93 0.44099
94 0.558905
95 0.629875
96 0.654113
97 0.627896
98 0.495343
99 0.754842
100 0.383272
101 0.583348
102 0.429673
103 0.470554
104 0.999449
105 0.999199
106 0.98555
0 0.842888
1 0.260882
2 0
3 0
4 0
5 0
6 0
7 0
8 0
9 0
10 0
11 0
12 0
13 0
14 0
15 0
16 0
17 0
18 0
19 0
20 0
21 0
22 0
23 0
24 0
25 0
26 0
27 0.907703
28 0.731584
29 0.928208
30 0.999074
31 0.177042
32 0.981305
33 0.124589
34 0.94652
35 0.994107
36 0.830903
37 0.993816
38 0.93584
39 0.998955
40 0.998529
41 0.999768
42 0.999963
43 0.99755
44 0.998043
45 0.996387
46 0.997691
47 0.998398
48 0.299528
49 0.744043
50 0.920198
51 0.127272
52 0.250931
53 0.672455
54 0.354074
55 0.0685087
56 0.999832
57 0.999641
58 0.999626
59 0.99775
60 0.997724
61 0.998962
62 0.996024
63 0.998497
64 0.559929
65 0.550803
66 0.373673
67 0.275983
68 0.227021
69 0.598524
70 0.372138
71 0.451097
72 0.242884
73 0.801577
74 0.242919
75 0.122547
76 0.109962
77 0.587665
78 0.833938
79 0.750711
80 0.81161
81 0.720953
82 0.779431
83 0.386162
84 0.608684
85 0.922211
86 0.549434
87 0.862102
88 0.408747
89 0.635013
90 0.0706009
91 0.891268
92 0.29799
93 0.195659
94 0.289144
95 0.315224
96 0.375756
97 0.38139
98 0.212928
99 0.492975
100 0.184604
101 0.313213
102 0.221665
103 0.307165
104 0.997241
105 0.997434
106 0.955481
0 0.0314104
1 0.253606
2 0
3 0
4 0
5 0
6 0
7 0
8 0
9 0
10 0
11 0
12 0
13 0
14 0
15 0
16 0
17 0
18 0
19 0
20 0
21 0
22 0
23 0
24 0
25 0
26 0
27 0.802846
28 0.28848
29 0.780979
30 0.992655
31 0.0381616
32 0.771485
33 0.0513431
34 0.752388
35 0.945058
36 0.410511
37 0.96423
38 0.692614
39 0.994842
40 0.985411
41 0.997711
42 0.999688
43 0.978272
44 0.978553
45 0.962547
46 0.986201
47 0.969145
48 0.167794
49 0.362944
50 0.751965
51 0.0649367
52 0.106913
53 0.444973
54 0.201694
55 0.0335864
56 0.998603
57 0.996559
58 0.997184
59 0.985947
60 0.983902
61 0.992637
62 0.974438
63 0.983174
64 0.264618
65 0.248133
66 0.158789
67 0.128665
68 0.0842951
69 0.312706
70 0.117511
71 0.220697
72 0.148518
73 0.432444
74 0.132361
75 0.0674072
76 0.0706285
77 0.320472
78 0.572604
79 0.606317
80 0.430451
81 0.353581
82 0.377579
83 0.176938
84 0.215176
85 0.583418
86 0.242454
87 0.548824
88 0.143506
89 0.283029
90 0.0225883
91 0.61691
92 0.058377
93 0.0486524
94 0.064056
95 0.0529015
96 0.0936572
97 0.112366
98 0.051542
99 0.126259
100 0.040259
101 0.0845584
102 0.0569208
103 0.0642485
104 0.964293
105 0.967815
106 0.56463
0 0.168267
1 0.246404
2 0
3 0
4 0
5 0
6 0
7 0
8 0
9 0
10 0
11 0
12 0
13 0
14 0
15 0
16 0
17 0
18 0
19 0
20 0
21 0
22 0
23 0
24 0
25 0
26 0
27 0.259954
28 0.032397
29 0.157442
30 0.734935
31 0.00472305
32 0.0658705
33 0.0127373
34 0.0997287
35 0.0867725
36 0.0147048
37 0.237508
38 0.0222068
39 0.94259
40 0.625552
41 0.879584
42 0.985187
43 0.633015
44 0.560091
45 0.58795
46 0.789621
47 0.42753
48 0.0439553
49 0.0255098
50 0.0882695
51 0.025651
52 0.0225824
53 0.0665069
54 0.0381972
55 0.0080917
56 0.938008
57 0.819567
58 0.855905
59 0.594039
60 0.625596
61 0.710933
62 0.536463
63 0.315361
64 0.0545412
65 0.0264484
66 0.0354869
67 0.0370866
68 0.0111152
69 0.0615531
70 0.0164551
71 0.0590497
72 0.048182
73 0.0187232
74 0.0467125
75 0.0323105
76 0.0294439
77 0.0338601
78 0.141586
79 0.275056
80 0.0430886
81 0.0359558
82 0.0257449
83 0.0354047
84 0.0162875
85 0.0269788
86 0.024984
87 0.0409109
88 0.00572521
89 0.0188854
90 0.00120792
91 0.0449093
92 0.0036494
93 0.00641755
94 0.00805481
95 0.00750575
96 0.0139329
97 0.0212661
98 0.00498277
99 0.0134478
100 0.00927449
101 0.0154415
102 0.00902753
103 0.00558554
104 0.445756
105 0.410882
106 0.0399522
0 0.914385
1 0.239448
2 0
3 0
4 0
5 0
6 0
7 0
8 0
9 0
10 0
11 0
12 0
13 0
14 0
15 0
16 0
17 0
18 0
19 0
20 0
21 0
22 0
23 0
24 0
25 0
26 0
27 0.208465
28 0.0200921
29 0.0289632
30 0.116661
31 0.053519
32 0.0219035
33 0.00637679
34 0.0211914
35 0.00883632
36 0.00674376
37 0.0355603
38 0.00439543
39 0.585988
40 0.085499
41 0.308132
42 0.389414
43 0.220582
44 0.215664
45 0.503078
46 0.440251
47 0.198025
48 0.0245989
49 0.00969162
50 0.0158968
51 0.0419813
52 0.0229145
53 0.0579104
54 0.0464353
55 0.0626593
56 0.171161
57 0.120064
58 0.0823071
59 0.0284556
60 0.0666563
61 0.0523951
62 0.0620709
63 0.0217982
64 0.109096
65 0.0871482
66 0.183858
67 0.11708
68 0.111973
69 0.0928989
70 0.0515054
71 0.176759
72 0.344872
73 0.086251
74 0.186923
75 0.271576
76 0.140858
77 0.0743412
78 0.226739
79 0.255188
80 0.00556685
81 0.0151931
82 0.00459672
83 0.0238594
84 0.00589941
85 0.00779553
86 0.00757681
87 0.0162318
88 0.00829529
89 0.00267811
90 0.00247787
91 0.00353281
92 0.00232471
93 0.0247975
94 0.0227126
95 0.0312162
96 0.0294948
97 0.0135084
98 0.0110891
99 0.0107519
100 0.0457353
101 0.0212864
102 0.0401988
103 0.0208627
104 0.138851
105 0.128064
106 0.0828239
0 0.335616
1 0.233126
2 0
3 0
4 0
5 0.0270945
6 0.14902
7 0.0135473
8 0
9 0
10 0
11 0
12 0
13 0
14 0
15 0
16 0
17 0.0406417
18 0.14902
19 0.14902
20 0.0962567
21 0.00392157
22 0.00392157
23 0.00392157
24 0.00392157
25 0
26 0.593226
27 0.923686
28 0.523534
29 0.0296693
30 0.860284
31 0.308887
32 0.0796781
33 0.0341516
34 0.650622
35 0.745611
36 0.426013
37 0.849038
38 0.271985
39 0.737468
40 0.570014
41 0.367531
42 0.70289
43 0.738881
44 0.59427
45 0.66419
46 0.598212
47 0.432781
48 0.265599
49 0.104984
50 0.251029
51 0.165299
52 0.303301
53 0.120565
54 0.222431
55 0.440401
56 0.415089
57 0.650083
58 0.76539
59 0.413294
60 0.45049
61 0.376058
62 0.450111
63 0.171193
64 0.947208
65 0.926951
66 0.953342
67 0.724862
68 0.877849
69 0.746191
70 0.878233
71 0.860295
72 0.951332
73 0.897044
74 0.853264
75 0.942736
76 0.935428
77 0.816466
78 0.676584
79 0.72888
80 0.0866442
81 0.0751439
82 0.112006
83 0.142872
84 0.0373305
85 0.0860643
86 0.210705
87 0.163497
88 0.186021
89 0.175692
90 0.115295
91 0.154951
92 0.0913289
93 0.64572
94 0.420253
95 0.382199
96 0.361774
97 0.304095
98 0.478694
99 0.363892
100 0.53952
101 0.302381
102 0.580462
103 0.309603
104 0.552144
105 0.480637
106 0.38721
0 0.721238
1 0.227283
2 0.00392157
3 0.00392157
4 0.00392157
5 0.00392157
6 0.00392157
7 0.0110517
8 0.331194
9 0.00392157
10 0.00392157
11 0.00392157
12 0.00392157
13 0.00392157
14 0.00392157
15 0.00392157
16 0.00392157
17 0.00392157
18 0.00392157
19 0.00392157
20 0.00392157
21 0.00392157
22 0.00392157
23 0.00392157
24 0.00392157
25 0.976471
26 0.985027
27 0.998619
28 0.889907
29 0.362345
30 0.999947
31 0.953029
32 0.822453
33 0.128027
34 0.999229
35 0.999323
36 0.981448
37 0.998787
38 0.989722
39 0.991457
40 0.967409
41 0.936103
42 0.994246
43 0.987841
44 0.97185
45 0.982928
46 0.901202
47 0.981815
48 0.447716
49 0.676132
50 0.444521
51 0.153035
52 0.502947
53 0.427269
54 0.397506
55 0.910212
56 0.999792
57 0.999949
58 0.999817
59 0.995651
60 0.998722
61 0.996359
62 0.998832
63 0.999205
64 0.986685
65 0.921176
66 0.959677
67 0.927374
68 0.926819
69 0.820759
70 0.91641
71 0.943533
72 0.953741
73 0.917678
74 0.614004
75 0.90295
76 0.956998
77 0.789697
78 0.816714
79 0.537996
80 0.824701
81 0.268401
82 0.654136
83 0.322999
84 0.294481
85 0.765771
86 0.856604
87 0.946591
88 0.873863
89 0.990859
90 0.919576
91 0.992663
92 0.950167
93 0.982253
94 0.853077
95 0.948053
96 0.63135
97 0.79776
98 0.937251
99 0.85636
100 0.824082
101 0.934081
102 0.90413
103 0.906526
104 0.998559
105 0.99596
106 0.995931
0 0.189179
1 0.220731
2 0.0117647
3 0.0117647
4 0.0117647
5 0.142246
6 0.729412
7 0.451337
8 0.423529
9 0.00392157
10 0.00392157
11 0.00392157
12 0.00392157
13 0.00392157
14 0.00392157
15 0.00392157
16 0.00392157
17 0.141889
18 0.509804
19 0.509804
20 0.325847
21 0.00392157
22 0.00392157
23 0.00392157
24 0.00392157
25 0.985027
26 0.99893
27 0.992385
28 0.943897
29 0.832466
30 0.99994
31 0.717975
32 0.994206
33 0.0615699
34 0.998904
35 0.999962
36 0.989469
37 0.99991
38 0.996402
39 0.999434
40 0.999831
41 0.999623
42 0.999955
43 0.999317
44 0.999383
45 0.998581
46 0.99886
47 0.999889
48 0.40278
49 0.896029
50 0.863041
51 0.21441
52 0.631384
53 0.456487
54 0.195607
55 0.162908
56 0.999995
57 0.999988
58 0.999989
59 0.999567
60 0.999793
61 0.99994
62 0.999901
63 0.999958
64 0.87271
65 0.765222
66 0.72736
67 0.274819
68 0.491379
69 0.519947
70 0.472645
71 0.757213
72 0.381785
73 0.779565
74 0.199616
75 0.28042
76 0.310581
77 0.725372
78 0.668552
79 0.113917
80 0.959244
81 0.830888
82 0.962736
83 0.43996
84 0.772305
85 0.958783
86 0.968934
87 0.974832
88 0.932985
89 0.992803
90 0.590435
91 0.989049
92 0.928659
93 0.929039
94 0.74059
95 0.840109
96 0.821006
97 0.744093
98 0.859519
99 0.687556
100 0.758049
101 0.902961
102 0.920634
103 0.942106
104 0.999918
105 0.999775
106 0.999661
0 0.975963
1 0.213369
2 0.0026738
3 0.00392157
4 0.00392157
5 0.00392157
6 0.00392157
7 0.00392157
8 0.00516934
9 0.00106952
10 0.00392157
11 0.00392157
12 0.00392157
13 0.00392157
14 0.00392157
15 0.00392157
16 0.00392157
17 0.00392157
18 0.00392157
19 0.00392157
20 0.00392157
21 0.00392157
22 0.00392157
23 0.00392157
24 0.00392157
25 0.894831
26 0.985027
27 0.938868
28 0.91106
29 0.940616
30 0.999549
31 0.652591
32 0.997931
33 0.171647
34 0.982062
35 0.999628
36 0.947088
37 0.999203
38 0.977382
39 0.999738
40 0.999887
41 0.99996
42 0.999992
43 0.999647
44 0.999778
45 0.999657
46 0.999694
47 0.999932
48 0.524456
49 0.932751
50 0.968493
51 0.346707
52 0.265184
53 0.806447
54 0.413521
55 0.227914
56 0.999948
57 0.999948
58 0.999942
59 0.998608
60 0.999128
61 0.999809
62 0.998759
63 0.999713
64 0.816034
65 0.88041
66 0.669891
67 0.490148
68 0.644905
69 0.803307
70 0.703591
71 0.645347
72 0.583518
73 0.93931
74 0.446282
75 0.220148
76 0.196663
77 0.904801
78 0.875082
79 0.370943
80 0.943124
81 0.865895
82 0.972884
83 0.598147
84 0.809606
85 0.982204
86 0.933513
87 0.971861
88 0.884711
89 0.890036
90 0.204109
91 0.949599
92 0.676124
93 0.632083
94 0.672603
95 0.764081
96 0.768019
97 0.659752
98 0.623374
99 0.677033
100 0.550036
101 0.675114
102 0.652525
103 0.856829
104 0.99964
105 0.999749
106 0.997941
0 0.137292
1 0.205597
2 0
3 0
4 0.00053476
5 0.00392157
6 0.00392157
7 0.00392157
8 0.00392157
9 0
10 0
11 0
12 0
13 0
14 0
15 0.00178253
16 0.00392157
17 0.00392157
18 0.00392157
19 0.00392157
20 0.00392157
21 0.00392157
22 0.00392157
23 0.00392157
24 0.00392157
25 0.178253
26 0.980392
27 0.953295
28 0.927583
29 0.953651
30 0.99973
31 0.503419
32 0.99521
33 0.202007
34 0.991212
35 0.999718
36 0.977283
37 0.99928
38 0.992038
39 0.999574
40 0.999711
41 0.999919
42 0.999986
43 0.998977
44 0.999176
45 0.998178
46 0.999535
47 0.999724
48 0.569845
49 0.880992
50 0.976837
51 0.422513
52 0.509584
53 0.795031
54 0.529751
55 0.182332
56 0.999971
57 0.999965
58 0.999941
59 0.999465
60 0.999568
61 0.999864
62 0.999482
63 0.999846
64 0.795343
65 0.863637
66 0.670549
67 0.525674
68 0.502222
69 0.871832
70 0.715055
71 0.639667
72 0.530716
73 0.898823
74 0.458991
75 0.204148
76 0.269907
77 0.849044
78 0.864624
79 0.542884
80 0.937744
81 0.848252
82 0.954687
83 0.600781
84 0.872787
85 0.984986
86 0.851696
87 0.957907
88 0.821236
89 0.948503
90 0.270468
91 0.989799
92 0.741754
93 0.639353
94 0.626534
95 0.679836
96 0.742488
97 0.687504
98 0.630144
99 0.782956
100 0.413424
101 0.653274
102 0.596994
103 0.702787
104 0.999665
105 0.999598
106 0.994269
0 0.769287
1 0.197855
2 0
3 0
4 0
5 0
6 0.000891265
7 0.00392157
8 0.00392157
9 0
10 0
11 0
12 0
13 0
14 0
15 0
16 0
17 0
18 0
19 0.000356506
20 0.00392157
21 0.00392157
22 0.00392157
23 0.00392157
24 0.00392157
25 0
26 0.623886
27 0.96809
28 0.907005
29 0.97773
30 0.999774
31 0.459124
32 0.994131
33 0.226118
34 0.990408
35 0.999674
36 0.973777
37 0.999235
38 0.989367
39 0.999524
40 0.999654
41 0.999921
42 0.999986
43 0.998988
44 0.999324
45 0.998713
46 0.999346
47 0.999668
48 0.529529
49 0.912543
50 0.977696
51 0.341152
52 0.501857
53 0.857241
54 0.530219
55 0.203339
56 0.99998
57 0.999966
58 0.999949
59 0.999469
60 0.999586
61 0.999894
62 0.999404
63 0.999864
64 0.740905
65 0.808047
66 0.606637
67 0.479737
68 0.514159
69 0.821382
70 0.696298
71 0.644356
72 0.472894
73 0.927522
74 0.374236
75 0.176446
76 0.207066
77 0.81377
78 0.895826
79 0.660033
80 0.93252
81 0.857871
82 0.942125
83 0.583555
84 0.841871
85 0.983711
86 0.821934
87 0.955827
88 0.823584
89 0.950292
90 0.352059
91 0.990311
92 0.748696
93 0.569584
94 0.626136
95 0.670924
96 0.718227
97 0.658945
98 0.630253
99 0.766337
100 0.491976
101 0.613578
102 0.637914
103 0.704304
104 0.999607
105 0.999619
106 0.993474
0 0.161395
1 0.190335
2 0
3 0
4 0
5 0
6 0
7 0.0213904
8 0.0235294
9 0
10 0
11 0
12 0
13 0
14 0
15 0
16 0
17 0
18 0
19 0
20 0.00142602
21 0.00392157
22 0.00392157
23 0.00392157
24 0.00392157
25 0
26 0.534759
27 0.943505
28 0.81466
29 0.955058
30 0.999532
31 0.336179
32 0.962283
33 0.398657
34 0.984616
35 0.999217
36 0.957373
37 0.997723
38 0.946679
39 0.999909
40 0.999594
41 0.999908
42 0.99999
43 0.99968
44 0.998604
45 0.9994
46 0.998603
47 0.998565
48 0.289088
49 0.726988
50 0.901401
51 0.0600814
52 0.221634
53 0.752136
54 0.283443
55 0.186726
56 0.999978
57 0.999993
58 0.999973
59 0.999707
60 0.999772
61 0.999935
62 0.999395
63 0.999733
64 0.829458
65 0.920257
66 0.672894
67 0.762197
68 0.601276
69 0.910333
70 0.933402
71 0.785957
72 0.862748
73 0.979838
74 0.86053
75 0.254888
76 0.693039
77 0.893083
78 0.785686
79 0.263043
80 0.87947
81 0.500807
82 0.863398
83 0.494055
84 0.781424
85 0.959532
86 0.736895
87 0.937283
88 0.635283
89 0.886823
90 0.0790264
91 0.984985
92 0.61602
93 0.530992
94 0.595234
95 0.59181
96 0.658031
97 0.506296
98 0.609725
99 0.685805
100 0.457679
101 0.441147
102 0.604772
103 0.62073
104 0.999467
105 0.99937
106 0.98695
0 0.916611
1 0.183026
2 0
3 0
4 0
5 0
6 0.863636
7 1
8 1
9 0
10 0
11 0
12 0
13 0
14 0
15 0
16 0
17 0
18 0.00213904
19 0.00392157
20 0.00392157
21 0.00392157
22 0.00392157
23 0.00392157
24 0.00392157
25 0
26 0.789305
27 0.918711
28 0.89158
29 0.946073
30 0.999819
31 0.704895
32 0.960107
33 0.120933
34 0.992037
35 0.999786
36 0.971727
37 0.998
38 0.964635
39 0.999697
40 0.999474
41 0.99968
42 0.999967
43 0.998832
44 0.997663
45 0.997472
46 0.997746
47 0.99741
48 0.125145
49 0.729822
50 0.943906
51 0.164503
52 0.277519
53 0.689332
54 0.506259
55 0.187083
56 0.999991
57 0.999994
58 0.999973
59 0.999729
60 0.999917
61 0.999951
62 0.999839
63 0.999849
64 0.636911
65 0.835174
66 0.671864
67 0.459837
68 0.564088
69 0.83671
70 0.801295
71 0.552036
72 0.861866
73 0.985333
74 0.539062
75 0.306139
76 0.486945
77 0.730422
78 0.764001
79 0.478224
80 0.717635
81 0.605425
82 0.893139
83 0.57125
84 0.804017
85 0.991025
86 0.886477
87 0.913137
88 0.83563
89 0.980948
90 0.300951
91 0.998965
92 0.780156
93 0.572435
94 0.323885
95 0.679142
96 0.560254
97 0.564515
98 0.277298
99 0.869133
100 0.430121
101 0.746894
102 0.640002
103 0.706269
104 0.999519
105 0.999592
106 0.991738
0 0.485727
1 0.175825
2 0
3 0
4 0
5 0.000713012
6 0.00392157
7 0.909448
8 1
9 0
10 0
11 0
12 0
13 0
14 0
15 0
16 0
17 0.00106952
18 0.00392157
19 0.00392157
20 0.00392157
21 0.00392157
22 0.00392157
23 0.456684
24 1
25 0
26 0.836364
27 0.934772
28 0.783513
29 0.913207
30 0.999622
31 0.252341
32 0.969921
33 0.10477
34 0.978245
35 0.998821
36 0.945015
37 0.998114
38 0.97531
39 0.999282
40 0.998902
41 0.999773
42 0.999959
43 0.99757
44 0.998224
45 0.99644
46 0.999041
47 0.999067
48 0.401058
49 0.658165
50 0.899381
51 0.216748
52 0.343674
53 0.751464
54 0.338893
55 0.0984614
56 0.999957
57 0.999868
58 0.999878
59 0.999152
60 0.999319
61 0.999854
62 0.999592
63 0.99984
64 0.580248
65 0.590541
66 0.50352
67 0.241332
68 0.25077
69 0.768128
70 0.449727
71 0.489059
72 0.337859
73 0.819771
74 0.337897
75 0.16709
76 0.176992
77 0.709049
78 0.569643
79 0.470391
80 0.849251
81 0.653089
82 0.848298
83 0.308739
84 0.747202
85 0.965372
86 0.808341
87 0.954432
88 0.777986
89 0.927972
90 0.123914
91 0.989601
92 0.698572
93 0.368209
94 0.284339
95 0.268639
96 0.42486
97 0.523475
98 0.442049
99 0.671927
100 0.329738
101 0.568191
102 0.399421
103 0.513235
104 0.999025
105 0.998953
106 0.990193
0 0.743465
1 0.168446
2 0
3 0
4 0
5 0
6 0
7 0
8 0.00124777
9 0
10 0
11 0
12 0
13 0
14 0
15 0
16 0
17 0
18 0
19 0
20 0.00142602
21 0.00392157
22 0.00392157
23 0.00392157
24 0.00392157
25 0
26 0.43066
27 0.865488
28 0.261581
29 0.793658
30 0.996861
31 0.929375
32 0.762879
33 0.0545521
34 0.955389
35 0.98197
36 0.845546
37 0.968037
38 0.82049
39 0.999629
40 0.998272
41 0.999209
42 0.999954
43 0.99839
44 0.992232
45 0.998502
46 0.994465
47 0.98472
48 0.599708
49 0.858408
50 0.833603
51 0.526594
52 0.648542
53 0.94882
54 0.497141
55 0.767513
56 0.99925
57 0.999877
58 0.999725
59 0.996335
60 0.99428
61 0.997665
62 0.994654
63 0.991651
64 0.983502
65 0.962304
66 0.950355
67 0.978942
68 0.938372
69 0.728074
70 0.984221
71 0.939512
72 0.988099
73 0.967511
74 0.311732
75 0.604378
76 0.675017
77 0.865736
78 0.0190309
79 0.0171375
80 0.88041
81 0.595045
82 0.808691
83 0.646763
84 0.632638
85 0.973521
86 0.796372
87 0.958838
88 0.914319
89 0.448738
90 0.110367
91 0.937959
92 0.111552
93 0.56265
94 0.277932
95 0.147486
96 0.11313
97 0.069061
98 0.0434657
99 0.397807
100 0.845727
101 0.0329338
102 0.765085
103 0.150583
104 0.957155
105 0.951094
106 0.493459
0 0.293562
1 0.161268
2 0.00784314
3 0.00784314
4 0.00784314
5 0.503921
6 1
7 1
8 1
9 0
10 0
11 0
12 0
13 0
14 0
15 0
16 0
17 1
18 1
19 1
20 1
21 1
22 1
23 1
24 1
25 0.74902
26 1
27 0.998027
28 0.852815
29 0.988643
30 0.999971
31 0.547908
32 0.909428
33 0.307705
34 0.999069
35 0.999951
36 0.993119
37 0.999699
38 0.997873
39 0.994444
40 0.998499
41 0.999128
42 0.999893
43 0.97038
44 0.995661
45 0.983872
46 0.997455
47 0.995009
48 0.842987
49 0.987258
50 0.990714
51 0.819056
52 0.872936
53 0.966892
54 0.853587
55 0.663027
56 0.999997
57 0.999978
58 0.999916
59 0.99984
60 0.999894
61 0.999958
62 0.999913
63 0.99998
64 0.65546
65 0.884242
66 0.729288
67 0.621918
68 0.730307
69 0.861885
70 0.646311
71 0.801746
72 0.580564
73 0.885612
74 0.614554
75 0.296491
76 0.625278
77 0.874929
78 0.849318
79 0.819317
80 0.836952
81 0.625349
82 0.846277
83 0.171396
84 0.74776
85 0.835541
86 0.716057
87 0.924038
88 0.869225
89 0.996361
90 0.870768
91 0.99938
92 0.972471
93 0.802835
94 0.658806
95 0.899203
96 0.758593
97 0.928123
98 0.886351
99 0.918265
100 0.299108
101 0.957256
102 0.319042
103 0.78587
104 0.998432
105 0.99838
106 0.987129
0 0.448902
1 0.153219
2 0
3 0
4 0
5 0
6 0
7 0
8 0
9 0
10 0
11 0
12 0
13 0
14 0
15 0
16 0
17 0
18 0
19 0
20 0
21 0
22 0
23 0
24 0
25 0
26 0
27 0.982495
28 0.893169
29 0.995799
30 0.999958
31 0.294323
32 0.996257
33 0.212531
34 0.992499
35 0.999769
36 0.98009
37 0.999344
38 0.995723
39 0.99962
40 0.999762
41 0.999916
42 0.999984
43 0.999183
44 0.99946
45 0.999524
46 0.998859
47 0.999809
48 0.423457
49 0.929166
50 0.967604
51 0.339358
52 0.656989
53 0.823334
54 0.305693
55 0.0758965
56 0.999997
57 0.999985
58 0.999976
59 0.999856
60 0.99976
61 0.999981
62 0.999741
63 0.99996
64 0.658516
65 0.590342
66 0.360016
67 0.420399
68 0.279366
69 0.711263
70 0.550846
71 0.645841
72 0.159155
73 0.676026
74 0.194441
75 0.0905722
76 0.0804774
77 0.539523
78 0.867469
79 0.587019
80 0.912178
81 0.808979
82 0.874253
83 0.372247
84 0.737091
85 0.961222
86 0.753884
87 0.946017
88 0.626225
89 0.992008
90 0.56315
91 0.993589
92 0.80908
93 0.762128
94 0.840678
95 0.827168
96 0.903528
97 0.83869
98 0.853792
99 0.768734
100 0.771125
101 0.842603
102 0.893922
103 0.837028
104 0.999888
105 0.999768
106 0.998627
0 0.459596
1 0.145781
2 0
3 0
4 0
5 0
6 0
7 0
8 0
9 0
10 0
11 0
12 0
13 0
14 0
15 0
16 0
17 0
18 0
19 0
20 0
21 0
22 0
23 0
24 0
25 0
26 0
27 0.845545
28 0.786175
29 0.930539
30 0.999577
31 0.247069
32 0.996688
33 0.252889
34 0.92003
35 0.997044
36 0.716036
37 0.995272
38 0.89554
39 0.999813
40 0.999744
41 0.999942
42 0.999994
43 0.999664
44 0.999665
45 0.9997
46 0.999536
47 0.999875
48 0.290051
49 0.782804
50 0.920406
51 0.168914
52 0.264376
53 0.601648
54 0.258878
55 0.0436006
56 0.999916
57 0.999843
58 0.999885
59 0.998787
60 0.998507
61 0.999672
62 0.998387
63 0.999089
64 0.611783
65 0.567644
66 0.357414
67 0.335859
68 0.258536
69 0.637632
70 0.514996
71 0.507985
72 0.204638
73 0.68975
74 0.325053
75 0.129119
76 0.0964738
77 0.610867
78 0.772004
79 0.536447
80 0.896267
81 0.80175
82 0.906662
83 0.50675
84 0.731933
85 0.954664
86 0.784967
87 0.906758
88 0.347046
89 0.73958
90 0.0407265
91 0.875755
92 0.435584
93 0.422527
94 0.675478
95 0.719972
96 0.703334
97 0.568541
98 0.559878
99 0.675712
100 0.606804
101 0.574796
102 0.501532
103 0.569841
104 0.999441
105 0.999512
106 0.992635
0 0.515514
1 0.138369
2 0
3 0
4 0
5 0
6 0
7 0
8 0.0449198
9 0
10 0
11 0
12 0
13 0
14 0
15 0
16 0
17 0
18 0
19 0
20 0
21 0
22 0
23 0.00178253
24 0.00392157
25 0
26 0.181105
27 0.777074
28 0.568124
29 0.750285
30 0.996874
31 0.252671
32 0.968864
33 0.266249
34 0.871603
35 0.990138
36 0.625646
37 0.988524
38 0.691857
39 0.999392
40 0.998848
41 0.999752
42 0.999976
43 0.998021
44 0.997464
45 0.99717
46 0.998355
47 0.998201
48 0.310674
49 0.580357
50 0.918709
51 0.140373
52 0.176737
53 0.49338
54 0.413702
55 0.0765089
56 0.999635
57 0.999731
58 0.999793
59 0.99514
60 0.997325
61 0.998795
62 0.994416
63 0.991223
64 0.579471
65 0.668592
66 0.552067
67 0.323103
68 0.333216
69 0.685187
70 0.532643
71 0.437707
72 0.506784
73 0.798155
74 0.366872
75 0.230979
76 0.200592
77 0.614245
78 0.608929
79 0.42119
80 0.804324
81 0.709473
82 0.856746
83 0.568362
84 0.653127
85 0.931465
86 0.639577
87 0.768353
88 0.385947
89 0.499439
90 0.0389374
91 0.885742
92 0.211242
93 0.195567
94 0.331716
95 0.223566
96 0.391182
97 0.186213
98 0.179329
99 0.329769
100 0.275628
101 0.177993
102 0.344655
103 0.35535
104 0.995592
105 0.9971
106 0.940791
0 0.755147
1 0.129456
2 0
3 0
4 0.00909092
5 0.0666667
6 0.0666667
7 0.0666667
8 0.0666667
9 0
10 0
11 0
12 0
13 0
14 0
15 0.00178253
16 0.00392157
17 0.00392157
18 0.00392157
19 0.00392157
20 0.00392157
21 0.00392157
22 0.00392157
23 0.00392157
24 0.00392157
25 0.181105
26 0.996078
27 0.847174
28 0.131479
29 0.770503
30 0.996154
31 0.254942
32 0.737068
33 0.162441
34 0.900949
35 0.958723
36 0.569632
37 0.940519
38 0.626217
39 0.994911
40 0.987237
41 0.997332
42 0.999732
43 0.970552
44 0.961879
45 0.959908
46 0.986629
47 0.959361
48 0.387758
49 0.555772
50 0.792569
51 0.197154
52 0.223191
53 0.658564
54 0.389149
55 0.181919
56 0.999367
57 0.998841
58 0.998794
59 0.99146
60 0.991965
61 0.993784
62 0.990588
63 0.982271
64 0.482991
65 0.462584
66 0.458144
67 0.492502
68 0.250905
69 0.510204
70 0.427555
71 0.374791
72 0.341001
73 0.449358
74 0.185182
75 0.168826
76 0.157706
77 0.489875
78 0.303297
79 0.384175
80 0.700333
81 0.401243
82 0.444967
83 0.254136
84 0.41904
85 0.579014
86 0.184326
87 0.497504
88 0.413342
89 0.489687
90 0.0680174
91 0.898081
92 0.0821662
93 0.0852021
94 0.102907
95 0.0548865
96 0.122729
97 0.127737
98 0.0743223
99 0.108239
100 0.0912593
101 0.116228
102 0.120911
103 0.121222
104 0.959539
105 0.968188
106 0.53725
0 0.362151
1 0.121944
2 0
3 0
4 0
5 0.123351
6 0.126738
7 0.0828878
8 0.00392157
9 0
10 0
11 0
12 0
13 0
14 0
15 0
16 0.134046
17 0.0901961
18 0.0409982
19 0.490909
20 0.381818
21 0.381818
22 0.0581105
23 0.00392157
24 0.00392157
25 0.0167558
26 0.433868
27 0.554931
28 0.0162309
29 0.709573
30 0.987538
31 0.218515
32 0.164508
33 0.043424
34 0.579924
35 0.430798
36 0.055944
37 0.310549
38 0.148647
39 0.984405
40 0.883678
41 0.972666
42 0.996381
43 0.829266
44 0.752276
45 0.888878
46 0.867173
47 0.559781
48 0.386076
49 0.507883
50 0.394219
51 0.43729
52 0.430685
53 0.619877
54 0.473442
55 0.440018
56 0.997391
57 0.99373
58 0.986519
59 0.949547
60 0.904064
61 0.930722
62 0.846941
63 0.86825
64 0.465938
65 0.354004
66 0.527766
67 0.628283
68 0.655001
69 0.293947
70 0.468289
71 0.599115
72 0.563129
73 0.221985
74 0.0880667
75 0.264567
76 0.286134
77 0.240851
78 0.0465271
79 0.126953
80 0.206332
81 0.127855
82 0.1686
83 0.0843443
84 0.0932174
85 0.173645
86 0.149803
87 0.208838
88 0.0673098
89 0.295893
90 0.0492504
91 0.555966
92 0.0198925
93 0.116079
94 0.0864847
95 0.0353067
96 0.0471743
97 0.0288157
98 0.0299236
99 0.0360625
100 0.108469
101 0.019387
102 0.0913558
103 0.0257852
104 0.62159
105 0.612898
106 0.0249692
0 0.210865
1 0.112632
2 0.0882353
3 0.117647
4 0.154545
5 0.208913
6 0.640998
7 0.384314
8 0.384314
9 0.0245989
10 0.0901961
11 0.0901961
12 0.0901961
13 0.0327986
14 0.545455
15 0.6
16 0.163636
17 0.258824
18 0.94902
19 0.602496
20 0.52549
21 0.52549
22 0.52549
23 0.52549
24 0.52549
25 0.100891
26 0.400713
27 0.630238
28 0.00469204
29 0.540665
30 0.959812
31 0.56218
32 0.0123946
33 0.293471
34 0.317909
35 0.502934
36 0.0088364
37 0.238371
38 0.0259311
39 0.758329
40 0.768611
41 0.730129
42 0.881221
43 0.210678
44 0.649676
45 0.591233
46 0.628588
47 0.107156
48 0.463761
49 0.180502
50 0.277228
51 0.476636
52 0.496004
53 0.107016
54 0.119037
55 0.310007
56 0.972982
57 0.875756
58 0.925203
59 0.847819
60 0.598154
61 0.530651
62 0.642704
63 0.660589
64 0.876031
65 0.246854
66 0.887354
67 0.454597
68 0.918371
69 0.296625
70 0.774594
71 0.833021
72 0.342675
73 0.0590115
74 0.511579
75 0.904997
76 0.860213
77 0.222539
78 0.0330658
79 0.169878
80 0.161274
81 0.119894
82 0.0474227
83 0.118128
84 0.0306746
85 0.0508899
86 0.0660754
87 0.0554353
88 0.141309
89 0.31907
90 0.2184
91 0.217922
92 0.0407253
93 0.212967
94 0.240651
95 0.21093
96 0.0961852
97 0.231092
98 0.370851
99 0.197048
100 0.392455
101 0.244151
102 0.295331
103 0.024473
104 0.507724
105 0.248628
106 0.0551747
0 0.292496
1 0.105509
2 0.855972
3 0.933333
4 0.933333
5 0.827094
6 0.200178
7 0.055615
8 0.0475936
9 0.645276
10 0.52549
11 0.52549
12 0.52549
13 0.52549
14 0.52549
15 0.52549
16 0.52549
17 0.450624
18 0.25098
19 0.176114
20 0.52549
21 0.52549
22 0.434225
23 0.0235294
24 0.0235294
25 0.725847
26 0.490909
27 0.919413
28 0.103416
29 0.519712
30 0.993579
31 0.936056
32 0.160109
33 0.0906481
34 0.858881
35 0.947863
36 0.318223
37 0.86465
38 0.380264
39 0.922664
40 0.856345
41 0.765205
42 0.954386
43 0.583688
44 0.953794
45 0.836209
46 0.827235
47 0.622115
48 0.298514
49 0.532334
50 0.257595
51 0.706494
52 0.866691
53 0.155631
54 0.61472
55 0.824246
56 0.991998
57 0.978488
58 0.951499
59 0.94669
60 0.961428
61 0.849404
62 0.843845
63 0.920208
64 0.868628
65 0.805772
66 0.804363
67 0.674873
68 0.950722
69 0.705729
70 0.932741
71 0.96397
72 0.675057
73 0.600365
74 0.711656
75 0.955559
76 0.920442
77 0.404784
78 0.312159
79 0.319972
80 0.318807
81 0.178247
82 0.383171
83 0.20731
84 0.0941446
85 0.721716
86 0.606812
87 0.572932
88 0.607459
89 0.770045
90 0.44405
91 0.717768
92 0.233402
93 0.897314
94 0.889484
95 0.882479
96 0.657145
97 0.798798
98 0.798317
99 0.733209
100 0.929735
101 0.886281
102 0.867307
103 0.517399
104 0.951919
105 0.8287
106 0.727107
0 0.0653321
1 0.0975104
2 0.339929
3 0.121569
4 0.642781
5 0.714795
6 0.069697
7 0.26631
8 0.576292
9 0.253476
10 0.71123
11 0.529412
12 0.529412
13 0.529412
14 0.525847
15 0.52549
16 0.52549
17 0.450624
18 0.400713
19 0.48057
20 0.0727273
21 0.145098
22 0.476649
23 0.509804
24 0.478431
25 0.661319
26 0.453119
27 0.910109
28 0.824507
29 0.879415
30 0.999833
31 0.989417
32 0.985684
33 0.289061
34 0.99729
35 0.999177
36 0.977763
37 0.995575
38 0.974205
39 0.998965
40 0.999301
41 0.998655
42 0.999813
43 0.995818
44 0.999327
45 0.997376
46 0.990775
47 0.999092
48 0.774874
49 0.950186
50 0.740175
51 0.772875
52 0.876858
53 0.813753
54 0.774691
55 0.781814
56 0.999937
57 0.999955
58 0.999791
59 0.998409
60 0.99965
61 0.999486
62 0.999462
63 0.999297
64 0.974562
65 0.904077
66 0.939839
67 0.832697
68 0.947511
69 0.828804
70 0.936437
71 0.957602
72 0.823993
73 0.794214
74 0.658791
75 0.791826
76 0.884823
77 0.762186
78 0.119736
79 0.145428
80 0.951414
81 0.416821
82 0.833883
83 0.475559
84 0.840036
85 0.945283
86 0.920219
87 0.924157
88 0.870446
89 0.988756
90 0.640323
91 0.986303
92 0.688794
93 0.9678
94 0.937203
95 0.925492
96 0.843138
97 0.731671
98 0.890225
99 0.74216
100 0.972535
101 0.96529
102 0.990726
103 0.973997
104 0.999295
105 0.998625
106 0.997904
0 0.832619
1 0.0884237
2 0.109626
3 0.230303
4 0.304278
5 0.121569
6 0.121569
7 0.715508
8 0.807843
9 0.0245989
10 0.0901961
11 0.0901961
12 0.0901961
13 0.621747
14 0.565419
15 0.529412
16 0.529412
17 0.529412
18 0.529412
19 0.529412
20 0.596435
21 0.593939
22 0.52549
23 0.52549
24 0.52549
25 0.501248
26 0.690553
27 0.995753
28 0.990362
29 0.997508
30 0.999989
31 0.938451
32 0.999431
33 0.490965
34 0.998954
35 0.999988
36 0.998529
37 0.999861
38 0.9996
39 0.999875
40 0.99997
41 0.999982
42 0.999996
43 0.999799
44 0.999916
45 0.999879
46 0.99979
47 0.99998
48 0.599652
49 0.994234
50 0.995327
51 0.83241
52 0.916578
53 0.970792
54 0.797574
55 0.477068
56 1
57 0.999997
58 0.999994
59 0.999927
60 0.999966
61 0.999995
62 0.999972
63 0.999994
64 0.846661
65 0.953231
66 0.765799
67 0.75755
68 0.772435
69 0.908111
70 0.868918
71 0.852976
72 0.758836
73 0.95818
74 0.511506
75 0.360374
76 0.31046
77 0.912992
78 0.879368
79 0.578838
80 0.962848
81 0.96102
82 0.988236
83 0.65718
84 0.957167
85 0.993528
86 0.977112
87 0.990838
88 0.9717
89 0.999055
90 0.956134
91 0.999732
92 0.993046
93 0.974126
94 0.934009
95 0.989134
96 0.990014
97 0.962946
98 0.937522
99 0.987592
100 0.973051
101 0.987412
102 0.983084
103 0.99039
104 0.999974
105 0.99994
106 0.999929
0 0.538355
1 0.0789849
2 0
3 0
4 0
5 0
6 0
7 0.11426
8 0.121569
9 0
10 0
11 0
12 0
13 0
14 0
15 0
16 0
17 0
18 0
19 0
20 0.0327986
21 0.369697
22 0.529412
23 0.529412
24 0.529412
25 0
26 0.459893
27 0.99173
28 0.989562
29 0.996449
30 0.999991
31 0.70047
32 0.999784
33 0.542301
34 0.998681
35 0.999977
36 0.997052
37 0.999882
38 0.998768
39 0.999939
40 0.999967
41 0.999993
42 0.999999
43 0.99992
44 0.999953
45 0.999927
46 0.99993
47 0.999992
48 0.675277
49 0.984913
50 0.992696
51 0.571916
52 0.811181
53 0.917412
54 0.651577
55 0.168189
56 0.999999
57 0.999994
58 0.999993
59 0.999961
60 0.999945
61 0.999994
62 0.999976
63 0.999994
64 0.804769
65 0.924348
66 0.594802
67 0.671575
68 0.579343
69 0.900303
70 0.815749
71 0.843093
72 0.307584
73 0.954951
74 0.660556
75 0.164207
76 0.236484
77 0.902076
78 0.922271
79 0.697335
80 0.98727
81 0.908053
82 0.984163
83 0.55482
84 0.943878
85 0.995212
86 0.934908
87 0.990082
88 0.929989
89 0.996796
90 0.703221
91 0.998516
92 0.97504
93 0.945274
94 0.972789
95 0.982876
96 0.980913
97 0.976293
98 0.97382
99 0.971196
100 0.929754
101 0.983269
102 0.940853
103 0.967903
104 0.999987
105 0.999982
106 0.999909
0 0.589591
1 0.0714698
2 0
3 0
4 0
5 0
6 0
7 0
8 0
9 0
10 0
11 0
12 0
13 0
14 0
15 0
16 0
17 0
18 0
19 0
20 0
21 0
22 0
23 0
24 0
25 0
26 0
27 0.966958
28 0.98554
29 0.989076
30 0.999974
31 0.575451
32 0.999695
33 0.51288
34 0.995475
35 0.999902
36 0.991052
37 0.99974
38 0.995969
39 0.999941
40 0.999964
41 0.99999
42 0.999999
43 0.999925
44 0.999929
45 0.999927
46 0.999911
47 0.999988
48 0.612936
49 0.964578
50 0.987397
51 0.460831
52 0.691503
53 0.82773
54 0.52265
55 0.107076
56 0.999997
57 0.999991
58 0.999989
59 0.999883
60 0.999897
61 0.999986
62 0.999944
63 0.999981
64 0.830786
65 0.896839
66 0.575785
67 0.638714
68 0.441022
69 0.863484
70 0.787577
71 0.787979
72 0.304918
73 0.929281
74 0.577507
75 0.167841
76 0.184707
77 0.831172
78 0.894097
79 0.611771
80 0.981475
81 0.918778
82 0.977377
83 0.608036
84 0.932392
85 0.993988
86 0.925348
87 0.985492
88 0.789572
89 0.988824
90 0.339335
91 0.995461
92 0.931636
93 0.894611
94 0.952176
95 0.966089
96 0.964505
97 0.930285
98 0.941335
99 0.950256
100 0.883757
101 0.956453
102 0.864724
103 0.897591
104 0.99997
105 0.999964
106 0.999708
0 0.88118
1 0.0639135
2 0
3 0
4 0
5 0
6 0
7 0
8 0
9 0
10 0
11 0
12 0
13 0
14 0
15 0
16 0
17 0
18 0
19 0
20 0
21 0
22 0
23 0
24 0
25 0
26 0
27 0.961215
28 0.979482
29 0.986785
30 0.999971
31 0.615401
32 0.999683
33 0.558252
34 0.993398
35 0.999771
36 0.985047
37 0.999538
38 0.993359
39 0.999935
40 0.999957
41 0.999991
42 0.999999
43 0.999917
44 0.999935
45 0.999928
46 0.999891
47 0.999986
48 0.618887
49 0.966134
50 0.986916
51 0.425304
52 0.660236
53 0.856284
54 0.611832
55 0.137242
56 0.999996
57 0.999987
58 0.999984
59 0.999846
60 0.999844
61 0.999975
62 0.999906
63 0.999962
64 0.836015
65 0.890438
66 0.593781
67 0.622186
68 0.519812
69 0.850301
70 0.767558
71 0.74793
72 0.348453
73 0.956054
74 0.565409
75 0.192528
76 0.189789
77 0.828447
78 0.924426
79 0.747752
80 0.977673
81 0.926227
82 0.973713
83 0.657142
84 0.936018
85 0.993676
86 0.897589
87 0.979262
88 0.803373
89 0.977233
90 0.314029
91 0.99367
92 0.932371
93 0.820109
94 0.91185
95 0.939035
96 0.936277
97 0.898343
98 0.88346
99 0.940571
100 0.820414
101 0.920024
102 0.784453
103 0.860053
104 0.999952
105 0.999958
106 0.999655
0 0.342161
1 0.0562465
2 0
3 0
4 0
5 0
6 0
7 0
8 0
9 0
10 0
11 0
12 0
13 0
14 0
15 0
16 0
17 0
18 0
19 0
20 0
21 0
22 0
23 0
24 0
25 0
26 0
27 0.966956
28 0.97552
29 0.987411
30 0.999971
31 0.561861
32 0.999569
33 0.537911
34 0.993363
35 0.999757
36 0.984974
37 0.999527
38 0.992942
39 0.999928
40 0.999945
41 0.99999
42 0.999999
43 0.999894
44 0.999913
45 0.999899
46 0.999881
47 0.999979
48 0.606734
49 0.96047
50 0.987239
51 0.423017
52 0.669339
53 0.864563
54 0.620253
55 0.125638
56 0.999995
57 0.999985
58 0.999982
59 0.999856
60 0.999843
61 0.999974
62 0.9999
63 0.999961
64 0.818285
65 0.894533
66 0.574147
67 0.609768
68 0.509597
69 0.852126
70 0.741519
71 0.73311
72 0.337757
73 0.956589
74 0.560171
75 0.183128
76 0.192983
77 0.806174
78 0.910862
79 0.720945
80 0.974935
81 0.915026
82 0.970906
83 0.622233
84 0.929051
85 0.992815
86 0.872906
87 0.976719
88 0.797521
89 0.97961
90 0.32225
91 0.994162
92 0.92024
93 0.788303
94 0.88853
95 0.907202
96 0.917
97 0.862976
98 0.862203
99 0.916736
100 0.769914
101 0.889123
102 0.746404
103 0.81178
104 0.999944
105 0.999946
106 0.999478
0 0.362545
1 0.0484885
2 0
3 0
4 0
5 0
6 0
7 0
8 0
9 0
10 0
11 0
12 0
13 0
14 0
15 0
16 0
17 0
18 0
19 0
20 0
21 0
22 0
23 0
24 0
25 0
26 0
27 0.967932
28 0.964898
29 0.98815
30 0.999971
31 0.54948
32 0.999454
33 0.520855
34 0.992163
35 0.999707
36 0.981541
37 0.999443
38 0.991538
39 0.99992
40 0.999936
41 0.999989
42 0.999999
43 0.999879
44 0.999902
45 0.999896
46 0.999862
47 0.999974
48 0.585752
49 0.959834
50 0.987085
51 0.404365
52 0.641347
53 0.873363
54 0.621327
55 0.136491
56 0.999995
57 0.999983
58 0.999981
59 0.999841
60 0.999821
61 0.999972
62 0.99988
63 0.999956
64 0.800217
65 0.873027
66 0.555665
67 0.572049
68 0.514046
69 0.83316
70 0.716271
71 0.705016
72 0.319368
73 0.957069
74 0.519855
75 0.174087
76 0.17832
77 0.801293
78 0.913051
79 0.746153
80 0.970166
81 0.911994
82 0.966802
83 0.61165
84 0.91662
85 0.991673
86 0.856715
87 0.97358
88 0.795209
89 0.977365
90 0.341559
91 0.993581
92 0.916025
93 0.737054
94 0.852556
95 0.880113
96 0.888975
97 0.833543
98 0.821025
99 0.894449
100 0.727747
101 0.857985
102 0.715643
103 0.786504
104 0.999932
105 0.999935
106 0.99939
0 0.145103
1 0.0406992
2 0
3 0
4 0
5 0
6 0
7 0
8 0
9 0
10 0
11 0
12 0
13 0
14 0
15 0
16 0
17 0
18 0
19 0
20 0
21 0
22 0
23 0
24 0
25 0
26 0
27 0.960775
28 0.948333
29 0.984778
30 0.999962
31 0.469781
32 0.999165
33 0.485137
34 0.989506
35 0.999589
36 0.97513
37 0.999263
38 0.987979
39 0.999911
40 0.999919
41 0.999986
42 0.999998
43 0.999853
44 0.999863
45 0.999864
46 0.999841
47 0.999963
48 0.557053
49 0.943708
50 0.983984
51 0.377183
52 0.607978
53 0.851735
54 0.561184
55 0.109536
56 0.999993
57 0.999977
58 0.999976
59 0.999811
60 0.999771
61 0.999966
62 0.999845
63 0.999939
64 0.769955
65 0.851606
66 0.521995
67 0.530562
68 0.441459
69 0.817131
70 0.678413
71 0.674178
72 0.298117
73 0.938752
74 0.492461
75 0.161109
76 0.167855
77 0.769545
78 0.879756
79 0.69031
80 0.962968
81 0.89894
82 0.960155
83 0.57995
84 0.897805
85 0.989484
86 0.831967
87 0.968435
88 0.738295
89 0.971966
90 0.261207
91 0.991929
92 0.882788
93 0.677815
94 0.80221
95 0.827103
96 0.846669
97 0.780695
98 0.76754
99 0.849792
100 0.663089
101 0.803091
102 0.652994
103 0.702361
104 0.999908
105 0.999902
106 0.998958
0 0.326491
1 0.0329184
2 0
3 0
4 0
5 0
6 0
7 0
8 0
9 0
10 0
11 0
12 0
13 0
14 0
15 0
16 0
17 0
18 0
19 0
20 0
21 0
22 0
23 0
24 0
25 0
26 0
27 0.941578
28 0.910596
29 0.977071
30 0.999941
31 0.383287
32 0.998287
33 0.464034
34 0.983673
35 0.999213
36 0.959458
37 0.998768
38 0.977563
39 0.999881
40 0.999878
41 0.999976
42 0.999997
43 0.999788
44 0.999766
45 0.999791
46 0.999762
47 0.99993
48 0.526368
49 0.914489
50 0.977805
51 0.330398
52 0.553732
53 0.813755
54 0.49572
55 0.0881337
56 0.99999
57 0.999965
58 0.999966
59 0.99973
60 0.999654
61 0.999949
62 0.999747
63 0.999879
64 0.730941
65 0.805206
66 0.490558
67 0.473553
68 0.343509
69 0.775548
70 0.625909
71 0.618293
72 0.285496
73 0.906765
74 0.442808
75 0.155921
76 0.154348
77 0.718152
78 0.834837
79 0.648826
80 0.947832
81 0.887188
82 0.944168
83 0.562659
84 0.866314
85 0.985469
86 0.784423
87 0.956626
88 0.639366
89 0.955846
90 0.168345
91 0.988807
92 0.83181
93 0.559363
94 0.699265
95 0.730203
96 0.760977
97 0.704993
98 0.647014
99 0.792203
100 0.563781
101 0.711287
102 0.5587
103 0.570506
104 0.999831
105 0.999802
106 0.997744
0 0.510426
1 0.0253277
2 0
3 0
4 0
5 0
6 0
7 0
8 0
9 0
10 0
11 0
12 0
13 0
14 0
15 0
16 0
17 0
18 0
19 0
20 0
21 0
22 0
23 0
24 0
25 0
26 0
27 0.91651
28 0.80842
29 0.966535
30 0.999886
31 0.279131
32 0.995014
33 0.414433
34 0.967571
35 0.99773
36 0.914427
37 0.997076
38 0.946376
39 0.999791
40 0.999737
41 0.999949
42 0.999995
43 0.999554
44 0.99949
45 0.999549
46 0.99953
47 0.99979
48 0.465125
49 0.866648
50 0.966458
51 0.267493
52 0.47014
53 0.773469
54 0.45227
55 0.0759417
56 0.99998
57 0.999928
58 0.999935
59 0.999517
60 0.999335
61 0.999892
62 0.99946
63 0.999674
64 0.633919
65 0.720578
66 0.423923
67 0.389602
68 0.26858
69 0.695315
70 0.517602
71 0.52995
72 0.258826
73 0.868889
74 0.37916
75 0.145161
76 0.137191
77 0.641109
78 0.777741
79 0.629705
80 0.908607
81 0.849277
82 0.905332
83 0.499296
84 0.794529
85 0.973596
86 0.682535
87 0.925993
88 0.52663
89 0.912652
90 0.110419
91 0.980855
92 0.7281
93 0.381995
94 0.519036
95 0.529406
96 0.595254
97 0.558675
98 0.454859
99 0.663908
100 0.403489
101 0.539573
102 0.407122
103 0.396198
104 0.999512
105 0.999452
106 0.993107
0 0.456244
1 0.0178034
2 0
3 0
4 0
5 0
6 0
7 0
8 0
9 0
10 0
11 0
12 0
13 0
14 0
15 0
16 0
17 0
18 0
19 0
20 0
21 0
22 0
23 0
24 0
25 0
26 0
27 0.836508
28 0.485681
29 0.921963
30 0.999549
31 0.115714
32 0.960307
33 0.29021
34 0.898164
35 0.987194
36 0.722394
37 0.988075
38 0.798378
39 0.999372
40 0.998838
41 0.999723
42 0.99998
43 0.998048
44 0.997204
45 0.997686
46 0.998267
47 0.998232
48 0.349245
49 0.674686
50 0.917865
51 0.175853
52 0.316057
53 0.637022
54 0.318091
55 0.0457223
56 0.999926
57 0.999726
58 0.999778
59 0.998503
60 0.997785
61 0.99961
62 0.998026
63 0.998164
64 0.424063
65 0.500955
66 0.291919
67 0.249035
68 0.125837
69 0.51767
70 0.310256
71 0.359222
72 0.200927
73 0.671091
74 0.272208
75 0.116527
76 0.108266
77 0.457013
78 0.569051
79 0.498394
80 0.765637
81 0.7254
82 0.755246
83 0.356728
84 0.575278
85 0.910588
86 0.464388
87 0.815687
88 0.278828
89 0.772875
90 0.0418871
91 0.947446
92 0.415248
93 0.167864
94 0.233481
95 0.20571
96 0.290361
97 0.301232
98 0.200401
99 0.370043
100 0.182721
101 0.264567
102 0.196898
103 0.148655
104 0.996706
105 0.99596
106 0.939375
0 0.724272
1 0.0104312
2 0
3 0
4 0
5 0
6 0
7 0
8 0
9 0
10 0
11 0
12 0
13 0
14 0
15 0
16 0
17 0
18 0
19 0
20 0
21 0
22 0
23 0
24 0
25 0
26 0
27 0.609893
28 0.061251
29 0.737185
30 0.994159
31 0.0292554
32 0.470223
33 0.121538
34 0.399479
35 0.616872
36 0.0991251
37 0.733952
38 0.181538
39 0.99497
40 0.982678
41 0.99579
42 0.999752
43 0.966653
44 0.960938
45 0.969453
46 0.978984
47 0.940683
48 0.164663
49 0.316865
50 0.623945
51 0.0797289
52 0.104577
53 0.382679
54 0.221969
55 0.0338745
56 0.998912
57 0.995152
58 0.996583
59 0.979833
60 0.971782
61 0.993419
62 0.970124
63 0.939535
64 0.126813
65 0.12651
66 0.113756
67 0.0907796
68 0.0549629
69 0.193982
70 0.0786295
71 0.122372
72 0.105543
73 0.267017
74 0.133761
75 0.0798148
76 0.0685358
77 0.185265
78 0.314023
79 0.475342
80 0.263083
81 0.309854
82 0.229137
83 0.13681
84 0.134755
85 0.334283
86 0.115943
87 0.268213
88 0.0627959
89 0.239591
90 0.0144087
91 0.590122
92 0.0672761
93 0.0252272
94 0.0335619
95 0.0224143
96 0.0484504
97 0.0679184
98 0.0261877
99 0.0620855
100 0.0333249
101 0.0480678
102 0.0349371
103 0.0268964
104 0.895451
105 0.91198
106 0.407378
end fitness = 2.02941
