brainFunction 22858 51 28 1074 24770 2-11 12-25 26-27
0 0.972784
1 0.883382
2 0.746524
3 0.558645
4 0.604635
5 0.616399
6 0.520142
7 0.361497
8 0.156506
9 0.503387
10 0.691266
11 0.681283
12 0.340463
13 0.767558
14 0.767558
15 0.803565
16 0.69483
17 0.678432
18 0.454545
19 0.713369
20 0.28984
21 0.188948
22 0.683779
23 0.627808
24 0.802496
25 0.754011
26 0.601783
27 0.367914
28 0.949504
29 0.47897
30 0.756032
31 0.950906
32 0.899769
33 0.4043
34 0.0729136
35 0.872514
36 0.904375
37 0.0345887
38 0.0138556
39 0.0296814
40 0.0122332
41 0.00279234
42 0.00365597
43 0.0597463
44 0.0130939
45 0.0030562
46 0.00983313
47 0.0030198
48 0.00214317
49 0.00751915
50 0.00512298
0 0.621295
1 0.50512
2 0.956863
3 0.956863
4 0.956863
5 0.956863
6 0.769697
7 0.545098
8 0.545098
9 0.545098
10 0.545098
11 0.545098
12 0.509804
13 0.509804
14 0.509804
15 0.509804
16 0.509804
17 0.509804
18 0.532264
19 0.545098
20 0.545098
21 0.545098
22 0.545098
23 0.545099
24 0.545098
25 0.545098
26 0.951515
27 0.545098
28 0.987463
29 0.928887
30 0.46603
31 0.743307
32 0.991644
33 0.357637
34 0.391218
35 0.194876
36 0.209216
37 0.160333
38 0.102828
39 0.0630479
40 0.108564
41 0.0483804
42 0.214864
43 0.219982
44 0.228751
45 0.0657943
46 0.130367
47 0.108954
48 0.178449
49 0.0599538
50 0.25672
0 0.72006
1 0.49402
2 0
3 0
4 0
5 0
6 0
7 0
8 0
9 0
10 0
11 0
12 0
13 0
14 0
15 0
16 0
17 0
18 0
19 0
20 0
21 0
22 0
23 0
24 0
25 0
26 0
27 0
28 0.862979
29 0.802983
30 0.292002
31 0.460144
32 0.951828
33 0.196772
34 0.0791796
35 0.235009
36 0.0981379
37 0.0692721
38 0.0484288
39 0.0292063
40 0.0199499
41 0.0257254
42 0.0335525
43 0.0448892
44 0.0344253
45 0.0214278
46 0.0349151
47 0.0418674
48 0.0902784
49 0.0145786
50 0.0342146
0 0.630778
1 0.483634
2 0.617469
3 0.0470588
4 0.0128342
5 0
6 0
7 0
8 0
9 0
10 0
11 0.0909091
12 0.67451
13 0.186809
14 0.00392157
15 0.000713012
16 0
17 0
18 0
19 0
20 0
21 0
22 0
23 0
24 0
25 0.381818
26 0.372906
27 0.0181818
28 0.978431
29 0.85629
30 0.468456
31 0.354383
32 0.985618
33 0.319952
34 0.332253
35 0.111812
36 0.124301
37 0.0847081
38 0.0752747
39 0.0165194
40 0.019325
41 0.0300142
42 0.0428818
43 0.0844247
44 0.0382018
45 0.0479427
46 0.0636743
47 0.0359465
48 0.256042
49 0.0266875
50 0.0740805
0 0.583986
1 0.474147
2 0.0509804
3 0.0509804
4 0.0509804
5 0.0509804
6 0.0509804
7 0.0509804
8 0.0509804
9 0.0509804
10 0.0509804
11 0.571479
12 0.00784314
13 0.00784314
14 0.00784314
15 0.00784314
16 0.00784314
17 0.00784314
18 0.00784314
19 0.00784314
20 0.00784314
21 0.00784314
22 0.00784314
23 0.00784315
24 0.175758
25 0.623529
26 0.945098
27 0.886631
28 0.973059
29 0.718693
30 0.613179
31 0.468699
32 0.962772
33 0.271481
34 0.186694
35 0.528199
36 0.308632
37 0.130133
38 0.098801
39 0.0697926
40 0.057563
41 0.101663
42 0.0490128
43 0.173853
44 0.165462
45 0.0204595
46 0.0673276
47 0.0282578
48 0.192528
49 0.0281137
50 0.0598374
0 0.437492
1 0.46361
2 0.596078
3 0.596078
4 0.596078
5 0.393583
6 0.292335
7 0.0196078
8 0.0196078
9 0.0196078
10 0.0196078
11 0.0231729
12 0
13 0
14 0
15 0
16 0
17 0.322638
18 0.226381
19 0.00392157
20 0.00392157
21 0.00392157
22 0.00392157
23 0.00392157
24 0.00392157
25 0.00641711
26 0.906239
27 0.951872
28 0.993079
29 0.499006
30 0.874849
31 0.478296
32 0.899459
33 0.49437
34 0.155902
35 0.743231
36 0.79009
37 0.358769
38 0.209714
39 0.0843713
40 0.158931
41 0.0503413
42 0.16684
43 0.28327
44 0.101444
45 0.0434914
46 0.0767285
47 0.0195501
48 0.182259
49 0.0576881
50 0.0570172
0 0.799195
1 0.452009
2 0.596078
3 0.596078
4 0.596078
5 0.596078
6 0.596078
7 0.596079
8 0.596078
9 0.596078
10 0.596079
11 0.596078
12 0
13 0
14 0
15 0
16 0
17 0
18 0
19 0
20 0
21 0
22 0
23 0
24 0
25 0
26 1
27 1
28 0.990812
29 0.537599
30 0.845331
31 0.459457
32 0.948187
33 0.459517
34 0.284266
35 0.629801
36 0.792994
37 0.315776
38 0.220568
39 0.140901
40 0.226339
41 0.0708039
42 0.262488
43 0.2715
44 0.130027
45 0.0504635
46 0.131665
47 0.0186589
48 0.446143
49 0.0583845
50 0.083044
0 0.0525449
1 0.440962
2 0.537255
3 0.537255
4 0.537255
5 0.537255
6 0.537255
7 0.537255
8 0.537255
9 0.537255
10 0.537255
11 0.522994
12 0
13 0
14 0
15 0
16 0
17 0
18 0
19 0
20 0
21 0
22 0
23 0
24 0.00106952
25 0.00392157
26 1
27 1
28 0.985874
29 0.340939
30 0.797985
31 0.471445
32 0.80886
33 0.515582
34 0.155003
35 0.370823
36 0.649309
37 0.450292
38 0.13931
39 0.0236386
40 0.0794966
41 0.00703034
42 0.0769122
43 0.0618363
44 0.0355743
45 0.0141811
46 0.0510544
47 0.00690303
48 0.10041
49 0.0621417
50 0.0299508
0 0.902744
1 0.428897
2 0.709804
3 0.709804
4 0.709804
5 0.709804
6 0.709804
7 0.709804
8 0.709804
9 0.709804
10 0.81533
11 0.999999
12 0
13 0
14 0
15 0
16 0
17 0
18 0
19 0
20 0
21 0
22 0
23 0
24 0.909091
25 1
26 1
27 1
28 0.99277
29 0.40209
30 0.918307
31 0.480133
32 0.815795
33 0.583955
34 0.147018
35 0.767122
36 0.882407
37 0.478776
38 0.254529
39 0.155701
40 0.281719
41 0.0432645
42 0.208298
43 0.247756
44 0.110937
45 0.0290245
46 0.11021
47 0.0139815
48 0.216325
49 0.102633
50 0.0470878
0 0.294657
1 0.416789
2 0.788235
3 0.788235
4 0.788235
5 0.788235
6 0.788235
7 0.788236
8 0.788235
9 0.788235
10 0.788236
11 0.848841
12 0
13 0
14 0
15 0
16 0
17 0
18 0
19 0
20 0
21 0
22 0
23 0
24 0
25 0.586453
26 1
27 0.99287
28 0.987378
29 0.444372
30 0.752294
31 0.447943
32 0.889252
33 0.484477
34 0.198312
35 0.289501
36 0.630051
37 0.406648
38 0.137015
39 0.0238898
40 0.0969409
41 0.00798942
42 0.0933063
43 0.0569645
44 0.048434
45 0.0195185
46 0.0653686
47 0.00941972
48 0.141383
49 0.0646088
50 0.0453462
0 0.758579
1 0.405873
2 0.619608
3 0.619608
4 0.619608
5 0.619608
6 0.619608
7 0.619608
8 0.619608
9 0.619608
10 0.743672
11 0.960784
12 0
13 0
14 0
15 0
16 0
17 0
18 0
19 0
20 0
21 0
22 0
23 0
24 0.87344
25 0.960784
26 1
27 0.989305
28 0.986371
29 0.638469
30 0.81407
31 0.386434
32 0.93876
33 0.448589
34 0.252052
35 0.520823
36 0.627308
37 0.238859
38 0.181225
39 0.0989883
40 0.167835
41 0.0626206
42 0.17007
43 0.159478
44 0.12204
45 0.042727
46 0.11929
47 0.0223216
48 0.3254
49 0.0510964
50 0.0772387
0 0.355442
1 0.393744
2 0.427451
3 0.427451
4 0.427451
5 0.427451
6 0.427451
7 0.427451
8 0.427451
9 0.427451
10 0.427451
11 0.427451
12 0
13 0
14 0
15 0
16 0
17 0
18 0
19 0
20 0
21 0
22 0
23 0
24 0
25 0
26 1
27 1
28 0.882207
29 0.567627
30 0.360751
31 0.765709
32 0.95872
33 0.318934
34 0.262451
35 0.219164
36 0.336788
37 0.0160072
38 0.0213988
39 0.0197065
40 0.00672587
41 0.00294667
42 0.00357836
43 0.00376662
44 0.00660603
45 0.00715878
46 0.0119649
47 0.00135303
48 0.0140245
49 0.000622072
50 0.00726325
0 0.354863
1 0.382753
2 0.0901961
3 0.0901961
4 0.0901961
5 0.421034
6 0.0980391
7 0.00784314
8 0.141177
9 0.709804
10 0.360071
11 0.239216
12 0.52549
13 0.52549
14 0.52549
15 0.52549
16 0.52549
17 0.689483
18 0.0196078
19 0.0196078
20 0.0196078
21 0.347593
22 0.641711
23 0.457042
24 0.453476
25 0.466667
26 0.998574
27 0.839216
28 0.946796
29 0.870104
30 0.45972
31 0.536329
32 0.974467
33 0.603164
34 0.290755
35 0.201216
36 0.355274
37 0.0838623
38 0.0371352
39 0.013137
40 0.00735719
41 0.0067856
42 0.0120024
43 0.0526918
44 0.0231254
45 0.0141732
46 0.0346075
47 0.0074669
48 0.0326665
49 0.0143927
50 0.0202845
0 0.483576
1 0.371319
2 0
3 0.0057041
4 0.0117647
5 0.0588235
6 0.618895
7 0.596079
8 0.442424
9 0.0156863
10 0.0156863
11 0.0156863
12 0
13 0.0124777
14 0.115865
15 0.0901961
16 0.0901961
17 0.0160428
18 0.0196078
19 0.0623886
20 0.137255
21 0.313725
22 0.52549
23 0.525491
24 0.52549
25 0.52549
26 0.54795
27 1
28 0.984631
29 0.858354
30 0.53739
31 0.419508
32 0.981422
33 0.35802
34 0.472653
35 0.103713
36 0.224306
37 0.101467
38 0.0756549
39 0.00756653
40 0.00872271
41 0.0127318
42 0.0291623
43 0.0213412
44 0.0238614
45 0.0204029
46 0.0474429
47 0.0157879
48 0.20887
49 0.0212142
50 0.0774629
0 0.493928
1 0.361031
2 0.0901961
3 0.0901961
4 0.0901961
5 0.0901961
6 0.0901961
7 0.0901961
8 0.0901961
9 0.0901961
10 0.414974
11 0.820677
12 0.00784314
13 0.00784314
14 0.00784314
15 0.00784314
16 0.00784314
17 0.00784314
18 0.00784314
19 0.00784314
20 0.00784314
21 0.00784314
22 0.00784314
23 0.0784314
24 0.875223
25 0.357576
26 0.941176
27 0.950802
28 0.876052
29 0.684835
30 0.562232
31 0.711005
32 0.947031
33 0.234404
34 0.166496
35 0.459662
36 0.281031
37 0.0139809
38 0.011795
39 0.0107777
40 0.00850158
41 0.00692098
42 0.00560459
43 0.0131522
44 0.0245138
45 0.00533909
46 0.0127008
47 0.00646535
48 0.0333858
49 0.00173738
50 0.0143185
0 0.7479
1 0.349901
2 0.512299
3 0.772549
4 0.562923
5 0.00392157
6 0.00392157
7 0.00392157
8 0.00392157
9 0.00392157
10 0.00392157
11 0.00392157
12 0.567201
13 0.509804
14 0.509804
15 0.462032
16 0.247059
17 0.247059
18 0.247059
19 0.247059
20 0.247059
21 0.247059
22 0.247059
23 0.247059
24 0.247059
25 0.247059
26 0.91123
27 0.972549
28 0.945736
29 0.488176
30 0.770433
31 0.895158
32 0.908034
33 0.498286
34 0.135786
35 0.818392
36 0.928006
37 0.0193621
38 0.0107211
39 0.0107574
40 0.00300624
41 0.00111998
42 0.00255149
43 0.021402
44 0.00470787
45 0.00248602
46 0.0047798
47 0.000779092
48 0.00240004
49 0.00197933
50 0.0021692
0 0.517384
1 0.339012
2 0.670588
3 0.670588
4 0.670588
5 0.670588
6 0.670588
7 0.670588
8 0.670588
9 0.670588
10 0.670588
11 0.670588
12 0.509804
13 0.509804
14 0.509804
15 0.509804
16 0.509804
17 0.509804
18 0.509804
19 0.509804
20 0.509804
21 0.509804
22 0.509804
23 0.509804
24 0.509804
25 0.509804
26 0.988235
27 0.988235
28 0.981053
29 0.570413
30 0.804079
31 0.944406
32 0.966252
33 0.685542
34 0.383291
35 0.666925
36 0.941743
37 0.0232557
38 0.018775
39 0.0135766
40 0.00536882
41 0.00129582
42 0.0102121
43 0.0460526
44 0.0107626
45 0.00309466
46 0.0109145
47 0.000863505
48 0.00612597
49 0.0038453
50 0.00771041
0 0.222816
1 0.328461
2 0.0499109
3 0.57754
4 0.705882
5 0.705882
6 0.705882
7 0.705883
8 0.705882
9 0.705882
10 0.705883
11 0.705882
12 0
13 0.399287
14 0.531194
15 0.509804
16 0.509804
17 0.509804
18 0.509804
19 0.509804
20 0.509804
21 0.509804
22 0.509804
23 0.509804
24 0.509804
25 0.509804
26 0.731194
27 0.992157
28 0.973108
29 0.578696
30 0.80387
31 0.905514
32 0.946227
33 0.619866
34 0.294864
35 0.765213
36 0.932129
37 0.0634765
38 0.0267829
39 0.018324
40 0.00681398
41 0.00196433
42 0.0139059
43 0.0965356
44 0.0388718
45 0.00218848
46 0.0131932
47 0.000827347
48 0.00424419
49 0.0124321
50 0.00780062
0 0.834747
1 0.317632
2 0.87451
3 0.87451
4 0.87451
5 0.514082
6 0.851693
7 0.701961
8 0.701961
9 0.701961
10 0.701961
11 0.70196
12 0.00392157
13 0.00392157
14 0.00392157
15 0.00392157
16 0.00178253
17 0.887701
18 0.679501
19 0.509804
20 0.509804
21 0.509804
22 0.509804
23 0.509804
24 0.509804
25 0.509804
26 0.794296
27 0.992157
28 0.951075
29 0.611186
30 0.711698
31 0.95296
32 0.943686
33 0.537088
34 0.237136
35 0.892458
36 0.958788
37 0.0261264
38 0.0090958
39 0.0239866
40 0.00305894
41 0.00096592
42 0.00493585
43 0.0179265
44 0.00996441
45 0.00112604
46 0.00785708
47 0.000395363
48 0.00186796
49 0.00199241
50 0.00597595
0 0.768762
1 0.306697
2 0.976471
3 0.948663
4 0.823529
5 0.823529
6 0.691622
7 0.678432
8 0.678431
9 0.678431
10 0.678432
11 0.678431
12 0.14902
13 0.14902
14 0.455615
15 0.823529
16 0.823529
17 0.737968
18 0.509804
19 0.509804
20 0.509804
21 0.509804
22 0.509804
23 0.509804
24 0.509804
25 0.509804
26 0.814973
27 0.996078
28 0.966736
29 0.669624
30 0.726052
31 0.912328
32 0.965199
33 0.658187
34 0.440459
35 0.597899
36 0.936428
37 0.0323677
38 0.0267281
39 0.0121107
40 0.00274849
41 0.000955076
42 0.00989782
43 0.0401027
44 0.0083646
45 0.00423705
46 0.00953896
47 0.000764355
48 0.00753076
49 0.00308196
50 0.00742514
0 0.161602
1 0.295588
2 0.337255
3 0.337255
4 0.337255
5 0.337255
6 0.708021
7 0.745098
8 0.745098
9 0.745098
10 0.745098
11 0.745098
12 0.337255
13 0.337255
14 0.337255
15 0.337255
16 0.337255
17 0.384314
18 0.509804
19 0.509804
20 0.509804
21 0.509804
22 0.509804
23 0.509804
24 0.509804
25 0.509804
26 0.457041
27 0.996078
28 0.986541
29 0.810973
30 0.729105
31 0.744481
32 0.983743
33 0.481869
34 0.664758
35 0.205895
36 0.753994
37 0.0608058
38 0.0497259
39 0.0172413
40 0.00658512
41 0.00419558
42 0.0231895
43 0.0194787
44 0.0120274
45 0.0135677
46 0.0281687
47 0.00308784
48 0.0747519
49 0.0043938
50 0.0406614
0 0.0542405
1 0.284336
2 0.176471
3 0.176471
4 0.176471
5 0.176471
6 0.176471
7 0.176471
8 0.176471
9 0.681284
10 0.870589
11 0.870588
12 0.14902
13 0.14902
14 0.14902
15 0.14902
16 0.14902
17 0.14902
18 0.14902
19 0.14902
20 0.14902
21 0.14902
22 0.444207
23 0.509804
24 0.509804
25 0.509804
26 0.968627
27 0.983601
28 0.944501
29 0.825672
30 0.696158
31 0.748195
32 0.964715
33 0.307874
34 0.395032
35 0.629093
36 0.385377
37 0.0209462
38 0.0314964
39 0.0372883
40 0.0113455
41 0.0127451
42 0.0180045
43 0.00904697
44 0.0141142
45 0.0118549
46 0.0365953
47 0.0110602
48 0.196145
49 0.00290496
50 0.0830908
0 0.76537
1 0.272547
2 0.0627451
3 0.0627451
4 0.550802
5 0.194652
6 0.0381462
7 0.00784314
8 0.00784314
9 0.00784314
10 0.00784314
11 0.285918
12 0.52549
13 0.52549
14 0.52549
15 0.827451
16 0.52549
17 0.0663103
18 0.00392157
19 0.00392157
20 0.00392157
21 0.00392157
22 0.00392157
23 0.00392157
24 0.00392157
25 0.00392157
26 0.773975
27 0.887701
28 0.819869
29 0.761126
30 0.406137
31 0.863264
32 0.982226
33 0.328506
34 0.414981
35 0.305184
36 0.401844
37 0.00398176
38 0.00602858
39 0.00295663
40 0.000541987
41 0.000909676
42 0.00283473
43 0.00729394
44 0.00302218
45 0.00359627
46 0.00418624
47 0.000934723
48 0.0122576
49 0.00088379
50 0.00438932
0 0.436102
1 0.260957
2 0.2
3 0.184314
4 0.239216
5 0.186809
6 0.121925
7 0.117647
8 0.278075
9 0.315508
10 0.238503
11 0.934403
12 0.6
13 0.6
14 0.398574
15 0.458467
16 0.52549
17 0.52549
18 0.52549
19 0.52549
20 0.52549
21 0.741176
22 0.229947
23 0.028877
24 0.275579
25 1
26 0.609626
27 0.828164
28 0.888784
29 0.735411
30 0.513462
31 0.8839
32 0.939352
33 0.527004
34 0.173941
35 0.378399
36 0.416528
37 0.00586732
38 0.00650628
39 0.00213956
40 0.00201812
41 0.00179988
42 0.00308514
43 0.0231404
44 0.00727694
45 0.00390809
46 0.0047136
47 0.00341741
48 0.00514787
49 0.00224444
50 0.00290784
0 0.583856
1 0.249688
2 0.0392157
3 0.455258
4 0.277718
5 0.0841355
6 0.551872
7 0.2
8 0.247415
9 0.175401
10 0.0894832
11 0.184314
12 0.52549
13 0.542959
14 0.630303
15 0.114795
16 0.0919786
17 0.381105
18 0.745454
19 0.6
20 0.593226
21 0.52549
22 0.483779
23 0.0352942
24 0.480927
25 0.52549
26 0.759358
27 0.380036
28 0.896092
29 0.867797
30 0.33598
31 0.755045
32 0.993691
33 0.344698
34 0.460437
35 0.358474
36 0.333507
37 0.00824342
38 0.00879051
39 0.00772362
40 0.00174055
41 0.00414332
42 0.00744841
43 0.0260094
44 0.011461
45 0.00444528
46 0.0099956
47 0.00237063
48 0.0192683
49 0.00311474
50 0.00957023
0 0.332809
1 0.238448
2 0.0666667
3 0.234581
4 0.127629
5 0.160784
6 0.160784
7 0.160784
8 0.2082
9 0.115508
10 0.0705883
11 0.501961
12 0.0196078
13 0.375758
14 0.0392157
15 0.437077
16 0.52549
17 0.52549
18 0.52549
19 0.52549
20 0.52549
21 0.52549
22 0.114795
23 0.0235294
24 0.057754
25 0.690553
26 0.721925
27 0.937968
28 0.932614
29 0.803697
30 0.497703
31 0.836912
32 0.95764
33 0.252989
34 0.150222
35 0.706636
36 0.59866
37 0.0772451
38 0.0252178
39 0.0210892
40 0.006633
41 0.0130384
42 0.0049513
43 0.0159767
44 0.0264586
45 0.00315731
46 0.0175429
47 0.00635305
48 0.0179779
49 0.00404135
50 0.0150086
0 0.620253
1 0.227441
2 0.582888
3 0.732977
4 0.580392
5 0.814617
6 0.173262
7 0.0698752
8 0.00392157
9 0.025312
10 0.149733
11 0.164706
12 0.509804
13 0.246346
14 0.137255
15 0.137255
16 0.535116
17 0.791801
18 0.31016
19 0.101961
20 0.0196078
21 0.0196078
22 0.0445632
23 0.357933
24 0.52549
25 0.52549
26 0.820677
27 0.847772
28 0.994289
29 0.527009
30 0.945168
31 0.84608
32 0.915778
33 0.70731
34 0.148753
35 0.957087
36 0.982693
37 0.327556
38 0.155628
39 0.103835
40 0.0844417
41 0.024561
42 0.0630016
43 0.319086
44 0.0533169
45 0.0133519
46 0.0464641
47 0.00990233
48 0.108289
49 0.0369438
50 0.021311
0 0.117695
1 0.21755
2 0.328342
3 0.64492
4 1
5 1
6 1
7 1
8 0.915151
9 0.533333
10 0.533333
11 0.533333
12 0.374332
13 0.138324
14 0.14902
15 0.14902
16 0.14902
17 0.14902
18 0.14902
19 0.14902
20 0.14902
21 0.143672
22 0.137255
23 0.137255
24 0.137255
25 0.137255
26 0.920856
27 0.961497
28 0.93891
29 0.759818
30 0.640252
31 0.795625
32 0.966875
33 0.188768
34 0.29754
35 0.430738
36 0.275789
37 0.05321
38 0.0174105
39 0.019098
40 0.0385394
41 0.00684551
42 0.023637
43 0.0283493
44 0.0486669
45 0.0104355
46 0.0342013
47 0.0122998
48 0.129439
49 0.0065522
50 0.0647308
0 0.840869
1 0.209816
2 0.764706
3 0.764706
4 0.55615
5 0
6 0
7 0
8 0.34795
9 0.0117647
10 0.0117647
11 0.441355
12 0.509804
13 0.509804
14 0.509804
15 0.417112
16 0
17 0
18 0
19 0
20 0.0477717
21 0.34902
22 0.137255
23 0.137255
24 0.363993
25 0.352228
26 0.541176
27 0.585383
28 0.979282
29 0.894047
30 0.580711
31 0.43096
32 0.990408
33 0.358217
34 0.481504
35 0.298071
36 0.365282
37 0.131814
38 0.0744769
39 0.0383428
40 0.0403471
41 0.0575599
42 0.0832468
43 0.102927
44 0.0819569
45 0.0567394
46 0.0705159
47 0.0343537
48 0.331063
49 0.0170417
50 0.0881142
0 0.452743
1 0.202422
2 0.0666667
3 0.0666667
4 0.0666667
5 0.0666667
6 0.0666667
7 0.0666667
8 0.0666667
9 0.0666667
10 0.0666667
11 0.0666666
12 0.00784314
13 0.00784314
14 0.00784314
15 0.00784314
16 0.00784314
17 0.00784314
18 0.00784314
19 0.00784314
20 0.00784314
21 0.00784314
22 0.00784314
23 0.00784315
24 0.00784314
25 0.00784314
26 0.976471
27 0.976471
28 0.973458
29 0.775033
30 0.563982
31 0.44747
32 0.97387
33 0.392068
34 0.359313
35 0.308039
36 0.364259
37 0.137137
38 0.101324
39 0.0416037
40 0.042949
41 0.0538489
42 0.09705
43 0.0702396
44 0.0596041
45 0.0338316
46 0.0718661
47 0.018632
48 0.33316
49 0.0155008
50 0.062382
0 0.349213
1 0.195153
2 0.172549
3 0.172549
4 0.172549
5 0.172549
6 0.172549
7 0.172549
8 0.172549
9 0.172549
10 0.172549
11 0.172549
12 0.00784314
13 0.00784314
14 0.00784314
15 0.00784314
16 0.00784314
17 0.00784314
18 0.00784314
19 0.00784314
20 0.00784314
21 0.00784314
22 0.00784314
23 0.00784315
24 0.00784314
25 0.00784314
26 0.917647
27 0.917647
28 0.949917
29 0.543489
30 0.611532
31 0.810915
32 0.946123
33 0.70548
34 0.203532
35 0.488572
36 0.887655
37 0.0219878
38 0.0191972
39 0.00738092
40 0.0010327
41 0.000623785
42 0.00609277
43 0.0120341
44 0.00260523
45 0.00202609
46 0.00643722
47 0.000257602
48 0.00218598
49 0.00307689
50 0.00197363
0 0.803213
1 0.18797
2 0.0627451
3 0.0627451
4 0.43066
5 0.735472
6 0.772549
7 0.772549
8 0.772549
9 0.772549
10 0.772549
11 0.772549
12 0.00392157
13 0.00392157
14 0.00392157
15 0.465954
16 0.536542
17 0.509804
18 0.509804
19 0.509804
20 0.509804
21 0.509804
22 0.509804
23 0.509804
24 0.509804
25 0.509804
26 0.913013
27 0.996078
28 0.962041
29 0.454203
30 0.830194
31 0.944595
32 0.893267
33 0.642707
34 0.247014
35 0.855264
36 0.952358
37 0.0136072
38 0.0105216
39 0.00845418
40 0.002954
41 0.000574218
42 0.00288136
43 0.00984955
44 0.00271411
45 0.000966288
46 0.00428111
47 0.000266438
48 0.00215022
49 0.00127941
50 0.0022581
0 0.384151
1 0.177121
2 0.367201
3 0.666667
4 0.666667
5 0.785383
6 0.811765
7 0.811765
8 0.811765
9 0.811765
10 0.811765
11 0.811764
12 0.24492
13 0.666667
14 0.666667
15 0.666667
16 0.581105
17 0.509804
18 0.509804
19 0.509804
20 0.509804
21 0.509804
22 0.509804
23 0.509804
24 0.509804
25 0.509804
26 0.813547
27 0.996078
28 0.953424
29 0.608206
30 0.814398
31 0.936781
32 0.946104
33 0.532351
34 0.328663
35 0.859727
36 0.962505
37 0.0222279
38 0.00954452
39 0.0103654
40 0.00408315
41 0.00074001
42 0.00427414
43 0.0111668
44 0.00574039
45 0.00184018
46 0.00557143
47 0.000454897
48 0.00424774
49 0.00137136
50 0.00321346
0 0.487195
1 0.165792
2 0.662745
3 0.662745
4 0.662745
5 0.662745
6 0.662745
7 0.662745
8 0.662745
9 0.662745
10 0.662745
11 0.662745
12 0.509804
13 0.509804
14 0.509804
15 0.509804
16 0.509804
17 0.509804
18 0.509804
19 0.509804
20 0.509804
21 0.509804
22 0.509804
23 0.509804
24 0.509804
25 0.509804
26 0.996078
27 0.996078
28 0.966543
29 0.523907
30 0.864421
31 0.951654
32 0.902319
33 0.5779
34 0.25862
35 0.926784
36 0.980107
37 0.0303565
38 0.0112119
39 0.0104637
40 0.00462157
41 0.000611519
42 0.00460668
43 0.0132982
44 0.00476033
45 0.00154834
46 0.00541202
47 0.000395151
48 0.0028192
49 0.00146369
50 0.00280314
0 0.788083
1 0.155217
2 0.784314
3 0.784314
4 0.784314
5 0.784314
6 0.784314
7 0.784314
8 0.784314
9 0.784314
10 0.784314
11 0.784313
12 0.509804
13 0.509804
14 0.509804
15 0.509804
16 0.509804
17 0.509804
18 0.509804
19 0.509804
20 0.509804
21 0.509804
22 0.509804
23 0.509804
24 0.509804
25 0.509804
26 0.996078
27 0.996078
28 0.983917
29 0.928037
30 0.483002
31 0.776974
32 0.990467
33 0.413409
34 0.552098
35 0.252184
36 0.438121
37 0.146383
38 0.0510231
39 0.0338163
40 0.0889188
41 0.0253924
42 0.185101
43 0.078532
44 0.0974198
45 0.0500545
46 0.0987787
47 0.04113
48 0.183972
49 0.0284672
50 0.126605
0 0.736671
1 0.180106
2 0.00784314
3 0.00784314
4 0.00784314
5 0.00784314
6 0.0862745
7 0.0941177
8 0.0941176
9 0.0941176
10 0.0941177
11 0.0941176
12 0.00392157
13 0.00392157
14 0.00392157
15 0.00392157
16 0.00392157
17 0.0285205
18 0.0941176
19 0.0941176
20 0.0941176
21 0.0941176
22 0.0941176
23 0.0941177
24 0.0941176
25 0.0941176
26 0.77754
27 0.0941176
28 0.969554
29 0.816456
30 0.588479
31 0.456619
32 0.977941
33 0.343032
34 0.326576
35 0.493332
36 0.479343
37 0.161685
38 0.0734873
39 0.0683365
40 0.036508
41 0.0738773
42 0.0770045
43 0.0868982
44 0.0509852
45 0.0246964
46 0.0614331
47 0.0160799
48 0.348633
49 0.0138589
50 0.0693979
0 0.0231567
1 0.167116
2 0.576471
3 0.331907
4 0.192157
5 0.192157
6 0.192157
7 0.192157
8 0.192157
9 0.192157
10 0.192157
11 0.192157
12 0.00392157
13 0.00427807
14 0.00784314
15 0.00784314
16 0.00784314
17 0.00784314
18 0.00784314
19 0.00784314
20 0.00784314
21 0.00784314
22 0.00784314
23 0.00784315
24 0.00784314
25 0.00784314
26 0.956506
27 0.94902
28 0.960625
29 0.700685
30 0.474537
31 0.810757
32 0.959583
33 0.372728
34 0.185678
35 0.417527
36 0.46493
37 0.0537157
38 0.0263926
39 0.0112049
40 0.0215366
41 0.00884134
42 0.0307758
43 0.0602828
44 0.0479743
45 0.0085783
46 0.0278112
47 0.00742669
48 0.0228861
49 0.0112523
50 0.0134321
0 0.884302
1 0.159718
2 0.458824
3 0.458824
4 0.458824
5 0.458823
6 0.394652
7 0.33369
8 0.122995
9 0.122282
10 0.145455
11 0.227451
12 0
13 0
14 0
15 0
16 0
17 0.105882
18 0.388235
19 0.25098
20 0.441711
21 0.427451
22 0.464171
23 0.160072
24 0.211765
25 0.227451
26 0.79893
27 0.374332
28 0.976848
29 0.630441
30 0.817702
31 0.655203
32 0.906361
33 0.391016
34 0.136005
35 0.841099
36 0.808233
37 0.315093
38 0.119992
39 0.0669076
40 0.0825609
41 0.020514
42 0.0268263
43 0.0654497
44 0.0356637
45 0.0167497
46 0.0260291
47 0.0202155
48 0.0965907
49 0.0136972
50 0.0144947
0 0.19168
1 0.151874
2 0.513726
3 0.394652
4 0.505882
5 0.505882
6 0.505882
7 0.505883
8 0.505882
9 0.505882
10 0.505883
11 0.227807
12 0.78467
13 0.545455
14 0
15 0
16 0
17 0
18 0
19 0
20 0
21 0
22 0
23 0
24 0.163636
25 0.6
26 0.707665
27 0.700535
28 0.937159
29 0.705469
30 0.555521
31 0.938841
32 0.970162
33 0.414378
34 0.316787
35 0.384615
36 0.765936
37 0.00457651
38 0.0117549
39 0.00505401
40 0.00284991
41 0.000957454
42 0.00767053
43 0.0107523
44 0.00614226
45 0.00534135
46 0.00965423
47 0.00110748
48 0.00841801
49 0.000935752
50 0.00589269
0 0.618446
1 0.144461
2 0.0470588
3 0.0748663
4 0.240642
5 0.34902
6 0.313369
7 0.473797
8 0.354011
9 0.2
10 0.428521
11 0.411764
12 0.52549
13 0.52549
14 0.559358
15 0.536542
16 0.25098
17 0.25098
18 0.388235
19 0.557932
20 0.52549
21 0.559358
22 0.6
23 0.559359
24 0.0477717
25 0
26 0.4082
27 0.637433
28 0.886005
29 0.586294
30 0.666796
31 0.965968
32 0.90616
33 0.509277
34 0.159857
35 0.828922
36 0.926712
37 0.00494784
38 0.00303369
39 0.00468794
40 0.000628918
41 0.000242183
42 0.000710498
43 0.0040285
44 0.00117059
45 0.000469387
46 0.00170854
47 0.000218145
48 0.00061859
49 0.000423937
50 0.000940383
0 0.391262
1 0.136771
2 0.619608
3 0.619608
4 0.619608
5 0.619608
6 0.619608
7 0.619608
8 0.619608
9 0.619608
10 0.619608
11 0.619608
12 0.619608
13 0.619608
14 0.619608
15 0.619608
16 0.619608
17 0.619608
18 0.619608
19 0.619608
20 0.619608
21 0.619608
22 0.619608
23 0.619608
24 0.619608
25 0.619608
26 0.619608
27 0.619608
28 0.926817
29 0.861689
30 0.308153
31 0.883273
32 0.985272
33 0.290954
34 0.554541
35 0.124547
36 0.214839
37 0.014669
38 0.0130099
39 0.00119333
40 0.0032444
41 0.00097235
42 0.00563613
43 0.0148225
44 0.0217273
45 0.00574598
46 0.0122431
47 0.00387177
48 0.00847302
49 0.00140892
50 0.0114679
0 0.995028
1 0.12963
2 0.109091
3 0.163636
4 0
5 0
6 0.131907
7 0.027451
8 0.027451
9 0.027451
10 0.027451
11 0.027451
12 0.218182
13 0.6
14 0.327273
15 0
16 0
17 0.0716578
18 0.429947
19 0.52549
20 0.52549
21 0.52549
22 0.52549
23 0.525491
24 0.52549
25 0.52549
26 0.160784
27 0.905882
28 0.850852
29 0.815673
30 0.428799
31 0.675966
32 0.950628
33 0.265523
34 0.147285
35 0.487987
36 0.24801
37 0.0756068
38 0.0112903
39 0.0127504
40 0.011998
41 0.00942418
42 0.00622637
43 0.0160571
44 0.0143963
45 0.0056592
46 0.012498
47 0.00701726
48 0.0368324
49 0.00288085
50 0.00961873
0 0.181823
1 0.12219
2 0.827451
3 0.677005
4 0
5 0
6 0
7 0.396079
8 0.271301
9 0.0545454
10 0.0192513
11 0.0235294
12 0.509804
13 0.509804
14 0.278075
15 0
16 0
17 0
18 0
19 0.0431372
20 0.0937609
21 0.6
22 0.109091
23 0.286631
24 0.52549
25 0.52549
26 0.360784
27 0.627094
28 0.923037
29 0.893111
30 0.278888
31 0.735338
32 0.952308
33 0.154592
34 0.142544
35 0.681207
36 0.307404
37 0.0984468
38 0.0271466
39 0.0403359
40 0.0422338
41 0.031679
42 0.0268082
43 0.0296031
44 0.0371322
45 0.015348
46 0.0279121
47 0.0405019
48 0.0343302
49 0.00774323
50 0.0528202
0 0.789009
1 0.115263
2 0.717647
3 0.260963
4 0.0545455
5 0.127273
6 0
7 0
8 0
9 0
10 0
11 0
12 0.509804
13 0.463458
14 0
15 0.109091
16 0.6
17 0.0545456
18 0
19 0
20 0
21 0
22 0
23 0
24 0
25 0
26 0.308021
27 0
28 0.989078
29 0.867096
30 0.628295
31 0.575137
32 0.984979
33 0.38624
34 0.32568
35 0.449108
36 0.517873
37 0.214657
38 0.0957263
39 0.0383856
40 0.0522776
41 0.0465041
42 0.0831882
43 0.152571
44 0.0692409
45 0.050573
46 0.0557157
47 0.0338036
48 0.19804
49 0.0193294
50 0.0939813
0 0.828787
1 0.108571
2 0.2
3 0.2
4 0.2
5 0.2
6 0.2
7 0.2
8 0.2
9 0.2
10 0.2
11 0.2
12 0.00784314
13 0.00784314
14 0.00784314
15 0.00784314
16 0.00784314
17 0.00784314
18 0.00784314
19 0.00784314
20 0.00784314
21 0.00784314
22 0.00784314
23 0.00784315
24 0.00784314
25 0.00784314
26 0.913725
27 0.913725
28 0.879144
29 0.571819
30 0.575046
31 0.90789
32 0.901034
33 0.416006
34 0.0788301
35 0.936642
36 0.842775
37 0.0135456
38 0.00732256
39 0.0182412
40 0.0118563
41 0.00512912
42 0.00884043
43 0.0203858
44 0.00814937
45 0.00206831
46 0.00672683
47 0.00163344
48 0.00998007
49 0.00201558
50 0.00215718
0 0.598639
1 0.0987408
2 0.643137
3 0.643137
4 0.643137
5 0.643137
6 0.643137
7 0.643137
8 0.643137
9 0.175401
10 0
11 0
12 0.509804
13 0.509804
14 0.509804
15 0.509804
16 0.509804
17 0.509804
18 0.509804
19 0.509804
20 0.509804
21 0.509804
22 0.0926919
23 0
24 0
25 0
26 0.996078
27 0.452763
28 0.986969
29 0.910106
30 0.646717
31 0.835578
32 0.9896
33 0.376165
34 0.61306
35 0.238365
36 0.6207
37 0.0628282
38 0.0752021
39 0.0329837
40 0.0139374
41 0.0240112
42 0.0944536
43 0.0858509
44 0.0463275
45 0.0373061
46 0.050354
47 0.016385
48 0.167893
49 0.018356
50 0.174635
0 0.166141
1 0.089335
2 0.0980392
3 0.0980392
4 0.0980392
5 0.0980392
6 0.0980392
7 0.0980392
8 0.0980392
9 0.0980392
10 0.742959
11 0.886274
12 0.0980392
13 0.0980392
14 0.0980392
15 0.0980392
16 0.0980392
17 0.0980393
18 0.0980392
19 0.0980392
20 0.0980392
21 0.0980392
22 0.0980392
23 0.0467024
24 0.00392157
25 0.00392157
26 0.0980392
27 0.420321
28 0.956135
29 0.885646
30 0.557495
31 0.507592
32 0.978083
33 0.26797
34 0.372403
35 0.495743
36 0.266832
37 0.134072
38 0.0514667
39 0.0323263
40 0.0503314
41 0.0518541
42 0.0861626
43 0.0516667
44 0.0914229
45 0.0224276
46 0.0720807
47 0.025054
48 0.250155
49 0.01052
50 0.0993508
0 0.982941
1 0.077511
2 0.615686
3 0.615686
4 0.170766
5 0.00392157
6 0.00392157
7 0.00392157
8 0.00392157
9 0.00392157
10 0.00392157
11 0.00392157
12 0.00392157
13 0.00392157
14 0.00392157
15 0.00392157
16 0.00392157
17 0.00392157
18 0.00392157
19 0.00392157
20 0.00392157
21 0.00392157
22 0.00392157
23 0.00392157
24 0.00392157
25 0.00392157
26 0.976114
27 0.972549
28 0.969807
29 0.528583
30 0.694059
31 0.823788
32 0.918254
33 0.755079
34 0.193563
35 0.656272
36 0.954071
37 0.0460701
38 0.0228191
39 0.00376869
40 0.00168716
41 0.000712799
42 0.00992221
43 0.0184123
44 0.00292488
45 0.00240783
46 0.00564855
47 0.000238108
48 0.0019133
49 0.00327219
50 0.00116468
0 0.936506
1 0.0664084
2 0.305882
3 0.305882
4 0.305882
5 0.790374
6 0.898039
7 0.89804
8 0.898039
9 0.898039
10 0.89804
11 0.898039
12 0.00392157
13 0.00392157
14 0.00392157
15 0.00392157
16 0.279857
17 0.509804
18 0.509804
19 0.509804
20 0.509804
21 0.509804
22 0.509804
23 0.509804
24 0.509804
25 0.509804
26 0.993583
27 0.996078
28 0.986727
29 0.774302
30 0.90784
31 0.674544
32 0.945399
33 0.484455
34 0.321199
35 0.907089
36 0.903722
37 0.381541
38 0.231875
39 0.0925135
40 0.1369
41 0.0321327
42 0.1225
43 0.0789576
44 0.11832
45 0.0283299
46 0.0800036
47 0.0152894
48 0.25199
49 0.0230447
50 0.0606403
0 0.783512
1 0.0562035
2 0.734759
3 0.513726
4 0.513726
5 0.513725
6 0.513725
7 0.513726
8 0.513725
9 0.513725
10 0.513726
11 0.513725
12 0.63779
13 0.00392157
14 0.00392157
15 0.00392157
16 0.00392157
17 0.00392157
18 0.00392157
19 0.00392157
20 0.00392157
21 0.00392157
22 0.00392157
23 0.00392157
24 0.00392157
25 0.00392157
26 0.982175
27 0.980392
28 0.976804
29 0.788219
30 0.547587
31 0.901851
32 0.987747
33 0.427506
34 0.268409
35 0.661462
36 0.81745
37 0.0738425
38 0.0291285
39 0.120734
40 0.0254591
41 0.0142497
42 0.0859872
43 0.0524644
44 0.0349625
45 0.0065638
46 0.0639612
47 0.00583743
48 0.14605
49 0.0102888
50 0.0531867
0 0.430528
1 0.0478526
2 0.0588235
3 0.0588235
4 0.703387
5 0.651693
6 0.254545
7 0.485205
8 0.670231
9 0.0424242
10 0.0663102
11 0.113725
12 0.00784314
13 0.00784314
14 0.00784314
15 0.774688
16 0.440285
17 0.353654
18 0.199643
19 0.334403
20 0
21 0.112299
22 0.0770055
23 0.0392157
24 0.00713011
25 0.00392157
26 0.730125
27 0.629234
28 0.967752
29 0.91431
30 0.55935
31 0.571848
32 0.99105
33 0.276103
34 0.512169
35 0.3513
36 0.352588
37 0.119812
38 0.0820931
39 0.0327653
40 0.0371453
41 0.0354824
42 0.0581771
43 0.0405187
44 0.0604772
45 0.0446438
46 0.0564069
47 0.0249596
48 0.381472
49 0.00683206
50 0.0770028
0 0.609844
1 0.0409715
2 0.129768
3 0.0156863
4 0.0156863
5 0.0156863
6 0.0156863
7 0.0156863
8 0.0156863
9 0.0156863
10 0.0156863
11 0.0156863
12 0.466667
13 0.132977
14 0.00784314
15 0.00784314
16 0.00784314
17 0.00784314
18 0.00784314
19 0.00784314
20 0.00784314
21 0.00784314
22 0.00784314
23 0.00784315
24 0.00784314
25 0.00784314
26 0.987166
27 0.984314
28 0.932987
29 0.802321
30 0.404638
31 0.778154
32 0.963975
33 0.454836
34 0.309971
35 0.480492
36 0.52497
37 0.0298407
38 0.0350485
39 0.0126305
40 0.00510501
41 0.0107912
42 0.015395
43 0.0248478
44 0.0179229
45 0.00720023
46 0.0177211
47 0.00426371
48 0.0416386
49 0.00553751
50 0.0217036
0 0.393098
1 0.0343564
2 0.249554
3 0.187166
4 0.325134
5 0.359715
6 0.616399
7 0.124777
8 0.0192514
9 0.105882
10 0.028877
11 0.31836
12 0.176471
13 0.0606061
14 0.137255
15 0.197148
16 0.34902
17 0.25098
18 0.186096
19 0.466667
20 0.241355
21 0.156863
22 0.156863
23 0.0819966
24 0.0827095
25 0.25098
26 0.578253
27 0.655258
28 0.973614
29 0.817588
30 0.604428
31 0.852414
32 0.981097
33 0.60895
34 0.29189
35 0.492849
36 0.726183
37 0.0442381
38 0.0185135
39 0.024331
40 0.00764389
41 0.00650494
42 0.0198908
43 0.0400928
44 0.0125134
45 0.00565133
46 0.0159713
47 0.00268887
48 0.0311935
49 0.00468196
50 0.0116933
0 0.0803542
1 0.0276754
2 0.0356506
3 0.189661
4 0.298039
5 0.298039
6 0.360428
7 0.533333
8 0.475936
9 0.417469
10 0.34902
11 0.349019
12 0.0431373
13 0.0278075
14 0.176471
15 0.176471
16 0.176471
17 0.291979
18 0.305526
19 0.137255
20 0.167201
21 0.466667
22 0.427451
23 0.250981
24 0.25098
25 0.25098
26 0.782888
27 0.447415
28 0.899279
29 0.792354
30 0.544485
31 0.870539
32 0.973446
33 0.253426
34 0.332471
35 0.712931
36 0.643515
37 0.00899113
38 0.00767568
39 0.010446
40 0.00301164
41 0.00178782
42 0.00339955
43 0.00360688
44 0.00354632
45 0.00264221
46 0.00496165
47 0.00127408
48 0.0268215
49 0.000446296
50 0.00517347
0 0.282287
1 0.0208535
2 0.773619
3 0.235294
4 0.235294
5 0.131551
6 0.101961
7 0.441711
8 0.3041
9 0.265597
10 0.290196
11 0.290196
12 0.827451
13 0.607843
14 0.52549
15 0.52549
16 0.52549
17 0.172549
18 0.137255
19 0.622103
20 0.0916219
21 0.587166
22 0.253476
23 0.176471
24 0.176471
25 0.176471
26 0.877005
27 0.833155
28 0.951364
29 0.861896
30 0.397403
31 0.84779
32 0.986113
33 0.706851
34 0.489478
35 0.319408
36 0.749564
37 0.0346134
38 0.0168563
39 0.00486421
40 0.00151009
41 0.00106107
42 0.0105604
43 0.0710052
44 0.0152564
45 0.00340687
46 0.0118054
47 0.00111279
48 0.005938
49 0.00313001
50 0.00545455
0 0.354797
1 0.0141397
2 0
3 0
4 0
5 0
6 0.691622
7 0.529412
8 0.529412
9 0.406774
10 0.0944741
11 0.0335116
12 0
13 0
14 0
15 0
16 0
17 0.207487
18 0.760784
19 0.52549
20 0.52549
21 0.52549
22 0.52549
23 0.525491
24 0.52549
25 0.278431
26 0.138324
27 0.873084
28 0.924724
29 0.872578
30 0.265378
31 0.829237
32 0.945512
33 0.191014
34 0.24789
35 0.283139
36 0.220017
37 0.0939832
38 0.0175243
39 0.00867053
40 0.00959152
41 0.00302999
42 0.00622869
43 0.00436243
44 0.0122227
45 0.00369717
46 0.0183568
47 0.00809853
48 0.0158859
49 0.00264427
50 0.0230965
0 0.646304
1 0.00746363
2 0.792157
3 0.288057
4 0
5 0
6 0
7 0
8 0
9 0.145455
10 0.2
11 0.2
12 0.509804
13 0.463458
14 0
15 0
16 0
17 0
18 0
19 0
20 0
21 0
22 0.490909
23 0.600001
24 0.6
25 0.6
26 0.271658
27 0.109091
28 0.950727
29 0.912966
30 0.349404
31 0.670069
32 0.977847
33 0.196125
34 0.187566
35 0.490508
36 0.339516
37 0.137678
38 0.0423437
39 0.08654
40 0.0441224
41 0.066156
42 0.0357104
43 0.0554421
44 0.0440214
45 0.0331378
46 0.0390319
47 0.0593669
48 0.175181
49 0.0136292
50 0.0601608
end fitness = 1.60056
