brainFunction 22859 22 15 135 24771 2-5 6-11 12-14
0 0.879055
1 0.285356
2 0.683422
3 0.60713
4 0.446346
5 0.337255
6 0.646702
7 0.48877
8 0.377897
9 0.55615
10 0.493405
11 0.604991
12 0.363458
13 0.498217
14 0.497148
15 0.735008
16 0.565376
17 0.0883433
18 0.956486
19 0.578707
20 0.122223
21 0.927969
0 0.77892
1 0.335531
2 0.0352941
3 0.0352941
4 0.0352941
5 0.0352941
6 0.156863
7 0.156863
8 0.156863
9 0.156863
10 0.156863
11 0.156863
12 0.882353
13 0.882353
14 0.882353
15 0.908138
16 0.615953
17 0.129949
18 0.892556
19 0.510931
20 0.149714
21 0.931318
0 0.853309
1 0.327667
2 0.105169
3 0.371836
4 0.34902
5 0.34902
6 0.354011
7 0.568984
8 0.431016
9 0.25098
10 0.25098
11 0.25098
12 0.569519
13 0.26221
14 0.14902
15 0.919487
16 0.604477
17 0.121073
18 0.902437
19 0.476797
20 0.157814
21 0.970035
0 0.161912
1 0.32026
2 0.126916
3 0.43066
4 0.34902
5 0.34902
6 0.592157
7 0.591087
8 0.323708
9 0.25098
10 0.25098
11 0.25098
12 0.525847
13 0.194652
14 0.14902
15 0.905523
16 0.578921
17 0.132107
18 0.908427
19 0.464816
20 0.149258
21 0.958587
0 0.644973
1 0.312744
2 0.313012
3 0.431373
4 0.34902
5 0.34902
6 0.573975
7 0.614617
8 0.25098
9 0.25098
10 0.25098
11 0.25098
12 0.687522
13 0.14902
14 0.14902
15 0.898783
16 0.598352
17 0.149388
18 0.89879
19 0.400545
20 0.116412
21 0.969597
0 0.558545
1 0.305294
2 0.631373
3 0.477362
4 0.34902
5 0.34902
6 0.631373
7 0.631373
8 0.320143
9 0.25098
10 0.25098
11 0.25098
12 0.631373
13 0.19287
14 0.14902
15 0.884827
16 0.606754
17 0.094154
18 0.914069
19 0.453655
20 0.138698
21 0.934002
0 0.995465
1 0.298085
2 0.129412
3 0.34902
4 0.34902
5 0.34902
6 0.556863
7 0.278788
8 0.25098
9 0.25098
10 0.25098
11 0.25098
12 0.512656
13 0.14902
14 0.14902
15 0.885015
16 0.686802
17 0.0954968
18 0.89266
19 0.369149
20 0.103661
21 0.967376
0 0.0624569
1 0.29073
2 0.267736
3 0.34902
4 0.34902
5 0.34902
6 0.536542
7 0.25098
8 0.25098
9 0.25098
10 0.25098
11 0.25098
12 0.169875
13 0.14902
14 0.14902
15 0.866636
16 0.660773
17 0.106175
18 0.894274
19 0.380612
20 0.100798
21 0.945562
0 0.516513
1 0.283313
2 0.321212
3 0.34902
4 0.34902
5 0.34902
6 0.344029
7 0.25098
8 0.25098
9 0.25098
10 0.25098
11 0.25098
12 0.21426
13 0.14902
14 0.14902
15 0.865943
16 0.650712
17 0.112772
18 0.895144
19 0.357073
20 0.0902589
21 0.942654
0 0.454835
1 0.366267
2 0.34902
3 0.34902
4 0.34902
5 0.34902
6 0.25098
7 0.25098
8 0.25098
9 0.25098
10 0.25098
11 0.25098
12 0.14902
13 0.14902
14 0.14902
15 0.869017
16 0.632826
17 0.113525
18 0.899729
19 0.350666
20 0.0902383
21 0.909607
0 0.964679
1 0.449294
2 0.34902
3 0.34902
4 0.34902
5 0.34902
6 0.25098
7 0.25098
8 0.25098
9 0.25098
10 0.25098
11 0.25098
12 0.14902
13 0.14902
14 0.14902
15 0.875224
16 0.610695
17 0.115012
18 0.907043
19 0.343637
20 0.0879966
21 0.954901
0 0.155811
1 0.532711
2 0.34902
3 0.34902
4 0.34902
5 0.34902
6 0.25098
7 0.25098
8 0.25098
9 0.25098
10 0.25098
11 0.25098
12 0.14902
13 0.14902
14 0.14902
15 0.868978
16 0.618414
17 0.116324
18 0.900907
19 0.343538
20 0.0904465
21 0.917886
0 0.825267
1 0.525628
2 0.34902
3 0.34902
4 0.34902
5 0.34902
6 0.25098
7 0.25098
8 0.25098
9 0.25098
10 0.25098
11 0.25098
12 0.14902
13 0.14902
14 0.14902
15 0.872498
16 0.612543
17 0.118339
18 0.903812
19 0.344279
20 0.0887899
21 0.953548
0 0.16349
1 0.518414
2 0.34902
3 0.34902
4 0.34902
5 0.34902
6 0.25098
7 0.25098
8 0.25098
9 0.25098
10 0.25098
11 0.25098
12 0.14902
13 0.14902
14 0.14902
15 0.867501
16 0.619982
17 0.119978
18 0.898909
19 0.344502
20 0.0902041
21 0.92971
0 0.618301
1 0.511131
2 0.34902
3 0.34902
4 0.34902
5 0.34902
6 0.25098
7 0.25098
8 0.25098
9 0.25098
10 0.25098
11 0.25098
12 0.14902
13 0.14902
14 0.14902
15 0.869559
16 0.616387
17 0.121929
18 0.900512
19 0.345187
20 0.0890803
21 0.924128
0 0.692157
1 0.503916
2 0.34902
3 0.34902
4 0.34902
5 0.34902
6 0.25098
7 0.25098
8 0.25098
9 0.25098
10 0.25098
11 0.25098
12 0.14902
13 0.14902
14 0.14902
15 0.869312
16 0.615261
17 0.123616
18 0.900084
19 0.345468
20 0.0887967
21 0.951832
0 0.162275
1 0.496831
2 0.34902
3 0.34902
4 0.34902
5 0.34902
6 0.25098
7 0.25098
8 0.25098
9 0.25098
10 0.25098
11 0.25098
12 0.14902
13 0.14902
14 0.14902
15 0.865227
16 0.622047
17 0.125378
18 0.895907
19 0.345903
20 0.0897781
21 0.945811
0 0.281033
1 0.489679
2 0.34902
3 0.34902
4 0.34902
5 0.34902
6 0.25098
7 0.25098
8 0.25098
9 0.25098
10 0.25098
11 0.25098
12 0.14902
13 0.14902
14 0.14902
15 0.870726
16 0.622275
17 0.127294
18 0.895643
19 0.346531
20 0.0885197
21 0.934212
0 0.495681
1 0.482661
2 0.34902
3 0.34902
4 0.34902
5 0.321925
6 0.25098
7 0.25098
8 0.25098
9 0.25098
10 0.25098
11 0.346168
12 0.14902
13 0.14902
14 0.155971
15 0.884554
16 0.619683
17 0.12901
18 0.896734
19 0.347107
20 0.0826064
21 0.942435
0 0.370108
1 0.475508
2 0.34902
3 0.34902
4 0.34902
5 0.219251
6 0.25098
7 0.25098
8 0.25098
9 0.25098
10 0.28271
11 0.588235
12 0.14902
13 0.14902
14 0.276827
15 0.875064
16 0.623993
17 0.125742
18 0.896659
19 0.35451
20 0.0736438
21 0.924402
0 0.747672
1 0.468487
2 0.34902
3 0.34902
4 0.308378
5 0.125134
6 0.25098
7 0.25098
8 0.25098
9 0.25098
10 0.434581
11 0.4877
12 0.14902
13 0.14902
14 0.599287
15 0.869328
16 0.630135
17 0.121327
18 0.899182
19 0.400355
20 0.0679074
21 0.931479
0 0.784427
1 0.461395
2 0.34902
3 0.34902
4 0.24385
5 0.0748663
6 0.25098
7 0.25098
8 0.25098
9 0.536542
10 0.445633
11 0.404991
12 0.14902
13 0.169875
14 0.802495
15 0.892036
16 0.65326
17 0.137996
18 0.845036
19 0.427645
20 0.0938636
21 0.946368
0 0.352055
1 0.45427
2 0.335472
3 0.227094
4 0.23672
5 0.124777
6 0.25098
7 0.473084
8 0.504813
9 0.306595
10 0.510873
11 0.439216
12 0.165241
13 0.240285
14 0.695009
15 0.847426
16 0.636888
17 0.137695
18 0.905394
19 0.381369
20 0.0729401
21 0.915404
0 0.942899
1 0.540253
2 0.34902
3 0.34902
4 0.220321
5 0.166132
6 0.25098
7 0.25098
8 0.25098
9 0.390018
10 0.528342
11 0.178966
12 0.14902
13 0.330838
14 0.405704
15 0.837595
16 0.614672
17 0.122125
18 0.907078
19 0.378035
20 0.0804571
21 0.930467
0 0.525113
1 0.621708
2 0.34902
3 0.34902
4 0.15508
5 0.0823529
6 0.25098
7 0.25098
8 0.25098
9 0.370053
10 0.082353
11 0.0823529
12 0.14902
13 0.253119
14 0.0823529
15 0.868266
16 0.642189
17 0.133712
18 0.888588
19 0.429322
20 0.0788849
21 0.955671
0 0.282855
1 0.644008
2 0.34902
3 0.239929
4 0.14902
5 0.14902
6 0.25098
7 0.25098
8 0.475579
9 0.52549
10 0.52549
11 0.52549
12 0.14902
13 0.516221
14 0.552941
15 0.870827
16 0.662351
17 0.14145
18 0.850901
19 0.483917
20 0.10246
21 0.932646
0 0.676945
1 0.491609
2 0.330125
3 0.141176
4 0.141176
5 0.216043
6 0.25098
7 0.425668
8 0.52549
9 0.52549
10 0.516578
11 0.422103
12 0.248841
13 0.462745
14 0.557397
15 0.864413
16 0.647877
17 0.149217
18 0.890956
19 0.402569
20 0.0668419
21 0.921755
0 0.901693
1 0.48395
2 0.34902
3 0.321925
4 0.279857
5 0.0638146
6 0.25098
7 0.25098
8 0.346168
9 0.52549
10 0.501248
11 0.293048
12 0.14902
13 0.287344
14 0.536364
15 0.839281
16 0.674781
17 0.142513
18 0.901776
19 0.417366
20 0.073777
21 0.942767
0 0.38341
1 0.477142
2 0.34902
3 0.201426
4 0.0802139
5 0.167201
6 0.25098
7 0.25098
8 0.244563
9 0.491622
10 0.548307
11 0.53975
12 0.14902
13 0.719964
14 0.737433
15 0.827197
16 0.694226
17 0.143546
18 0.89272
19 0.396548
20 0.0723819
21 0.897857
0 0.920304
1 0.469842
2 0.34902
3 0.100178
4 0.100891
5 0.0431373
6 0.25098
7 0.21426
8 0.317647
9 0.231016
10 0.530838
11 0.556863
12 0.173797
13 0.818182
14 0.847059
15 0.837635
16 0.555641
17 0.142774
18 0.930842
19 0.603894
20 0.136626
21 0.932631
0 0.570297
1 0.462973
2 0.0745098
3 0.0745098
4 0.0292335
5 0.0256684
6 0.317647
7 0.317647
8 0.317647
9 0.187522
10 0.299465
11 0.556863
12 0.882353
13 0.893939
14 0.75205
15 0.818815
16 0.582494
17 0.160562
18 0.925567
19 0.600114
20 0.117192
21 0.926424
0 0.698853
1 0.456131
2 0.0745098
3 0.0745098
4 0.0745098
5 0.0745098
6 0.317647
7 0.317647
8 0.317647
9 0.317647
10 0.317647
11 0.317647
12 0.890196
13 0.890196
14 0.890196
15 0.819175
16 0.583195
17 0.159758
18 0.926429
19 0.598816
20 0.116998
21 0.947557
0 0.288236
1 0.44915
2 0.0745098
3 0.0745098
4 0.0745098
5 0.0745098
6 0.317647
7 0.317647
8 0.317647
9 0.317647
10 0.317647
11 0.317647
12 0.882353
13 0.882353
14 0.882353
15 0.802753
16 0.68652
17 0.162567
18 0.906765
19 0.337981
20 0.057105
21 0.879796
0 0.79956
1 0.527671
2 0.34902
3 0.233512
4 0.14902
5 0.14902
6 0.25098
7 0.25098
8 0.161141
9 0.156863
10 0.156863
11 0.156863
12 0.14902
13 0.613191
14 0.960784
15 0.840919
16 0.654008
17 0.119414
18 0.907302
19 0.321252
20 0.0800078
21 0.910856
0 0.351452
1 0.566779
2 0.34902
3 0.0524064
4 0.195722
5 0.145098
6 0.25098
7 0.159715
8 0.0609626
9 0.182888
10 0.206417
11 0.548663
12 0.121925
13 0.403209
14 0.306417
15 0.886675
16 0.611692
17 0.164229
18 0.883224
19 0.368334
20 0.111747
21 0.885472
0 0.400137
1 0.560307
2 0.0816399
3 0.104456
4 0.402852
5 0.307308
6 0.0684492
7 0.341533
8 0.192157
9 0.176471
10 0.357219
11 0.541176
12 0.109447
13 0.34082
14 0.417112
15 0.817074
16 0.604385
17 0.112459
18 0.923412
19 0.364649
20 0.0925611
21 0.899749
0 0.325027
1 0.553723
2 0.0677362
3 0.115508
4 0.174688
5 0.203209
6 0.163636
7 0.0855615
8 0.0320856
9 0.0171123
10 0.268449
11 0.277005
12 0.222995
13 0.343137
14 0.35098
15 0.786345
16 0.613922
17 0.120238
18 0.922962
19 0.406974
20 0.081942
21 0.914234
0 0.182962
1 0.547148
2 0.128699
3 0.187166
4 0.101961
5 0.0841355
6 0.0285205
7 0.0737968
8 0.0206774
9 0.3123
10 0.128342
11 0.224599
12 0.209447
13 0.391622
14 0.235294
15 0.769146
16 0.587422
17 0.130242
18 0.937521
19 0.426144
20 0.0778151
21 0.879376
0 0.674012
1 0.540603
2 0.217112
3 0.191444
4 0.084492
5 0.320499
6 0.0491979
7 0.0235294
8 0.00427807
9 0.208556
10 0.131551
11 0.413904
12 0.458111
13 0.501783
14 0.408556
15 0.775322
16 0.590078
17 0.126704
18 0.927961
19 0.408411
20 0.0683239
21 0.87581
0 0.761518
1 0.532388
2 0.374332
3 0.0285205
4 0.150089
5 0.316934
6 0.0235294
7 0.00855615
8 0.0363636
9 0.293048
10 0.18467
11 0.45811
12 0.502674
13 0.36631
14 0.567914
15 0.801698
16 0.676873
17 0.10894
18 0.909733
19 0.3781
20 0.0835328
21 0.844695
0 0.502304
1 0.524772
2 0
3 0.0370766
4 0.0891266
5 0.305169
6 0
7 0
8 0.0449198
9 0.173262
10 0.197505
11 0.497683
12 0
13 0.542959
14 0.453832
15 0.837271
16 0.656435
17 0.110582
18 0.913888
19 0.403044
20 0.08309
21 0.842462
0 0.531062
1 0.518462
2 0
3 0.120499
4 0.0709447
5 0.597148
6 0
7 0.0192513
8 0.154011
9 0.176471
10 0.086631
11 0.803209
12 0.00962567
13 0.467023
14 0.718004
15 0.772467
16 0.482135
17 0.135786
18 0.957887
19 0.570231
20 0.120774
21 0.844616
0 0.926523
1 0.51213
2 0.0313726
3 0.0313726
4 0.0716578
5 0.804635
6 0
7 0
8 0
9 0.166845
10 0.212834
11 0.535829
12 0.956863
13 0.716756
14 0.649376
15 0.689704
16 0.525164
17 0.153926
18 0.957654
19 0.543402
20 0.0846568
21 0.905078
0 0.308991
1 0.505571
2 0.0196078
3 0.0196078
4 0.0196078
5 0.0196078
6 0
7 0
8 0
9 0
10 0
11 0
12 0.956863
13 0.956863
14 0.956863
15 0.799702
16 0.690796
17 0.125897
18 0.882418
19 0.367005
20 0.0760865
21 0.887056
0 0.163039
1 0.498883
2 0
3 0.0363636
4 0.263815
5 0.120499
6 0
7 0
8 0.163636
9 0.26631
10 0.226738
11 0.131551
12 0
13 0.351693
14 0.334938
15 0.833033
16 0.647566
17 0.143984
18 0.903189
19 0.378095
20 0.0817784
21 0.844346
0 0.734921
1 0.492389
2 0
3 0
4 0.460606
5 0.00499109
6 0
7 0
8 0
9 0.655615
10 0.315508
11 0.176471
12 0
13 0.327807
14 0.257219
15 0.83008
16 0.613949
17 0.155734
18 0.907811
19 0.430306
20 0.0686377
21 0.917288
0 0.234134
1 0.485928
2 0
3 0.336542
4 0.219964
5 0.210695
6 0
7 0
8 0.504813
9 0.26631
10 0.42353
11 0.321925
12 0
13 0.542424
14 0.67041
15 0.8855
16 0.501691
17 0.458902
18 0.90481
19 0.512337
20 0.071475
21 0.976693
0 0.418012
1 0.479552
2 0.917647
3 0.917647
4 0.282353
5 0.392157
6 0.917647
7 0.917647
8 0.917647
9 0.258824
10 0.114795
11 0.00392157
12 0.917647
13 0.876292
14 0.982531
15 0.67561
16 0.510189
17 0.139152
18 0.947331
19 0.468412
20 0.0925486
21 0.902017
0 0.320585
1 0.47292
2 0.00784314
3 0.00784314
4 0.00784314
5 0.00784314
6 0.0156863
7 0.0156863
8 0.0156863
9 0.0156863
10 0.0156863
11 0.0156863
12 0.819608
13 0.819608
14 0.819608
15 0.710674
16 0.62067
17 0.155837
18 0.938345
19 0.471452
20 0.0629289
21 0.917039
0 0.165544
1 0.46644
2 0.114439
3 0.215686
4 0.0431373
5 0.0117647
6 0.026738
7 0.0117647
8 0.0117647
9 0.358645
10 0.0406417
11 0.00392157
12 0.466488
13 0.749911
14 0.992157
15 0.686476
16 0.572354
17 0.168641
18 0.945979
19 0.5194
20 0.0715356
21 0.874489
0 0.772917
1 0.458951
2 0.227451
3 0.126916
4 0.0221034
5 0.135472
6 0.0117647
7 0.0139037
8 0.106952
9 0.202852
10 0.00392157
11 0.087344
12 0.786274
13 0.878431
14 0.93369
15 0.707602
16 0.521617
17 0.158991
18 0.952512
19 0.564943
20 0.0825472
21 0.894626
0 0.599251
1 0.452611
2 0.137255
3 0.105169
4 0.054902
5 0.0114082
6 0.0352941
7 0.0352941
8 0.0149733
9 0.260606
10 0.00392157
11 0.0445633
12 0.996078
13 0.700178
14 0.796791
15 0.749603
16 0.561342
17 0.143195
18 0.935188
19 0.530253
20 0.0832514
21 0.898997
0 0.329308
1 0.444977
2 0.0235294
3 0.0192513
4 0.165062
5 0.0117647
6 0.0352941
7 0.0224599
8 0.086631
9 0.180392
10 0.00499109
11 0.114082
12 0.808556
13 0.48057
14 0.983601
15 0.756262
16 0.707371
17 0.109163
18 0.896561
19 0.388896
20 0.066831
21 0.864055
0 0.273269
1 0.437433
2 0
3 0
4 0.0941176
5 0.0399287
6 0
7 0
8 0
9 0.317647
10 0.289127
11 0.00392157
12 0
13 0.321569
14 0.83779
15 0.761143
16 0.695599
17 0.113715
18 0.909502
19 0.405077
20 0.0731553
21 0.813287
0 0.701088
1 0.430154
2 0
3 0
4 0.0941176
5 0.0285205
6 0
7 0
8 0.00427807
9 0.317647
10 0.289127
11 0.00392157
12 0
13 0.455793
14 0.83779
15 0.769814
16 0.656312
17 0.186681
18 0.929406
19 0.397881
20 0.0682701
21 0.797673
0 0.832336
1 0.423953
2 0
3 0.248128
4 0.12549
5 0.109804
6 0
7 0.0898396
8 0.192513
9 0.0156863
10 0.0156863
11 0.0124777
12 0.0449198
13 0.916934
14 0.922103
15 0.78726
16 0.527946
17 0.29653
18 0.960887
19 0.338092
20 0.0569322
21 0.87423
0 0.414478
1 0.417828
2 0.0442068
3 0.486275
4 0.486275
5 0.486275
6 0
7 0.00998218
8 0.0156863
9 0.0156863
10 0.0156863
11 0.0156863
12 0.305704
13 0.960784
14 0.960784
15 0.813518
16 0.546697
17 0.238304
18 0.904958
19 0.467205
20 0.0937462
21 0.936816
0 0.448703
1 0.411157
2 0.708734
3 0.0941176
4 0.0941176
5 0.0941176
6 0.457754
7 0.561497
8 0.317647
9 0.317647
10 0.317647
11 0.317647
12 0.868449
13 0.635294
14 0.635294
15 0.862411
16 0.523746
17 0.545113
18 0.924742
19 0.393634
20 0.0649488
21 0.951318
0 0.709881
1 0.401213
2 0.996078
3 0.770766
4 0.376471
5 0.376471
6 0.996078
7 0.996078
8 0.461319
9 0.0156863
10 0.0156863
11 0.0156863
12 0.996078
13 0.977897
14 0.972549
15 0.687104
16 0.496949
17 0.195592
18 0.962793
19 0.362877
20 0.0660989
21 0.957012
0 0.0168605
1 0.394524
2 0.464528
3 0.160784
4 0.160784
5 0.160784
6 0.550446
7 0.0156863
8 0.0156863
9 0.0156863
10 0.0156863
11 0.0156863
12 0.978966
13 0.972549
14 0.972549
15 0.797376
16 0.616605
17 0.166178
18 0.891985
19 0.550675
20 0.131218
21 0.891383
0 0.575823
1 0.388206
2 0.0941176
3 0.0941176
4 0.0941176
5 0.251693
6 0.317647
7 0.317647
8 0.317647
9 0.317647
10 0.317647
11 0.240642
12 0.639216
13 0.639216
14 0.677718
15 0.770463
16 0.707393
17 0.143239
18 0.909032
19 0.361273
20 0.0763865
21 0.853389
0 0.197727
1 0.381584
2 0
3 0
4 0.180392
5 0.864171
6 0
7 0
8 0
9 0.215686
10 0.495187
11 0.207843
12 0
13 0.498039
14 0.909447
15 0.820535
16 0.638755
17 0.260923
18 0.910218
19 0.355403
20 0.0885967
21 0.774973
0 0.947424
1 0.375194
2 0
3 0.0855615
4 0.667023
5 0.74902
6 0
7 0
8 0.176471
9 0.512299
10 0.0352941
11 0.0352941
12 0
13 0.796435
14 0.32549
15 0.837938
16 0.379988
17 0.304424
18 0.960864
19 0.369445
20 0.0722992
21 0.886249
0 0.743322
1 0.367707
2 0.169697
3 0.65098
4 0.65098
5 0.65098
6 0.215686
7 0.100891
8 0.0352941
9 0.0352941
10 0.0352941
11 0.0352941
12 0.759002
13 0.25098
14 0.25098
15 0.750068
16 0.627591
17 0.115636
18 0.889721
19 0.307782
20 0.0640207
21 0.849647
0 0.462201
1 0.360378
2 0.188235
3 0.188235
4 0.0684492
5 0.0705882
6 0.0352941
7 0.0352941
8 0.0352941
9 0.0192513
10 0.00142603
11 0.0862745
12 0.0352941
13 0.0272727
14 0.444385
15 0.791015
16 0.628795
17 0.0933427
18 0.908473
19 0.449008
20 0.0949035
21 0.891486
0 0.365856
1 0.3542
2 0.254545
3 0
4 0.00285205
5 0.252406
6 0.358289
7 0.0909091
8 0
9 0
10 0.0980393
11 0.39287
12 0.54385
13 0
14 0.564171
15 0.778218
16 0.613256
17 0.124066
18 0.901995
19 0.49401
20 0.0991565
21 0.85852
0 0.564
1 0.348052
2 0.241711
3 0
4 0.00106952
5 0.179323
6 0.215686
7 0.292335
8 0
9 0
10 0.129768
11 0.134403
12 0.681818
13 0
14 0.785027
15 0.83093
16 0.50859
17 0.204838
18 0.916845
19 0.56055
20 0.124904
21 0.815146
0 0.958142
1 0.341922
2 0.16221
3 0.272727
4 0.0909091
5 0.287701
6 0.215686
7 0.623886
8 0
9 0
10 0.049911
11 0.0987521
12 0.954545
13 0
14 0.748128
15 0.799076
16 0.437905
17 0.269763
18 0.933105
19 0.677454
20 0.0865959
21 0.903766
0 0.985967
1 0.334687
2 0.0745098
3 0.579323
4 0.181818
5 0.00142602
6 0.215686
7 0.215686
8 0.857397
9 0.272727
10 0.000356507
11 0.00392157
12 1
13 0.636364
14 0.537968
15 0.741038
16 0.554272
17 0.238791
18 0.942075
19 0.585555
20 0.0896994
21 0.932857
0 0.0426999
1 0.32719
2 0.101961
3 0.101961
4 0.101961
5 0.101961
6 0.215686
7 0.215686
8 0.215686
9 0.215686
10 0.215686
11 0.215686
12 1
13 1
14 1
15 0.736489
16 0.56617
17 0.234496
18 0.940487
19 0.591401
20 0.0960356
21 0.927019
0 0.105512
1 0.320689
2 0.101961
3 0.101961
4 0.101961
5 0.101961
6 0.215686
7 0.215686
8 0.215686
9 0.215686
10 0.215686
11 0.215686
12 1
13 1
14 1
15 0.735335
16 0.718083
17 0.0956573
18 0.852555
19 0.353888
20 0.0769833
21 0.815606
0 0.356657
1 0.313791
2 0
3 0
4 0
5 0
6 0
7 0
8 0
9 0
10 0
11 0
12 0
13 0
14 0
15 0.763393
16 0.697546
17 0.0899622
18 0.874234
19 0.398285
20 0.0886715
21 0.827711
0 0.331678
1 0.307414
2 0
3 0
4 0
5 0
6 0
7 0
8 0
9 0
10 0
11 0
12 0
13 0
14 0
15 0.75984
16 0.699614
17 0.0920746
18 0.872166
19 0.395897
20 0.0858564
21 0.806571
0 0.469453
1 0.300673
2 0
3 0
4 0
5 0
6 0
7 0
8 0
9 0
10 0
11 0
12 0
13 0
14 0
15 0.763775
16 0.695767
17 0.0925109
18 0.875087
19 0.396721
20 0.0851915
21 0.717031
0 0.996004
1 0.293162
2 0
3 0
4 0
5 0
6 0
7 0
8 0
9 0
10 0
11 0
12 0
13 0
14 0
15 0.780978
16 0.676046
17 0.0930873
18 0.889608
19 0.397029
20 0.0833549
21 0.770548
0 0.690149
1 0.285794
2 0
3 0
4 0
5 0
6 0
7 0
8 0
9 0
10 0
11 0
12 0
13 0
14 0
15 0.780072
16 0.684424
17 0.0934901
18 0.883152
19 0.396211
20 0.0835738
21 0.84666
0 0.139154
1 0.278441
2 0
3 0
4 0
5 0.146168
6 0
7 0
8 0
9 0
10 0
11 0.151872
12 0
13 0
14 0.136364
15 0.764788
16 0.701578
17 0.0941538
18 0.869402
19 0.397451
20 0.081856
21 0.833695
0 0.257821
1 0.271121
2 0
3 0
4 0
5 0
6 0
7 0
8 0
9 0
10 0
11 0.151872
12 0
13 0
14 0.136364
15 0.764169
16 0.704483
17 0.0948302
18 0.877546
19 0.399632
20 0.0759069
21 0.710483
0 0.999863
1 0.264768
2 0
3 0
4 0
5 0.146881
6 0
7 0
8 0
9 0
10 0.050624
11 0.104456
12 0
13 0
14 0.51016
15 0.789385
16 0.673377
17 0.103619
18 0.900617
19 0.388314
20 0.0679567
21 0.752202
0 0.77338
1 0.258274
2 0
3 0
4 0.0723708
5 0.0795009
6 0
7 0
8 0
9 0
10 0.218538
11 0.00392157
12 0
13 0
14 0.734225
15 0.82909
16 0.681784
17 0.100364
18 0.900945
19 0.396548
20 0.0745275
21 0.782696
0 0.516668
1 0.251567
2 0
3 0
4 0.00534759
5 0.721212
6 0
7 0
8 0
9 0.000713013
10 0.0919788
11 0.972549
12 0
13 0.085205
14 0.965062
15 0.795331
16 0.685626
17 0.112346
18 0.903352
19 0.393977
20 0.0692138
21 0.712158
0 0.958199
1 0.244854
2 0
3 0
4 0.0245989
5 0.399643
6 0
7 0
8 0
9 0.00178253
10 0.00392157
11 0.530125
12 0
13 0.215686
14 0.989127
15 0.767222
16 0.679857
17 0.136237
18 0.918223
19 0.38711
20 0.0649705
21 0.739972
0 0.827552
1 0.238134
2 0
3 0
4 0.057754
5 0.180392
6 0
7 0
8 0
9 0.00392157
10 0.00392157
11 0.00392157
12 0
13 0.47451
14 0.997683
15 0.870271
16 0.616135
17 0.317835
18 0.905513
19 0.255731
20 0.0654288
21 0.75385
0 0.689917
1 0.231264
2 0
3 0
4 0.916578
5 0.539394
6 0
7 0
8 0
9 0.00392157
10 0.351515
11 0.462745
12 0
13 0.372549
14 0.617825
15 0.851673
16 0.537874
17 0.362133
18 0.935112
19 0.23542
20 0.056219
21 0.808216
0 0.573201
1 0.224308
2 0
3 0.286631
4 0.819251
5 0.534759
6 0
7 0
8 0.00213904
9 0.00392157
10 0.338681
11 0.42852
12 0
13 0.626916
14 0.747415
15 0.74893
16 0.576439
17 0.235137
18 0.935893
19 0.378608
20 0.0638869
21 0.789546
0 0.878745
1 0.217454
2 0
3 0.17041
4 0.291979
5 0.0196078
6 0
7 0.00142603
8 0.00392157
9 0.393226
10 0.00392157
11 0.00392157
12 0.174688
13 0.870232
14 0.976471
15 0.746501
16 0.621414
17 0.267747
18 0.924227
19 0.451107
20 0.0774944
21 0.756398
0 0.940191
1 0.210579
2 0.142246
3 0.141533
4 0
5 0
6 0
7 0.362923
8 0.00392157
9 0.00392157
10 0.00392157
11 0.00392157
12 0.416578
13 0.988235
14 0.988235
15 0.850247
16 0.589569
17 0.321219
18 0.895467
19 0.421713
20 0.0576069
21 0.898411
0 0.27449
1 0.2026
2 0.368627
3 0.368627
4 0.368627
5 0.368627
6 0.368627
7 0.368627
8 0.368627
9 0.368627
10 0.368627
11 0.368627
12 0.368627
13 0.368627
14 0.368627
15 0.86537
16 0.547908
17 0.504959
18 0.887727
19 0.451717
20 0.0514668
21 0.899913
0 0.67731
1 0.194554
2 0.568627
3 0.568627
4 0.568627
5 0.568627
6 0.568627
7 0.568627
8 0.568627
9 0.568627
10 0.568627
11 0.568627
12 0.568627
13 0.568627
14 0.568627
15 0.694192
16 0.3775
17 0.574175
18 0.969709
19 0.329369
20 0.0154769
21 0.957284
0 0.18456
1 0.186212
2 0.92549
3 0.92549
4 0.482353
5 0.482353
6 0.00392157
7 0.00392157
8 0.00392157
9 0.482353
10 0.482353
11 0.482353
12 0.988235
13 0.735294
14 0.482353
15 0.716571
16 0.468473
17 0.212984
18 0.920702
19 0.509507
20 0.101103
21 0.91724
0 0.0495902
1 0.179131
2 0.0117647
3 0.0673797
4 0.317647
5 0.206417
6 0.00392157
7 0.00392157
8 0.0894831
9 0.317647
10 0.317647
11 0.146524
12 0.984314
13 0.560071
14 0.499465
15 0.659527
16 0.576641
17 0.251936
18 0.936774
19 0.541676
20 0.0704217
21 0.83974
0 0.816387
1 0.171658
2 0.113725
3 0.113725
4 0.113725
5 0.110873
6 0.00392157
7 0.00392157
8 0.00392157
9 0.00392157
10 0.00392157
11 0.02959
12 0.964706
13 0.964706
14 0.846524
15 0.854195
16 0.62039
17 0.376714
18 0.869737
19 0.493096
20 0.0861409
21 0.831855
0 0.76528
1 0.160808
2 0.346881
3 0.25918
4 0.33369
5 0.422816
6 0.561497
7 0.731194
8 0.216399
9 0.285205
10 0.285205
11 0.172905
12 0.683779
13 0.443672
14 0.564528
15 0.840411
16 0.601797
17 0.365719
18 0.89342
19 0.409382
20 0.0720767
21 0.870759
0 0.457025
1 0.148133
2 0.437077
3 0.168271
4 0.379323
5 0.574688
6 0.514795
7 0.617825
8 0.145455
9 0.381105
10 0.239929
11 0.113725
12 0.534225
13 0.424421
14 0.691087
15 0.821681
16 0.591801
17 0.262549
18 0.890254
19 0.459475
20 0.0957662
21 0.848666
0 0.646745
1 0.137415
2 0.146524
3 0.122282
4 0.373619
5 0.331551
6 0.52549
7 0.380749
8 0.176114
9 0.34082
10 0.31123
11 0.0356506
12 0.556328
13 0.437433
14 0.396613
15 0.825573
16 0.637324
17 0.283774
18 0.886688
19 0.451149
20 0.0662552
21 0.811035
0 0.989267
1 0.127497
2 0.293405
3 0.13369
4 0.373262
5 0.225668
6 0.461319
7 0.290196
8 0.217469
9 0.515865
10 0.0737968
11 0.437077
12 0.433512
13 0.478431
14 0.461319
15 0.832295
16 0.630275
17 0.226106
18 0.890685
19 0.441072
20 0.0540809
21 0.88014
0 0.666767
1 0.117044
2 0.455615
3 0.306595
4 0.190731
5 0.317647
6 0.718717
7 0.284135
8 0.352228
9 0.274153
10 0.52549
11 0.52549
12 0.472906
13 0.247237
14 0.309804
15 0.822177
16 0.638067
17 0.261134
18 0.8597
19 0.43644
20 0.0602119
21 0.852427
0 0.373779
1 0.107385
2 0.0392157
3 0.291622
4 0.501961
5 0.501961
6 0.0392157
7 0.0392157
8 0.437077
9 0.52549
10 0.52549
11 0.52549
12 0.0392157
13 0.285205
14 0.309804
15 0.860323
16 0.58718
17 0.496483
18 0.878902
19 0.441609
20 0.0453616
21 0.926129
0 0.153006
1 0.0969165
2 0.564706
3 0.564706
4 0.564706
5 0.564706
6 0.52549
7 0.52549
8 0.52549
9 0.52549
10 0.52549
11 0.52549
12 0.458824
13 0.458824
14 0.458824
15 0.749628
16 0.63403
17 0.328896
18 0.913317
19 0.356945
20 0.0530848
21 0.887921
0 0.307462
1 0.0886375
2 0.27344
3 0.172193
4 0.346881
5 0.0509804
6 0.388948
7 0.197504
8 0.156863
9 0.233512
10 0.388592
11 0.0452763
12 0.38164
13 0.94082
14 0.809626
15 0.752589
16 0.53674
17 0.34396
18 0.939498
19 0.485662
20 0.0577145
21 0.837738
0 0.910592
1 0.0811568
2 0.169697
3 0.433512
4 0.303743
5 0.0919786
6 0.182531
7 0.156863
8 0.0445633
9 0.296613
10 0.315152
11 0.296257
12 0.740642
13 0.857754
14 0.772727
15 0.77095
16 0.542734
17 0.358108
18 0.940479
19 0.441472
20 0.0480616
21 0.88343
0 0.479186
1 0.0740617
2 0.241711
3 0.458467
4 0.300891
5 0.242424
6 0.2082
7 0.156863
8 0.0445633
9 0.180392
10 0.420677
11 0.502674
12 0.708021
13 0.804991
14 0.696078
15 0.767602
16 0.553699
17 0.326406
18 0.931896
19 0.449171
20 0.0500465
21 0.874756
0 0.554935
1 0.0673217
2 0.291622
3 0.406417
4 0.27344
5 0.515152
6 0.2082
7 0.156863
8 0.107665
9 0.22959
10 0.452406
11 0.606773
12 0.693761
13 0.67754
14 0.874153
15 0.776871
16 0.552836
17 0.360033
18 0.929584
19 0.454172
20 0.0550673
21 0.889047
0 0.364739
1 0.0606699
2 0.21426
3 0.376114
4 0.396435
5 0.438503
6 0.2082
7 0.156863
8 0.156863
9 0.183601
10 0.173262
11 0.466667
12 0.693761
13 0.749733
14 0.82549
15 0.77236
16 0.565184
17 0.433439
18 0.917692
19 0.376311
20 0.0508246
21 0.897526
0 0.256915
1 0.0540598
2 0.314082
3 0.294831
4 0.55615
5 0.157576
6 0.2082
7 0.156863
8 0.206061
9 0.0196078
10 0.498752
11 0.343672
12 0.639572
13 0.861497
14 0.478075
15 0.769363
16 0.502357
17 0.397449
18 0.927593
19 0.450735
20 0.0547854
21 0.893892
0 0.427483
1 0.0473985
2 0.300178
3 0.38574
4 0.479144
5 0.431373
6 0.14082
7 0.156863
8 0.269162
9 0.240998
10 0.0770055
11 0.426381
12 0.799109
13 0.679679
14 0.748485
15 0.720269
16 0.522388
17 0.362216
18 0.933181
19 0.494578
20 0.0642852
21 0.831041
0 0.929409
1 0.0405038
2 0.244207
3 0.286275
4 0.364349
5 0.698039
6 0.154724
7 0.156863
8 0.156863
9 0.249554
10 0.143672
11 0.0196078
12 0.896791
13 0.800178
14 0.854902
15 0.717426
16 0.574218
17 0.242626
18 0.93202
19 0.5775
20 0.0859775
21 0.835285
0 0.727646
1 0.0333955
2 0.0705882
3 0.0705882
4 0.0705882
5 0.0705882
6 0.156863
7 0.156863
8 0.156863
9 0.156863
10 0.156863
11 0.156863
12 0.909804
13 0.909804
14 0.909804
15 0.791921
16 0.722213
17 0.251587
18 0.886875
19 0.415446
20 0.0452425
21 0.876153
0 0.237686
1 0.0260779
2 0.267736
3 0.346881
4 0.12656
5 0.290553
6 0.536542
7 0.25098
8 0.129055
9 0.407487
10 0.309091
11 0.382888
12 0.169875
13 0.545276
14 0.538324
15 0.773945
16 0.624016
17 0.298275
18 0.887056
19 0.508136
20 0.0524433
21 0.807132
0 0.935196
1 0.0189902
2 0.247772
3 0.51016
4 0.172906
5 0.323351
6 0.195365
7 0.228164
8 0.504813
9 0.305526
10 0.47451
11 0.345098
12 0.335294
13 0.534938
14 0.418004
15 0.788267
16 0.642568
17 0.289975
18 0.904163
19 0.447986
20 0.0466805
21 0.893401
0 0.0795985
1 0.011809
2 0.256328
3 0.441711
4 0.14082
5 0.315508
6 0.186809
7 0.228164
8 0.232086
9 0.354011
10 0.437433
11 0.554011
12 0.260963
13 0.546881
14 0.457397
15 0.785739
16 0.645528
17 0.314136
18 0.872629
19 0.503226
20 0.0491009
21 0.864451
end fitness = 6.01932
