brainFunction 22861 46 17 1047 24773 2-6 7-12 13-16
0 0.27173
1 0.537703
2 0.485027
3 0.498217
4 0.40107
5 0.548128
6 0.574688
7 0.176827
8 0.700535
9 0.698039
10 0.717647
11 0.474153
12 0.733333
13 0.550802
14 0.499465
15 0.465954
16 0.46738
17 0.915792
18 0.0610745
19 0.411364
20 0.100504
21 0.154554
22 0.00335031
23 0.0938332
24 0.0117879
25 0.0153773
26 0.0623035
27 0.046046
28 0.0234074
29 0.0257573
30 0.407726
31 0.607377
32 0.521138
33 0.423341
34 0.352323
35 0.375563
36 0.597712
37 0.416299
38 0.822999
39 0.134143
40 0.143313
41 0.216976
42 0.116794
43 0.0810496
44 0.0162492
45 0.00276227
0 0.982442
1 0.580927
2 0.154545
3 0.2
4 0.291979
5 0.537255
6 0.383957
7 0.436364
8 0.6
9 0.6
10 0.657041
11 0.678431
12 0.635651
13 0.163636
14 0.2
15 0.854545
16 0.709091
17 0.901222
18 0.0794537
19 0.430468
20 0.133789
21 0.435194
22 0.0107948
23 0.107259
24 0.0301602
25 0.0666179
26 0.180446
27 0.138225
28 0.0482602
29 0.0596107
30 0.287163
31 0.387013
32 0.357612
33 0.244655
34 0.472081
35 0.483187
36 0.5664
37 0.384176
38 0.840054
39 0.245679
40 0.0785957
41 0.156735
42 0.121909
43 0.289207
44 0.0263971
45 0.00382388
0 0.187654
1 0.676722
2 0.0235294
3 0.0235294
4 0.0235294
5 0.0235294
6 0.0235294
7 0.529412
8 0.529412
9 0.529412
10 0.529412
11 0.529412
12 0.529412
13 1
14 1
15 1
16 1
17 0.89446
18 0.0967763
19 0.573038
20 0.133279
21 0.282176
22 0.0106889
23 0.175428
24 0.0301739
25 0.0636575
26 0.216148
27 0.0967332
28 0.0959918
29 0.0949262
30 0.499387
31 0.471372
32 0.56964
33 0.22847
34 0.331242
35 0.395983
36 0.61189
37 0.530028
38 0.815499
39 0.212861
40 0.155108
41 0.182964
42 0.120077
43 0.188799
44 0.0235103
45 0.00523242
0 0.505777
1 0.770782
2 0.0582888
3 0.00855615
4 0.22656
5 0.188592
6 0.0117647
7 0.629947
8 0.336898
9 0.327273
10 0.691979
11 0.529412
12 0.529412
13 0.854545
14 0.163636
15 0.706239
16 1
17 0.944534
18 0.0715516
19 0.392121
20 0.119972
21 0.230209
22 0.00691339
23 0.175456
24 0.046858
25 0.069303
26 0.219227
27 0.201605
28 0.0753827
29 0.107184
30 0.360143
31 0.445933
32 0.589432
33 0.412735
34 0.545283
35 0.480574
36 0.57531
37 0.502143
38 0.806119
39 0.291674
40 0.140672
41 0.333552
42 0.153609
43 0.136729
44 0.0414437
45 0.00580355
0 0.141239
1 0.763979
2 0.0181818
3 0.2
4 0.165775
5 0.277718
6 0.197504
7 0
8 0.545455
9 0.542246
10 0.443494
11 0.428164
12 0.453476
13 0.0545455
14 0.636364
15 0.535116
16 0.845276
17 0.901201
18 0.0501378
19 0.377594
20 0.178008
21 0.362708
22 0.00359004
23 0.154655
24 0.0298147
25 0.0251355
26 0.103455
27 0.0867577
28 0.0302867
29 0.0697011
30 0.374518
31 0.645656
32 0.567864
33 0.284902
34 0.386748
35 0.402507
36 0.636016
37 0.64127
38 0.879405
39 0.139589
40 0.119312
41 0.244699
42 0.156908
43 0.120618
44 0.0132793
45 0.00186667
0 0.973494
1 0.757228
2 0.0944742
3 0.0714795
4 0.918717
5 0.0784314
6 0.0784314
7 0.567914
8 0.479857
9 0.731907
10 0.779679
11 0.529412
12 0.529412
13 0.525847
14 0.834581
15 0.995722
16 1
17 0.887948
18 0.10805
19 0.447645
20 0.123328
21 0.432934
22 0.00747451
23 0.107215
24 0.0283874
25 0.0490036
26 0.159007
27 0.0917181
28 0.0328872
29 0.0401492
30 0.367551
31 0.450395
32 0.51512
33 0.257924
34 0.421291
35 0.480282
36 0.556157
37 0.495066
38 0.836599
39 0.203564
40 0.0997807
41 0.158523
42 0.168067
43 0.291235
44 0.0186084
45 0.00316979
0 0.434329
1 0.750266
2 0.164706
3 0.164706
4 0.164706
5 0.164706
6 0.164706
7 0.529412
8 0.529412
9 0.529412
10 0.529412
11 0.529412
12 0.529412
13 1
14 1
15 1
16 1
17 0.893996
18 0.143059
19 0.44511
20 0.186339
21 0.4801
22 0.00897515
23 0.114629
24 0.0341954
25 0.0602352
26 0.17471
27 0.122732
28 0.0502455
29 0.0774722
30 0.481971
31 0.491085
32 0.596591
33 0.260638
34 0.428135
35 0.47337
36 0.589475
37 0.56381
38 0.854342
39 0.323586
40 0.116339
41 0.206877
42 0.193554
43 0.350794
44 0.0150727
45 0.00300832
0 0.127061
1 0.743233
2 0.254902
3 0.254902
4 0.254902
5 0.247415
6 0.0636363
7 0.529412
8 0.529412
9 0.529412
10 0.529412
11 0.55508
12 0.542246
13 0.996078
14 0.996078
15 0.996078
16 0.708734
17 0.863736
18 0.0659358
19 0.509197
20 0.124771
21 0.138025
22 0.00568165
23 0.144266
24 0.0300653
25 0.0531944
26 0.126216
27 0.0584708
28 0.0682441
29 0.0546686
30 0.480527
31 0.553671
32 0.607121
33 0.273581
34 0.341938
35 0.368473
36 0.525345
37 0.51233
38 0.717455
39 0.180529
40 0.118105
41 0.125637
42 0.173295
43 0.0937735
44 0.0296965
45 0.00731635
0 0.863712
1 0.733935
2 0.217112
3 0.34902
4 0.315152
5 0.328699
6 0.0431372
7 0.402852
8 0.25098
9 0.25098
10 0.346168
11 0.37148
12 0.529412
13 0.458467
14 0.14902
15 0.158289
16 0.777184
17 0.945743
18 0.0508485
19 0.428613
20 0.157015
21 0.277209
22 0.0127222
23 0.209906
24 0.0527313
25 0.0674722
26 0.257537
27 0.137593
28 0.0477911
29 0.0729225
30 0.297973
31 0.394425
32 0.442602
33 0.395236
34 0.453587
35 0.50964
36 0.563766
37 0.472913
38 0.845117
39 0.309777
40 0.0712819
41 0.385632
42 0.15856
43 0.221689
44 0.0289982
45 0.00456143
0 0.147315
1 0.727195
2 0.335472
3 0.0272727
4 0
5 0
6 0
7 0.25098
8 0.523351
9 0.529412
10 0.529412
11 0.529412
12 0.529412
13 0.234581
14 0.988235
15 0.988235
16 0.988235
17 0.917476
18 0.177411
19 0.431775
20 0.135894
21 0.556351
22 0.0151339
23 0.129201
24 0.0539636
25 0.101267
26 0.205084
27 0.193593
28 0.0879962
29 0.111323
30 0.479938
31 0.506667
32 0.601951
33 0.326692
34 0.552946
35 0.531654
36 0.492425
37 0.556022
38 0.768547
39 0.294325
40 0.164229
41 0.159812
42 0.157965
43 0.374961
44 0.0332538
45 0.00703074
0 0.136803
1 0.720574
2 0.0793226
3 0
4 0.0158646
5 0.34902
6 0.152941
7 0.453476
8 0.529412
9 0.529412
10 0.402852
11 0.25098
12 0.378253
13 0.842068
14 0.996078
15 0.457041
16 0.457754
17 0.824801
18 0.163962
19 0.421286
20 0.115088
21 0.544075
22 0.0101123
23 0.0849774
24 0.0366316
25 0.0653782
26 0.100285
27 0.0982498
28 0.0644465
29 0.0689145
30 0.499752
31 0.435098
32 0.616199
33 0.214675
34 0.427653
35 0.5436
36 0.455547
37 0.543462
38 0.755839
39 0.210506
40 0.135661
41 0.138955
42 0.171407
43 0.395892
44 0.0392466
45 0.00802925
0 0.731117
1 0.713683
2 0.0454545
3 0
4 0.0158646
5 0.34902
6 0.272371
7 0.548663
8 0.529412
9 0.529412
10 0.402852
11 0.25098
12 0.326916
13 0.851337
14 0.996078
15 0.457041
16 0.290909
17 0.890145
18 0.141879
19 0.444653
20 0.127946
21 0.39395
22 0.0122479
23 0.140992
24 0.0533924
25 0.059695
26 0.117153
27 0.12764
28 0.0494955
29 0.0981798
30 0.41736
31 0.352622
32 0.573483
33 0.257285
34 0.352096
35 0.552535
36 0.469268
37 0.577757
38 0.800545
39 0.294946
40 0.0814394
41 0.295247
42 0.186445
43 0.380156
44 0.0338065
45 0.00745258
0 0.395935
1 0.706752
2 0.237968
3 0
4 0
5 0.0502674
6 0.34902
7 0.301604
8 0.529412
9 0.529412
10 0.529412
11 0.286987
12 0.25098
13 0.534046
14 0.996078
15 0.906595
16 0.136542
17 0.937917
18 0.155466
19 0.431667
20 0.146787
21 0.419057
22 0.0137657
23 0.161318
24 0.0606752
25 0.079905
26 0.185365
27 0.189068
28 0.0686782
29 0.127421
30 0.462409
31 0.48488
32 0.626867
33 0.391452
34 0.440414
35 0.565096
36 0.475123
37 0.623576
38 0.811001
39 0.368612
40 0.113638
41 0.356094
42 0.243065
43 0.318619
44 0.0328955
45 0.00769187
0 0.065092
1 0.699181
2 0.301604
3 0.0272727
4 0
5 0.206239
6 0.34902
7 0.346168
8 0.523351
9 0.529412
10 0.529412
11 0.276292
12 0.25098
13 0.244207
14 0.992157
15 0.76221
16 0.14902
17 0.936296
18 0.121601
19 0.408658
20 0.113595
21 0.375174
22 0.0122818
23 0.149585
24 0.0595618
25 0.0727724
26 0.14851
27 0.141986
28 0.0551106
29 0.108321
30 0.42608
31 0.531005
32 0.592855
33 0.378813
34 0.434001
35 0.568913
36 0.493314
37 0.655176
38 0.812331
39 0.336686
40 0.10885
41 0.350992
42 0.223945
43 0.29506
44 0.0350321
45 0.00839358
0 0.295321
1 0.690038
2 0.301604
3 0.0727273
4 0
5 0.12959
6 0.34902
7 0.314438
8 0.574332
9 0.529412
10 0.529412
11 0.211052
12 0.25098
13 0.172193
14 0.920143
15 0.737255
16 0.14902
17 0.921949
18 0.126361
19 0.480357
20 0.127073
21 0.38079
22 0.0106074
23 0.126783
24 0.039091
25 0.0784307
26 0.152188
27 0.149096
28 0.0609514
29 0.0918087
30 0.443404
31 0.602537
32 0.59418
33 0.345621
34 0.414135
35 0.535146
36 0.503533
37 0.616028
38 0.820516
39 0.334333
40 0.128534
41 0.269928
42 0.27777
43 0.221683
44 0.0314597
45 0.0094355
0 0.214117
1 0.682402
2 0.213547
3 0.206239
4 0
5 0.206239
6 0.34902
7 0.6
8 0.308021
9 0.529412
10 0.529412
11 0.276292
12 0.25098
13 0.186096
14 0.765062
15 0.765062
16 0.14902
17 0.924276
18 0.124254
19 0.43647
20 0.114213
21 0.343651
22 0.0107118
23 0.159467
24 0.0496271
25 0.0740858
26 0.136732
27 0.141622
28 0.056799
29 0.0910567
30 0.416172
31 0.545663
32 0.579789
33 0.362561
34 0.413173
35 0.553695
36 0.473152
37 0.590827
38 0.791224
39 0.312748
40 0.110785
41 0.283607
42 0.233568
43 0.24906
44 0.0368088
45 0.00971249
0 0.273565
1 0.675763
2 0.315152
3 0.126916
4 0
5 0.218717
6 0.34902
7 0.346168
8 0.352228
9 0.529412
10 0.443137
11 0.233155
12 0.25098
13 0.158289
14 0.915508
15 0.5918
16 0.14902
17 0.806625
18 0.101761
19 0.349897
20 0.417345
21 0.556323
22 0.000629026
23 0.0282453
24 0.0100247
25 0.0112182
26 0.0752942
27 0.0266466
28 0.00562524
29 0.00790514
30 0.688528
31 0.865997
32 0.843251
33 0.568093
34 0.405909
35 0.456386
36 0.650955
37 0.769522
38 0.901366
39 0.330558
40 0.17723
41 0.263414
42 0.478
43 0.227201
44 0.00207407
45 0.000485534
0 0.833772
1 0.668183
2 1
3 1
4 0.87451
5 0.74902
6 0.74902
7 1
8 1
9 1
10 0.529412
11 0.529412
12 0.529412
13 1
14 1
15 0.996078
16 0.996078
17 0.846571
18 0.069957
19 0.353025
20 0.048112
21 0.392641
22 0.0152927
23 0.055672
24 0.0101763
25 0.017307
26 0.0467901
27 0.0341468
28 0.0163134
29 0.0226494
30 0.296036
31 0.358485
32 0.312075
33 0.182838
34 0.290847
35 0.515803
36 0.522286
37 0.444812
38 0.782778
39 0.114207
40 0.0468484
41 0.0804694
42 0.105179
43 0.294385
44 0.0370222
45 0.00610648
0 0.874174
1 0.65872
2 0.027451
3 0.027451
4 0.027451
5 0.027451
6 0.027451
7 0.529412
8 0.529412
9 0.529412
10 0.529412
11 0.529412
12 0.529412
13 1
14 1
15 1
16 1
17 0.852719
18 0.0823963
19 0.483581
20 0.195498
21 0.401471
22 0.0162793
23 0.145571
24 0.0441001
25 0.0497389
26 0.189974
27 0.0909308
28 0.0436877
29 0.0589021
30 0.423593
31 0.355613
32 0.468347
33 0.242489
34 0.323705
35 0.495243
36 0.488181
37 0.394559
38 0.833103
39 0.18872
40 0.102099
41 0.196818
42 0.143053
43 0.266126
44 0.0250336
45 0.00403498
0 0.699409
1 0.652158
2 0.027451
3 0.027451
4 0.027451
5 0.027451
6 0.027451
7 0.529412
8 0.529412
9 0.529412
10 0.529412
11 0.529412
12 0.529412
13 1
14 1
15 1
16 1
17 0.859003
18 0.163622
19 0.49388
20 0.19303
21 0.398202
22 0.00961192
23 0.142538
24 0.0493215
25 0.0627449
26 0.127804
27 0.0956908
28 0.0633193
29 0.0817703
30 0.534839
31 0.482791
32 0.64087
33 0.370163
34 0.411917
35 0.494246
36 0.424776
37 0.531655
38 0.709666
39 0.272529
40 0.108573
41 0.160439
42 0.190509
43 0.34269
44 0.039327
45 0.00750363
0 0.547219
1 0.645412
2 0.385918
3 0.0196078
4 0.185027
5 0.330481
6 0.34902
7 0.498396
8 0.529412
9 0.452406
10 0.247772
11 0.25098
12 0.25098
13 0.669519
14 0.834225
15 0.202496
16 0.14902
17 0.835143
18 0.170595
19 0.228436
20 0.472668
21 0.711679
22 0.000979224
23 0.0284859
24 0.00427458
25 0.00827849
26 0.0554879
27 0.0431891
28 0.0120282
29 0.0385256
30 0.729064
31 0.838599
32 0.822406
33 0.553831
34 0.362706
35 0.41066
36 0.788454
37 0.788306
38 0.913298
39 0.390538
40 0.238833
41 0.256311
42 0.435171
43 0.409936
44 0.00201138
45 0.000540712
0 0.204193
1 0.637909
2 0.964706
3 0.964706
4 0.964706
5 0.964706
6 0.403208
7 0.964706
8 0.964706
9 0.964706
10 0.964706
11 0.899822
12 0.302317
13 0.964706
14 0.964706
15 0.964706
16 0.442781
17 0.860166
18 0.0977492
19 0.354408
20 0.0438768
21 0.424061
22 0.0200065
23 0.0483341
24 0.00917793
25 0.0193544
26 0.0554913
27 0.033374
28 0.0189135
29 0.0262888
30 0.343295
31 0.363569
32 0.313387
33 0.163251
34 0.280202
35 0.500888
36 0.518526
37 0.443141
38 0.766927
39 0.134045
40 0.0431537
41 0.0744762
42 0.123185
43 0.307199
44 0.0414101
45 0.00927837
0 0.645055
1 0.631288
2 0.0313726
3 0.0313726
4 0.0313726
5 0.0313725
6 0.0313725
7 0.529412
8 0.529412
9 0.529412
10 0.529412
11 0.529412
12 0.529412
13 1
14 1
15 1
16 1
17 0.883404
18 0.123905
19 0.503335
20 0.183584
21 0.283006
22 0.0152716
23 0.237299
24 0.0777519
25 0.118952
26 0.193641
27 0.151741
28 0.0684839
29 0.122891
30 0.464129
31 0.410437
32 0.534593
33 0.363724
34 0.391664
35 0.460782
36 0.312829
37 0.429238
38 0.655255
39 0.279572
40 0.0803355
41 0.185827
42 0.156674
43 0.236296
44 0.0492721
45 0.0131244
0 0.191422
1 0.624843
2 0.31836
3 0.0117647
4 0.114439
5 0.152941
6 0.160071
7 0.25098
8 0.5041
9 0.426738
10 0.152941
11 0.152941
12 0.161497
13 0.36934
14 0.810695
15 0.152941
16 0.158645
17 0.899999
18 0.112514
19 0.603344
20 0.159557
21 0.184026
22 0.0149484
23 0.201401
24 0.0807398
25 0.102981
26 0.166245
27 0.101723
28 0.104382
29 0.134045
30 0.42548
31 0.443556
32 0.568915
33 0.348031
34 0.455175
35 0.41783
36 0.443922
37 0.578178
38 0.798002
39 0.408914
40 0.0709078
41 0.200651
42 0.12604
43 0.223453
44 0.0527209
45 0.0100298
0 0.379489
1 0.618272
2 0.317647
3 0.0103387
4 0.0201426
5 0.146881
6 0.34902
7 0.25098
8 0.457754
9 0.0196078
10 0.251337
11 0.352228
12 0.25098
13 0.374688
14 0.28057
15 0.557576
16 0.14902
17 0.909929
18 0.114091
19 0.455429
20 0.106315
21 0.188487
22 0.00957699
23 0.220682
24 0.0584594
25 0.0851281
26 0.129174
27 0.205747
28 0.102062
29 0.1723
30 0.371587
31 0.479248
32 0.559333
33 0.308125
34 0.498458
35 0.373683
36 0.387662
37 0.49615
38 0.734931
39 0.283637
40 0.119768
41 0.152113
42 0.119118
43 0.0882026
44 0.0619631
45 0.0126079
0 0.235977
1 0.611743
2 0.027451
3 0.0178253
4 0.333333
5 0.34902
6 0.34902
7 0.027451
8 0.0730838
9 0.37754
10 0.25098
11 0.25098
12 0.25098
13 0.027451
14 0.425312
15 0.14902
16 0.14902
17 0.841324
18 0.104244
19 0.548162
20 0.170013
21 0.186383
22 0.00651729
23 0.152304
24 0.0491075
25 0.101173
26 0.120801
27 0.122067
28 0.103951
29 0.11189
30 0.381783
31 0.572556
32 0.598296
33 0.257532
34 0.468529
35 0.345357
36 0.44509
37 0.501806
38 0.747677
39 0.265166
40 0.138679
41 0.0924026
42 0.134851
43 0.103725
44 0.0416838
45 0.0114932
0 0.558126
1 0.605495
2 0.0573975
3 0.25918
4 0.34902
5 0.34902
6 0.34902
7 0.335116
8 0.15615
9 0.25098
10 0.25098
11 0.25098
12 0.25098
13 0.424242
14 0.144742
15 0.14902
16 0.14902
17 0.847151
18 0.0841036
19 0.547762
20 0.180213
21 0.144315
22 0.00610537
23 0.174004
24 0.0443696
25 0.0818243
26 0.116104
27 0.0872732
28 0.0691929
29 0.0948769
30 0.38007
31 0.569573
32 0.55452
33 0.337536
34 0.431465
35 0.319353
36 0.468463
37 0.454155
38 0.717142
39 0.238971
40 0.108326
41 0.124985
42 0.147847
43 0.0976284
44 0.0392473
45 0.0099251
0 0.586052
1 0.599007
2 0.267023
3 0.34902
4 0.34902
5 0.34902
6 0.235829
7 0.258824
8 0.251693
9 0.25098
10 0.25098
11 0.25098
12 0.277718
13 0.228877
14 0.14902
15 0.14902
16 0.131194
17 0.765634
18 0.0637707
19 0.579443
20 0.189305
21 0.1478
22 0.00841519
23 0.151426
24 0.0490486
25 0.111223
26 0.119138
27 0.0825453
28 0.0691059
29 0.103002
30 0.308686
31 0.515825
32 0.424331
33 0.240271
34 0.427573
35 0.305641
36 0.426752
37 0.377107
38 0.674697
39 0.188891
40 0.0821132
41 0.0699886
42 0.127059
43 0.105887
44 0.0641214
45 0.0135546
0 0.849896
1 0.592604
2 0.0543672
3 0.320143
4 0.333155
5 0.0272727
6 0.0636363
7 0.458111
8 0.209626
9 0.25098
10 0.136898
11 0.163636
12 0.163636
13 0.583244
14 0.14902
15 0.0541889
16 0.0727273
17 0.821817
18 0.0862467
19 0.632569
20 0.201255
21 0.15706
22 0.0157547
23 0.221042
24 0.0639123
25 0.128583
26 0.179044
27 0.0964115
28 0.109509
29 0.149003
30 0.370128
31 0.458079
32 0.447463
33 0.288939
34 0.378181
35 0.328969
36 0.473156
37 0.388795
38 0.683309
39 0.230775
40 0.103959
41 0.117583
42 0.125372
43 0.172644
44 0.0687595
45 0.0168529
0 0.656199
1 0.58637
2 0.210873
3 0.126916
4 0.0909091
5 0.0909091
6 0.0454545
7 0.43066
8 0.159715
9 0.163636
10 0.272727
11 0.272727
12 0.109091
13 0.486988
14 0.0499109
15 0.109091
16 0.0363636
17 0.822358
18 0.0573161
19 0.656909
20 0.188782
21 0.110934
22 0.0174321
23 0.239648
24 0.119773
25 0.202811
26 0.219213
27 0.0985203
28 0.116795
29 0.141202
30 0.346743
31 0.454534
32 0.432416
33 0.375838
34 0.466715
35 0.344947
36 0.363631
37 0.347011
38 0.645282
39 0.195998
40 0.0783054
41 0.156197
42 0.126424
43 0.129699
44 0.136816
45 0.0225895
0 0.933264
1 0.579947
2 0.124777
3 0.136364
4 0
5 0
6 0
7 0.232086
8 0.381818
9 0.109091
10 0
11 0
12 0
13 0.0816399
14 0.0909091
15 0
16 0
17 0.841879
18 0.0632805
19 0.718831
20 0.195033
21 0.110298
22 0.0198566
23 0.255112
24 0.131601
25 0.208867
26 0.26537
27 0.102893
28 0.161916
29 0.111032
30 0.377468
31 0.484581
32 0.468277
33 0.316473
34 0.462437
35 0.332559
36 0.35144
37 0.403808
38 0.664326
39 0.275027
40 0.0715728
41 0.1295
42 0.123959
43 0.0895072
44 0.110676
45 0.0228919
0 0.71953
1 0.573599
2 0.136364
3 0
4 0
5 0
6 0.212121
7 0.436364
8 0.0545454
9 0
10 0
11 0
12 0.286631
13 0.109091
14 0
15 0
16 0.328699
17 0.932561
18 0.0999742
19 0.640529
20 0.122734
21 0.102383
22 0.0132541
23 0.233208
24 0.0980176
25 0.101236
26 0.268001
27 0.174942
28 0.159269
29 0.0989076
30 0.386102
31 0.441708
32 0.608685
33 0.333313
34 0.586773
35 0.340006
36 0.444955
37 0.473183
38 0.798218
39 0.511299
40 0.119728
41 0.170911
42 0.0996973
43 0.0554716
44 0.0739
45 0.0117425
0 0.067058
1 0.56733
2 0
3 0
4 0
5 0.345989
6 0.727986
7 0
8 0
9 0
10 0
11 0.476292
12 0.60713
13 0
14 0
15 0.262389
16 0.992513
17 0.89669
18 0.13331
19 0.540321
20 0.129856
21 0.291729
22 0.0112611
23 0.2634
24 0.0501701
25 0.0982739
26 0.1207
27 0.259741
28 0.160941
29 0.326442
30 0.369713
31 0.545441
32 0.552139
33 0.286903
34 0.458619
35 0.318254
36 0.534299
37 0.519837
38 0.841084
39 0.170422
40 0.138742
41 0.217068
42 0.0785019
43 0.111474
44 0.0414744
45 0.00885821
0 0.239333
1 0.559273
2 0
3 0
4 0.488948
5 0.477183
6 0
7 0
8 0
9 0.28877
10 0.65205
11 0.232442
12 0
13 0
14 0.303743
15 0.904813
16 0
17 0.870513
18 0.0874662
19 0.414445
20 0.191539
21 0.268379
22 0.00682781
23 0.312956
24 0.0818189
25 0.0893102
26 0.116829
27 0.181548
28 0.104202
29 0.264773
30 0.300183
31 0.554018
32 0.48632
33 0.237973
34 0.363083
35 0.366831
36 0.438582
37 0.568468
38 0.815779
39 0.106176
40 0.124483
41 0.195846
42 0.148353
43 0.116462
44 0.0440783
45 0.0101171
0 0.870572
1 0.553092
2 0
3 0
4 0.897683
5 0.0755792
6 0
7 0
8 0.0481284
9 0.654545
10 0.588235
11 0
12 0
13 0
14 0.708734
15 0.535472
16 0
17 0.903114
18 0.0987654
19 0.460777
20 0.231896
21 0.238051
22 0.0173051
23 0.248675
24 0.146013
25 0.290619
26 0.288326
27 0.243232
28 0.107993
29 0.241054
30 0.305298
31 0.548063
32 0.469719
33 0.327926
34 0.586431
35 0.430902
36 0.344415
37 0.474415
38 0.678316
39 0.332644
40 0.127991
41 0.137804
42 0.208148
43 0.175318
44 0.0884746
45 0.0250904
0 0.0644783
1 0.547001
2 0
3 0.403743
4 0.256684
5 0
6 0
7 0
8 0.379679
9 0.46631
10 0
11 0
12 0
13 0.0723708
14 0.759715
15 0
16 0
17 0.761369
18 0.10447
19 0.693254
20 0.253011
21 0.246952
22 0.0232772
23 0.171149
24 0.150203
25 0.311961
26 0.271184
27 0.0852059
28 0.145815
29 0.163141
30 0.456292
31 0.583171
32 0.515255
33 0.254817
34 0.490574
35 0.339742
36 0.389086
37 0.490525
38 0.66878
39 0.315917
40 0.119036
41 0.108154
42 0.173622
43 0.262078
44 0.0728842
45 0.0246126
0 0.766693
1 0.540933
2 0.313547
3 0.345098
4 0
5 0
6 0
7 0.469162
8 0.374688
9 0
10 0
11 0
12 0
13 0.7918
14 0.0901961
15 0
16 0
17 0.865792
18 0.0991017
19 0.679506
20 0.13352
21 0.12508
22 0.0366516
23 0.311429
24 0.166418
25 0.256818
26 0.264743
27 0.189829
28 0.224447
29 0.299489
30 0.361376
31 0.392872
32 0.435387
33 0.269892
34 0.509395
35 0.333959
36 0.353787
37 0.416362
38 0.636724
39 0.305434
40 0.0860913
41 0.160199
42 0.1203
43 0.107848
44 0.167435
45 0.0432776
0 0.383242
1 0.534722
2 0
3 0
4 0
5 0
6 0.0454545
7 0
8 0
9 0
10 0
11 0
12 0.163636
13 0
14 0
15 0
16 0.0363636
17 0.915298
18 0.110699
19 0.573566
20 0.199379
21 0.172542
22 0.0320592
23 0.306858
24 0.145276
25 0.228831
26 0.323675
27 0.257507
28 0.342743
29 0.439716
30 0.387646
31 0.468769
32 0.537457
33 0.297339
34 0.516254
35 0.336336
36 0.532703
37 0.468352
38 0.821223
39 0.370316
40 0.206805
41 0.221573
42 0.124808
43 0.179889
44 0.11705
45 0.0190949
0 0.337328
1 0.528639
2 0
3 0
4 0.00909094
5 0.2
6 0.0181818
7 0
8 0
9 0
10 0.272727
11 0.545454
12 0
13 0
14 0
15 0.127273
16 0.0545455
17 0.922392
18 0.122824
19 0.546732
20 0.168413
21 0.305936
22 0.0346778
23 0.28266
24 0.158757
25 0.337704
26 0.368473
27 0.362361
28 0.373836
29 0.523095
30 0.347751
31 0.522321
32 0.494282
33 0.260381
34 0.497521
35 0.378507
36 0.510619
37 0.548208
38 0.778986
39 0.338102
40 0.243338
41 0.244673
42 0.167905
43 0.189348
44 0.109045
45 0.0390072
0 0.0804449
1 0.522721
2 0
3 0
4 0.190909
5 0.0363636
6 0
7 0
8 0
9 0.327273
10 0.490909
11 0
12 0
13 0
14 0.0727273
15 0.109091
16 0
17 0.933058
18 0.106164
19 0.554453
20 0.167695
21 0.176443
22 0.0161008
23 0.184112
24 0.258586
25 0.186181
26 0.387978
27 0.173529
28 0.160931
29 0.130548
30 0.399413
31 0.583328
32 0.646142
33 0.300375
34 0.578585
35 0.497781
36 0.425521
37 0.592965
38 0.807996
39 0.50345
40 0.322072
41 0.330711
42 0.291768
43 0.114944
44 0.0676654
45 0.0195405
0 0.706887
1 0.516776
2 0
3 0.127273
4 0.1
5 0
6 0.681818
7 0
8 0.218182
9 0.6
10 0
11 0
12 0.818182
13 0
14 0.181818
15 0
16 0.545455
17 0.960447
18 0.260721
19 0.497588
20 0.136182
21 0.483435
22 0.00343982
23 0.091296
24 0.0109058
25 0.00903154
26 0.0668442
27 0.0939825
28 0.06297
29 0.0862911
30 0.641287
31 0.804891
32 0.836429
33 0.453419
34 0.476748
35 0.383703
36 0.768865
37 0.770356
38 0.935595
39 0.371597
40 0.456894
41 0.263175
42 0.196158
43 0.0639631
44 0.00662043
45 0.000997491
0 0.369255
1 0.510822
2 0.154545
3 0.0272727
4 0.724421
5 0.996078
6 0.996078
7 0.490909
8 0.163636
9 0.271658
10 0.996078
11 0.996078
12 0.996078
13 0.145455
14 0.181105
15 0.996078
16 0.996078
17 0.890302
18 0.157742
19 0.161398
20 0.11787
21 0.494281
22 0.000428605
23 0.0147129
24 0.0020122
25 0.00128689
26 0.0113687
27 0.0204887
28 0.00450419
29 0.00737548
30 0.495868
31 0.799129
32 0.750536
33 0.383007
34 0.364782
35 0.410895
36 0.793199
37 0.608451
38 0.918307
39 0.134171
40 0.297725
41 0.148967
42 0.289786
43 0.0775472
44 0.00250768
45 0.000311167
0 0.986978
1 0.504637
2 0.204456
3 0.763636
4 0.996078
5 0.996078
6 0.996078
7 0.423529
8 0.699109
9 0.996078
10 0.996078
11 0.996078
12 0.996078
13 0.52549
14 0.996078
15 0.996078
16 0.996078
17 0.792563
18 0.137628
19 0.398043
20 0.189359
21 0.447635
22 0.00127697
23 0.0345248
24 0.00637013
25 0.00762533
26 0.0258418
27 0.0192551
28 0.00819677
29 0.00537134
30 0.505746
31 0.715219
32 0.663538
33 0.314362
34 0.270821
35 0.36413
36 0.573011
37 0.514904
38 0.841864
39 0.137905
40 0.0863004
41 0.0843175
42 0.257539
43 0.154385
44 0.00340571
45 0.00117918
0 0.857863
1 0.49786
2 0.678431
3 0.678431
4 0.678431
5 0.678431
6 0.678431
7 0.529412
8 0.529412
9 0.529412
10 0.529412
11 0.529412
12 0.529412
13 0.992157
14 0.992157
15 0.992157
16 0.992157
17 0.806811
18 0.075306
19 0.404835
20 0.129495
21 0.420017
22 0.0224775
23 0.0776472
24 0.0188066
25 0.0243765
26 0.0813334
27 0.0433759
28 0.025947
29 0.0319009
30 0.304343
31 0.32791
32 0.320857
33 0.202242
34 0.279122
35 0.483025
36 0.510946
37 0.337478
38 0.804094
39 0.114944
40 0.0772976
41 0.119149
42 0.123222
43 0.293076
44 0.0312734
45 0.00503006
0 0.966094
1 0.490152
2 0.00784314
3 0.00784314
4 0.00784314
5 0.00784314
6 0.00784314
7 0.529412
8 0.529412
9 0.529412
10 0.529412
11 0.529412
12 0.529412
13 0.996078
14 0.996078
15 0.996078
16 0.996078
17 0.916957
18 0.0915374
19 0.411377
20 0.20143
21 0.261874
22 0.0261445
23 0.282446
24 0.0849923
25 0.0531483
26 0.1859
27 0.15527
28 0.0813999
29 0.141742
30 0.393087
31 0.411578
32 0.434784
33 0.321171
34 0.273332
35 0.491413
36 0.463038
37 0.432168
38 0.741113
39 0.175538
40 0.139304
41 0.34437
42 0.160552
43 0.139489
44 0.036033
45 0.0135077
0 0.436784
1 0.484294
2 0
3 0.0698752
4 0.109804
5 0.0449198
6 0.0695187
7 0
8 0.246702
9 0.678431
10 0.678431
11 0.0616755
12 0.433155
13 0
14 0.909091
15 0.727273
16 0.543316
17 0.949049
18 0.0630521
19 0.345401
20 0.32188
21 0.205165
22 0.00942015
23 0.21453
24 0.0788328
25 0.0637896
26 0.2528
27 0.174118
28 0.0674922
29 0.145788
30 0.357349
31 0.66127
32 0.521161
33 0.354901
34 0.501767
35 0.437817
36 0.538959
37 0.565851
38 0.833586
39 0.378264
40 0.164667
41 0.225613
42 0.25348
43 0.080423
44 0.02936
45 0.00677701
0 0.185271
1 0.477943
2 0
3 0.496613
4 0.617469
5 0.0695187
6 0.117647
7 0
8 0.246702
9 0.678431
10 0.272727
11 0.481284
12 0.529412
13 0
14 0.909091
15 0.453476
16 0.996078
17 0.905735
18 0.0723892
19 0.449997
20 0.126313
21 0.223737
22 0.0175042
23 0.121584
24 0.0653557
25 0.075031
26 0.185641
27 0.0674051
28 0.0328351
29 0.0616476
30 0.327201
31 0.556225
32 0.428376
33 0.345615
34 0.552594
35 0.395349
36 0.452733
37 0.406521
38 0.750802
39 0.349586
40 0.149904
41 0.126141
42 0.135664
43 0.152048
44 0.0513174
45 0.00952509
0 0.537576
1 0.47208
2 0.0536542
3 0.317647
4 0.0449197
5 0.101961
6 0.263458
7 0.123351
8 0.678431
9 0.39287
10 0
11 0.481284
12 0.541176
13 0.454545
14 0.634225
15 0.270588
16 0.915865
17 0.777141
18 0.132876
19 0.715876
20 0.147168
21 0.248397
22 0.0165714
23 0.10803
24 0.0427936
25 0.101631
26 0.133671
27 0.0544431
28 0.0598018
29 0.0622524
30 0.443599
31 0.51931
32 0.475077
33 0.244983
34 0.412256
35 0.300836
36 0.428863
37 0.384376
38 0.755984
39 0.306831
40 0.0990023
41 0.0694944
42 0.114088
43 0.179136
44 0.0430987
45 0.0104622
0 0.611524
1 0.466346
2 0.209269
3 0.132086
4 0
5 0.186453
6 0.341176
7 0.678431
8 0.325847
9 0
10 0.0962567
11 0.409626
12 0.341176
13 0.903387
14 0
15 0.3918
16 0.341176
17 0.840005
18 0.110329
19 0.456666
20 0.212513
21 0.563574
22 0.0267026
23 0.0909327
24 0.0416256
25 0.0623421
26 0.220576
27 0.109912
28 0.0528611
29 0.0955743
30 0.373199
31 0.373668
32 0.4032
33 0.246124
34 0.434814
35 0.444139
36 0.58362
37 0.410273
38 0.851455
39 0.283263
40 0.11325
41 0.195574
42 0.145445
43 0.327687
44 0.0307883
45 0.00424061
0 0.250863
1 0.460431
2 0.054902
3 0.054902
4 0.054902
5 0.054902
6 0.054902
7 0.529412
8 0.529412
9 0.529412
10 0.529412
11 0.529412
12 0.529412
13 1
14 1
15 1
16 1
17 0.846029
18 0.128082
19 0.527699
20 0.248294
21 0.550063
22 0.0277755
23 0.112317
24 0.0486241
25 0.0416023
26 0.226695
27 0.0375975
28 0.0385059
29 0.0446112
30 0.571642
31 0.490535
32 0.503192
33 0.269211
34 0.250176
35 0.480483
36 0.578608
37 0.503817
38 0.842529
39 0.233547
40 0.124771
41 0.267588
42 0.234364
43 0.473529
44 0.0183001
45 0.00451878
0 0.802219
1 0.454486
2 0.466667
3 0.0352941
4 0.0352941
5 0.0352941
6 0.0352941
7 0.77754
8 0.529412
9 0.529412
10 0.529412
11 0.529412
12 0.529412
13 0.994296
14 1
15 1
16 1
17 0.863476
18 0.310647
19 0.350123
20 0.186045
21 0.735551
22 0.0169322
23 0.0667252
24 0.0113626
25 0.0329947
26 0.0770472
27 0.159382
28 0.0767037
29 0.278781
30 0.570902
31 0.527446
32 0.565017
33 0.289862
34 0.391573
35 0.45701
36 0.592581
37 0.580413
38 0.810312
39 0.243562
40 0.240676
41 0.104068
42 0.179785
43 0.464398
44 0.0327201
45 0.006978
0 0.049447
1 0.448535
2 0.0235294
3 0.108378
4 0.490196
5 0.490196
6 0.0445632
7 0.529412
8 0.529412
9 0.638503
10 0.662745
11 0.602495
12 0
13 1
14 0.672727
15 0.4
16 0.109091
17 0.867568
18 0.163343
19 0.416024
20 0.146146
21 0.625125
22 0.0466043
23 0.0663439
24 0.0331022
25 0.0756239
26 0.201888
27 0.0870391
28 0.0735175
29 0.0787308
30 0.455444
31 0.390664
32 0.415487
33 0.154313
34 0.326199
35 0.508694
36 0.514259
37 0.499212
38 0.855199
39 0.309094
40 0.121556
41 0.154907
42 0.208648
43 0.441243
44 0.0365631
45 0.0111
0 0.146872
1 0.442725
2 0.0313726
3 0.0313726
4 0.0313726
5 0.0313725
6 0.0313725
7 0.529412
8 0.529412
9 0.529412
10 0.529412
11 0.529412
12 0.529412
13 1
14 1
15 1
16 1
17 0.816925
18 0.091488
19 0.341044
20 0.605015
21 0.619258
22 0.00117406
23 0.0421043
24 0.0131223
25 0.00877901
26 0.0985013
27 0.0167416
28 0.00642206
29 0.0204222
30 0.729783
31 0.833743
32 0.750481
33 0.476133
34 0.197974
35 0.402766
36 0.73382
37 0.739467
38 0.88944
39 0.241763
40 0.186789
41 0.35346
42 0.51242
43 0.26982
44 0.00122674
45 0.000442689
0 0.922838
1 0.436878
2 0.988235
3 0.988235
4 0.988235
5 0.341176
6 0.262745
7 0.988235
8 0.988235
9 0.988235
10 0.904813
11 0.529412
12 0.529412
13 0.988235
14 0.988235
15 0.993583
16 1
17 0.831324
18 0.188699
19 0.366248
20 0.14573
21 0.460772
22 0.00247916
23 0.0301239
24 0.00449221
25 0.00368589
26 0.0230693
27 0.0124561
28 0.00735178
29 0.00822373
30 0.547235
31 0.683217
32 0.561046
33 0.366322
34 0.230669
35 0.406973
36 0.597204
37 0.60161
38 0.829821
39 0.162206
40 0.0669265
41 0.0684848
42 0.260741
43 0.23227
44 0.00650601
45 0.00216538
0 0.859332
1 0.431017
2 0.6
3 0.6
4 0.6
5 0.6
6 0.6
7 0.529412
8 0.529412
9 0.529412
10 0.529412
11 0.529412
12 0.529412
13 0.992157
14 0.992157
15 0.992157
16 0.992157
17 0.841804
18 0.242665
19 0.351137
20 0.170023
21 0.603563
22 0.00305481
23 0.0332101
24 0.00585299
25 0.00869671
26 0.0314108
27 0.0501976
28 0.0189429
29 0.0190676
30 0.567409
31 0.584705
32 0.652017
33 0.348277
34 0.335261
35 0.407299
36 0.530803
37 0.517471
38 0.861195
39 0.247186
40 0.125711
41 0.0781713
42 0.194359
43 0.218116
44 0.00586663
45 0.00169068
0 0.224765
1 0.424329
2 0.396078
3 0.396078
4 0.396078
5 0.845276
6 0.730303
7 0.529412
8 0.529412
9 0.529412
10 0.553654
11 0.662745
12 0.481996
13 0.992157
14 0.992157
15 0.924421
16 0.68984
17 0.783843
18 0.187379
19 0.30359
20 0.33791
21 0.577148
22 0.000679351
23 0.0227466
24 0.00394338
25 0.00458088
26 0.0227084
27 0.0232859
28 0.00909574
29 0.00995949
30 0.657054
31 0.768617
32 0.757137
33 0.360703
34 0.278269
35 0.331131
36 0.653955
37 0.631322
38 0.876151
39 0.22167
40 0.120026
41 0.0802566
42 0.292766
43 0.152431
44 0.00172782
45 0.000646008
0 0.489161
1 0.417909
2 0.657041
3 0.933333
4 0.933334
5 0.933333
6 0.721212
7 0.671301
8 0.662745
9 0.662745
10 0.662745
11 0.662745
12 0.481996
13 0.997504
14 0.996078
15 0.996078
16 0.814973
17 0.826727
18 0.125424
19 0.345757
20 0.113885
21 0.571789
22 0.018865
23 0.040871
24 0.00736247
25 0.0150432
26 0.0582541
27 0.0357494
28 0.016608
29 0.0248755
30 0.381539
31 0.408683
32 0.371088
33 0.233867
34 0.279916
35 0.444204
36 0.501538
37 0.406882
38 0.77347
39 0.153249
40 0.0644614
41 0.0819003
42 0.12207
43 0.300235
44 0.0204436
45 0.00602156
0 0.344265
1 0.412152
2 0.204991
3 0.0784314
4 0.211765
5 0.207843
6 0.207843
7 0.667023
8 0.662745
9 0.662745
10 0.595722
11 0.529412
12 0.529412
13 0.996791
14 0.996078
15 0.931194
16 0.996078
17 0.830422
18 0.114834
19 0.45085
20 0.21959
21 0.497785
22 0.0294698
23 0.108606
24 0.034831
25 0.0333499
26 0.148407
27 0.0610865
28 0.0418323
29 0.0577724
30 0.466736
31 0.384711
32 0.423667
33 0.222403
34 0.259023
35 0.470625
36 0.497692
37 0.404168
38 0.830334
39 0.193391
40 0.097907
41 0.14598
42 0.146145
43 0.298539
44 0.0235537
45 0.0059881
0 0.609236
1 0.40541
2 0.0705882
3 0.0705882
4 0.0705882
5 0.0705882
6 0.0705882
7 0.529412
8 0.529412
9 0.529412
10 0.529412
11 0.529412
12 0.529412
13 0.992157
14 0.992157
15 0.992157
16 0.992157
17 0.86139
18 0.132912
19 0.485498
20 0.356068
21 0.539092
22 0.0164235
23 0.0939065
24 0.0346387
25 0.0388151
26 0.220205
27 0.0464943
28 0.0323285
29 0.0478914
30 0.57425
31 0.540482
32 0.542311
33 0.35451
34 0.277113
35 0.461887
36 0.575525
37 0.552669
38 0.85451
39 0.394163
40 0.0882703
41 0.23982
42 0.263573
43 0.41968
44 0.0105404
45 0.00362705
0 0.101932
1 0.399497
2 0.698039
3 0.346168
4 0.145098
5 0.145098
6 0.145098
7 0.678431
8 0.624242
9 0.529412
10 0.529412
11 0.529412
12 0.529412
13 1
14 0.996435
15 0.996078
16 0.996078
17 0.841213
18 0.0919635
19 0.399624
20 0.33545
21 0.364512
22 0.00609755
23 0.0507353
24 0.0174567
25 0.0180009
26 0.143695
27 0.0208586
28 0.0129661
29 0.0244882
30 0.597748
31 0.686499
32 0.547262
33 0.39826
34 0.233922
35 0.414088
36 0.687812
37 0.61413
38 0.837494
39 0.418987
40 0.111222
41 0.242019
42 0.378675
43 0.314842
44 0.00572444
45 0.0028464
0 0.356544
1 0.393335
2 0.917647
3 0.917647
4 0.209091
5 0.172549
6 0.172549
7 0.678431
8 0.678431
9 0.669875
10 0.565775
11 0.529412
12 0.529412
13 1
14 0.669162
15 0.831373
16 0.996078
17 0.863324
18 0.108044
19 0.278719
20 0.259923
21 0.396184
22 0.00462756
23 0.0391885
24 0.0092208
25 0.0102615
26 0.0682849
27 0.0199077
28 0.0105407
29 0.0319149
30 0.534057
31 0.70815
32 0.514639
33 0.442014
34 0.247972
35 0.394594
36 0.706676
37 0.567006
38 0.768103
39 0.387002
40 0.152253
41 0.141719
42 0.372373
43 0.285398
44 0.00578202
45 0.00283744
0 0.372391
1 0.387342
2 0.843137
3 0.843137
4 0.289127
5 0.262745
6 0.294831
7 0.678431
8 0.678431
9 0.669875
10 0.662745
11 0.662745
12 0.590018
13 1
14 0.721925
15 0.235294
16 0.513369
17 0.852113
18 0.136153
19 0.289926
20 0.274256
21 0.459746
22 0.00269931
23 0.0352282
24 0.00693295
25 0.00697135
26 0.0406124
27 0.016123
28 0.00882799
29 0.0203416
30 0.570639
31 0.738502
32 0.56487
33 0.43116
34 0.232115
35 0.373077
36 0.677534
37 0.566983
38 0.816787
39 0.325815
40 0.127553
41 0.111437
42 0.343925
43 0.243402
44 0.00335993
45 0.0016955
0 0.505969
1 0.381536
2 0.815686
3 0.815686
4 0.466132
5 0.458823
6 0.458823
7 0.678431
8 0.678431
9 0.63779
10 0.706595
11 0.662745
12 0.662745
13 1
14 0.915152
15 0.537968
16 0.419608
17 0.88808
18 0.0883692
19 0.357752
20 0.0843672
21 0.162108
22 0.0125243
23 0.0734282
24 0.0170421
25 0.00813044
26 0.0479108
27 0.0182253
28 0.0110403
29 0.019962
30 0.374791
31 0.438101
32 0.392523
33 0.33244
34 0.211556
35 0.424041
36 0.513576
37 0.440342
38 0.757056
39 0.275444
40 0.0811979
41 0.15963
42 0.146577
43 0.153746
44 0.01845
45 0.00629974
0 0.761491
1 0.375748
2 0.494118
3 0.140463
4 0.0196078
5 0.0196078
6 0.664884
7 0.308378
8 0.583601
9 0.529412
10 0.529412
11 0.572193
12 0.816043
13 0.589661
14 0.486275
15 0.486275
16 0.728699
17 0.85674
18 0.157687
19 0.439428
20 0.195333
21 0.553319
22 0.00824209
23 0.0606747
24 0.0154901
25 0.00952272
26 0.0702436
27 0.0428575
28 0.0235629
29 0.0189613
30 0.544459
31 0.525784
32 0.593525
33 0.427658
34 0.299114
35 0.480961
36 0.524428
37 0.431019
38 0.876791
39 0.219115
40 0.147774
41 0.144494
42 0.163666
43 0.235664
44 0.00916418
45 0.00199347
0 0.75374
1 0.370274
2 0.454545
3 0
4 0
5 0.63975
6 0.698039
7 0.610695
8 0.529412
9 0.529412
10 0.614973
11 0.693405
12 0.662745
13 0.97754
14 0.964706
15 0.979679
16 0.996078
17 0.896264
18 0.0949647
19 0.187489
20 0.17412
21 0.345277
22 0.00241952
23 0.088901
24 0.00658218
25 0.00216695
26 0.0172108
27 0.0349646
28 0.0154003
29 0.0407731
30 0.469474
31 0.586919
32 0.560054
33 0.337858
34 0.217181
35 0.380343
36 0.649089
37 0.568758
38 0.889122
39 0.105384
40 0.139057
41 0.159866
42 0.114383
43 0.0685032
44 0.00582069
45 0.00114705
0 0.938259
1 0.363637
2 0.0869875
3 0.304456
4 0.998039
5 0.636363
6 0.452763
7 0
8 0.521925
9 0.826738
10 1
11 0.700535
12 0.783957
13 0.272371
14 0.998217
15 0.999644
16 0.996078
17 0.923797
18 0.0512279
19 0.19546
20 0.273791
21 0.218199
22 0.00161102
23 0.0575639
24 0.0145926
25 0.00632746
26 0.0472064
27 0.0507178
28 0.00558991
29 0.0328943
30 0.278738
31 0.675678
32 0.47228
33 0.39407
34 0.371585
35 0.322014
36 0.636124
37 0.508435
38 0.863752
39 0.315025
40 0.102255
41 0.180956
42 0.222452
43 0.0345652
44 0.00410911
45 0.00139122
0 0.161097
1 0.355759
2 0.0909091
3 1
4 0.947059
5 0.0313725
6 0.686453
7 0
8 0.909091
9 1
10 0.698396
11 0.529412
12 0.908021
13 0.272727
14 1
15 0.957576
16 0.965419
17 0.840232
18 0.107004
19 0.433109
20 0.185253
21 0.480132
22 0.010777
23 0.0795848
24 0.0167299
25 0.0183403
26 0.0795006
27 0.0360403
28 0.0166039
29 0.0282595
30 0.395476
31 0.6014
32 0.386447
33 0.304664
34 0.302059
35 0.347893
36 0.526259
37 0.371691
38 0.833442
39 0.169802
40 0.0863253
41 0.0731707
42 0.128005
43 0.170661
44 0.0113325
45 0.00425
0 0.617653
1 0.349872
2 0.298039
3 0.298039
4 0.298039
5 0.298039
6 0.298039
7 0.529412
8 0.529412
9 0.529412
10 0.529412
11 0.529412
12 0.529412
13 0.992157
14 0.992157
15 0.992157
16 0.992157
17 0.77552
18 0.0785342
19 0.541956
20 0.2733
21 0.311502
22 0.0165013
23 0.095503
24 0.0317632
25 0.0308858
26 0.137391
27 0.0192502
28 0.023737
29 0.0322378
30 0.465044
31 0.502318
32 0.387201
33 0.313138
34 0.223442
35 0.36334
36 0.589715
37 0.401198
38 0.836824
39 0.240624
40 0.0626008
41 0.142459
42 0.172687
43 0.2725
44 0.0149918
45 0.00455127
0 0.726754
1 0.343999
2 0.52549
3 0.429947
4 0
5 0
6 0.0998217
7 0.678431
8 0.678431
9 0.267736
10 0.529412
11 0.529412
12 0.565775
13 1
14 0.62852
15 0.956863
16 0.861319
17 0.923798
18 0.103784
19 0.581246
20 0.112629
21 0.0877065
22 0.0401511
23 0.254289
24 0.0524524
25 0.0340143
26 0.105378
27 0.0815647
28 0.093408
29 0.189476
30 0.33633
31 0.377099
32 0.32301
33 0.289991
34 0.265653
35 0.32793
36 0.545653
37 0.366195
38 0.85109
39 0.296511
40 0.0844651
41 0.234291
42 0.109278
43 0.0927163
44 0.0572229
45 0.0149924
0 0.388528
1 0.337283
2 0
3 0
4 0
5 0
6 0.170232
7 0
8 0
9 0.144385
10 0.529412
11 0.577897
12 0.662745
13 0
14 0.180392
15 0.992157
16 0.232799
17 0.91856
18 0.165168
19 0.514667
20 0.190803
21 0.449946
22 0.0116319
23 0.0502636
24 0.0201623
25 0.0264899
26 0.158021
27 0.107363
28 0.0520277
29 0.0490853
30 0.517825
31 0.630841
32 0.638181
33 0.534662
34 0.506693
35 0.424381
36 0.553719
37 0.430835
38 0.916567
39 0.324395
40 0.326351
41 0.206612
42 0.15839
43 0.124315
44 0.0221126
45 0.0031003
0 0.308282
1 0.331309
2 0.027451
3 0.027451
4 0.0235294
5 0.658111
6 0.8
7 0.662745
8 0.662745
9 0.662745
10 0.553654
11 0.662745
12 0.662745
13 0.32549
14 0.32549
15 0.923708
16 0.992157
17 0.86333
18 0.0695363
19 0.458385
20 0.118074
21 0.384975
22 0.0329158
23 0.0779285
24 0.0236678
25 0.0321853
26 0.0973983
27 0.0400888
28 0.0303094
29 0.0489865
30 0.371919
31 0.558183
32 0.323302
33 0.326848
34 0.326454
35 0.454581
36 0.57331
37 0.388465
38 0.849269
39 0.212741
40 0.0828787
41 0.199424
42 0.144329
43 0.182411
44 0.0557397
45 0.0116919
0 0.599092
1 0.323515
2 0.0862745
3 0.0590018
4 0.0196078
5 0.0196078
6 0.198752
7 0.662745
8 0.650624
9 0.529412
10 0.529412
11 0.529412
12 0.565775
13 0.184314
14 0.68057
15 0.866667
16 0.872371
17 0.913552
18 0.115353
19 0.471123
20 0.108171
21 0.117746
22 0.0229273
23 0.236608
24 0.0409856
25 0.0310121
26 0.0815098
27 0.0993208
28 0.0898097
29 0.171494
30 0.370809
31 0.465891
32 0.394668
33 0.281895
34 0.256382
35 0.328494
36 0.489064
37 0.387808
38 0.784333
39 0.222953
40 0.154611
41 0.145372
42 0.102169
43 0.0769874
44 0.0487194
45 0.0173471
0 0.431415
1 0.317502
2 0
3 0
4 0.194652
5 0.203922
6 0.293048
7 0
8 0
9 0.28877
10 0.529412
11 0.529412
12 0.458823
13 0
14 0.106952
15 0.294118
16 0.33262
17 0.804758
18 0.0839515
19 0.463601
20 0.330836
21 0.506061
22 0.0119773
23 0.0819483
24 0.0382541
25 0.039207
26 0.142859
27 0.0562574
28 0.0427555
29 0.0523873
30 0.404927
31 0.550134
32 0.463982
33 0.315209
34 0.358795
35 0.413729
36 0.533705
37 0.389618
38 0.898092
39 0.188557
40 0.121294
41 0.120436
42 0.168873
43 0.216041
44 0.0182074
45 0.0030966
0 0.904848
1 0.31095
2 0.223529
3 0.223529
4 0.223529
5 0.223529
6 0.223529
7 0.529412
8 0.529412
9 0.529412
10 0.529412
11 0.529412
12 0.529412
13 1
14 1
15 1
16 1
17 0.899706
18 0.0745621
19 0.632672
20 0.105972
21 0.069398
22 0.0605139
23 0.300627
24 0.0645073
25 0.0570096
26 0.147684
27 0.061439
28 0.109168
29 0.11616
30 0.353105
31 0.388361
32 0.297459
33 0.228905
34 0.260209
35 0.303502
36 0.449467
37 0.32857
38 0.778582
39 0.238292
40 0.0689999
41 0.139467
42 0.0798504
43 0.0750807
44 0.0967507
45 0.0338479
0 0.469516
1 0.303273
2 0
3 0
4 0.000534761
5 0.0117647
6 0.0117647
7 0
8 0
9 0
10 0.240642
11 0.529412
12 0.529412
13 0
14 0
15 0.616399
16 0.968627
17 0.941568
18 0.103438
19 0.497547
20 0.197736
21 0.154996
22 0.0287404
23 0.235794
24 0.0805424
25 0.0599013
26 0.208435
27 0.18677
28 0.151716
29 0.246906
30 0.329507
31 0.456695
32 0.452168
33 0.320076
34 0.378294
35 0.342053
36 0.565844
37 0.399527
38 0.896016
39 0.370303
40 0.178053
41 0.250691
42 0.112113
43 0.0796878
44 0.0418137
45 0.00853717
0 0.0594514
1 0.296522
2 0
3 0
4 0.0459893
5 0.168627
6 0.359358
7 0
8 0
9 0.28877
10 0.626382
11 0.662745
12 0.622103
13 0
14 0.357932
15 0.7918
16 0.690553
17 0.935851
18 0.136358
19 0.371074
20 0.163227
21 0.335821
22 0.0302446
23 0.177849
24 0.0793244
25 0.0670759
26 0.189999
27 0.214239
28 0.137487
29 0.278838
30 0.344297
31 0.550635
32 0.449753
33 0.337112
34 0.404861
35 0.426239
36 0.593736
37 0.456011
38 0.85407
39 0.337311
40 0.32188
41 0.268506
42 0.178847
43 0.166519
44 0.052643
45 0.017121
0 0.216319
1 0.289486
2 0
3 0.0449198
4 0.0930481
5 0.199644
6 0.384314
7 0
8 0.192513
9 0.602139
10 0.662745
11 0.485561
12 0.384314
13 0
14 0.627451
15 0.501961
16 0.384314
17 0.938607
18 0.208373
19 0.364747
20 0.136111
21 0.42784
22 0.0314764
23 0.136292
24 0.0552682
25 0.0698896
26 0.159711
27 0.206387
28 0.134852
29 0.247231
30 0.421176
31 0.605153
32 0.509163
33 0.346027
34 0.42714
35 0.473838
36 0.55155
37 0.517967
38 0.816989
39 0.348956
40 0.399758
41 0.209945
42 0.187394
43 0.204037
44 0.0512791
45 0.0236864
0 0.046492
1 0.283476
2 0
3 0.0299465
4 0.164706
5 0.382888
6 0.431372
7 0
8 0.336898
9 0.638503
10 0.620677
11 0.431373
12 0.431372
13 0.0884135
14 0.476292
15 0.230303
16 0.431373
17 0.939324
18 0.215438
19 0.426822
20 0.140158
21 0.320142
22 0.0117793
23 0.123766
24 0.0298879
25 0.0405287
26 0.083051
27 0.170634
28 0.107528
29 0.168846
30 0.455434
31 0.686972
32 0.572976
33 0.273278
34 0.391809
35 0.406291
36 0.539775
37 0.566036
38 0.877872
39 0.344002
40 0.288109
41 0.153516
42 0.190889
43 0.0894434
44 0.0289732
45 0.0144694
0 0.0331808
1 0.276366
2 0
3 0.178788
4 0.556863
5 0.556863
6 0.556863
7 0
8 0.0602496
9 0.576114
10 0.556863
11 0.556863
12 0.556863
13 0
14 0.354367
15 0.556863
16 0.556863
17 0.876595
18 0.154885
19 0.455248
20 0.239603
21 0.397194
22 0.00572744
23 0.0638467
24 0.0188037
25 0.0404361
26 0.0839791
27 0.0583538
28 0.0336394
29 0.0607468
30 0.470535
31 0.737159
32 0.566104
33 0.368339
34 0.380201
35 0.350994
36 0.530314
37 0.518295
38 0.848594
39 0.328334
40 0.16016
41 0.11274
42 0.242748
43 0.141528
44 0.0124845
45 0.00587916
0 0.122293
1 0.270121
2 0.482353
3 0.482353
4 0.482353
5 0.482353
6 0.482353
7 0.482353
8 0.482353
9 0.482353
10 0.482353
11 0.482353
12 0.482353
13 0.482353
14 0.482353
15 0.482353
16 0.482353
17 0.785412
18 0.0851162
19 0.419131
20 0.139271
21 0.508182
22 0.0385208
23 0.0731604
24 0.0223036
25 0.0270463
26 0.0782866
27 0.0355861
28 0.0268635
29 0.0496772
30 0.340828
31 0.426976
32 0.280171
33 0.207913
34 0.270886
35 0.430402
36 0.498142
37 0.324943
38 0.8492
39 0.128389
40 0.0769092
41 0.0887558
42 0.103751
43 0.250757
44 0.0389435
45 0.00876999
0 0.946755
1 0.263773
2 0.0352941
3 0.0352941
4 0.0352941
5 0.0352941
6 0.0352941
7 0.529412
8 0.529412
9 0.529412
10 0.529412
11 0.529412
12 0.529412
13 0.992157
14 0.992157
15 0.992157
16 0.992157
17 0.902108
18 0.139185
19 0.403712
20 0.367304
21 0.237784
22 0.00409554
23 0.0831454
24 0.0132299
25 0.0102424
26 0.0597711
27 0.026089
28 0.0203546
29 0.0509432
30 0.634496
31 0.72229
32 0.625649
33 0.521626
34 0.230855
35 0.33085
36 0.612412
37 0.512507
38 0.795827
39 0.304458
40 0.254732
41 0.190076
42 0.256639
43 0.127463
44 0.00701621
45 0.00307361
0 0.517269
1 0.254164
2 0.509804
3 0.509804
4 0.509804
5 0.509804
6 0.509804
7 0.662745
8 0.662745
9 0.662745
10 0.662745
11 0.662745
12 0.662745
13 0.176471
14 0.176471
15 0.176471
16 0.176471
17 0.856057
18 0.0371373
19 0.257345
20 0.218614
21 0.233375
22 0.00683507
23 0.0624381
24 0.0112442
25 0.0103285
26 0.0407251
27 0.0290385
28 0.01536
29 0.0445028
30 0.279782
31 0.627563
32 0.26002
33 0.350699
34 0.299047
35 0.328819
36 0.63811
37 0.340338
38 0.843457
39 0.126017
40 0.0719449
41 0.100665
42 0.149046
43 0.0649459
44 0.0214773
45 0.00501423
0 0.932757
1 0.241535
2 0.0499109
3 0.725847
4 0.53369
5 0.13975
6 0
7 0.0962567
8 0.624242
9 0.657041
10 0.654545
11 0.529412
12 0.529412
13 0.374688
14 0.854545
15 0.812478
16 1
17 0.898111
18 0.251978
19 0.422123
20 0.228494
21 0.656629
22 0.0204432
23 0.0778275
24 0.0106357
25 0.0211135
26 0.0738471
27 0.0508086
28 0.0388368
29 0.0619742
30 0.551173
31 0.58224
32 0.434185
33 0.41868
34 0.35963
35 0.381275
36 0.49944
37 0.307399
38 0.837411
39 0.250381
40 0.168649
41 0.0622946
42 0.122162
43 0.34764
44 0.0148663
45 0.00528934
0 0.1218
1 0.228869
2 0.251337
3 0
4 0.0951872
5 0.731016
6 0.233512
7 0.642781
8 0.535829
9 0.529412
10 0.439572
11 0.789305
12 0.6
13 0.828877
14 1
15 0.62959
16 0.404278
17 0.81192
18 0.127293
19 0.501369
20 0.159139
21 0.16478
22 0.0175358
23 0.12335
24 0.0310345
25 0.039827
26 0.0608452
27 0.0403716
28 0.0603996
29 0.0732889
30 0.488689
31 0.519101
32 0.386124
33 0.243262
34 0.240572
35 0.306609
36 0.39167
37 0.381065
38 0.715449
39 0.221388
40 0.0693748
41 0.0786122
42 0.127648
43 0.119459
44 0.0496361
45 0.0255978
0 0.548376
1 0.217035
2 0.254902
3 0.254902
4 0.254902
5 0.254902
6 0.254902
7 0.254902
8 0.254902
9 0.254902
10 0.254902
11 0.254902
12 0.254902
13 0.254902
14 0.254902
15 0.254902
16 0.254902
17 0.782471
18 0.089757
19 0.436719
20 0.379004
21 0.495387
22 0.00548432
23 0.06015
24 0.0209803
25 0.017914
26 0.0720695
27 0.0383951
28 0.0237586
29 0.0364255
30 0.459165
31 0.567933
32 0.482769
33 0.339296
34 0.298224
35 0.353985
36 0.532936
37 0.407548
38 0.888076
39 0.197836
40 0.085934
41 0.0938398
42 0.159307
43 0.156927
44 0.00912138
45 0.00210259
0 0.811581
1 0.20663
2 0.376471
3 0.376471
4 0.376471
5 0.376471
6 0.376471
7 0.529412
8 0.529412
9 0.529412
10 0.529412
11 0.529412
12 0.529412
13 1
14 1
15 1
16 1
17 0.816793
18 0.163837
19 0.459249
20 0.267261
21 0.398342
22 0.0130142
23 0.0585379
24 0.0133541
25 0.0160537
26 0.0627876
27 0.0161176
28 0.0200422
29 0.0490338
30 0.518434
31 0.563051
32 0.409723
33 0.350162
34 0.223226
35 0.281707
36 0.590735
37 0.449524
38 0.775683
39 0.317524
40 0.0824712
41 0.0794718
42 0.152006
43 0.305924
44 0.0118069
45 0.00568868
0 0.25165
1 0.196373
2 0.57754
3 0.377184
4 0.270945
5 0.2
6 0.337255
7 0.743316
8 0.756506
9 0.25098
10 0.642781
11 0.6
12 0.546524
13 1
14 0.381105
15 0.490909
16 0.309804
17 0.817502
18 0.0961611
19 0.1883
20 0.37427
21 0.530329
22 0.00395915
23 0.0302489
24 0.00753309
25 0.00908325
26 0.0399204
27 0.0367078
28 0.012753
29 0.0729587
30 0.442872
31 0.653535
32 0.389461
33 0.299424
34 0.30744
35 0.30694
36 0.652025
37 0.398309
38 0.793674
39 0.207377
40 0.172255
41 0.060238
42 0.224257
43 0.130626
44 0.0088233
45 0.00278139
0 0.596719
1 0.185106
2 0.00392157
3 0.847237
4 0.767558
5 0.233155
6 0.180214
7 0.529412
8 0.816399
9 0.980392
10 0.703743
11 0.564349
12 0.61426
13 0.998217
14 0.980392
15 0.341889
16 0.371836
17 0.852728
18 0.149321
19 0.458962
20 0.173489
21 0.580843
22 0.0750145
23 0.0869376
24 0.0212841
25 0.0365895
26 0.127082
27 0.0450355
28 0.0398161
29 0.0715406
30 0.402817
31 0.416608
32 0.251878
33 0.207769
34 0.254662
35 0.397811
36 0.488497
37 0.307249
38 0.803055
39 0.2096
40 0.0714293
41 0.0704209
42 0.0982189
43 0.322668
44 0.0397164
45 0.0210968
0 0.194045
1 0.178792
2 0.0235294
3 0.0235294
4 0.0235294
5 0.0235294
6 0.0235294
7 0.529412
8 0.529412
9 0.529412
10 0.529412
11 0.529412
12 0.529412
13 1
14 1
15 1
16 1
17 0.841153
18 0.150497
19 0.465379
20 0.288778
21 0.61357
22 0.0523141
23 0.0962122
24 0.0448765
25 0.0509115
26 0.181555
27 0.0790473
28 0.0717053
29 0.121353
30 0.501273
31 0.424601
32 0.380553
33 0.222661
34 0.263871
35 0.412328
36 0.493564
37 0.381624
38 0.86842
39 0.282676
40 0.10131
41 0.127425
42 0.132807
43 0.319782
44 0.0301346
45 0.0102108
0 0.208268
1 0.172517
2 0.0745098
3 0.0745098
4 0.0745098
5 0.0745098
6 0.0745098
7 0.529412
8 0.529412
9 0.529412
10 0.529412
11 0.529412
12 0.529412
13 1
14 1
15 1
16 1
17 0.922518
18 0.297091
19 0.300746
20 0.227077
21 0.67585
22 0.00789514
23 0.0663437
24 0.00813812
25 0.0048282
26 0.0442328
27 0.0604002
28 0.0513995
29 0.0896215
30 0.684251
31 0.604575
32 0.658024
33 0.404447
34 0.24086
35 0.409277
36 0.668385
37 0.578328
38 0.916918
39 0.243823
40 0.308608
41 0.169786
42 0.141942
43 0.211443
44 0.0075196
45 0.00245799
0 0.245921
1 0.165779
2 0.215152
3 0.0515151
4 0.507843
5 0.943315
6 0.584314
7 0.346881
8 0.532977
9 0.678431
10 1
11 0.883066
12 0.678431
13 0.464528
14 0.882353
15 1
16 1
17 0.801611
18 0.206854
19 0.373756
20 0.278794
21 0.566988
22 0.00160262
23 0.0233964
24 0.00508424
25 0.0064569
26 0.0241006
27 0.0178629
28 0.0120572
29 0.00966786
30 0.623082
31 0.732876
32 0.633018
33 0.302563
34 0.238941
35 0.335676
36 0.538338
37 0.543634
38 0.888844
39 0.2327
40 0.059003
41 0.052223
42 0.239924
43 0.143961
44 0.00362746
45 0.00225411
0 0.270225
1 0.158773
2 0.72549
3 0.72549
4 0.72549
5 0.72549
6 0.72549
7 0.529412
8 0.529412
9 0.529412
10 0.529412
11 0.529412
12 0.529412
13 0.992157
14 0.992157
15 0.992157
16 0.992157
17 0.814911
18 0.0956461
19 0.32497
20 0.147304
21 0.595326
22 0.0583844
23 0.0487286
24 0.00953985
25 0.0176339
26 0.0645652
27 0.0360815
28 0.0237008
29 0.0586191
30 0.351861
31 0.369363
32 0.249224
33 0.207964
34 0.229306
35 0.438332
36 0.51405
37 0.317883
38 0.836006
39 0.15185
40 0.0663962
41 0.0767468
42 0.0866885
43 0.289139
44 0.0372366
45 0.0118542
0 0.41289
1 0.152456
2 0.0156863
3 0.0156863
4 0.0156863
5 0.0156863
6 0.00142602
7 0.678431
8 0.678431
9 0.678431
10 0.678431
11 0.664884
12 0.529412
13 1
14 1
15 1
16 1
17 0.863718
18 0.193614
19 0.402362
20 0.210106
21 0.606434
22 0.0196768
23 0.0430727
24 0.0258551
25 0.00924018
26 0.0685441
27 0.0418345
28 0.0242402
29 0.0391992
30 0.525837
31 0.434796
32 0.504932
33 0.262126
34 0.216468
35 0.449089
36 0.530614
37 0.423885
38 0.878374
39 0.340744
40 0.159444
41 0.119796
42 0.163149
43 0.215344
44 0.0146857
45 0.00523835
0 0.488497
1 0.145597
2 0.027451
3 0.026025
4 0.0196078
5 0.13779
6 0.937968
7 0.678431
8 0.678431
9 0.678431
10 0.678431
11 0.678431
12 0.853832
13 1
14 0.957219
15 0.921569
16 0.99287
17 0.911077
18 0.146818
19 0.582108
20 0.110767
21 0.121888
22 0.058456
23 0.145655
24 0.0314422
25 0.0354004
26 0.09341
27 0.0727291
28 0.125092
29 0.104459
30 0.445368
31 0.440101
32 0.389925
33 0.217651
34 0.246625
35 0.3235
36 0.452039
37 0.347763
38 0.814919
39 0.286412
40 0.0949151
41 0.100071
42 0.0924317
43 0.0655428
44 0.0637612
45 0.0314723
0 0.0631312
1 0.13887
2 0.00534759
3 0
4 0.0130125
5 0.266667
6 0.266667
7 0.185027
8 0
9 0
10 0.390731
11 0.678431
12 0.678431
13 0.181818
14 0
15 0.595722
16 0.913725
17 0.897734
18 0.0443195
19 0.414109
20 0.253785
21 0.181803
22 0.0244856
23 0.159096
24 0.0611718
25 0.0426771
26 0.138308
27 0.111812
28 0.0687051
29 0.140678
30 0.291716
31 0.488014
32 0.322607
33 0.331684
34 0.306141
35 0.360703
36 0.510103
37 0.278556
38 0.904018
39 0.175126
40 0.118156
41 0.247018
42 0.102174
43 0.0665658
44 0.044111
45 0.00867168
0 0.714549
1 0.132542
2 0
3 0.158824
4 0.142068
5 0.109804
6 0.0848485
7 0
8 0.308734
9 0.635651
10 0.529412
11 0.529412
12 0.529412
13 0.00106952
14 0.669162
15 1
16 0.997861
17 0.836124
18 0.165939
19 0.433016
20 0.290789
21 0.605948
22 0.0317406
23 0.0859039
24 0.0402271
25 0.0350692
26 0.0984075
27 0.0629111
28 0.0520065
29 0.151434
30 0.401158
31 0.535145
32 0.338493
33 0.291259
34 0.328125
35 0.401929
36 0.512712
37 0.336143
38 0.869017
39 0.21737
40 0.173141
41 0.0825829
42 0.126826
43 0.34718
44 0.031304
45 0.00837927
0 0.766843
1 0.1262
2 0
3 0.00784314
4 0.185561
5 0.138503
6 0.213547
7 0.529412
8 0.529412
9 0.645989
10 0.529412
11 0.498396
12 0.6
13 1
14 0.96221
15 0.778966
16 0.190731
17 0.871089
18 0.292097
19 0.354238
20 0.220771
21 0.78309
22 0.0458692
23 0.0583156
24 0.0107633
25 0.0192381
26 0.0862459
27 0.0610475
28 0.0732695
29 0.112308
30 0.621004
31 0.496246
32 0.433878
33 0.282373
34 0.276201
35 0.458224
36 0.594977
37 0.381022
38 0.898263
39 0.228662
40 0.248798
41 0.0865335
42 0.115825
43 0.464846
44 0.0265384
45 0.0091995
0 0.234435
1 0.118102
2 0.00356506
3 0.0124777
4 0.0196078
5 0.705169
6 0.0818181
7 0.529412
8 0.583601
9 0.678431
10 0.727629
11 0.837077
12 0.548663
13 0.990374
14 0.986096
15 0.97041
16 0.845633
17 0.792454
18 0.153752
19 0.350295
20 0.227224
21 0.562713
22 0.010033
23 0.0294529
24 0.0160366
25 0.00851685
26 0.0362816
27 0.0171254
28 0.0187148
29 0.0262712
30 0.562244
31 0.525466
32 0.480637
33 0.213221
34 0.179805
35 0.402855
36 0.506788
37 0.450636
38 0.850972
39 0.223113
40 0.0939435
41 0.0809072
42 0.204689
43 0.176079
44 0.0133736
45 0.00575839
0 0.876872
1 0.109977
2 0.20303
3 0.262745
4 0.359715
5 0.165062
6 0.685027
7 0.63779
8 0.678431
9 0.678431
10 0.657754
11 0.431729
12 0.931907
13 1
14 1
15 0.748663
16 0.913369
17 0.860306
18 0.194168
19 0.306941
20 0.43686
21 0.470277
22 0.000298915
23 0.0284303
24 0.00310432
25 0.00156831
26 0.0124982
27 0.013959
28 0.00602129
29 0.00836228
30 0.687647
31 0.792467
32 0.753932
33 0.424878
34 0.198759
35 0.288311
36 0.62989
37 0.615978
38 0.914614
39 0.285151
40 0.100961
41 0.0611683
42 0.232691
43 0.0631624
44 0.000788447
45 0.000529546
0 0.324723
1 0.100848
2 0.769697
3 0.996078
4 0.996078
5 0.996078
6 0.99697
7 0.385027
8 0.542959
9 0.678431
10 0.678431
11 0.678431
12 0.766132
13 0.818182
14 1
15 1
16 1
17 0.891414
18 0.0409872
19 0.274168
20 0.137262
21 0.125436
22 0.0105213
23 0.104566
24 0.00721029
25 0.00622429
26 0.0204536
27 0.0228425
28 0.0174305
29 0.0429674
30 0.251945
31 0.516349
32 0.208555
33 0.219819
34 0.188075
35 0.255781
36 0.503181
37 0.274044
38 0.849565
39 0.101176
40 0.031421
41 0.0631991
42 0.0751594
43 0.0292506
44 0.0261393
45 0.00969263
0 0.711876
1 0.0940272
2 0
3 0.401783
4 0.631373
5 0.150089
6 0.0431372
7 0
8 0.192513
9 0.529412
10 0.556506
11 0.678431
12 0.678431
13 0
14 0.909091
15 1
16 1
17 0.84581
18 0.0934937
19 0.418131
20 0.467241
21 0.534992
22 0.00419009
23 0.0681382
24 0.0135332
25 0.0105586
26 0.0632591
27 0.0252791
28 0.0147643
29 0.0313779
30 0.502864
31 0.676448
32 0.456203
33 0.424676
34 0.254266
35 0.313587
36 0.576247
37 0.350496
38 0.903603
39 0.202356
40 0.106266
41 0.074434
42 0.135576
43 0.123551
44 0.00440822
45 0.00171867
0 0.636446
1 0.0877186
2 0.435294
3 0.435294
4 0.435294
5 0.435294
6 0.435294
7 0.662745
8 0.662745
9 0.662745
10 0.662745
11 0.662745
12 0.662745
13 0.984314
14 0.984314
15 0.984314
16 0.984314
17 0.846793
18 0.308784
19 0.409861
20 0.192894
21 0.565381
22 0.00152249
23 0.0431933
24 0.00290966
25 0.00238293
26 0.0111
27 0.021504
28 0.0144178
29 0.0186845
30 0.612864
31 0.657319
32 0.564882
33 0.316598
34 0.248251
35 0.248762
36 0.455477
37 0.475004
38 0.886936
39 0.203557
40 0.063094
41 0.0226762
42 0.0730691
43 0.0694461
44 0.00492102
45 0.00254287
0 0.156758
1 0.0810831
2 0.308734
3 0.235651
4 0.954724
5 1
6 0.991978
7 0.404635
8 0.322638
9 0.529412
10 0.529412
11 0.542959
12 0.678431
13 0.788235
14 0.916578
15 1
16 1
17 0.813129
18 0.0623892
19 0.283026
20 0.165149
21 0.335149
22 0.0215112
23 0.0725265
24 0.014668
25 0.00920671
26 0.0400109
27 0.0196021
28 0.0146845
29 0.0314223
30 0.367358
31 0.388801
32 0.289213
33 0.275518
34 0.180253
35 0.401355
36 0.510557
37 0.307588
38 0.856603
39 0.112289
40 0.0489648
41 0.125094
42 0.0682586
43 0.159887
44 0.0259187
45 0.007592
0 0.883319
1 0.0737976
2 0.315865
3 0.0823529
4 0.082353
5 0.105348
6 0.25098
7 0.33262
8 0.707665
9 0.678431
10 0.678431
11 0.624242
12 0.529412
13 0.564349
14 1
15 1
16 1
17 0.822454
18 0.0832306
19 0.46017
20 0.372042
21 0.55896
22 0.0258164
23 0.0878779
24 0.0224148
25 0.0227533
26 0.0929194
27 0.0345574
28 0.0284776
29 0.0632526
30 0.46546
31 0.510094
32 0.33025
33 0.310652
34 0.232908
35 0.372831
36 0.449704
37 0.321876
38 0.869034
39 0.174413
40 0.0606572
41 0.0819978
42 0.0971543
43 0.193211
44 0.017309
45 0.00650274
0 0.589956
1 0.0655486
2 0.219608
3 0.0823529
4 0.290196
5 0.0862745
6 0.0702317
7 0.678431
8 0.624242
9 0.657754
10 0.529412
11 0.529412
12 0.610695
13 1
14 0.976471
15 1
16 0.981462
17 0.817492
18 0.0581035
19 0.337805
20 0.685325
21 0.5007
22 0.00370633
23 0.049949
24 0.010246
25 0.0101558
26 0.112344
27 0.00639626
28 0.00478518
29 0.0186646
30 0.61678
31 0.754097
32 0.396417
33 0.465974
34 0.15819
35 0.343672
36 0.693869
37 0.50698
38 0.89039
39 0.379119
40 0.0570019
41 0.182131
42 0.288296
43 0.320531
44 0.00268383
45 0.00177878
0 0.341681
1 0.0585566
2 1
3 1
4 0.519608
5 0.0392157
6 0.0392157
7 1
8 1
9 1
10 0.678431
11 0.678431
12 0.678431
13 1
14 1
15 1
16 1
17 0.883575
18 0.34963
19 0.268696
20 0.112376
21 0.706529
22 0.00481309
23 0.027116
24 0.00140808
25 0.000950387
26 0.00762361
27 0.0173098
28 0.0111773
29 0.0471882
30 0.590452
31 0.597846
32 0.424528
33 0.334421
34 0.223885
35 0.284395
36 0.565803
37 0.458318
38 0.874076
39 0.190196
40 0.124259
41 0.0221546
42 0.0701407
43 0.120418
44 0.0091721
45 0.00366142
0 0.339989
1 0.0491228
2 0
3 0
4 0.8123
5 0.85098
6 0.85098
7 0.529412
8 0.529412
9 0.704813
10 0.85098
11 0.85098
12 0.85098
13 1
14 0.945811
15 0.85098
16 0.85098
17 0.738697
18 0.0580093
19 0.390031
20 0.427829
21 0.369494
22 0.00607693
23 0.0673705
24 0.013089
25 0.0146787
26 0.0534922
27 0.00758248
28 0.0101991
29 0.0139177
30 0.553794
31 0.629121
32 0.368739
33 0.275366
34 0.13432
35 0.298848
36 0.507496
37 0.387399
38 0.866361
39 0.1346
40 0.0220943
41 0.0782938
42 0.128239
43 0.166217
44 0.00572379
45 0.00359527
0 0.772677
1 0.0425606
2 0.893048
3 0.586809
4 0.521569
5 0.104456
6 0.0117647
7 0.678431
8 0.671301
9 0.529412
10 0.529412
11 0.529412
12 0.529412
13 1
14 1
15 1
16 1
17 0.819709
18 0.101246
19 0.455165
20 0.243463
21 0.544285
22 0.0625174
23 0.0950912
24 0.018306
25 0.0261761
26 0.103059
27 0.0360949
28 0.0363909
29 0.100632
30 0.388396
31 0.377436
32 0.208266
33 0.284528
34 0.237713
35 0.37449
36 0.46309
37 0.286895
38 0.828657
39 0.234977
40 0.0406052
41 0.0694718
42 0.077535
43 0.260231
44 0.0451556
45 0.0198797
0 0.118585
1 0.0341783
2 0.164884
3 0
4 0
5 0
6 0
7 0.582888
8 0.529412
9 0.529412
10 0.529412
11 0.529412
12 0.529412
13 0.950089
14 1
15 1
16 1
17 0.798271
18 0.106434
19 0.455633
20 0.28661
21 0.574737
22 0.0723118
23 0.101674
24 0.0458709
25 0.0396742
26 0.138271
27 0.0494337
28 0.0710336
29 0.12432
30 0.47522
31 0.392844
32 0.280051
33 0.219708
34 0.208354
35 0.381885
36 0.462471
37 0.302093
38 0.869905
39 0.202486
40 0.0759472
41 0.0862184
42 0.0801992
43 0.270597
44 0.0465574
45 0.0162229
0 0.553939
1 0.027629
2 0
3 0
4 0
5 0
6 0
7 0.529412
8 0.529412
9 0.529412
10 0.529412
11 0.529412
12 0.529412
13 1
14 1
15 1
16 1
17 0.802626
18 0.150373
19 0.408517
20 0.250052
21 0.423558
22 0.0250341
23 0.0548902
24 0.0513877
25 0.0183171
26 0.0807929
27 0.0314384
28 0.0408343
29 0.0523049
30 0.495721
31 0.409395
32 0.411569
33 0.232295
34 0.232003
35 0.374903
36 0.433496
37 0.341557
38 0.745889
39 0.345164
40 0.133678
41 0.0612916
42 0.145855
43 0.185149
44 0.0375923
45 0.0139828
0 0.69527
1 0.0210438
2 0.0823529
3 0.0823529
4 0.0224599
5 0.0427808
6 0.708556
7 0.529412
8 0.529412
9 0.46738
10 0.301961
11 0.541533
12 0.928699
13 1
14 0.821747
15 0.108734
16 0.991444
17 0.866237
18 0.0787491
19 0.523778
20 0.221802
21 0.0754995
22 0.0211103
23 0.110991
24 0.0582454
25 0.0257645
26 0.077701
27 0.0276478
28 0.0346155
29 0.042381
30 0.423949
31 0.510485
32 0.371595
33 0.303917
34 0.200031
35 0.309169
36 0.413163
37 0.334749
38 0.693684
39 0.3153
40 0.0913986
41 0.138835
42 0.14173
43 0.0513502
44 0.0372177
45 0.0239815
0 0.641056
1 0.0146513
2 0.34902
3 0.286988
4 0.00784314
5 0.00784314
6 0.567558
7 0.25098
8 0.25098
9 0.292692
10 0.301961
11 0.336185
12 0.847415
13 0.14902
14 0.153298
15 0.156863
16 0.765775
17 0.869022
18 0.0552137
19 0.308245
20 0.435047
21 0.378695
22 0.00733356
23 0.113596
24 0.0128721
25 0.01606
26 0.0617329
27 0.0686337
28 0.028136
29 0.138828
30 0.36598
31 0.669557
32 0.309916
33 0.346745
34 0.275894
35 0.301893
36 0.554947
37 0.371388
38 0.8853
39 0.140983
40 0.107035
41 0.0968915
42 0.0855781
43 0.0495171
44 0.0143795
45 0.00492176
0 0.522268
1 0.00841446
2 0.100535
3 0.406061
4 0.807487
5 0.25098
6 0
7 0.288057
8 0.361141
9 0.952941
10 0.753298
11 0.467023
12 0.529412
13 0.450624
14 0.834225
15 0.833512
16 0.964706
17 0.781157
18 0.0526225
19 0.392896
20 0.686068
21 0.493622
22 0.0015608
23 0.0709584
24 0.00789775
25 0.0107988
26 0.0595145
27 0.00619792
28 0.00718923
29 0.0235614
30 0.539279
31 0.823145
32 0.332845
33 0.385923
34 0.156583
35 0.196859
36 0.643226
37 0.453887
38 0.888135
39 0.196562
40 0.0405007
41 0.0496434
42 0.193904
43 0.123149
44 0.00223711
45 0.00188071
end fitness = 4.71362
