brain 22850 fitness=0.712257 numneurons+1=20 maxWeight=8 maxBias=8 redinput=2-5 greeninput=6-8 blueinput=9-11
+0.0000 +0.0000 +0.0000 +0.0000 +0.0000 +0.0000 +0.0000 +0.0000 +0.0000 +0.0000 +0.0000 +0.0000 +0.0000 +0.0000 +0.0000 +0.0000 +0.0000 +0.0000 +0.0000 +0.0000 ;
+0.0000 +0.0000 +0.0000 +0.0000 +0.0000 +0.0000 +0.0000 +0.0000 +0.0000 +0.0000 +0.0000 +0.0000 +0.0000 +0.0000 +0.0000 +0.0000 +0.0000 +0.0000 +0.0000 +0.0000 ;
+0.0000 +0.0000 +0.0000 +0.0000 +0.0000 +0.0000 +0.0000 +0.0000 +0.0000 +0.0000 +0.0000 +0.0000 +0.0000 +0.0000 +0.0000 +0.0000 +0.0000 +0.0000 +0.0000 +0.0000 ;
+0.0000 +0.0000 +0.0000 +0.0000 +0.0000 +0.0000 +0.0000 +0.0000 +0.0000 +0.0000 +0.0000 +0.0000 +0.0000 +0.0000 +0.0000 +0.0000 +0.0000 +0.0000 +0.0000 +0.0000 ;
+0.0000 +0.0000 +0.0000 +0.0000 +0.0000 +0.0000 +0.0000 +0.0000 +0.0000 +0.0000 +0.0000 +0.0000 +0.0000 +0.0000 +0.0000 +0.0000 +0.0000 +0.0000 +0.0000 +0.0000 ;
+0.0000 +0.0000 +0.0000 +0.0000 +0.0000 +0.0000 +0.0000 +0.0000 +0.0000 +0.0000 +0.0000 +0.0000 +0.0000 +0.0000 +0.0000 +0.0000 +0.0000 +0.0000 +0.0000 +0.0000 ;
+0.0000 +0.0000 +0.0000 +0.0000 +0.0000 +0.0000 +0.0000 +0.0000 +0.0000 +0.0000 +0.0000 +0.0000 +0.0000 +0.0000 +0.0000 +0.0000 +0.0000 +0.0000 +0.0000 +0.0000 ;
+0.0000 +0.0000 +0.0000 +0.0000 +0.0000 +0.0000 +0.0000 +0.0000 +0.0000 +0.0000 +0.0000 +0.0000 +0.0000 +0.0000 +0.0000 +0.0000 +0.0000 +0.0000 +0.0000 +0.0000 ;
+0.0000 +0.0000 +0.0000 +0.0000 +0.0000 +0.0000 +0.0000 +0.0000 +0.0000 +0.0000 +0.0000 +0.0000 +0.0000 +0.0000 +0.0000 +0.0000 +0.0000 +0.0000 +0.0000 +0.0000 ;
+0.0000 +0.0000 +0.0000 +0.0000 +0.0000 +0.0000 +0.0000 +0.0000 +0.0000 +0.0000 +0.0000 +0.0000 +0.0000 +0.0000 +0.0000 +0.0000 +0.0000 +0.0000 +0.0000 +0.0000 ;
+0.0000 +0.0000 +0.0000 +0.0000 +0.0000 +0.0000 +0.0000 +0.0000 +0.0000 +0.0000 +0.0000 +0.0000 +0.0000 +0.0000 +0.0000 +0.0000 +0.0000 +0.0000 +0.0000 +0.0000 ;
+0.0000 +0.0000 +0.0000 +0.0000 +0.0000 +0.0000 +0.0000 +0.0000 +0.0000 +0.0000 +0.0000 +0.0000 +0.0000 +0.0000 +0.0000 +0.0000 +0.0000 +0.0000 +0.0000 +0.0000 ;
+0.0000 +0.0316 +0.1740 -0.1096 +0.0304 -0.0420 +0.1457 +0.2254 -0.1825 +0.0000 +0.0000 +0.0000 +0.0000 -0.1436 +0.0000 +0.0511 -0.1675 -0.0936 -0.0820 +0.4667 ;
-0.0032 +0.1706 -0.1587 -0.0410 -0.0128 +0.0000 -0.0466 +0.0000 +0.0000 +0.0226 +0.1092 +0.2292 +0.0000 +0.0000 -0.1218 +0.0000 -0.0621 +0.0000 -0.0354 +0.3333 ;
-0.1747 +0.0000 -0.1441 +0.0000 +0.0000 +0.2457 -0.0845 +0.0000 +0.0000 +0.0352 -0.0165 +0.0000 +0.0000 -0.0000 +0.0000 -0.1300 +0.1719 +0.0219 +0.0000 -0.3490 ;
-0.0031 -0.2486 -0.2106 +0.0000 -0.1359 -0.2104 +0.0015 -0.2434 +0.0000 +0.2241 +0.0000 +0.0000 -0.0930 -0.0173 +0.1071 +0.0000 -0.2195 +0.0000 +0.0000 +0.1765 ;
+0.0000 -0.0514 -0.0367 +0.0675 -0.1818 +0.0000 +0.1200 +0.1050 +0.0008 +0.1032 +0.0000 +0.0000 +0.1602 +0.1062 +0.0273 -0.2075 +0.0000 -0.0278 -0.2357 +0.0588 ;
-0.1451 +0.1054 +0.1482 +0.1985 +0.1986 -0.1722 -0.0124 +0.0000 +0.0000 +0.0000 +0.0000 -0.1160 +0.0000 +0.0000 +0.1439 -0.2124 +0.1661 +0.0000 +0.2329 -0.6929 ;
-0.0641 -0.0157 -0.0519 -0.1067 +0.1240 +0.0000 +0.1552 +0.0000 +0.0000 +0.0000 +0.0000 +0.0000 +0.0461 +0.1997 +0.0000 -0.1972 +0.1422 +0.0000 +0.0000 +0.6288 ;
+0.0000 +0.0000 +0.0000 +0.0000 +0.0000 +0.0000 +0.0000 +0.0000 +0.0000 +0.0000 +0.0000 +0.0000 +0.0000 +0.0000 +0.0000 +0.0000 +0.0000 +0.0000 +0.0000 +0.0000 ;
