brainFunction 22863 72 34 1791 24773 2-13 14-29 30-33
0 0.932618
1 0.186503
2 0.205704
3 0.548663
4 0.559002
5 0.501248
6 0.436007
7 0.260606
8 0.497326
9 0.153654
10 0.635651
11 0.910874
12 0.382888
13 0.538324
14 0.802139
15 0.730838
16 0.300178
17 0.161854
18 0.269162
19 0.744742
20 0.74795
21 0.814973
22 0.644207
23 0.478075
24 0.472727
25 0.41426
26 0.189661
27 0.605348
28 0.61533
29 0.567558
30 0.527273
31 0.697683
32 0.660606
33 0.716934
34 0.916042
35 0.998642
36 0.772378
37 0.999965
38 0.179758
39 0.999996
40 2.89476e-05
41 0.0213803
42 0.431462
43 0.000735743
44 0.031018
45 0.0288236
46 0.0493589
47 0.0171803
48 0.0214788
49 0.00265721
50 0.000991068
51 0.012782
52 0.00109309
53 0.000825548
54 0.101203
55 0.000944673
56 0.000352705
57 0.00171081
58 0.00820816
59 0.000463084
60 0.000603713
61 0.00767868
62 0.000361427
63 0.00054656
64 0.953119
65 0.994241
66 0.793782
67 0.991216
68 0.803112
69 0.906291
70 0.21683
71 0.531844
0 0.76347
1 0.31869
2 0.968627
3 0.968627
4 0.968627
5 0.968628
6 0.968628
7 0.968627
8 0.968628
9 0.968627
10 0.968627
11 0.968628
12 0.968628
13 0.968627
14 0.968627
15 0.968627
16 0.968627
17 0.968627
18 0.968627
19 0.968627
20 0.968627
21 0.968627
22 0.968627
23 0.968627
24 0.968627
25 0.968627
26 0.968627
27 0.968627
28 0.968627
29 0.968627
30 0.968627
31 0.968627
32 0.968627
33 0.968627
34 0.877758
35 0.997095
36 0.771175
37 0.999972
38 0.180318
39 0.999996
40 7.39912e-05
41 0.0360086
42 0.407155
43 0.00187603
44 0.082797
45 0.0806776
46 0.173137
47 0.0674529
48 0.0553011
49 0.00847502
50 0.00160691
51 0.0186808
52 0.00149043
53 0.00207144
54 0.096826
55 0.00134123
56 0.00037829
57 0.00341497
58 0.0131185
59 0.0014376
60 0.00169429
61 0.0158104
62 0.00113595
63 0.00097344
64 0.944951
65 0.995132
66 0.802636
67 0.990992
68 0.599156
69 0.866519
70 0.344495
71 0.628309
0 0.363579
1 0.308351
2 0.956863
3 0.956863
4 0.956863
5 0.956863
6 0.956863
7 0.956863
8 0.956863
9 0.956863
10 0.956863
11 0.968271
12 0.972549
13 0.972548
14 0.956863
15 0.956863
16 0.956863
17 0.956863
18 0.956863
19 0.956863
20 0.956863
21 0.956863
22 0.956863
23 0.956863
24 0.956863
25 0.956863
26 0.505169
27 0.247059
28 0.247059
29 0.247059
30 0.956863
31 0.956863
32 0.956863
33 0.978253
34 0.850519
35 0.996124
36 0.557375
37 0.980709
38 0.0284044
39 0.996912
40 0.0142075
41 0.406609
42 0.357956
43 0.115831
44 0.422462
45 0.41249
46 0.294025
47 0.454952
48 0.244602
49 0.108831
50 0.0409204
51 0.284722
52 0.0794833
53 0.0592459
54 0.729438
55 0.0423459
56 0.0516976
57 0.0212098
58 0.148923
59 0.0456761
60 0.118714
61 0.140202
62 0.0412193
63 0.0139559
64 0.674011
65 0.857876
66 0.541894
67 0.637191
68 0.403629
69 0.801388
70 0.195005
71 0.211728
0 0.934604
1 0.297891
2 0.184314
3 0.184314
4 0.184314
5 0.184314
6 0.184314
7 0.184314
8 0.333333
9 0.333333
10 0.333333
11 0.344029
12 0.392157
13 0.490552
14 0.121569
15 0.121569
16 0.121569
17 0.121569
18 0.121569
19 0.121569
20 0.121569
21 0.121569
22 0.145098
23 0.145098
24 0.145098
25 0.145098
26 0.145098
27 0.145098
28 0.145098
29 0.455971
30 0.807843
31 0.807843
32 0.65098
33 0.61533
34 0.813412
35 0.997327
36 0.562642
37 0.966297
38 0.0209621
39 0.992869
40 0.00642419
41 0.192003
42 0.28884
43 0.0483115
44 0.0854547
45 0.165144
46 0.142385
47 0.284036
48 0.113479
49 0.114578
50 0.0686989
51 0.369378
52 0.114292
53 0.0478347
54 0.754845
55 0.0469851
56 0.0626754
57 0.0503078
58 0.322636
59 0.0995915
60 0.120876
61 0.154818
62 0.157157
63 0.146297
64 0.80971
65 0.91374
66 0.264907
67 0.832042
68 0.547445
69 0.739019
70 0.374043
71 0.310104
0 0.483622
1 0.28804
2 0.631373
3 0.413191
4 0.100891
5 0.321925
6 0.0727273
7 0
8 0.167558
9 0.368627
10 0.368627
11 0.337968
12 0.0727272
13 0
14 0.631373
15 0.631373
16 0.294474
17 0.0912656
18 0.25098
19 0.45918
20 0
21 0
22 0.0673797
23 0.247059
24 0.247059
25 0.247059
26 0.247059
27 0.458824
28 0
29 0
30 0.538324
31 0.0770053
32 0.811765
33 0.306952
34 0.865017
35 0.99905
36 0.430905
37 0.991521
38 0.0244013
39 0.997878
40 0.00122306
41 0.0805348
42 0.0546533
43 0.0227224
44 0.0561316
45 0.0548597
46 0.0541154
47 0.0882494
48 0.057801
49 0.0222424
50 0.00857393
51 0.227199
52 0.0615473
53 0.0205517
54 0.702954
55 0.0296712
56 0.027125
57 0.00901478
58 0.0933814
59 0.00871741
60 0.0441823
61 0.0675366
62 0.0160114
63 0.00503236
64 0.862075
65 0.9142
66 0.589588
67 0.840712
68 0.498512
69 0.71774
70 0.133208
71 0.0649988
0 0.76432
1 0.278164
2 0.054902
3 0.054902
4 0.054902
5 0.054902
6 0.0381462
7 0.2
8 0.2
9 0.2
10 0.2
11 0.259893
12 0.502317
13 0.231372
14 0.247059
15 0.247059
16 0.247059
17 0.247059
18 0.247059
19 0.202139
20 0.272727
21 0.6
22 0.6
23 0.6
24 0.6
25 0.6
26 0.6
27 0.279144
28 0.247059
29 0.247059
30 1
31 0.527273
32 0.2
33 0.781818
34 0.846536
35 0.998313
36 0.74584
37 0.999959
38 0.0937107
39 0.999996
40 1.6037e-05
41 0.0183567
42 0.347949
43 0.000365951
44 0.0211385
45 0.0226411
46 0.0376409
47 0.0140851
48 0.0189421
49 0.00192472
50 0.000707211
51 0.0115418
52 0.000666088
53 0.000368185
54 0.0842058
55 0.000754177
56 0.000222908
57 0.00137257
58 0.00679086
59 0.000271271
60 0.000404232
61 0.00435145
62 0.000288657
63 0.000317657
64 0.958205
65 0.994168
66 0.732946
67 0.993149
68 0.774464
69 0.890433
70 0.171627
71 0.484502
0 0.876943
1 0.268877
2 0.996078
3 0.996078
4 0.996078
5 0.996078
6 0.996078
7 0.996078
8 0.996079
9 0.996078
10 0.996078
11 0.996079
12 0.996079
13 0.996078
14 0.996078
15 0.996078
16 0.996078
17 0.996078
18 0.996078
19 0.996078
20 0.996078
21 0.996078
22 0.996078
23 0.996078
24 0.996078
25 0.996078
26 0.996078
27 0.996078
28 0.996078
29 0.996078
30 0.996078
31 0.996078
32 0.996078
33 0.996078
34 0.924544
35 0.998164
36 0.603417
37 0.932981
38 0.0217893
39 0.988217
40 0.0100068
41 0.27813
42 0.214574
43 0.0825562
44 0.287241
45 0.502481
46 0.154178
47 0.20877
48 0.182012
49 0.0643447
50 0.0573758
51 0.194109
52 0.0704857
53 0.0868406
54 0.623171
55 0.0356682
56 0.0519367
57 0.0346269
58 0.0825769
59 0.0366801
60 0.0539178
61 0.126109
62 0.0252191
63 0.0256082
64 0.600576
65 0.861904
66 0.608609
67 0.664029
68 0.651447
69 0.806251
70 0.345943
71 0.185021
0 0.879578
1 0.258255
2 0
3 0
4 0.059893
5 0.219608
6 0.219608
7 0.208913
8 0.109091
9 0
10 0.231016
11 0.233868
12 0.00392157
13 0.00392157
14 0.254902
15 0.254902
16 0.0463458
17 0.00713012
18 0.0196078
19 0.0196078
20 0.0196078
21 0.441711
22 0.436364
23 0
24 0
25 0.308021
26 0.672371
27 0.572549
28 0.572549
29 0.572549
30 0.0224599
31 0.238503
32 0.113369
33 0.954011
34 0.8826
35 0.999575
36 0.637711
37 0.99915
38 0.0150247
39 0.999789
40 0.000883205
41 0.0690084
42 0.63469
43 0.0211966
44 0.0318058
45 0.156241
46 0.0890539
47 0.105954
48 0.0778314
49 0.00918227
50 0.00246674
51 0.132085
52 0.0205983
53 0.0113624
54 0.494498
55 0.0662071
56 0.0210246
57 0.00520643
58 0.038978
59 0.00342574
60 0.00351624
61 0.0189079
62 0.00176667
63 0.00142628
64 0.931324
65 0.850706
66 0.626839
67 0.949605
68 0.683784
69 0.863461
70 0.243693
71 0.128185
0 0.730337
1 0.250492
2 0
3 0.360784
4 0.180392
5 0
6 0
7 0.203209
8 0.984314
9 0.984314
10 0.984314
11 0.995722
12 1
13 0.999999
14 0
15 0
16 0.726203
17 0.0509804
18 0.0509804
19 0.0509804
20 0.0509804
21 0.193583
22 0.984314
23 0.984314
24 0.984314
25 0.984314
26 0.994296
27 1
28 1
29 1
30 0.633868
31 0.87344
32 0.984314
33 0.998574
34 0.889467
35 0.997725
36 0.692367
37 0.998311
38 0.0891552
39 0.999873
40 0.00326954
41 0.0820353
42 0.11434
43 0.0137694
44 0.173209
45 0.0954001
46 0.139802
47 0.19694
48 0.053113
49 0.122472
50 0.0389205
51 0.0506973
52 0.00924878
53 0.0102608
54 0.48409
55 0.00552063
56 0.00355905
57 0.0153009
58 0.0584582
59 0.0482128
60 0.0887395
61 0.0668749
62 0.0612318
63 0.026526
64 0.849951
65 0.983691
66 0.610301
67 0.961476
68 0.715376
69 0.805431
70 0.134703
71 0.130811
0 0.408681
1 0.241775
2 0.811765
3 0.811765
4 0.811765
5 0.840285
6 0.968628
7 0.440285
8 0.2
9 0.2
10 0.145455
11 0
12 0
13 0
14 0.552941
15 0.552941
16 0.552941
17 0.552941
18 0.552941
19 0.930838
20 0.968627
21 0.264171
22 0.6
23 0.6
24 0.6
25 0.381818
26 0
27 0
28 0
29 0
30 0.921569
31 0.779679
32 0.181818
33 0
34 0.930823
35 0.996197
36 0.422101
37 0.925746
38 0.0265074
39 0.990855
40 0.00145645
41 0.096406
42 0.174224
43 0.0344086
44 0.0800236
45 0.0849969
46 0.0494181
47 0.119917
48 0.110155
49 0.0411315
50 0.0450895
51 0.202397
52 0.0911284
53 0.0366538
54 0.674388
55 0.0216378
56 0.0317926
57 0.0187218
58 0.113014
59 0.0271135
60 0.120677
61 0.0722668
62 0.0251235
63 0.0332284
64 0.835335
65 0.879685
66 0.499579
67 0.747493
68 0.730183
69 0.576646
70 0.420814
71 0.206374
0 0.710372
1 0.234015
2 0.2
3 0.2
4 0.2
5 0.163636
6 0
7 0
8 0
9 0
10 0.163636
11 0.2
12 0.2
13 0.2
14 0.6
15 0.6
16 0.6
17 0.6
18 0.6
19 0.0545455
20 0
21 0
22 0
23 0
24 0.0545455
25 0.6
26 0.6
27 0.6
28 0.6
29 0.6
30 0.2
31 0.0545455
32 0.0545455
33 0.2
34 0.813408
35 0.995947
36 0.571064
37 0.975439
38 0.0199524
39 0.994788
40 0.00452678
41 0.197381
42 0.399597
43 0.057402
44 0.114897
45 0.334535
46 0.129588
47 0.251262
48 0.0868223
49 0.0664565
50 0.0271344
51 0.17806
52 0.0462422
53 0.0276851
54 0.361043
55 0.0305604
56 0.0329333
57 0.0501289
58 0.101935
59 0.0296111
60 0.0254965
61 0.057307
62 0.0418378
63 0.0217952
64 0.861584
65 0.892836
66 0.332791
67 0.740994
68 0.515414
69 0.605474
70 0.41481
71 0.313959
0 0.443404
1 0.226521
2 0.2
3 0.2
4 0.0363636
5 0.0363637
6 0.0727273
7 0.224599
8 0.411765
9 0.411765
10 0.411765
11 0.411765
12 0.411765
13 0.411764
14 0.6
15 0.6
16 0.545455
17 0
18 0
19 0.436364
20 0
21 0.193939
22 0.266667
23 0.266667
24 0.266667
25 0.266667
26 0.266667
27 0.266667
28 0.266667
29 0.266667
30 0.145455
31 0.173262
32 0.752941
33 0.752941
34 0.921956
35 0.99845
36 0.475242
37 0.944227
38 0.0254561
39 0.990892
40 0.00211597
41 0.094063
42 0.105265
43 0.0518551
44 0.0468749
45 0.122573
46 0.0784913
47 0.057573
48 0.0746458
49 0.0295113
50 0.0408074
51 0.18408
52 0.07979
53 0.0778554
54 0.688293
55 0.049497
56 0.0489889
57 0.0462297
58 0.0792069
59 0.0382106
60 0.0411183
61 0.11044
62 0.0142776
63 0.02314
64 0.862244
65 0.854223
66 0.486559
67 0.595333
68 0.687494
69 0.690455
70 0.321288
71 0.163884
0 0.458306
1 0.218764
2 0.0117647
3 0.0117647
4 0.0117647
5 0.0117647
6 0.0117647
7 0.0117647
8 0.0117647
9 0.0117647
10 0.0117647
11 0.716221
12 0.483779
13 0.2
14 0.266667
15 0.266667
16 0.266667
17 0.266667
18 0.266667
19 0.266667
20 0.266667
21 0.266667
22 0.266667
23 0.266667
24 0.266667
25 0.266667
26 0.720856
27 0.91123
28 0.6
29 0.6
30 0.0627451
31 0.0627451
32 0.0627451
33 0.471301
34 0.771555
35 0.997407
36 0.424313
37 0.839549
38 0.00803938
39 0.919298
40 0.0196224
41 0.247118
42 0.179924
43 0.125108
44 0.263734
45 0.516068
46 0.126082
47 0.39798
48 0.337434
49 0.136562
50 0.129681
51 0.290982
52 0.111627
53 0.108833
54 0.642296
55 0.113049
56 0.054424
57 0.0822025
58 0.149816
59 0.0833324
60 0.166298
61 0.121136
62 0.104574
63 0.0862861
64 0.620972
65 0.734356
66 0.412109
67 0.532013
68 0.45596
69 0.705943
70 0.304895
71 0.0967202
0 0.791903
1 0.211198
2 0
3 0
4 0
5 0
6 0
7 0
8 0
9 0.00427808
10 0.0117647
11 0.0117647
12 0.0117647
13 0.0117647
14 0
15 0
16 0
17 0
18 0
19 0
20 0
21 0
22 0
23 0
24 0.121925
25 0.14902
26 0.14902
27 0.14902
28 0.14902
29 0.14902
30 0
31 0
32 0.447415
33 0.984314
34 0.767171
35 0.994687
36 0.673974
37 0.883125
38 0.008052
39 0.99006
40 0.00111352
41 0.158
42 0.25814
43 0.0607487
44 0.10021
45 0.186699
46 0.0705111
47 0.154701
48 0.154222
49 0.0893275
50 0.0339854
51 0.295952
52 0.247335
53 0.138036
54 0.855269
55 0.176074
56 0.133677
57 0.0302725
58 0.186618
59 0.0911454
60 0.120899
61 0.100262
62 0.0363297
63 0.0292799
64 0.782594
65 0.758272
66 0.445318
67 0.54233
68 0.728857
69 0.740601
70 0.309983
71 0.0895052
0 0.650513
1 0.203915
2 0.0156863
3 0.00142602
4 0
5 0
6 0
7 0
8 0
9 0.193939
10 0.533333
11 0.533333
12 0.533333
13 0.533333
14 0.14902
15 0.0677362
16 0
17 0
18 0
19 0
20 0
21 0
22 0
23 0
24 0.55508
25 0.678431
26 0.678431
27 0.678431
28 0.678431
29 0.678431
30 0.359358
31 0
32 0.00178253
33 0.00392157
34 0.722
35 0.996996
36 0.242738
37 0.986458
38 0.0234697
39 0.993999
40 0.00784789
41 0.0856144
42 0.164838
43 0.0253866
44 0.0981309
45 0.188592
46 0.0636988
47 0.0837398
48 0.0484514
49 0.0946331
50 0.0213592
51 0.176726
52 0.0505388
53 0.0327827
54 0.459536
55 0.0259062
56 0.0197935
57 0.0460068
58 0.106582
59 0.0308048
60 0.0592355
61 0.083843
62 0.113241
63 0.0334547
64 0.736323
65 0.925599
66 0.358525
67 0.827627
68 0.548072
69 0.474574
70 0.31519
71 0.237313
0 0.352916
1 0.196257
2 0.572192
3 0.191444
4 0.174332
5 0.105882
6 0.310517
7 0.427451
8 0.427451
9 0.0424241
10 0.00392157
11 0.00392157
12 0.00392157
13 0.00392157
14 0.716934
15 0.357576
16 0.6
17 0.406061
18 0.0666667
19 0.132264
20 0.427451
21 0.427451
22 0.427451
23 0.260606
24 0.121569
25 0.121569
26 0.121569
27 0.121569
28 0.121569
29 0.121569
30 0.497683
31 0.589661
32 0.587166
33 0.678431
34 0.857871
35 0.998261
36 0.753039
37 0.999925
38 0.128419
39 0.999993
40 4.10884e-05
41 0.0164197
42 0.311969
43 0.000563279
44 0.0170686
45 0.0234395
46 0.0404097
47 0.0104025
48 0.0146354
49 0.00182445
50 0.000780519
51 0.0144866
52 0.00116216
53 0.000466449
54 0.163245
55 0.00121145
56 0.000297203
57 0.00174663
58 0.00630098
59 0.000376573
60 0.000434898
61 0.00532476
62 0.000482375
63 0.000504598
64 0.955996
65 0.993307
66 0.713075
67 0.991266
68 0.726666
69 0.879335
70 0.185452
71 0.441448
0 0.777177
1 0.187311
2 0.933333
3 0.933333
4 0.933333
5 0.933333
6 0.933333
7 0.933333
8 0.933334
9 0.933333
10 0.933333
11 0.933334
12 0.933334
13 0.933333
14 0.933333
15 0.933333
16 0.933333
17 0.933333
18 0.933333
19 0.933333
20 0.933333
21 0.933333
22 0.933333
23 0.933333
24 0.933333
25 0.933333
26 0.933333
27 0.933333
28 0.933333
29 0.933333
30 0.933333
31 0.933333
32 0.933333
33 0.933333
34 0.758133
35 0.995105
36 0.766252
37 0.969429
38 0.0225909
39 0.997058
40 0.0558505
41 0.641858
42 0.686167
43 0.271171
44 0.718202
45 0.849111
46 0.706902
47 0.757504
48 0.520788
49 0.365269
50 0.176497
51 0.305199
52 0.0649459
53 0.0873341
54 0.7381
55 0.051029
56 0.038519
57 0.0538011
58 0.145232
59 0.0733101
60 0.0966947
61 0.182255
62 0.0750643
63 0.0374802
64 0.460684
65 0.83543
66 0.550758
67 0.69398
68 0.344594
69 0.881044
70 0.323767
71 0.49295
0 0.345259
1 0.175823
2 0.403922
3 0.403922
4 0.403922
5 0.403922
6 0.403922
7 0.403921
8 0.403922
9 0.403922
10 0.403921
11 0.403922
12 0.403922
13 0.403921
14 0.0156863
15 0.0156863
16 0.0156863
17 0.0156863
18 0.0156863
19 0.0156863
20 0.0156863
21 0.0156863
22 0.0156863
23 0.0156863
24 0.0156863
25 0.0156863
26 0.0156863
27 0.0156863
28 0.0156863
29 0.0156863
30 0.866667
31 0.866667
32 0.866667
33 0.866667
34 0.827364
35 0.998899
36 0.515433
37 0.998153
38 0.0317318
39 0.999796
40 0.0101649
41 0.248722
42 0.651055
43 0.0668009
44 0.0854485
45 0.198719
46 0.237996
47 0.328053
48 0.11728
49 0.203033
50 0.00844435
51 0.483842
52 0.276383
53 0.101981
54 0.967391
55 0.243695
56 0.211894
57 0.034099
58 0.421933
59 0.083558
60 0.242
61 0.143243
62 0.161533
63 0.113013
64 0.651527
65 0.89595
66 0.465249
67 0.928968
68 0.613017
69 0.898263
70 0.284737
71 0.207896
0 0.825287
1 0.162298
2 0.533333
3 0.68164
4 0.193583
5 0.026025
6 0.324064
7 0.498039
8 0.498039
9 0.954367
10 0.82246
11 0.34902
12 0.34902
13 0.349019
14 0.0431373
15 0.0431373
16 0.705882
17 0.14902
18 0.14902
19 0.381462
20 0
21 0
22 0
23 0.545455
24 1
25 0.727629
26 0.25098
27 0.25098
28 0.25098
29 0.25098
30 0.986096
31 0.994652
32 0.922638
33 0.14902
34 0.641625
35 0.998095
36 0.379792
37 0.986073
38 0.0130088
39 0.991001
40 0.0152376
41 0.298543
42 0.414252
43 0.0429013
44 0.215276
45 0.583293
46 0.163629
47 0.197961
48 0.190977
49 0.0764527
50 0.0529299
51 0.188602
52 0.0504852
53 0.0640223
54 0.728776
55 0.0479475
56 0.0359907
57 0.0893524
58 0.120963
59 0.0372819
60 0.0586336
61 0.1657
62 0.10241
63 0.0971885
64 0.420153
65 0.875825
66 0.373615
67 0.769788
68 0.408674
69 0.739233
70 0.295112
71 0.250419
0 0.775728
1 0.151398
2 0.34902
3 0.34902
4 0.308378
5 0.0602496
6 0.348307
7 0.529412
8 0.529412
9 0.529412
10 0.529412
11 0.144385
12 0
13 0.0106952
14 0.25098
15 0.25098
16 0.25098
17 0.377897
18 0.218182
19 0.190374
20 0.0588235
21 0.0588235
22 0.0588235
23 0.0588235
24 0.0588235
25 0.0588235
26 0.17861
27 0.247059
28 0.247059
29 0.247059
30 0.153654
31 0.745455
32 1
33 0.997148
34 0.802833
35 0.99889
36 0.386595
37 0.973599
38 0.0177827
39 0.994064
40 0.0222962
41 0.0757211
42 0.263401
43 0.0578648
44 0.0439128
45 0.292454
46 0.130579
47 0.141689
48 0.0988934
49 0.0841403
50 0.0279762
51 0.239159
52 0.0784989
53 0.0415249
54 0.635539
55 0.11117
56 0.0338315
57 0.0440769
58 0.212684
59 0.0625802
60 0.0791327
61 0.158754
62 0.104647
63 0.0441414
64 0.693285
65 0.938602
66 0.429707
67 0.829439
68 0.393676
69 0.805304
70 0.311081
71 0.138573
0 0.19856
1 0.144051
2 0.545098
3 0.545098
4 0.0991087
5 0
6 0.132264
7 0.203565
8 0.134046
9 0.054902
10 0.054902
11 0.0327986
12 0.0980392
13 0.0980391
14 0.247059
15 0.247059
16 0.224599
17 0
18 0
19 0.0377897
20 0.207843
21 0.493048
22 0.552941
23 0.427451
24 0.427451
25 0.427451
26 0.155437
27 0.206774
28 0.227451
29 0.227451
30 0.727273
31 0.111943
32 0.848128
33 0.803209
34 0.794524
35 0.999023
36 0.746486
37 0.999972
38 0.109453
39 0.999985
40 4.20215e-05
41 0.00924814
42 0.153981
43 0.000632311
44 0.0427643
45 0.0432086
46 0.0496726
47 0.0138477
48 0.0365421
49 0.00226002
50 0.000700942
51 0.0114627
52 0.000860085
53 0.00263874
54 0.289847
55 0.00325645
56 0.000172264
57 0.00245344
58 0.00373902
59 0.000311614
60 0.000520705
61 0.00603471
62 0.000339659
63 0.000311322
64 0.946453
65 0.979647
66 0.883352
67 0.9882
68 0.711541
69 0.90492
70 0.138601
71 0.26753
0 0.598457
1 0.136768
2 0
3 0.363636
4 1
5 1
6 1
7 1
8 1
9 1
10 1
11 1
12 1
13 0.999999
14 0.254902
15 0.254902
16 0.864528
17 1
18 1
19 1
20 1
21 1
22 1
23 1
24 1
25 1
26 1
27 1
28 1
29 1
30 0.454545
31 1
32 1
33 1
34 0.874026
35 0.995035
36 0.573459
37 0.979475
38 0.038846
39 0.99877
40 0.00541676
41 0.352207
42 0.750262
43 0.0531694
44 0.129892
45 0.460496
46 0.256927
47 0.321749
48 0.184508
49 0.032422
50 0.0285842
51 0.146637
52 0.0320609
53 0.0117011
54 0.324008
55 0.00783589
56 0.0201856
57 0.0207049
58 0.154692
59 0.0223951
60 0.0214775
61 0.0865337
62 0.0247387
63 0.0203333
64 0.8161
65 0.972339
66 0.341919
67 0.866014
68 0.468283
69 0.754193
70 0.551139
71 0.764227
0 0.510409
1 0.129133
2 1
3 0.719073
4 0.11836
5 0.0770053
6 0
7 0.28877
8 0.529412
9 0.529412
10 0.529412
11 0.529412
12 0.529412
13 0.529411
14 1
15 1
16 0.206061
17 0.266667
18 0.266667
19 0.0242424
20 0
21 0.179679
22 0.247059
23 0.247059
24 0.247059
25 0.247059
26 0.247059
27 0.247059
28 0.247059
29 0.247059
30 0.88877
31 0.343316
32 1
33 1
34 0.817843
35 0.998476
36 0.255379
37 0.996881
38 0.0645472
39 0.996216
40 0.00862327
41 0.0590813
42 0.263291
43 0.0115174
44 0.0366701
45 0.137592
46 0.192293
47 0.0971969
48 0.0786057
49 0.014889
50 0.0251497
51 0.207016
52 0.0136061
53 0.00812646
54 0.683158
55 0.0163858
56 0.0212177
57 0.0255816
58 0.120932
59 0.0260742
60 0.0342912
61 0.0952464
62 0.0658208
63 0.0267099
64 0.843009
65 0.962669
66 0.464376
67 0.737208
68 0.138823
69 0.688318
70 0.268989
71 0.298625
0 0.973595
1 0.12169
2 0.682353
3 0.967558
4 0.734046
5 0.15508
6 0.2
7 0.0909091
8 0.593226
9 0.109804
10 0.0819964
11 0.183958
12 0.976471
13 0.97647
14 0.247059
15 0.655615
16 0.996078
17 0.76934
18 0.517291
19 0.6
20 0.6
21 0.177897
22 0.724421
23 0
24 0
25 0.0185383
26 0.0509804
27 0.00463458
28 0
29 0
30 0.9041
31 0.231729
32 0.99893
33 0.99893
34 0.746792
35 0.997872
36 0.607494
37 0.998764
38 0.0538916
39 0.999811
40 0.00115839
41 0.0923792
42 0.324499
43 0.00600806
44 0.0742159
45 0.133071
46 0.108721
47 0.0594352
48 0.053049
49 0.0107499
50 0.00407329
51 0.0614021
52 0.00771006
53 0.00514785
54 0.419494
55 0.00693562
56 0.00288311
57 0.00764059
58 0.0275406
59 0.00411755
60 0.00513583
61 0.0249374
62 0.0044997
63 0.00333278
64 0.874352
65 0.975125
66 0.566945
67 0.960692
68 0.544757
69 0.862666
70 0.190976
71 0.357576
0 0.66147
1 0.114565
2 0.588235
3 0.588235
4 0.588235
5 0.588235
6 0.588235
7 0.588235
8 0.588235
9 0.588235
10 0.588235
11 0.588235
12 0.588235
13 0.588235
14 0.552941
15 0.552941
16 0.552941
17 0.552941
18 0.552941
19 0.552941
20 0.552941
21 0.552941
22 0.552941
23 0.552941
24 0.552941
25 0.552941
26 0.552941
27 0.552941
28 0.552941
29 0.552941
30 0.870588
31 0.870588
32 0.870588
33 0.870588
34 0.866031
35 0.996047
36 0.418801
37 0.960018
38 0.0442041
39 0.995392
40 0.00723672
41 0.110755
42 0.0672257
43 0.0720284
44 0.208306
45 0.220597
46 0.107518
47 0.120317
48 0.156789
49 0.10245
50 0.0640176
51 0.103742
52 0.0381535
53 0.159135
54 0.697144
55 0.0333424
56 0.0162813
57 0.0741634
58 0.104494
59 0.0642402
60 0.18053
61 0.166094
62 0.062494
63 0.0308026
64 0.742209
65 0.933149
66 0.588637
67 0.532838
68 0.651964
69 0.665681
70 0.161154
71 0.185692
0 0.300567
1 0.107126
2 0.0705882
3 0
4 0.163636
5 0.2
6 0.2
7 0.2
8 0
9 0
10 0
11 0
12 0.127273
13 0.2
14 0.0941176
15 0
16 0.0545455
17 0.6
18 0.6
19 0.6
20 0.6
21 0.6
22 0
23 0
24 0
25 0
26 0
27 0.109091
28 0.6
29 0.6
30 0.0780749
31 0.2
32 0
33 0.109091
34 0.717068
35 0.997851
36 0.378753
37 0.999846
38 0.227011
39 0.99991
40 0.00177346
41 0.0261287
42 0.106656
43 0.00265271
44 0.105323
45 0.0390215
46 0.0725693
47 0.0507688
48 0.014696
49 0.0296306
50 0.00407934
51 0.0544527
52 0.00221596
53 0.000892293
54 0.172223
55 0.00163738
56 0.000427501
57 0.0105562
58 0.0343193
59 0.00428058
60 0.0157852
61 0.0250372
62 0.0574403
63 0.010058
64 0.853806
65 0.994854
66 0.625288
67 0.993023
68 0.426194
69 0.665795
70 0.167259
71 0.537107
0 0.618741
1 0.100064
2 0.980392
3 0.980392
4 0.980392
5 0.980392
6 0.980392
7 0.980392
8 0.980392
9 0.626738
10 0.00784314
11 0.00784314
12 0.00784314
13 0.00784313
14 0.980392
15 0.980392
16 0.980392
17 0.980392
18 0.980392
19 0.980392
20 0.980392
21 0.980392
22 0.980392
23 0.980392
24 0.191087
25 0.0156863
26 0.0156863
27 0.0156863
28 0.0156863
29 0.0156863
30 0.980392
31 0.980392
32 0.88057
33 0.760784
34 0.823484
35 0.998583
36 0.368931
37 0.927262
38 0.0257121
39 0.987027
40 0.105981
41 0.482157
42 0.267899
43 0.238067
44 0.359672
45 0.429317
46 0.376205
47 0.460748
48 0.300085
49 0.137363
50 0.126276
51 0.36761
52 0.123804
53 0.0796777
54 0.736777
55 0.0827061
56 0.0769158
57 0.036078
58 0.234038
59 0.0951463
60 0.159565
61 0.149413
62 0.128904
63 0.0505142
64 0.634504
65 0.860912
66 0.468106
67 0.687226
68 0.345283
69 0.747213
70 0.199207
71 0.217358
0 0.773625
1 0.0927473
2 0.00784314
3 0.00784314
4 0.00784314
5 0.00784314
6 0.00784314
7 0.00784314
8 0.00784314
9 0.00784314
10 0.00784314
11 0.00784314
12 0.00784314
13 0.00784313
14 0.0156863
15 0.0156863
16 0.0156863
17 0.0156863
18 0.0156863
19 0.0156863
20 0.0156863
21 0.0156863
22 0.0156863
23 0.0156863
24 0.0156863
25 0.0156863
26 0.0156863
27 0.0156863
28 0.0156863
29 0.0156863
30 0.760784
31 0.760784
32 0.760784
33 0.760784
34 0.662004
35 0.99868
36 0.481718
37 0.998616
38 0.0489497
39 0.997531
40 0.00104183
41 0.0911927
42 0.209906
43 0.0164605
44 0.19111
45 0.264008
46 0.165255
47 0.129418
48 0.227101
49 0.0129074
50 0.0150854
51 0.250559
52 0.0287201
53 0.0984021
54 0.751262
55 0.0931118
56 0.0184534
57 0.0574936
58 0.135062
59 0.0286803
60 0.026338
61 0.106268
62 0.0455833
63 0.0241204
64 0.905088
65 0.929961
66 0.511741
67 0.863451
68 0.313943
69 0.701016
70 0.257831
71 0.337392
0 0.709821
1 0.0845878
2 0
3 0.0727273
4 0.2
5 0.2
6 0.2
7 0.2
8 0.492335
9 0.843137
10 0.843137
11 0.843138
12 0.843138
13 0.843137
14 0
15 0
16 0.490909
17 0.6
18 0.6
19 0.6
20 0.6
21 0.6
22 0.503743
23 0.247059
24 0.247059
25 0.247059
26 0.247059
27 0.247059
28 0.247059
29 0.247059
30 0.0909091
31 0.2
32 0.854545
33 1
34 0.598461
35 0.99604
36 0.75182
37 0.994735
38 0.0203791
39 0.999292
40 0.00604236
41 0.345541
42 0.575288
43 0.0320839
44 0.335855
45 0.541398
46 0.496173
47 0.347216
48 0.256335
49 0.0704474
50 0.0304778
51 0.227453
52 0.0297843
53 0.0180386
54 0.715115
55 0.0282515
56 0.0153604
57 0.0215226
58 0.080293
59 0.0177445
60 0.0211073
61 0.0670358
62 0.0338282
63 0.0135724
64 0.655329
65 0.928312
66 0.528727
67 0.898466
68 0.334664
69 0.897579
70 0.205567
71 0.458629
0 0.876352
1 0.0766414
2 0.611765
3 0.611765
4 0.611765
5 0.611765
6 0.611765
7 0.611765
8 0.611765
9 0.611765
10 0.611765
11 0.611765
12 0.611765
13 0.611764
14 0.247059
15 0.247059
16 0.247059
17 0.247059
18 0.247059
19 0.247059
20 0.247059
21 0.247059
22 0.247059
23 0.247059
24 0.247059
25 0.247059
26 0.247059
27 0.247059
28 0.247059
29 0.247059
30 0.992157
31 0.992157
32 0.992157
33 0.992157
34 0.648984
35 0.996569
36 0.809268
37 0.996852
38 0.0329002
39 0.999421
40 0.0135321
41 0.364966
42 0.697146
43 0.0527956
44 0.387609
45 0.71777
46 0.647361
47 0.412865
48 0.344833
49 0.150636
50 0.0479211
51 0.296264
52 0.0607431
53 0.0754022
54 0.887755
55 0.0501451
56 0.0437644
57 0.06367
58 0.146126
59 0.0481879
60 0.0390745
61 0.208172
62 0.0742549
63 0.0406652
64 0.610143
65 0.932015
66 0.574963
67 0.915497
68 0.363151
69 0.921565
70 0.323429
71 0.683725
0 0.383908
1 0.0685682
2 0.654902
3 0.654902
4 0.654902
5 0.654902
6 0.654902
7 0.654902
8 0.654902
9 0.654902
10 0.654902
11 0.654902
12 0.654902
13 0.654901
14 0.247059
15 0.247059
16 0.247059
17 0.247059
18 0.247059
19 0.247059
20 0.247059
21 0.247059
22 0.247059
23 0.247059
24 0.247059
25 0.247059
26 0.247059
27 0.247059
28 0.247059
29 0.247059
30 0.988235
31 0.988235
32 0.988235
33 0.988235
34 0.604292
35 0.996537
36 0.832206
37 0.997184
38 0.0195582
39 0.999453
40 0.00851685
41 0.335344
42 0.701958
43 0.0372839
44 0.330165
45 0.725655
46 0.673206
47 0.402181
48 0.327931
49 0.146543
50 0.0332211
51 0.325117
52 0.0888806
53 0.102211
54 0.922892
55 0.0699846
56 0.0593272
57 0.0780942
58 0.165822
59 0.0614977
60 0.045747
61 0.278673
62 0.0884361
63 0.0510229
64 0.554618
65 0.929127
66 0.558818
67 0.911992
68 0.333292
69 0.928914
70 0.30335
71 0.670077
0 0.420405
1 0.0604684
2 0.729412
3 0.729412
4 0.729412
5 0.729412
6 0.729412
7 0.729412
8 0.729412
9 0.729412
10 0.729412
11 0.729412
12 0.729412
13 0.729411
14 0.247059
15 0.247059
16 0.247059
17 0.247059
18 0.247059
19 0.247059
20 0.247059
21 0.247059
22 0.247059
23 0.247059
24 0.247059
25 0.247059
26 0.247059
27 0.247059
28 0.247059
29 0.247059
30 0.984314
31 0.984314
32 0.984314
33 0.984314
34 0.770431
35 0.997744
36 0.482323
37 0.95867
38 0.0150065
39 0.993702
40 0.0282931
41 0.364265
42 0.26893
43 0.100235
44 0.194096
45 0.33158
46 0.347342
47 0.273762
48 0.203025
49 0.16612
50 0.044485
51 0.408511
52 0.300075
53 0.280968
54 0.953457
55 0.157043
56 0.292089
57 0.0696537
58 0.292941
59 0.156378
60 0.275855
61 0.307102
62 0.204955
63 0.0816767
64 0.647276
65 0.837026
66 0.480933
67 0.787499
68 0.442041
69 0.741539
70 0.216622
71 0.217551
0 0.64849
1 0.0524461
2 0.00784314
3 0.00784314
4 0.12656
5 0.152941
6 0.152941
7 0.152941
8 0.152941
9 0.238503
10 0.247059
11 0.247059
12 0.247059
13 0.247059
14 0.121569
15 0.121569
16 0.111943
17 0.0156863
18 0.0156863
19 0.0156863
20 0.0156863
21 0.0156863
22 0.0156863
23 0.141889
24 0.247059
25 0.247059
26 0.247059
27 0.247059
28 0.247059
29 0.247059
30 0.637433
31 0.92549
32 0.493761
33 0.247059
34 0.69998
35 0.99784
36 0.556765
37 0.99398
38 0.0191035
39 0.998778
40 0.000533655
41 0.0543838
42 0.136884
43 0.00715571
44 0.0369162
45 0.118958
46 0.0747534
47 0.0598654
48 0.0534579
49 0.0158892
50 0.00730883
51 0.0948292
52 0.0246311
53 0.0220207
54 0.665728
55 0.0201413
56 0.0113232
57 0.0235209
58 0.0625846
59 0.0131775
60 0.0234116
61 0.0573751
62 0.0209751
63 0.0158126
64 0.808997
65 0.958918
66 0.506598
67 0.940672
68 0.588831
69 0.746459
70 0.197044
71 0.212016
0 0.462097
1 0.044851
2 0.462745
3 0.462745
4 0.462745
5 0.462745
6 0.462745
7 0.462745
8 0.462745
9 0.462745
10 0.462745
11 0.462745
12 0.462745
13 0.233868
14 0.462745
15 0.462745
16 0.462745
17 0.462745
18 0.462745
19 0.462745
20 0.462745
21 0.462745
22 0.462745
23 0.462745
24 0.462745
25 0.462745
26 0.462745
27 0.462745
28 0.462745
29 0.348663
30 0.462745
31 0.462745
32 0.462745
33 0.559002
34 0.744793
35 0.99502
36 0.703666
37 0.972374
38 0.0236721
39 0.996458
40 0.00474429
41 0.225665
42 0.266596
43 0.0402763
44 0.320259
45 0.503858
46 0.312802
47 0.409812
48 0.327789
49 0.0629043
50 0.0644343
51 0.13854
52 0.0395147
53 0.0316758
54 0.592667
55 0.0280973
56 0.0161806
57 0.0412281
58 0.0774841
59 0.0338829
60 0.0651769
61 0.0672313
62 0.0496519
63 0.0317172
64 0.746266
65 0.925229
66 0.544418
67 0.844768
68 0.451441
69 0.757836
70 0.314927
71 0.262085
0 0.932049
1 0.0370311
2 0.34902
3 0.34902
4 0.34902
5 0.34902
6 0.34902
7 0.34902
8 0.34902
9 0.34902
10 0.34902
11 0.337612
12 0.333333
13 0.333333
14 0.25098
15 0.25098
16 0.25098
17 0.25098
18 0.25098
19 0.25098
20 0.25098
21 0.25098
22 0.25098
23 0.25098
24 0.25098
25 0.25098
26 0.128699
27 0.0588235
28 0.0588235
29 0.0588235
30 0.14902
31 0.14902
32 0.14902
33 0.922638
34 0.714325
35 0.997548
36 0.690218
37 0.975907
38 0.0425307
39 0.991616
40 0.021542
41 0.243215
42 0.218374
43 0.107068
44 0.366113
45 0.395761
46 0.184471
47 0.255161
48 0.177702
49 0.326646
50 0.0843036
51 0.344477
52 0.157867
53 0.126385
54 0.929928
55 0.0615578
56 0.0433105
57 0.105309
58 0.159911
59 0.0990453
60 0.160411
61 0.182026
62 0.168907
63 0.101832
64 0.637653
65 0.852715
66 0.61934
67 0.849999
68 0.50349
69 0.776943
70 0.349817
71 0.442202
0 0.0410738
1 0.0291194
2 0.00427807
3 0
4 0.44492
5 0.823529
6 0.823529
7 0.374331
8 0
9 0
10 0
11 0.00285206
12 0.114795
13 0
14 0.15615
15 0.572549
16 0.557219
17 0.301248
18 0.121569
19 0.121569
20 0.121569
21 0.0331551
22 0
23 0
24 0.202139
25 0.247059
26 0.247059
27 0.142959
28 0.432442
29 0.231373
30 0.836007
31 0.721925
32 0.452763
33 0.647415
34 0.69226
35 0.998844
36 0.555979
37 0.998605
38 0.052698
39 0.999535
40 0.0010936
41 0.0336577
42 0.200423
43 0.00878653
44 0.0249957
45 0.101318
46 0.169391
47 0.0698923
48 0.0423825
49 0.00446948
50 0.00601322
51 0.10127
52 0.0119559
53 0.0290652
54 0.606215
55 0.0116344
56 0.0132422
57 0.00669421
58 0.0302683
59 0.00614217
60 0.00420767
61 0.0269137
62 0.0116072
63 0.0101579
64 0.927267
65 0.969977
66 0.669002
67 0.976296
68 0.620022
69 0.655918
70 0.554548
71 0.307007
0 0.260393
1 0.0213045
2 0.2
3 0.2
4 0.2
5 0.2
6 0.175045
7 0.160784
8 1
9 0.400356
10 0.803921
11 0.755437
12 0.489483
13 0.0117647
14 0.6
15 0.6
16 0.6
17 0.6
18 0.6
19 0.535829
20 0.247059
21 0.247059
22 1
23 0.454545
24 0.657754
25 0.803922
26 0.803922
27 0.297683
28 0.140107
29 0.0117647
30 0.2
31 0.636364
32 0.908734
33 0.587166
34 0.873841
35 0.998281
36 0.737286
37 0.999824
38 0.121017
39 0.999977
40 0.000148417
41 0.02415
42 0.150885
43 0.000984526
44 0.0474353
45 0.0464213
46 0.0626374
47 0.0226666
48 0.0367828
49 0.00199378
50 0.00118695
51 0.0178403
52 0.00160949
53 0.00324375
54 0.391458
55 0.00184344
56 0.000505199
57 0.00200596
58 0.00413172
59 0.000368034
60 0.000904886
61 0.00596048
62 0.000649383
63 0.00041352
64 0.948098
65 0.98371
66 0.842373
67 0.988083
68 0.643117
69 0.895112
70 0.185505
71 0.35509
0 0.949883
1 0.0136393
2 0.0951872
3 0.2
4 0.716578
5 0.834225
6 0.835294
7 0.835294
8 0.835294
9 0.835294
10 0.835294
11 0.835294
12 0.835294
13 0.835294
14 0.357576
15 0.6
16 0.621034
17 0.831373
18 0.833868
19 0.835294
20 0.835294
21 0.835294
22 0.835294
23 0.835294
24 0.835294
25 0.835294
26 0.835294
27 0.835294
28 0.835294
29 0.835294
30 0.467023
31 0.834938
32 0.835294
33 0.835294
34 0.878249
35 0.999334
36 0.336176
37 0.950994
38 0.0320789
39 0.989221
40 0.198311
41 0.497709
42 0.318423
43 0.300018
44 0.407678
45 0.538354
46 0.441835
47 0.529187
48 0.38537
49 0.169941
50 0.135321
51 0.330448
52 0.0945137
53 0.125925
54 0.721769
55 0.0540438
56 0.0764802
57 0.0520533
58 0.204897
59 0.0782113
60 0.116721
61 0.158018
62 0.141394
63 0.0561229
64 0.627445
65 0.871622
66 0.497898
67 0.719946
68 0.383311
69 0.810413
70 0.23004
71 0.322575
end fitness = 1.17525
