brainFunction 22891 38 15 739 24796 2-5 6-11 12-14
0 0.357037
1 0.671375
2 0.465954
3 0.42959
4 0.490553
5 0.590374
6 0.373619
7 0.72549
8 0.908378
9 0.434225
10 0.560428
11 0.503743
12 0.288057
13 0.793761
14 0.746524
15 0.976959
16 0.312985
17 0.0048292
18 0.395322
19 0.567726
20 0.0548965
21 0.902599
22 0.40993
23 0.270558
24 0.51124
25 0.868286
26 0.0966684
27 0.382912
28 0.507243
29 0.544868
30 0.378654
31 0.411311
32 0.466936
33 0.426521
34 0.343485
35 0.641935
36 0.345677
37 0.363956
0 0.174091
1 0.319685
2 0.141176
3 0.119786
4 0.228877
5 0.30303
6 0.52549
7 0.52549
8 0.542602
9 0.454189
10 0.501961
11 0.15508
12 0.462745
13 0.73975
14 0.540285
15 0.962865
16 0.428148
17 0.00563069
18 0.508559
19 0.597785
20 0.0557135
21 0.909048
22 0.450216
23 0.364789
24 0.476455
25 0.864031
26 0.106347
27 0.362916
28 0.589198
29 0.597387
30 0.40522
31 0.404999
32 0.530511
33 0.501083
34 0.374546
35 0.680062
36 0.397393
37 0.377518
0 0.207408
1 0.312419
2 0.146524
3 0.209982
4 0.151515
5 0.0823529
6 0.217469
7 0.486988
8 0.534046
9 0.383957
10 0.368984
11 0.149733
12 0.337077
13 0.773975
14 0.683601
15 0.965905
16 0.478965
17 0.00513264
18 0.50143
19 0.65109
20 0.0735785
21 0.884782
22 0.478669
23 0.394112
24 0.501832
25 0.844687
26 0.101525
27 0.338856
28 0.510085
29 0.488454
30 0.281583
31 0.402026
32 0.447078
33 0.485867
34 0.269156
35 0.631579
36 0.333499
37 0.38581
0 0.557318
1 0.305864
2 0.14902
3 0.203209
4 0.143316
5 0.0798574
6 0.52549
7 0.52549
8 0.52549
9 0.539751
10 0.418538
11 0.176471
12 0.647059
13 0.585562
14 0.882353
15 0.919623
16 0.540691
17 0.00606555
18 0.469172
19 0.496177
20 0.0572365
21 0.926596
22 0.570519
23 0.363371
24 0.682286
25 0.798272
26 0.158054
27 0.542912
28 0.573054
29 0.521628
30 0.392239
31 0.527437
32 0.563834
33 0.500989
34 0.416253
35 0.635004
36 0.425931
37 0.539731
0 0.563766
1 0.299139
2 0.145098
3 0.0809269
4 0.106595
5 0.145098
6 0.52549
7 0.361497
8 0.0745098
9 0.156506
10 0.52549
11 0.52549
12 0.565419
13 0.129055
14 0.67451
15 0.928661
16 0.50785
17 0.00472127
18 0.463948
19 0.532675
20 0.0816301
21 0.898479
22 0.426554
23 0.316936
24 0.57367
25 0.760429
26 0.125316
27 0.521043
28 0.445905
29 0.601022
30 0.390995
31 0.423879
32 0.414974
33 0.393638
34 0.440573
35 0.678302
36 0.399225
37 0.462884
0 0.260967
1 0.292614
2 0.145098
3 0.132264
4 0.0809269
5 0.145098
6 0.52549
7 0.52549
8 0.402496
9 0.0745098
10 0.361497
11 0.52549
12 0.694118
13 0.299822
14 0.581462
15 0.948437
16 0.457419
17 0.00654437
18 0.422054
19 0.554255
20 0.0764284
21 0.911212
22 0.426569
23 0.313888
24 0.568741
25 0.820391
26 0.0869847
27 0.45528
28 0.48425
29 0.541724
30 0.330934
31 0.395262
32 0.408049
33 0.442231
34 0.382285
35 0.660358
36 0.409162
37 0.497217
0 0.65988
1 0.286269
2 0.145098
3 0.145098
4 0.127273
5 0.144385
6 0.52549
7 0.52549
8 0.52549
9 0.243137
10 0.327629
11 0.52549
12 0.556863
13 0.404278
14 0.526025
15 0.958558
16 0.385968
17 0.00607849
18 0.45842
19 0.587944
20 0.0570549
21 0.901015
22 0.461144
23 0.292236
24 0.47464
25 0.874899
26 0.0697954
27 0.306166
28 0.590946
29 0.541114
30 0.351257
31 0.403819
32 0.462663
33 0.513362
34 0.334987
35 0.648592
36 0.469581
37 0.517406
0 0.625123
1 0.279808
2 0.331907
3 0.160784
4 0.160784
5 0.160784
6 0.25098
7 0.425668
8 0.52549
9 0.52549
10 0.52549
11 0.52549
12 0.287522
13 0.584314
14 0.584314
15 0.929346
16 0.380576
17 0.00599593
18 0.517635
19 0.503706
20 0.0420362
21 0.900093
22 0.482198
23 0.308931
24 0.408284
25 0.820478
26 0.16737
27 0.385705
28 0.524574
29 0.620563
30 0.387445
31 0.498935
32 0.477094
33 0.434721
34 0.370543
35 0.664795
36 0.419509
37 0.398711
0 0.0471714
1 0.273367
2 0.34902
3 0.34902
4 0.0745098
5 0.0745098
6 0.25098
7 0.25098
8 0.25098
9 0.317647
10 0.317647
11 0.317647
12 0.14902
13 0.515686
14 0.882353
15 0.912557
16 0.420848
17 0.00585979
18 0.464715
19 0.437805
20 0.0592116
21 0.896811
22 0.446496
23 0.27673
24 0.439563
25 0.780161
26 0.140945
27 0.353536
28 0.46119
29 0.538831
30 0.331583
31 0.444802
32 0.447069
33 0.424747
34 0.339588
35 0.637542
36 0.342852
37 0.373164
0 0.33173
1 0.267078
2 0.34902
3 0.34902
4 0.0680927
5 0.0745098
6 0.25098
7 0.25098
8 0.25098
9 0.175401
10 0.317647
11 0.317647
12 0.14902
13 0.286096
14 0.862745
15 0.906289
16 0.466401
17 0.00509898
18 0.624159
19 0.459979
20 0.0379939
21 0.928675
22 0.316989
23 0.262299
24 0.464375
25 0.788535
26 0.0970157
27 0.415356
28 0.511333
29 0.615276
30 0.448373
31 0.383904
32 0.567618
33 0.436577
34 0.391049
35 0.625715
36 0.404132
37 0.301381
0 0.0951875
1 0.260941
2 0.0146168
3 0.00392157
4 0.0306595
5 0.0627451
6 0.0156863
7 0.105526
8 0.156863
9 0.186096
10 0.317647
11 0.317647
12 0.297683
13 0.898039
14 0.858824
15 0.881501
16 0.495971
17 0.00335416
18 0.559393
19 0.44448
20 0.0501277
21 0.882186
22 0.245968
23 0.230821
24 0.431173
25 0.73894
26 0.0491694
27 0.297598
28 0.339155
29 0.381875
30 0.27034
31 0.239927
32 0.436562
33 0.327806
34 0.23323
35 0.495421
36 0.302629
37 0.220092
0 0.824597
1 0.254601
2 0.00392157
3 0.00392157
4 0.0106952
5 0.0784314
6 0.156863
7 0.156863
8 0.156863
9 0.156863
10 0.25918
11 0.317647
12 0.901961
13 0.901961
14 0.86025
15 0.92414
16 0.530939
17 0.011431
18 0.54279
19 0.479754
20 0.0628711
21 0.943626
22 0.596328
23 0.441332
24 0.531791
25 0.865862
26 0.153766
27 0.409464
28 0.600951
29 0.579312
30 0.410848
31 0.473017
32 0.609267
33 0.533378
34 0.358512
35 0.68407
36 0.521485
37 0.506925
0 0.635579
1 0.24832
2 0.34902
3 0.296257
4 0.0588235
5 0.0588235
6 0.25098
7 0.25098
8 0.269162
9 0.317647
10 0.317647
11 0.317647
12 0.14902
13 0.603209
14 0.862745
15 0.935118
16 0.32958
17 0.0049808
18 0.584877
19 0.531022
20 0.0491094
21 0.889008
22 0.33047
23 0.174649
24 0.275288
25 0.776108
26 0.0682061
27 0.281321
28 0.421326
29 0.526512
30 0.297323
31 0.323063
32 0.425747
33 0.361588
34 0.23357
35 0.603812
36 0.33524
37 0.280736
0 0.523796
1 0.242083
2 0.34902
3 0.190731
4 0.0588235
5 0.0588235
6 0.25098
7 0.25098
8 0.305526
9 0.317647
10 0.317647
11 0.317647
12 0.14902
13 0.794296
14 0.858824
15 0.981314
16 0.383254
17 0.0117358
18 0.485807
19 0.23837
20 0.0265515
21 0.936457
22 0.49774
23 0.255591
24 0.658686
25 0.914184
26 0.0343061
27 0.260166
28 0.604932
29 0.482154
30 0.427319
31 0.518717
32 0.689026
33 0.607354
34 0.284883
35 0.460613
36 0.463703
37 0.62539
0 0.74766
1 0.235862
2 0.34902
3 0.276292
4 0.635651
5 0.913725
6 0.25098
7 0.25098
8 0.287344
9 0.588592
10 0.913726
11 0.913725
12 0.14902
13 0.733512
14 0.913725
15 0.942744
16 0.334668
17 0.00537921
18 0.580833
19 0.518028
20 0.0478073
21 0.889035
22 0.370943
23 0.212573
24 0.254009
25 0.810559
26 0.0942747
27 0.246574
28 0.488785
29 0.576972
30 0.394115
31 0.361472
32 0.445549
33 0.334732
34 0.323594
35 0.562186
36 0.393949
37 0.270298
0 0.285699
1 0.229174
2 0.34902
3 0.156506
4 0.218538
5 0.168627
6 0.25098
7 0.275223
8 0.317647
9 0.317647
10 0.283779
11 0.156863
12 0.293761
13 0.945098
14 0.91943
15 0.944422
16 0.408674
17 0.00777166
18 0.454287
19 0.505932
20 0.0527677
21 0.894703
22 0.368191
23 0.247622
24 0.33776
25 0.839063
26 0.0883621
27 0.295924
28 0.447648
29 0.449421
30 0.349993
31 0.348063
32 0.487404
33 0.411175
34 0.246447
35 0.594309
36 0.345958
37 0.262094
0 0.59058
1 0.223099
2 0.34902
3 0.10303
4 0.12656
5 0.0901961
6 0.25098
7 0.275223
8 0.317647
9 0.317647
10 0.220677
11 0.156863
12 0.292335
13 0.937255
14 0.861854
15 0.917177
16 0.454526
17 0.0099143
18 0.498231
19 0.328672
20 0.0451277
21 0.909079
22 0.493767
23 0.265269
24 0.44788
25 0.832286
26 0.0980562
27 0.32926
28 0.461997
29 0.563917
30 0.413942
31 0.452241
32 0.561132
33 0.485347
34 0.350477
35 0.592148
36 0.414776
37 0.472317
0 0.731857
1 0.217119
2 0.253832
3 0.221747
4 0.316578
5 0.441355
6 0.25098
7 0.0613191
8 0.294118
9 0.231729
10 0.156863
11 0.371836
12 0.100535
13 0.44385
14 0.951872
15 0.925191
16 0.290239
17 0.0079536
18 0.628262
19 0.197197
20 0.0169178
21 0.917733
22 0.291262
23 0.119134
24 0.456475
25 0.779193
26 0.0516769
27 0.301885
28 0.454206
29 0.566887
30 0.401993
31 0.451075
32 0.513602
33 0.335733
34 0.368115
35 0.441561
36 0.292796
37 0.387048
0 0.641947
1 0.209216
2 0.0470588
3 0.172549
4 0.764349
5 0.573262
6 0.0470588
7 0.0470588
8 0.0342246
9 0.120499
10 0.156863
11 0.336542
12 0.0470588
13 0.696435
14 0.898752
15 0.933529
16 0.447544
17 0.00947013
18 0.610542
19 0.182756
20 0.0416323
21 0.926239
22 0.44001
23 0.27783
24 0.474061
25 0.82261
26 0.111452
27 0.282903
28 0.438357
29 0.48924
30 0.275827
31 0.452847
32 0.524389
33 0.357106
34 0.232998
35 0.499674
36 0.327221
37 0.309582
0 0.722606
1 0.199214
2 0.472727
3 0.847059
4 0.659893
5 0.435294
6 0.0235294
7 0.108378
8 0.156863
9 0.13262
10 0.0235294
11 0.0235294
12 0.873084
13 0.928699
14 0.843137
15 0.955099
16 0.486518
17 0.00890728
18 0.437983
19 0.652357
20 0.127918
21 0.921043
22 0.581219
23 0.473353
24 0.667834
25 0.871852
26 0.169314
27 0.434609
28 0.554293
29 0.607185
30 0.43265
31 0.52057
32 0.521582
33 0.521413
34 0.455414
35 0.657743
36 0.491157
37 0.540906
0 0.0572785
1 0.188392
2 0.0627451
3 0.0627451
4 0.0627451
5 0.0627451
6 0.486275
7 0.486274
8 0.486274
9 0.486275
10 0.486275
11 0.486274
12 0.466667
13 0.466667
14 0.466667
15 0.913894
16 0.498595
17 0.00377064
18 0.462139
19 0.613425
20 0.0768266
21 0.79905
22 0.414147
23 0.301211
24 0.595049
25 0.770217
26 0.144099
27 0.3522
28 0.437935
29 0.582338
30 0.310588
31 0.468973
32 0.365519
33 0.461714
34 0.383893
35 0.633804
36 0.409971
37 0.484764
0 0.218739
1 0.177647
2 0.116221
3 0.0356506
4 0.0431373
5 0.0431373
6 0.259893
7 0.0442068
8 0.486274
9 0.486275
10 0.486275
11 0.486274
12 0.901248
13 0.368627
14 0.368627
15 0.876696
16 0.589425
17 0.00459551
18 0.714206
19 0.508659
20 0.0402244
21 0.884492
22 0.289598
23 0.322191
24 0.470198
25 0.781454
26 0.109484
27 0.436678
28 0.470512
29 0.569934
30 0.356577
31 0.341528
32 0.487422
33 0.409001
34 0.320609
35 0.622909
36 0.401874
37 0.277539
0 0.381021
1 0.171578
2 0.0235294
3 0.0434938
4 0.00784314
5 0.00784314
6 0
7 0.102674
8 0.176471
9 0.176471
10 0.176471
11 0.176471
12 0.951872
13 1
14 1
15 0.872651
16 0.58075
17 0.00453006
18 0.644784
19 0.465657
20 0.0559346
21 0.887651
22 0.28754
23 0.287344
24 0.505012
25 0.763242
26 0.0809435
27 0.392675
28 0.361608
29 0.483233
30 0.298167
31 0.301568
32 0.465539
33 0.355628
34 0.244017
35 0.581712
36 0.314166
37 0.257297
0 0.587992
1 0.165395
2 0.027451
3 0.027451
4 0.027451
5 0.027451
6 0.176471
7 0.176471
8 0.176471
9 0.176471
10 0.176471
11 0.176471
12 1
13 1
14 1
15 0.876784
16 0.68307
17 0.00620575
18 0.682075
19 0.489821
20 0.0643724
21 0.917169
22 0.381804
23 0.409273
24 0.600837
25 0.7996
26 0.137378
27 0.517778
28 0.452976
29 0.598145
30 0.399124
31 0.392406
32 0.567444
33 0.418768
34 0.362252
35 0.648591
36 0.40703
37 0.337783
0 0.269293
1 0.159229
2 0.0196078
3 0.0196078
4 0.0196078
5 0.0196078
6 0.176471
7 0.176471
8 0.176471
9 0.176471
10 0.176471
11 0.176471
12 1
13 1
14 1
15 0.976908
16 0.615441
17 0.0163847
18 0.610786
19 0.67363
20 0.231435
21 0.908681
22 0.579911
23 0.568177
24 0.419163
25 0.8652
26 0.158254
27 0.488602
28 0.394334
29 0.618005
30 0.201801
31 0.318416
32 0.467368
33 0.433593
34 0.184883
35 0.810219
36 0.328736
37 0.388691
0 0.409676
1 0.153142
2 0.82246
3 1
4 0.0235294
5 0.0235294
6 0.775401
7 1
8 1
9 0.176471
10 0.176471
11 0.176471
12 1
13 1
14 1
15 0.995682
16 0.601385
17 0.0364864
18 0.619324
19 0.707011
20 0.131799
21 0.917968
22 0.784712
23 0.572732
24 0.620859
25 0.933519
26 0.188492
27 0.45024
28 0.718086
29 0.602602
30 0.158877
31 0.650459
32 0.584872
33 0.63761
34 0.160509
35 0.763861
36 0.272289
37 0.65647
0 0.604071
1 0.147036
2 1
3 1
4 0.91123
5 0.0235294
6 1
7 1
8 1
9 1
10 0.475936
11 0.176471
12 1
13 1
14 1
15 0.995456
16 0.421222
17 0.0106531
18 0.857622
19 0.427964
20 0.0376484
21 0.897018
22 0.613925
23 0.428351
24 0.828068
25 0.945189
26 0.0236368
27 0.253823
28 0.66655
29 0.719748
30 0.281329
31 0.570397
32 0.687715
33 0.696838
34 0.150337
35 0.578593
36 0.352253
37 0.77475
0 0.249802
1 0.140819
2 0.115865
3 1
4 1
5 1
6 0.176471
7 0.700535
8 1
9 1
10 1
11 1
12 1
13 1
14 1
15 0.907605
16 0.409297
17 0.00264087
18 0.77059
19 0.425729
20 0.0415767
21 0.839684
22 0.272279
23 0.161156
24 0.412589
25 0.795722
26 0.0302055
27 0.269409
28 0.295051
29 0.648933
30 0.327527
31 0.278562
32 0.45589
33 0.277065
34 0.251615
35 0.435348
36 0.477156
37 0.328416
0 0.390398
1 0.13473
2 0.0156863
3 0.0156863
4 0.0156863
5 0.552585
6 0.176471
7 0.176471
8 0.176471
9 0.176471
10 0.176471
11 0.850267
12 1
13 1
14 1
15 0.89144
16 0.558987
17 0.00636419
18 0.630054
19 0.481282
20 0.0552387
21 0.887281
22 0.315906
23 0.318773
24 0.520728
25 0.80836
26 0.0961796
27 0.383049
28 0.374242
29 0.38859
30 0.312735
31 0.313129
32 0.444905
33 0.331102
34 0.274782
35 0.523595
36 0.365633
37 0.260552
0 0.770236
1 0.12878
2 0.0117647
3 0.0117647
4 0.0117647
5 0.0117647
6 0.176471
7 0.176471
8 0.176471
9 0.176471
10 0.176471
11 0.176471
12 1
13 1
14 1
15 0.829043
16 0.475736
17 0.00877004
18 0.709821
19 0.367463
20 0.0344519
21 0.939401
22 0.331622
23 0.224904
24 0.406813
25 0.75735
26 0.129681
27 0.44456
28 0.46275
29 0.642544
30 0.460785
31 0.392139
32 0.542223
33 0.367826
34 0.364454
35 0.639829
36 0.400082
37 0.279012
0 0.394104
1 0.122813
2 0
3 0.0171123
4 0.0235294
5 0.0235294
6 0
7 0
8 0
9 0
10 0
11 0
12 0.0426025
13 0.937255
14 0.937255
15 0.695988
16 0.270902
17 0.00485772
18 0.297639
19 0.32474
20 0.0525292
21 0.819564
22 0.303241
23 0.15124
24 0.47735
25 0.679231
26 0.120272
27 0.271728
28 0.315568
29 0.508478
30 0.32464
31 0.37698
32 0.309269
33 0.295245
34 0.394721
35 0.528754
36 0.303872
37 0.353889
0 0.524528
1 0.115934
2 0
3 0
4 0
5 0.0335116
6 0
7 0
8 0
9 0
10 0
11 0.086631
12 0
13 0
14 0.127273
15 0.763168
16 0.399677
17 0.0103721
18 0.343527
19 0.406583
20 0.0499417
21 0.872634
22 0.449067
23 0.28819
24 0.484495
25 0.773125
26 0.190056
27 0.406511
28 0.546193
29 0.521421
30 0.454017
31 0.479932
32 0.476612
33 0.448442
34 0.542199
35 0.595814
36 0.523552
37 0.492664
0 0.825581
1 0.182936
2 0
3 0
4 0
5 0.0670232
6 0
7 0
8 0
9 0
10 0
11 0.173262
12 0
13 0
14 0.256684
15 0.732482
16 0.292022
17 0.00545884
18 0.336064
19 0.394756
20 0.0387349
21 0.800119
22 0.307996
23 0.172094
24 0.370892
25 0.660479
26 0.165921
27 0.34789
28 0.355883
29 0.525603
30 0.406708
31 0.433147
32 0.320594
33 0.326636
34 0.475189
35 0.580841
36 0.393833
37 0.360255
0 0.402739
1 0.177244
2 0
3 0
4 0
5 0.0755793
6 0
7 0
8 0
9 0
10 0
11 0.173262
12 0
13 0
14 0.255615
15 0.958881
16 0.50828
17 0.0155075
18 0.408622
19 0.262794
20 0.0291131
21 0.887136
22 0.473512
23 0.362777
24 0.760614
25 0.873294
26 0.0639041
27 0.381681
28 0.582944
29 0.549927
30 0.551238
31 0.619768
32 0.606767
33 0.618431
34 0.552381
35 0.512962
36 0.491289
37 0.703829
0 0.382879
1 0.171643
2 0.0705882
3 0.0705882
4 0.485918
5 0.984314
6 0.266667
7 0.266667
8 0.266667
9 0.397148
10 0.984314
11 0.984314
12 0.0470588
13 0.132264
14 0.984314
15 0.97092
16 0.330322
17 0.0109205
18 0.595324
19 0.28875
20 0.0246065
21 0.87912
22 0.451254
23 0.232372
24 0.555305
25 0.83006
26 0.0554283
27 0.19879
28 0.569924
29 0.5321
30 0.308763
31 0.557164
32 0.442381
33 0.451328
34 0.329066
35 0.42894
36 0.343931
37 0.529625
0 0.486242
1 0.16593
2 0.517647
3 0.517647
4 0.819608
5 0.819608
6 0.266667
7 0.266667
8 0.266667
9 0.596435
10 0.992157
11 0.596435
12 0.443137
13 0.567914
14 0.842424
15 0.881924
16 0.212312
17 0.008054
18 0.402442
19 0.427878
20 0.0469025
21 0.86249
22 0.463282
23 0.207394
24 0.518893
25 0.824602
26 0.0948761
27 0.199621
28 0.52139
29 0.51139
30 0.346307
31 0.429037
32 0.360592
33 0.407657
34 0.33439
35 0.516351
36 0.418322
37 0.474016
0 0.814278
1 0.158855
2 0
3 0.185383
4 0.203922
5 0.203922
6 0
7 0.0969697
8 0.266667
9 0.266667
10 0.266667
11 0.266667
12 0.0178253
13 0.0980392
14 0.0980392
15 0.849529
16 0.288302
17 0.00856113
18 0.331151
19 0.428811
20 0.0349207
21 0.839427
22 0.478721
23 0.262859
24 0.553248
25 0.801001
26 0.210831
27 0.355375
28 0.559271
29 0.592584
30 0.491513
31 0.603764
32 0.431191
33 0.439087
34 0.550485
35 0.552142
36 0.495981
37 0.51084
0 0.12435
1 0.152438
2 0
3 0
4 0.156863
5 0.156863
6 0
7 0
8 0
9 0.266667
10 0.266667
11 0.266667
12 0
13 0.0470588
14 0.0941176
15 0.850314
16 0.20179
17 0.0065875
18 0.312976
19 0.431624
20 0.0297309
21 0.786198
22 0.312936
23 0.154979
24 0.359131
25 0.721052
26 0.0824412
27 0.181066
28 0.461819
29 0.373065
30 0.296502
31 0.434322
32 0.279957
33 0.369438
34 0.33067
35 0.403449
36 0.379228
37 0.360482
0 0.883591
1 0.146547
2 0
3 0
4 0.227807
5 0.0745098
6 0
7 0
8 0
9 0.3918
10 0.266667
11 0.266667
12 0
13 0.141533
14 0.027451
15 0.860442
16 0.325049
17 0.0136325
18 0.314812
19 0.337244
20 0.0273438
21 0.869181
22 0.499947
23 0.267738
24 0.572078
25 0.827458
26 0.149162
27 0.326043
28 0.581412
29 0.496273
30 0.526778
31 0.569373
32 0.516642
33 0.52037
34 0.470753
35 0.528527
36 0.509051
37 0.533336
0 0.765733
1 0.140741
2 0
3 0
4 0.324064
5 0.396078
6 0
7 0
8 0
9 0.193939
10 0.266667
11 0.266667
12 0
13 0.0884136
14 0.243137
15 0.89298
16 0.293301
17 0.00872059
18 0.471618
19 0.248989
20 0.0197825
21 0.808106
22 0.342886
23 0.158618
24 0.449326
25 0.767021
26 0.0578667
27 0.189517
28 0.464751
29 0.443876
30 0.390945
31 0.477052
32 0.37923
33 0.40037
34 0.381271
35 0.394021
36 0.313035
37 0.454084
0 0.922468
1 0.135056
2 0
3 0.126916
4 0.611052
5 0.678788
6 0
7 0
8 0.0973262
9 0.266667
10 0.420677
11 0.299822
12 0
13 0.0796791
14 0.741176
15 0.913539
16 0.339116
17 0.0134745
18 0.541145
19 0.326029
20 0.0255652
21 0.923154
22 0.404433
23 0.271807
24 0.562294
25 0.80342
26 0.132556
27 0.360568
28 0.559743
29 0.593159
30 0.473736
31 0.554289
32 0.522785
33 0.418429
34 0.440392
35 0.495404
36 0.44027
37 0.411108
0 0.18879
1 0.12946
2 0.0381462
3 0.215686
4 0.437077
5 0.28164
6 0
7 0.0352941
8 0.0117647
9 0.238859
10 0.317291
11 0.368984
12 0.257219
13 0.754189
14 0.489127
15 0.893617
16 0.324783
17 0.00709408
18 0.528747
19 0.356999
20 0.033869
21 0.854425
22 0.297257
23 0.186859
24 0.380507
25 0.745875
26 0.0602104
27 0.19083
28 0.39749
29 0.386014
30 0.263357
31 0.380579
32 0.380374
33 0.339072
34 0.227459
35 0.378672
36 0.339466
37 0.263044
0 0.782491
1 0.123816
2 0.147237
3 0.231373
4 0.304813
5 0.20713
6 0.00534759
7 0.0117647
8 0.0117647
9 0.362923
10 0.290553
11 0.303743
12 0.553298
13 0.792513
14 0.457932
15 0.927172
16 0.562133
17 0.0149084
18 0.586282
19 0.348974
20 0.0538796
21 0.917307
22 0.540209
23 0.435626
24 0.675533
25 0.859197
26 0.196808
27 0.417906
28 0.555207
29 0.583937
30 0.476637
31 0.520659
32 0.656075
33 0.551479
34 0.363593
35 0.649163
36 0.45289
37 0.458282
0 0.298483
1 0.118031
2 0.243137
3 0.427094
4 0.284135
5 0.386809
6 0.0117647
7 0.0117647
8 0.335829
9 0.190374
10 0.473084
11 0.183601
12 0.764706
13 0.804456
14 0.664528
15 0.9381
16 0.408947
17 0.0102709
18 0.711233
19 0.447858
20 0.0534658
21 0.886729
22 0.410728
23 0.333021
24 0.507566
25 0.756783
26 0.126
27 0.327918
28 0.477932
29 0.553996
30 0.245229
31 0.403549
32 0.438255
33 0.371946
34 0.264702
35 0.569576
36 0.213501
37 0.316181
0 0.257139
1 0.112187
2 0.2
3 0.639216
4 0.335829
5 0.121925
6 0.197148
7 0.43779
8 0.299822
9 0.208556
10 0.489127
11 0.00392157
12 0.509626
13 0.658823
14 0.820856
15 0.917189
16 0.592258
17 0.0108279
18 0.578876
19 0.479352
20 0.0851652
21 0.89401
22 0.519841
23 0.431957
24 0.614932
25 0.83255
26 0.13566
27 0.372948
28 0.523934
29 0.440742
30 0.273243
31 0.390684
32 0.533979
33 0.490755
34 0.227375
35 0.579927
36 0.343179
37 0.353841
0 0.771337
1 0.106125
2 0.270945
3 0.337255
4 0.0452763
5 0.2
6 0.250624
7 0.407843
8 0.121212
9 0.239572
10 0.497683
11 0.00392157
12 0.894652
13 0.544029
14 0.689661
15 0.902232
16 0.713365
17 0.00793921
18 0.623124
19 0.327787
20 0.0612328
21 0.854181
22 0.584876
23 0.439852
24 0.687007
25 0.856114
26 0.119156
27 0.461759
28 0.443875
29 0.640805
30 0.486558
31 0.534799
32 0.671162
33 0.585462
34 0.417575
35 0.628882
36 0.569501
37 0.619474
0 0.10823
1 0.0999251
2 0.530838
3 0.25918
4 0.122638
5 0.869875
6 0.101604
7 0.272014
8 0.0434938
9 0.28164
10 0.722282
11 0.679501
12 0.968449
13 0.37148
14 0.878253
15 0.927027
16 0.563856
17 0.00555975
18 0.654946
19 0.390195
20 0.0609445
21 0.802484
22 0.358642
23 0.303774
24 0.478564
25 0.826354
26 0.0471547
27 0.345093
28 0.243956
29 0.631122
30 0.377021
31 0.356468
32 0.471276
33 0.405398
34 0.353448
35 0.567736
36 0.556444
37 0.494374
0 0.0334936
1 0.0931043
2 0.639929
3 0.285562
4 0.0559715
5 0.911586
6 0.186453
7 0.374332
8 0.293761
9 0.344742
10 0.621747
11 0.996078
12 0.954902
13 0.718895
14 0.937433
15 0.966274
16 0.317613
17 0.0252658
18 0.547812
19 0.615408
20 0.0549979
21 0.877035
22 0.557894
23 0.431935
24 0.533562
25 0.882971
26 0.120165
27 0.28304
28 0.524862
29 0.568095
30 0.243235
31 0.506145
32 0.347957
33 0.437296
34 0.303553
35 0.59905
36 0.390703
37 0.544584
0 0.476278
1 0.0868526
2 0.364706
3 0.475223
4 0.381105
5 0.0431373
6 0.486275
7 0.486274
8 0.618895
9 0.715865
10 0.407843
11 0.407843
12 0.0784314
13 0.593048
14 0.733333
15 0.973875
16 0.42751
17 0.0183728
18 0.523404
19 0.450576
20 0.0410005
21 0.854828
22 0.553345
23 0.308115
24 0.675732
25 0.90918
26 0.0361756
27 0.29681
28 0.5509
29 0.501614
30 0.396682
31 0.503239
32 0.535639
33 0.58394
34 0.29663
35 0.508322
36 0.449073
37 0.65954
0 0.884598
1 0.0800781
2 0.14902
3 0.14902
4 0.367201
5 0.94902
6 0.486275
7 0.486274
8 0.486274
9 0.486275
10 0.906952
11 0.949019
12 0.219608
13 0.219608
14 0.915864
15 0.945339
16 0.407292
17 0.0142791
18 0.280009
19 0.706849
20 0.118339
21 0.759137
22 0.625077
23 0.41239
24 0.438038
25 0.84614
26 0.198899
27 0.327201
28 0.493589
29 0.53423
30 0.318841
31 0.499533
32 0.325533
33 0.413798
34 0.369579
35 0.617818
36 0.487111
37 0.532623
0 0.355142
1 0.0733255
2 0.723351
3 0.200713
4 0.121569
5 0.121569
6 0.716221
7 0.536542
8 0.486274
9 0.486275
10 0.486275
11 0.486274
12 0.709626
13 0.258824
14 0.258824
15 0.930875
16 0.482235
17 0.0129261
18 0.561422
19 0.63588
20 0.055015
21 0.812701
22 0.426056
23 0.338824
24 0.262344
25 0.84332
26 0.0855692
27 0.376788
28 0.415147
29 0.360366
30 0.281195
31 0.301097
32 0.462198
33 0.424342
34 0.198763
35 0.596965
36 0.457154
37 0.315981
0 0.982413
1 0.0673209
2 0.670945
3 0.449198
4 0.11836
5 0.0755793
6 0.0117647
7 0.633155
8 0.182888
9 0.197504
10 0.0171123
11 0.427094
12 0.961497
13 0.893405
14 0.489483
15 0.950233
16 0.502829
17 0.0540478
18 0.624723
19 0.237468
20 0.0376429
21 0.954807
22 0.618675
23 0.370924
24 0.506108
25 0.749233
26 0.304271
27 0.622375
28 0.468146
29 0.474962
30 0.271825
31 0.579915
32 0.663507
33 0.468721
34 0.167616
35 0.606661
36 0.319442
37 0.336226
0 0.646964
1 0.0611578
2 0.758289
3 1
4 0.426025
5 0.328342
6 0.762567
7 0.0784314
8 0.00392157
9 0.0773619
10 0.422103
11 0.171123
12 0.818717
13 0.991444
14 0.853476
15 0.966102
16 0.563152
17 0.0299642
18 0.429435
19 0.626636
20 0.275389
21 0.887071
22 0.633117
23 0.497439
24 0.301517
25 0.823412
26 0.155965
27 0.409082
28 0.351756
29 0.479112
30 0.203777
31 0.318161
32 0.459319
33 0.41769
34 0.15713
35 0.693695
36 0.3465
37 0.323503
0 0.694481
1 0.0551451
2 0.984314
3 0.821034
4 0.131194
5 0.0698752
6 0.984314
7 0.984314
8 0.716934
9 0.168984
10 0.0877005
11 0.228877
12 0.984314
13 0.790018
14 0.550267
15 0.919371
16 0.688211
17 0.0240453
18 0.778978
19 0.167398
20 0.0262363
21 0.922666
22 0.523352
23 0.25969
24 0.559167
25 0.806861
26 0.259275
27 0.645211
28 0.457166
29 0.723791
30 0.452923
31 0.616703
32 0.773361
33 0.538082
34 0.355295
35 0.7102
36 0.367535
37 0.459989
0 0.147502
1 0.0480663
2 0.713726
3 0.713726
4 0.713726
5 0.713726
6 0.0117647
7 0.0117647
8 0.0117647
9 0.0117647
10 0.0117647
11 0.0117647
12 0.980392
13 0.980392
14 0.980392
15 0.860388
16 0.330696
17 0.00501652
18 0.618085
19 0.334361
20 0.0531597
21 0.822005
22 0.189696
23 0.13187
24 0.392498
25 0.674027
26 0.0299002
27 0.16306
28 0.271103
29 0.436739
30 0.187469
31 0.238493
32 0.272723
33 0.258834
34 0.211382
35 0.34942
36 0.205542
37 0.269965
0 0.692573
1 0.0405885
2 0.0206774
3 0.0934046
4 0.366845
5 0.200713
6 0.145455
7 0.194296
8 0.218538
9 0.372193
10 0.261676
11 0.41426
12 0.536007
13 0.674332
14 0.705169
15 0.932237
16 0.540674
17 0.0263893
18 0.53841
19 0.548021
20 0.0872269
21 0.919346
22 0.587166
23 0.560947
24 0.73351
25 0.899915
26 0.169986
27 0.472636
28 0.612472
29 0.577095
30 0.441457
31 0.455218
32 0.593202
33 0.515741
34 0.426363
35 0.673666
36 0.45259
37 0.564087
0 0.542269
1 0.0328971
2 0.085205
3 0.391087
4 0.225312
5 0.0948307
6 0.0966132
7 0.573975
8 0.495187
9 0.0784314
10 0.248485
11 0.306239
12 0.619786
13 0.677184
14 0.511586
15 0.923563
16 0.404655
17 0.00856326
18 0.561024
19 0.662307
20 0.0957979
21 0.783957
22 0.389701
23 0.304221
24 0.406441
25 0.78325
26 0.0824735
27 0.356604
28 0.317495
29 0.547377
30 0.231404
31 0.292857
32 0.3396
33 0.344406
34 0.243473
35 0.614687
36 0.340433
37 0.35556
0 0.589658
1 0.025326
2 0.217469
3 0.396435
4 0.0388592
5 0.136542
6 0.323708
7 0.57754
8 0.542602
9 0.197504
10 0.110161
11 0.334046
12 0.920677
13 0.701604
14 0.258467
15 0.939696
16 0.417176
17 0.0147594
18 0.586374
19 0.572261
20 0.0472917
21 0.830428
22 0.434938
23 0.342632
24 0.579568
25 0.888724
26 0.0655059
27 0.268228
28 0.529094
29 0.528374
30 0.298445
31 0.373444
32 0.473771
33 0.530853
34 0.240023
35 0.578121
36 0.406606
37 0.487499
0 0.931386
1 0.0176528
2 0.0356506
3 0.168984
4 0.342246
5 0.176114
6 0.00213904
7 0.191087
8 0.595009
9 0.608556
10 0.21533
11 0.244563
12 0.627986
13 0.895544
14 0.414438
15 0.952378
16 0.41433
17 0.0144379
18 0.650835
19 0.512195
20 0.0432338
21 0.841906
22 0.472452
23 0.317715
24 0.571173
25 0.845575
26 0.13229
27 0.292726
28 0.59375
29 0.60637
30 0.312486
31 0.493273
32 0.499432
33 0.498267
34 0.270403
35 0.581491
36 0.309402
37 0.440086
0 0.362104
1 0.0110547
2 0.216399
3 0.306239
4 0.426381
5 0.238146
6 0.258824
7 0.0509804
8 0.52549
9 0.551159
10 0.634225
11 0.156863
12 0.657754
13 0.926916
14 0.761319
15 0.911427
16 0.512136
17 0.00669408
18 0.663439
19 0.529264
20 0.0616415
21 0.79172
22 0.36505
23 0.263636
24 0.382628
25 0.808995
26 0.0656603
27 0.18523
28 0.473235
29 0.490966
30 0.261676
31 0.339277
32 0.441149
33 0.442048
34 0.208909
35 0.483041
36 0.355879
37 0.326531
end fitness = 1.6945
