brainFunction 22881 60 26 1617 24788 2-12 13-22 23-25
0 0.0963636
1 0.828737
2 0.717647
3 0.243137
4 0.631373
5 0.480392
6 0.34902
7 0.284314
8 0.262745
9 0.77451
10 0.864706
11 0.539216
12 0.554902
13 0.360784
14 0.479144
15 0.549376
16 0.535116
17 0.663815
18 0.279145
19 0.417112
20 0.520499
21 0.113369
22 0.771479
23 0.565062
24 0.486096
25 0.433868
26 0.998866
27 0.814373
28 0.878835
29 0.993408
30 0.051099
31 0.989692
32 0.998815
33 0.414666
34 0.73186
35 0.143126
36 0.856485
37 0.983261
38 0.09654
39 0.335479
40 0.780158
41 0.343074
42 0.488685
43 0.787274
44 0.471546
45 0.151831
46 0.0933299
47 0.603222
48 0.367344
49 0.0598508
50 0.631889
51 0.251913
52 0.100503
53 0.495284
54 0.120534
55 0.208925
56 0.612693
57 0.207458
58 0.424096
59 0.14838
0 0.0251201
1 0.454719
2 0.490196
3 0.490196
4 0.490196
5 0.490196
6 0.490196
7 0.490196
8 0.490196
9 0.490196
10 0.490196
11 0.490196
12 0.490196
13 0.121569
14 0.121569
15 0.121569
16 0.121569
17 0.121569
18 0.121569
19 0.121569
20 0.121569
21 0.121569
22 0.121569
23 0.784314
24 0.784314
25 0.784314
26 0.998142
27 0.824129
28 0.525436
29 0.991976
30 0.0232202
31 0.968864
32 0.992948
33 0.258551
34 0.858429
35 0.0697374
36 0.883551
37 0.976816
38 0.0358365
39 0.151308
40 0.488144
41 0.151523
42 0.17289
43 0.784464
44 0.64843
45 0.0686752
46 0.055677
47 0.359007
48 0.231651
49 0.0544243
50 0.56704
51 0.126801
52 0.135126
53 0.798178
54 0.045899
55 0.324637
56 0.638381
57 0.25242
58 0.125292
59 0.0157053
0 0.407444
1 0.44448
2 0.34902
3 0.34902
4 0.34902
5 0.756863
6 0.756863
7 0.756863
8 0.27451
9 0.394118
10 0.588235
11 0.588235
12 0.588235
13 0.25098
14 0.25098
15 0.306595
16 0.454902
17 0.454902
18 0.375401
19 0.513012
20 0.121569
21 0.121569
22 0.121569
23 0.126916
24 0.0832442
25 0.660428
26 0.998815
27 0.835929
28 0.839737
29 0.991491
30 0.0286754
31 0.950331
32 0.99557
33 0.415628
34 0.564172
35 0.0429727
36 0.803504
37 0.95139
38 0.0785797
39 0.0486501
40 0.545316
41 0.0782262
42 0.114291
43 0.612609
44 0.427194
45 0.128669
46 0.0457608
47 0.149101
48 0.11889
49 0.113252
50 0.537878
51 0.142081
52 0.0447051
53 0.638322
54 0.0567047
55 0.289834
56 0.455502
57 0.20909
58 0.141301
59 0.0204876
0 0.370397
1 0.434962
2 0.760784
3 0.760784
4 0.760784
5 0.554902
6 0.34902
7 0.2
8 0.2
9 0.1
10 0
11 0
12 0
13 0.454902
14 0.454902
15 0.454902
16 0.288057
17 0.409626
18 0.6
19 0.490909
20 0
21 0
22 0
23 0.0329768
24 0.181462
25 0.0090909
26 0.997232
27 0.823436
28 0.826345
29 0.97583
30 0.0553046
31 0.805474
32 0.991019
33 0.332534
34 0.807131
35 0.030933
36 0.869167
37 0.977725
38 0.103399
39 0.109387
40 0.454192
41 0.0948259
42 0.102744
43 0.395346
44 0.193022
45 0.0342637
46 0.0587018
47 0.0262312
48 0.207625
49 0.0314486
50 0.281176
51 0.0768214
52 0.014282
53 0.570105
54 0.0794854
55 0.125031
56 0.253597
57 0.0678674
58 0.155468
59 0.00753663
0 0.961899
1 0.425664
2 0.884314
3 0.27451
4 0.2
5 0.2
6 0.2
7 0.1
8 0
9 0
10 0
11 0.498039
12 0.996078
13 0.684135
14 0.473084
15 0.6
16 0.6
17 0.6
18 0
19 0
20 0
21 0.00855616
22 0.0235294
23 0.277005
24 0.1
25 0.409091
26 0.997295
27 0.856335
28 0.888035
29 0.959956
30 0.255146
31 0.612217
32 0.997616
33 0.121045
34 0.777292
35 0.0533856
36 0.786812
37 0.974146
38 0.104947
39 0.112807
40 0.773974
41 0.19405
42 0.554804
43 0.350962
44 0.19886
45 0.0496872
46 0.0472689
47 0.0461078
48 0.185747
49 0.0563525
50 0.436713
51 0.107644
52 0.0175684
53 0.420577
54 0.0366133
55 0.082307
56 0.177851
57 0.25221
58 0.138308
59 0.0292113
0 0.185611
1 0.418495
2 0.2
3 0.2
4 0.2
5 0.1
6 0
7 0
8 0
9 0
10 0.498039
11 0.996078
12 0.996078
13 0.6
14 0.6
15 0.6
16 0.109091
17 0
18 0
19 0
20 0.00641712
21 0.0235294
22 0.0235294
23 0.190909
24 0
25 0.681818
26 0.994096
27 0.901466
28 0.75233
29 0.956621
30 0.316843
31 0.464025
32 0.985877
33 0.201435
34 0.782759
35 0.0421508
36 0.760868
37 0.926992
38 0.146704
39 0.112519
40 0.571201
41 0.35755
42 0.43294
43 0.266158
44 0.139893
45 0.040619
46 0.0481613
47 0.0406544
48 0.229942
49 0.0378468
50 0.0845259
51 0.0490454
52 0.00447536
53 0.145231
54 0.0194018
55 0.0167038
56 0.0644464
57 0.0355045
58 0.180412
59 0.043132
0 0.0817825
1 0.411257
2 0.2
3 0
4 0
5 0
6 0
7 0
8 0
9 0
10 0
11 1
12 1
13 0.545455
14 0
15 0
16 0
17 0
18 0
19 0
20 0
21 0.0192513
22 0.0235294
23 0.0545455
24 0
25 0.545455
26 0.988478
27 0.826206
28 0.710342
29 0.911483
30 0.187284
31 0.18852
32 0.95551
33 0.256562
34 0.737045
35 0.0382895
36 0.791384
37 0.75934
38 0.216551
39 0.090594
40 0.636839
41 0.227499
42 0.171965
43 0.12676
44 0.0347345
45 0.0162096
46 0.0169513
47 0.0194417
48 0.079066
49 0.00896225
50 0.0301052
51 0.0387475
52 0.00495432
53 0.135633
54 0.0199099
55 0.0195629
56 0.0399776
57 0.00991116
58 0.100461
59 0.0204617
0 0.672589
1 0.404208
2 0
3 0
4 0
5 0
6 0
7 0
8 0
9 0
10 0
11 0
12 0.5
13 0
14 0
15 0
16 0
17 0
18 0
19 0
20 0
21 0
22 0.0106952
23 0
24 0
25 0.136364
26 0.986655
27 0.870426
28 0.732307
29 0.948456
30 0.181077
31 0.128962
32 0.966954
33 0.179889
34 0.565334
35 0.0667551
36 0.690261
37 0.71579
38 0.218742
39 0.0956311
40 0.710683
41 0.189333
42 0.201551
43 0.106801
44 0.0706527
45 0.0224803
46 0.0224427
47 0.0371694
48 0.0756161
49 0.0155267
50 0.0341004
51 0.0412234
52 0.00658382
53 0.140943
54 0.0225311
55 0.0338359
56 0.0446865
57 0.0161895
58 0.0583173
59 0.0354174
0 0.0677268
1 0.397217
2 0
3 0
4 0
5 0
6 0
7 0
8 0
9 0
10 0
11 0
12 0
13 0
14 0
15 0
16 0
17 0
18 0
19 0
20 0
21 0
22 0
23 0
24 0
25 0
26 0.984173
27 0.812265
28 0.66741
29 0.900627
30 0.16682
31 0.127306
32 0.921486
33 0.164131
34 0.552518
35 0.0252404
36 0.63708
37 0.618455
38 0.185079
39 0.0918251
40 0.560608
41 0.161313
42 0.100318
43 0.106333
44 0.0273908
45 0.013345
46 0.0176611
47 0.0136852
48 0.0656414
49 0.00756221
50 0.0296538
51 0.0348601
52 0.0059232
53 0.124153
54 0.0198207
55 0.0204961
56 0.0367411
57 0.00684682
58 0.0585293
59 0.0222276
0 0.978843
1 0.390193
2 0
3 0
4 0
5 0
6 0
7 0
8 0
9 0
10 0
11 0
12 0
13 0
14 0
15 0
16 0
17 0
18 0
19 0
20 0
21 0
22 0
23 0
24 0
25 0
26 0.98465
27 0.857233
28 0.696011
29 0.920983
30 0.178463
31 0.122562
32 0.928508
33 0.114941
34 0.571657
35 0.0195984
36 0.563782
37 0.732585
38 0.158155
39 0.0878162
40 0.502555
41 0.202921
42 0.179198
43 0.140124
44 0.0489341
45 0.0209756
46 0.0315555
47 0.0246952
48 0.0994523
49 0.015193
50 0.052224
51 0.0599627
52 0.0100405
53 0.160336
54 0.0278812
55 0.0205088
56 0.0415912
57 0.0133201
58 0.0566317
59 0.0267956
0 0.862535
1 0.383314
2 0
3 0
4 0
5 0
6 0
7 0
8 0
9 0
10 0
11 0.415686
12 0.429412
13 0
14 0
15 0
16 0
17 0
18 0
19 0
20 0
21 0.299466
22 0.242424
23 0
24 0
25 0.247594
26 0.991448
27 0.864747
28 0.636547
29 0.93616
30 0.100793
31 0.211666
32 0.938419
33 0.103062
34 0.652097
35 0.013284
36 0.662209
37 0.713445
38 0.10259
39 0.061431
40 0.396989
41 0.300521
42 0.171409
43 0.190568
44 0.075728
45 0.0367185
46 0.0544452
47 0.0505714
48 0.167663
49 0.024837
50 0.0965891
51 0.123594
52 0.0272721
53 0.197724
54 0.027145
55 0.025014
56 0.0813134
57 0.0169991
58 0.0308854
59 0.0285412
0 0.924217
1 0.37653
2 0
3 0
4 0
5 0
6 0
7 0
8 0
9 0.439216
10 0.119608
11 0.498039
12 0.498039
13 0
14 0
15 0
16 0
17 0
18 0
19 0.149733
20 0.289839
21 0.447772
22 0.494117
23 0
24 0
25 0.298396
26 0.995246
27 0.853206
28 0.559375
29 0.976757
30 0.0372326
31 0.548549
32 0.988162
33 0.0798954
34 0.776436
35 0.0271867
36 0.506882
37 0.848279
38 0.0506181
39 0.0704352
40 0.641309
41 0.355091
42 0.359746
43 0.493038
44 0.4712
45 0.170673
46 0.0785759
47 0.378773
48 0.500829
49 0.142253
50 0.255094
51 0.191056
52 0.14069
53 0.229945
54 0.04043
55 0.0985426
56 0.413464
57 0.0495326
58 0.0198937
59 0.0404198
0 0.257772
1 0.369683
2 0
3 0
4 0
5 0
6 0
7 0.376471
8 0.607843
9 0.607843
10 0.607843
11 0.607843
12 0.707843
13 0
14 0
15 0
16 0
17 0.0659536
18 0.494118
19 0.494118
20 0.494118
21 0.494118
22 0.324777
23 0
24 0.243316
25 0.506417
26 0.998671
27 0.887076
28 0.826001
29 0.997271
30 0.0104023
31 0.974476
32 0.996599
33 0.15631
34 0.559353
35 0.0418691
36 0.697939
37 0.964082
38 0.0293285
39 0.163061
40 0.411212
41 0.0652454
42 0.0817388
43 0.87725
44 0.902333
45 0.263106
46 0.163232
47 0.740392
48 0.534689
49 0.371078
50 0.779986
51 0.248081
52 0.352941
53 0.751322
54 0.123908
55 0.336993
56 0.90196
57 0.429684
58 0.0849199
59 0.00981288
0 0.0986014
1 0.362963
2 0.705882
3 0.705882
4 0.705882
5 0.705882
6 0.705882
7 0.705882
8 0.972549
9 0.12549
10 0.388235
11 0.776471
12 0.776471
13 0.494118
14 0.494118
15 0.494118
16 0.494118
17 0.494118
18 0.682353
19 0.565419
20 0.0331551
21 0.121569
22 0.121569
23 0.415686
24 0.625668
25 0.514795
26 0.998995
27 0.916589
28 0.785595
29 0.992243
30 0.0453302
31 0.985772
32 0.99779
33 0.286467
34 0.926041
35 0.13318
36 0.915244
37 0.98581
38 0.138808
39 0.239632
40 0.525111
41 0.179637
42 0.174038
43 0.758292
44 0.604208
45 0.11819
46 0.0738249
47 0.453662
48 0.211655
49 0.0704693
50 0.52845
51 0.175225
52 0.148953
53 0.815025
54 0.0834339
55 0.557336
56 0.625395
57 0.201584
58 0.229376
59 0.0537125
0 0.502211
1 0.356269
2 0.445098
3 0
4 0.2
5 0.2
6 0.666667
7 0.203922
8 0
9 0.486275
10 0.772549
11 0.652941
12 0.2
13 0.374332
14 0
15 0.345455
16 0.504456
17 0.672371
18 0
19 0.294831
20 0.121569
21 0.271301
22 0.593939
23 0.224064
24 0.438503
25 0.551337
26 0.999553
27 0.762662
28 0.784937
29 0.986458
30 0.0224599
31 0.974845
32 0.998822
33 0.162557
34 0.738867
35 0.040293
36 0.883718
37 0.959992
38 0.0341539
39 0.0806863
40 0.652958
41 0.24386
42 0.234166
43 0.764708
44 0.175407
45 0.126652
46 0.0486745
47 0.216801
48 0.296336
49 0.165394
50 0.768418
51 0.356786
52 0.165022
53 0.500484
54 0.111932
55 0.367526
56 0.598528
57 0.234593
58 0.0813136
59 0.032173
0 0.751189
1 0.349449
2 0.2
3 0.768627
4 0.503922
5 0
6 0
7 0.1
8 0.386275
9 0.572549
10 0.513726
11 0.027451
12 0.027451
13 0.576114
14 0.428521
15 0.489126
16 0
17 0.272727
18 0.283779
19 0.121569
20 0.639572
21 0.556863
22 0.556862
23 0.536898
24 0.256863
25 0.980036
26 0.998014
27 0.721316
28 0.542253
29 0.973433
30 0.0270402
31 0.817778
32 0.99094
33 0.169846
34 0.850703
35 0.0453318
36 0.844852
37 0.957313
38 0.0520293
39 0.057143
40 0.608963
41 0.232287
42 0.151235
43 0.62352
44 0.453539
45 0.0960327
46 0.0279529
47 0.184682
48 0.235286
49 0.0698743
50 0.334135
51 0.146089
52 0.0963723
53 0.364945
54 0.0559827
55 0.460915
56 0.337865
57 0.0516078
58 0.0305139
59 0.0179499
0 0.922045
1 0.342722
2 0
3 0
4 0.1
5 0.1
6 0.1
7 0.168627
8 0.137255
9 0.137255
10 0.137255
11 0.137255
12 0.137255
13 0
14 0
15 0.436364
16 0.327273
17 0.327273
18 0.556863
19 0.556863
20 0.556863
21 0.556863
22 0.556862
23 0.0545455
24 0.554546
25 1
26 0.998717
27 0.752231
28 0.672764
29 0.968406
30 0.0746231
31 0.820724
32 0.998281
33 0.162607
34 0.904878
35 0.0180809
36 0.721185
37 0.983782
38 0.0734672
39 0.122505
40 0.842811
41 0.172028
42 0.242802
43 0.496711
44 0.698315
45 0.178423
46 0.0762797
47 0.424558
48 0.397024
49 0.0903867
50 0.693702
51 0.0728946
52 0.0661247
53 0.546843
54 0.0422656
55 0.323448
56 0.704716
57 0.137988
58 0.04331
59 0.00500967
0 0.906738
1 0.336294
2 0
3 0.0745098
4 0.0745098
5 0.0745098
6 0.0745098
7 0.0745098
8 0.0745098
9 0.0745098
10 0.866667
11 0.980392
12 0.945098
13 0.0506239
14 0.556863
15 0.556863
16 0.556863
17 0.556863
18 0.556863
19 0.556863
20 0.500535
21 0.0235294
22 0.219608
23 0.727273
24 1
25 0.845454
26 0.998764
27 0.723635
28 0.815879
29 0.989833
30 0.0462942
31 0.963691
32 0.998081
33 0.236982
34 0.849081
35 0.0508205
36 0.892308
37 0.94287
38 0.0734091
39 0.0974767
40 0.718377
41 0.0514606
42 0.0683089
43 0.323308
44 0.387101
45 0.137778
46 0.0776526
47 0.242623
48 0.354715
49 0.0428826
50 0.561415
51 0.136852
52 0.0572832
53 0.383967
54 0.0658426
55 0.321401
56 0.522885
57 0.145953
58 0.188456
59 0.0328417
0 0.471218
1 0.328704
2 0.0588235
3 0.0588235
4 0.0588235
5 0.0588235
6 0.34902
7 0.615686
8 0.527451
9 0.172549
10 0.172549
11 0.172549
12 0.172549
13 0.556863
14 0.556863
15 0.556863
16 0.445633
17 0.25098
18 0.126203
19 0.172549
20 0.172549
21 0.172549
22 0.172549
23 1
24 0.411408
25 0.172549
26 0.998817
27 0.821929
28 0.820312
29 0.989419
30 0.0328176
31 0.982884
32 0.997453
33 0.0780554
34 0.770327
35 0.0182736
36 0.839274
37 0.984718
38 0.0225925
39 0.220618
40 0.7456
41 0.149078
42 0.338239
43 0.854697
44 0.421736
45 0.136178
46 0.111909
47 0.371606
48 0.618254
49 0.142158
50 0.893739
51 0.316318
52 0.344185
53 0.588468
54 0.161499
55 0.212117
56 0.797735
57 0.343056
58 0.130047
59 0.0473118
0 0.947006
1 0.321
2 0.0823529
3 0.67451
4 0.34902
5 0.34902
6 0.34902
7 0.8
8 0.8
9 0.8
10 0.8
11 0.847059
12 0.952941
13 0.597148
14 0.523351
15 0.25098
16 0.25098
17 0.192157
18 0.121569
19 0.121569
20 0.121569
21 0.402496
22 0.102673
23 0.497148
24 0.560784
25 0.861854
26 0.9986
27 0.918599
28 0.795308
29 0.996942
30 0.016897
31 0.995574
32 0.997808
33 0.165012
34 0.858352
35 0.116367
36 0.946474
37 0.988614
38 0.0306042
39 0.414847
40 0.607823
41 0.169201
42 0.218702
43 0.900997
44 0.82608
45 0.0743556
46 0.0728754
47 0.707546
48 0.367923
49 0.123154
50 0.754135
51 0.331454
52 0.575362
53 0.835914
54 0.191601
55 0.54905
56 0.878669
57 0.552615
58 0.190374
59 0.0746524
0 0.132661
1 0.312777
2 0.34902
3 0.34902
4 0.34902
5 0.870588
6 0.870588
7 0.821569
8 0.772549
9 0.772549
10 0.772549
11 0.772549
12 0.772549
13 0.25098
14 0.25098
15 0.306595
16 0.454902
17 0.454902
18 0.121569
19 0.121569
20 0.121569
21 0.121569
22 0.121569
23 0.12549
24 0.462745
25 0.905882
26 0.999364
27 0.868973
28 0.833262
29 0.995355
30 0.0451767
31 0.994622
32 0.999224
33 0.322141
34 0.784243
35 0.0637749
36 0.901071
37 0.994507
38 0.0568406
39 0.233434
40 0.655923
41 0.189632
42 0.355535
43 0.881096
44 0.611693
45 0.142191
46 0.107385
47 0.307279
48 0.181408
49 0.365238
50 0.772845
51 0.304082
52 0.182792
53 0.906722
54 0.13845
55 0.403665
56 0.803545
57 0.604016
58 0.284746
59 0.0359565
0 0.493747
1 0.300616
2 0.866667
3 0.866667
4 0.866667
5 0.607843
6 0.27451
7 0.27451
8 0.2
9 0
10 0.85098
11 0.85098
12 0.85098
13 0.454902
14 0.454902
15 0.454902
16 0.288057
17 0.409626
18 0.6
19 0.218182
20 0.0884136
21 0.121569
22 0.121569
23 0.0292335
24 0.16328
25 0.683422
26 0.997863
27 0.834495
28 0.806252
29 0.990764
30 0.0396903
31 0.957771
32 0.996092
33 0.509902
34 0.804657
35 0.0787591
36 0.950248
37 0.974128
38 0.129794
39 0.122661
40 0.43927
41 0.0829343
42 0.0561672
43 0.445561
44 0.298417
45 0.0507045
46 0.070989
47 0.0559297
48 0.166178
49 0.0611077
50 0.222455
51 0.110934
52 0.0272145
53 0.634502
54 0.119673
55 0.295595
56 0.316344
57 0.10174
58 0.258809
59 0.0160129
0 0.578341
1 0.293557
2 0.94902
3 0.34902
4 0.2
5 0.27451
6 0.2
7 0.1
8 0
9 0
10 0
11 0
12 0.419608
13 0.684135
14 0.314439
15 0.504813
16 0.536542
17 0.6
18 0
19 0
20 0
21 0
22 0.0552585
23 0.265775
24 0.1
25 0.111765
26 0.996334
27 0.800535
28 0.871355
29 0.960923
30 0.125285
31 0.666731
32 0.994879
33 0.223395
34 0.771163
35 0.067044
36 0.889205
37 0.952859
38 0.161033
39 0.0700447
40 0.795056
41 0.100003
42 0.208312
43 0.276402
44 0.0742591
45 0.0471555
46 0.0420825
47 0.0212368
48 0.103893
49 0.0321574
50 0.305937
51 0.129534
52 0.0180194
53 0.306119
54 0.0685311
55 0.120254
56 0.0974614
57 0.10136
58 0.195734
59 0.0327548
0 0.585647
1 0.286559
2 0.2
3 0.2
4 0.2
5 0
6 0
7 0
8 0
9 0
10 0
11 0
12 0.419608
13 0.6
14 0.6
15 0.436364
16 0
17 0
18 0
19 0
20 0
21 0
22 0.0552585
23 0.163636
24 0
25 0.111765
26 0.98818
27 0.863756
28 0.752184
29 0.960944
30 0.17942
31 0.305461
32 0.979693
33 0.196867
34 0.756405
35 0.0930998
36 0.867446
37 0.886969
38 0.20455
39 0.0941606
40 0.836874
41 0.181772
42 0.235958
43 0.141989
44 0.0764114
45 0.0283079
46 0.0241461
47 0.0464911
48 0.0849755
49 0.0194841
50 0.0529085
51 0.0568001
52 0.00853417
53 0.161846
54 0.0312109
55 0.0597574
56 0.0543587
57 0.0266781
58 0.126814
59 0.0736079
0 0.0805741
1 0.280135
2 0
3 0
4 0
5 0
6 0
7 0
8 0
9 0
10 0
11 0
12 0
13 0
14 0
15 0
16 0
17 0
18 0
19 0
20 0
21 0
22 0
23 0
24 0
25 0
26 0.987939
27 0.824176
28 0.704196
29 0.946723
30 0.174637
31 0.193946
32 0.946671
33 0.185459
34 0.680525
35 0.033293
36 0.809645
37 0.775585
38 0.194965
39 0.0962176
40 0.707721
41 0.158792
42 0.102373
43 0.129304
44 0.0401526
45 0.0189393
46 0.021329
47 0.0215865
48 0.0744585
49 0.0118525
50 0.0391664
51 0.0519752
52 0.00862511
53 0.147149
54 0.0261089
55 0.0319258
56 0.0502085
57 0.0100504
58 0.079261
59 0.0301402
0 0.884939
1 0.273759
2 0
3 0
4 0
5 0
6 0
7 0
8 0
9 0
10 0
11 0
12 0
13 0
14 0
15 0
16 0
17 0
18 0
19 0
20 0
21 0
22 0
23 0
24 0
25 0
26 0.987283
27 0.858202
28 0.723477
29 0.955374
30 0.182288
31 0.171485
32 0.953696
33 0.169182
34 0.603572
35 0.0414589
36 0.756023
37 0.755509
38 0.193789
39 0.0988257
40 0.714935
41 0.156411
42 0.118481
43 0.121329
44 0.0523411
45 0.0207761
46 0.0244862
47 0.0279892
48 0.0760241
49 0.0158076
50 0.0406169
51 0.0498865
52 0.0104941
53 0.158102
54 0.0309458
55 0.0375271
56 0.0515219
57 0.013666
58 0.0727172
59 0.0381218
0 0.597707
1 0.26736
2 0
3 0
4 0
5 0
6 0
7 0
8 0
9 0
10 0
11 0
12 0
13 0
14 0
15 0
16 0
17 0
18 0
19 0
20 0
21 0
22 0
23 0
24 0
25 0
26 0.98614
27 0.863618
28 0.717504
29 0.954538
30 0.174058
31 0.166483
32 0.952481
33 0.162868
34 0.594747
35 0.0426784
36 0.735569
37 0.74726
38 0.181907
39 0.0975866
40 0.710735
41 0.14825
42 0.110575
43 0.123472
44 0.0521584
45 0.0196406
46 0.0242526
47 0.0266424
48 0.0759809
49 0.0161225
50 0.0377904
51 0.0469325
52 0.0109925
53 0.157091
54 0.0314595
55 0.0363726
56 0.0537181
57 0.0140424
58 0.0746722
59 0.0389041
0 0.554157
1 0.260805
2 0
3 0
4 0
5 0
6 0
7 0
8 0
9 0
10 0
11 0
12 0
13 0
14 0
15 0
16 0
17 0
18 0
19 0
20 0
21 0
22 0
23 0
24 0
25 0
26 0.988109
27 0.921858
28 0.7403
29 0.968149
30 0.343708
31 0.225838
32 0.984129
33 0.0999697
34 0.758574
35 0.0463599
36 0.641838
37 0.93154
38 0.143714
39 0.210252
40 0.800827
41 0.323799
42 0.439607
43 0.256793
44 0.165906
45 0.0321973
46 0.0404223
47 0.0786882
48 0.177214
49 0.0478349
50 0.084944
51 0.0529006
52 0.0176959
53 0.238547
54 0.0419324
55 0.0273455
56 0.109176
57 0.0491688
58 0.107118
59 0.0409497
0 0.0875167
1 0.254258
2 0
3 0
4 0
5 0
6 0
7 0
8 0
9 0
10 0.478431
11 0.956863
12 0.956863
13 0
14 0
15 0
16 0
17 0
18 0
19 0
20 0.00641712
21 0.0235294
22 0.0235294
23 0
24 0
25 0.676471
26 0.993961
27 0.911758
28 0.682963
29 0.98152
30 0.115804
31 0.467503
32 0.987925
33 0.114896
34 0.81548
35 0.0289572
36 0.831719
37 0.91766
38 0.0711034
39 0.115369
40 0.662603
41 0.283626
42 0.341448
43 0.404298
44 0.181739
45 0.0520017
46 0.0523881
47 0.170827
48 0.164913
49 0.0675038
50 0.109563
51 0.180001
52 0.070347
53 0.331732
54 0.0309471
55 0.0487203
56 0.220844
57 0.0477615
58 0.0515861
59 0.0310922
0 0.243453
1 0.247664
2 0
3 0
4 0
5 0
6 0
7 0
8 0
9 0.480392
10 0.821569
11 0.635294
12 0.635294
13 0
14 0
15 0
16 0
17 0
18 0
19 0.00427808
20 0.203209
21 0.528342
22 0.494117
23 0
24 0
25 0.686631
26 0.996921
27 0.83052
28 0.580322
29 0.985669
30 0.0336124
31 0.817611
32 0.993077
33 0.0807445
34 0.864345
35 0.0247391
36 0.735545
37 0.927991
38 0.0389406
39 0.0844827
40 0.732862
41 0.362284
42 0.380139
43 0.675779
44 0.530121
45 0.250955
46 0.0885688
47 0.475793
48 0.563715
49 0.185466
50 0.336803
51 0.268895
52 0.226556
53 0.183308
54 0.0302342
55 0.159648
56 0.525176
57 0.0623969
58 0.0235676
59 0.0574412
0 0.529998
1 0.24135
2 0
3 0
4 0
5 0
6 0
7 0.354902
8 0.709804
9 0.709804
10 0.709804
11 0.709804
12 0.354902
13 0
14 0
15 0
16 0
17 0
18 0.494118
19 0.494118
20 0.494118
21 0.494118
22 0.269518
23 0
24 0.345098
25 0.596078
26 0.998921
27 0.832528
28 0.814911
29 0.996069
30 0.0117755
31 0.980349
32 0.993914
33 0.187807
34 0.640719
35 0.0212629
36 0.932289
37 0.936919
38 0.0415572
39 0.110409
40 0.527206
41 0.0921974
42 0.0308555
43 0.759036
44 0.670136
45 0.137776
46 0.071307
47 0.558329
48 0.270739
49 0.106411
50 0.846312
51 0.204611
52 0.488983
53 0.749906
54 0.1239
55 0.482684
56 0.831581
57 0.338994
58 0.0540844
59 0.0131109
0 0.96856
1 0.235147
2 0
3 0.72549
4 0.72549
5 0.72549
6 0.72549
7 0.72549
8 0.498039
9 0.498039
10 0.0372549
11 0.0745098
12 0
13 0.0449198
14 0.494118
15 0.494118
16 0.494118
17 0.494118
18 0.300892
19 0.686631
20 0.0919787
21 0.337255
22 0.0306594
23 0.559002
24 0.716399
25 0.351872
26 0.999016
27 0.678728
28 0.811447
29 0.996538
30 0.00992534
31 0.992777
32 0.9975
33 0.190119
34 0.813415
35 0.0258877
36 0.886333
37 0.985947
38 0.0668644
39 0.0998131
40 0.80124
41 0.0471969
42 0.0918718
43 0.567933
44 0.58609
45 0.243403
46 0.197505
47 0.336744
48 0.44842
49 0.156694
50 0.733072
51 0.330768
52 0.242886
53 0.747472
54 0.159999
55 0.662879
56 0.7975
57 0.296579
58 0.207921
59 0.0652678
0 0.940952
1 0.22873
2 0.309804
3 0.309804
4 0.309804
5 0.219608
6 0.27451
7 0.996078
8 0.627451
9 0
10 0.1
11 0.2
12 0.1
13 0.494118
14 0.494118
15 0.451337
16 0.519786
17 0.457754
18 0.565419
19 0.122638
20 0.163636
21 0.6
22 0.327272
23 0.892692
24 0.624955
25 0.109091
26 0.99868
27 0.837784
28 0.847131
29 0.995021
30 0.0217863
31 0.979746
32 0.997381
33 0.461955
34 0.677351
35 0.0419352
36 0.984004
37 0.989609
38 0.0650306
39 0.1442
40 0.435251
41 0.0853966
42 0.0859585
43 0.640523
44 0.636599
45 0.185636
46 0.37586
47 0.415819
48 0.198758
49 0.153892
50 0.762237
51 0.393265
52 0.187315
53 0.815825
54 0.231547
55 0.54746
56 0.579942
57 0.416476
58 0.204041
59 0.0378673
0 0.292375
1 0.222459
2 0.866667
3 0.462745
4 0.496078
5 0.992157
6 0.388235
7 0
8 0.1
9 0.1
10 0.1
11 0.34902
12 0.34902
13 0.382888
14 0.686631
15 0.610339
16 0.656684
17 0.183957
18 0.0545457
19 0.490909
20 0.163636
21 0.314439
22 0.25098
23 0.778075
24 0.305348
25 0.117647
26 0.998983
27 0.865559
28 0.783721
29 0.99628
30 0.0203535
31 0.979834
32 0.998778
33 0.336972
34 0.794676
35 0.100972
36 0.949716
37 0.988286
38 0.0785191
39 0.184012
40 0.594127
41 0.418579
42 0.359044
43 0.788082
44 0.326056
45 0.285497
46 0.28499
47 0.280424
48 0.326966
49 0.342946
50 0.624522
51 0.41523
52 0.175574
53 0.59269
54 0.171514
55 0.429459
56 0.36917
57 0.184416
58 0.206523
59 0.0550088
0 0.0645398
1 0.216216
2 0.996078
3 0.498039
4 0.211765
5 0
6 0.1
7 0
8 0
9 0.34902
10 0.509804
11 0.0196078
12 0.0196078
13 0.839216
14 0.305169
15 0.26025
16 0
17 0.272727
18 0
19 0.159715
20 0.674866
21 0.556863
22 0.556862
23 0.540107
24 0.04082
25 0.845276
26 0.998142
27 0.72365
28 0.618074
29 0.988517
30 0.0343902
31 0.905896
32 0.997913
33 0.208137
34 0.903348
35 0.0657273
36 0.883964
37 0.975077
38 0.0458118
39 0.0619589
40 0.831504
41 0.306436
42 0.258008
43 0.699824
44 0.510543
45 0.172666
46 0.0441817
47 0.190014
48 0.256715
49 0.175119
50 0.47192
51 0.209257
52 0.168732
53 0.289628
54 0.0763601
55 0.343047
56 0.39453
57 0.102338
58 0.0676847
59 0.0242627
0 0.493008
1 0.209945
2 0
3 0.1
4 0.2
5 0
6 0
7 0.223529
8 0.0980392
9 0.0980392
10 0.0980392
11 0.0980392
12 0.545098
13 0
14 0.381818
15 0.436364
16 0
17 0.114082
18 0.556863
19 0.556863
20 0.556863
21 0.556863
22 0.161141
23 0.0818182
24 0.520321
25 0.980749
26 0.998562
27 0.813002
28 0.678426
29 0.986119
30 0.04067
31 0.9078
32 0.996771
33 0.149627
34 0.936691
35 0.0232154
36 0.884268
37 0.987123
38 0.0605229
39 0.0604095
40 0.725241
41 0.0736433
42 0.104815
43 0.598165
44 0.670578
45 0.241474
46 0.158462
47 0.46575
48 0.496806
49 0.172887
50 0.546668
51 0.248369
52 0.0968286
53 0.552691
54 0.0817167
55 0.354247
56 0.665932
57 0.144517
58 0.0628778
59 0.0126857
0 0.935974
1 0.203855
2 0.1
3 0.1
4 0.00784314
5 0.0156863
6 0.0156863
7 0.0156863
8 0.182353
9 0.34902
10 0.478431
11 0.905882
12 0.95098
13 0.272727
14 0.272727
15 0.404991
16 0.556863
17 0.556863
18 0.529055
19 0.25098
20 0.156863
21 0.394296
22 0.700891
23 0.372727
24 0.806595
25 0.450624
26 0.999219
27 0.748863
28 0.834626
29 0.991205
30 0.0459444
31 0.975874
32 0.998325
33 0.25232
34 0.916475
35 0.0542087
36 0.9587
37 0.971475
38 0.0930911
39 0.134021
40 0.767191
41 0.0832441
42 0.0580519
43 0.409826
44 0.364346
45 0.210222
46 0.121527
47 0.319595
48 0.409013
49 0.0764659
50 0.628165
51 0.212269
52 0.0977427
53 0.444298
54 0.136735
55 0.503248
56 0.542547
57 0.213093
58 0.261595
59 0.051339
0 0.834887
1 0.197785
2 0.0980392
3 0.0980392
4 0.0980392
5 0.0980392
6 0.34902
7 0.34902
8 0.6
9 0.172549
10 0.172549
11 0.172549
12 0.172549
13 0.556863
14 0.556863
15 0.556863
16 0.445633
17 0.25098
18 0.269519
19 0.275223
20 0.172549
21 0.172549
22 0.172549
23 1
24 0.211408
25 0.172549
26 0.999345
27 0.898341
28 0.872822
29 0.99923
30 0.00201689
31 0.997587
32 0.998576
33 0.146256
34 0.713973
35 0.0284086
36 0.955777
37 0.998195
38 0.0356155
39 0.544396
40 0.510011
41 0.255723
42 0.334759
43 0.972828
44 0.929245
45 0.42618
46 0.619024
47 0.967277
48 0.728532
49 0.570176
50 0.976126
51 0.763032
52 0.905152
53 0.949565
54 0.438847
55 0.624644
56 0.981614
57 0.764035
58 0.102983
59 0.0397567
0 0.269998
1 0.190711
2 0.980392
3 0.980392
4 0.980392
5 0.980392
6 0.980392
7 0.980392
8 0.980392
9 0.980392
10 0.980392
11 0.980392
12 0.980392
13 0.368627
14 0.368627
15 0.368627
16 0.368627
17 0.368627
18 0.368628
19 0.368627
20 0.368627
21 0.368628
22 0.368627
23 0.764706
24 0.764706
25 0.764706
26 0.999821
27 0.879384
28 0.741594
29 0.997063
30 0.0126934
31 0.999558
32 0.999627
33 0.331783
34 0.844698
35 0.17882
36 0.988287
37 0.983506
38 0.0168128
39 0.286605
40 0.530433
41 0.247598
42 0.0893471
43 0.923541
44 0.658251
45 0.139096
46 0.105394
47 0.669775
48 0.227907
49 0.359106
50 0.857547
51 0.426884
52 0.648208
53 0.897194
54 0.269792
55 0.777639
56 0.919246
57 0.772572
58 0.247362
59 0.297518
0 0.526563
1 0.183774
2 0.34902
3 0.913725
4 0.913725
5 0.913725
6 0.34902
7 0.2
8 0.507843
9 0.815686
10 0.456863
11 0.0980392
12 0.0980392
13 0.269519
14 0.454902
15 0.454902
16 0.380749
17 0.409626
18 0.587522
19 0.462745
20 0.369697
21 0.121569
22 0.121569
23 0.057754
24 0.220856
25 0.394118
26 0.999137
27 0.823984
28 0.780834
29 0.996406
30 0.00834387
31 0.997808
32 0.999325
33 0.24522
34 0.857277
35 0.0943258
36 0.951289
37 0.99032
38 0.053085
39 0.17215
40 0.648306
41 0.110177
42 0.0429134
43 0.789862
44 0.753471
45 0.216068
46 0.143705
47 0.198581
48 0.583471
49 0.332991
50 0.65128
51 0.301645
52 0.249383
53 0.572561
54 0.409992
55 0.723747
56 0.769183
57 0.35438
58 0.179955
59 0.0871937
0 0.337466
1 0.176863
2 0.901961
3 0.67451
4 0.27451
5 0.2
6 0.2
7 0.407843
8 0.815686
9 0.419608
10 0
11 0.0568627
12 0.113725
13 0.504456
14 0.523351
15 0.504813
16 0.6
17 0.327273
18 0.462745
19 0.549732
20 0
21 0.0442068
22 0.121569
23 0.245989
24 0.322282
25 0.229055
26 0.998447
27 0.882834
28 0.683277
29 0.997512
30 0.0134479
31 0.992827
32 0.998001
33 0.233087
34 0.927953
35 0.0847567
36 0.922849
37 0.992622
38 0.0751238
39 0.265102
40 0.826925
41 0.0791707
42 0.0825637
43 0.874736
44 0.809949
45 0.168557
46 0.113511
47 0.423701
48 0.316416
49 0.160077
50 0.613886
51 0.173317
52 0.318969
53 0.557988
54 0.273962
55 0.680662
56 0.701704
57 0.302748
58 0.344049
59 0.0505225
0 0.504655
1 0.169927
2 0.2
3 0.2
4 0
5 0.409804
6 0.819608
7 0.819608
8 0.866667
9 0
10 0.113725
11 0.113725
12 0.113725
13 0.6
14 0.490909
15 0
16 0.37861
17 0.462745
18 0.683066
19 0.315151
20 0.0884136
21 0.121569
22 0.121569
23 0.13066
24 0.538324
25 0.381818
26 0.999106
27 0.854245
28 0.84635
29 0.997628
30 0.0143989
31 0.991589
32 0.997374
33 0.26042
34 0.845889
35 0.0576351
36 0.943707
37 0.992706
38 0.0652469
39 0.262862
40 0.84034
41 0.0515187
42 0.0612373
43 0.783523
44 0.654831
45 0.0689706
46 0.0791003
47 0.500236
48 0.114817
49 0.095989
50 0.784962
51 0.230776
52 0.320024
53 0.909161
54 0.347933
55 0.59597
56 0.873316
57 0.718086
58 0.301898
59 0.0285656
0 0.724296
1 0.163821
2 0
3 0.827451
4 0.827451
5 0.827451
6 0.827451
7 0.831373
8 0.417647
9 0
10 0
11 0.143137
12 0.286275
13 0.0420677
14 0.462745
15 0.462745
16 0.462745
17 0.462745
18 0.759358
19 0
20 0
21 0.0442068
22 0.121569
23 0.313726
24 0.443494
25 0.312834
26 0.999582
27 0.885817
28 0.755669
29 0.999333
30 0.00124195
31 0.998999
32 0.998568
33 0.164307
34 0.84231
35 0.0184164
36 0.969565
37 0.997889
38 0.0165779
39 0.286268
40 0.431099
41 0.197492
42 0.191909
43 0.974421
44 0.941718
45 0.464715
46 0.538477
47 0.897422
48 0.610347
49 0.625638
50 0.970277
51 0.761252
52 0.924253
53 0.950267
54 0.530122
55 0.761426
56 0.977999
57 0.781523
58 0.0716816
59 0.0373788
0 0.642579
1 0.155703
2 0.843137
3 0.843137
4 0.843137
5 0.843137
6 0.843137
7 0.843137
8 0.843137
9 0.843137
10 0.741176
11 0.741176
12 0.619608
13 0.462745
14 0.462745
15 0.462745
16 0.462745
17 0.462745
18 0.462745
19 0.462745
20 0.665241
21 0.741177
22 0.459536
23 0.392157
24 0.392157
25 0.690018
26 0.99985
27 0.907368
28 0.852485
29 0.999602
30 0.00400116
31 0.999935
32 0.999843
33 0.224234
34 0.902257
35 0.081282
36 0.985212
37 0.998439
38 0.0265431
39 0.501297
40 0.457701
41 0.329174
42 0.217605
43 0.972237
44 0.951845
45 0.544153
46 0.649986
47 0.957424
48 0.703611
49 0.674185
50 0.977254
51 0.80353
52 0.942319
53 0.976596
54 0.534042
55 0.789348
56 0.984479
57 0.895217
58 0.387189
59 0.318524
0 0.505308
1 0.147642
2 0.882353
3 0.882353
4 0.882353
5 0.882353
6 0.882353
7 0.882353
8 0.882353
9 0.882353
10 0.882353
11 0.882353
12 0.882353
13 0.462745
14 0.462745
15 0.462745
16 0.462745
17 0.462745
18 0.462745
19 0.462745
20 0.462745
21 0.462745
22 0.462745
23 0.501961
24 0.501961
25 0.501961
26 0.999572
27 0.737827
28 0.509126
29 0.995594
30 0.0270344
31 0.999743
32 0.999813
33 0.116728
34 0.987684
35 0.151564
36 0.960777
37 0.993255
38 0.0310503
39 0.28321
40 0.84702
41 0.557862
42 0.433104
43 0.840936
44 0.737083
45 0.382593
46 0.149829
47 0.702521
48 0.793611
49 0.303259
50 0.691154
51 0.503295
52 0.568273
53 0.54578
54 0.141212
55 0.481989
56 0.860903
57 0.300123
58 0.381588
59 0.758471
0 0.914407
1 0.139326
2 0
3 0
4 0
5 0
6 0
7 0.945098
8 0.945098
9 0.945098
10 0.945098
11 0.945098
12 0.945098
13 0
14 0
15 0
16 0
17 0.210339
18 0.462745
19 0.462745
20 0.462745
21 0.462745
22 0.462745
23 0
24 0.336898
25 0.529412
26 0.999009
27 0.758347
28 0.417463
29 0.994486
30 0.0304817
31 0.995353
32 0.998599
33 0.176928
34 0.969313
35 0.12893
36 0.95672
37 0.977944
38 0.0430485
39 0.058715
40 0.808466
41 0.320287
42 0.133133
43 0.604663
44 0.582827
45 0.3562
46 0.122969
47 0.430069
48 0.504671
49 0.259383
50 0.504727
51 0.37905
52 0.216749
53 0.347856
54 0.0566996
55 0.333153
56 0.582403
57 0.0903478
58 0.141269
59 0.178726
0 0.550159
1 0.13032
2 0
3 0
4 0
5 0
6 0
7 0.541176
8 0.541176
9 0.541176
10 0.541176
11 0.541176
12 0.541176
13 0
14 0
15 0
16 0
17 0.224599
18 0.494118
19 0.494118
20 0.494118
21 0.494118
22 0.494117
23 0
24 0.214617
25 0.337255
26 0.999667
27 0.848985
28 0.697901
29 0.998276
30 0.00467699
31 0.99681
32 0.998664
33 0.237326
34 0.887765
35 0.0336198
36 0.972973
37 0.991336
38 0.0257766
39 0.18133
40 0.532571
41 0.289268
42 0.0660829
43 0.905322
44 0.897124
45 0.52813
46 0.374649
47 0.819662
48 0.699837
49 0.499815
50 0.959566
51 0.506785
52 0.744144
53 0.788465
54 0.253952
55 0.674435
56 0.947806
57 0.481718
58 0.036933
59 0.0171334
0 0.62219
1 0.121462
2 0.611765
3 0.611765
4 0.611765
5 0.611765
6 0.611765
7 0.611765
8 0.611765
9 1
10 0.515686
11 0.533333
12 0.533333
13 0.494118
14 0.494118
15 0.494118
16 0.494118
17 0.494118
18 0.494118
19 0.816043
20 0.687344
21 0.121569
22 0.121569
23 0.423529
24 0.475936
25 0.635294
26 0.999827
27 0.827724
28 0.916447
29 0.997774
30 0.0410785
31 0.997309
32 0.999798
33 0.393323
34 0.859566
35 0.342348
36 0.987261
37 0.988809
38 0.0708169
39 0.123876
40 0.836681
41 0.0728689
42 0.0703794
43 0.676993
44 0.640329
45 0.279474
46 0.152969
47 0.682866
48 0.242576
49 0.301974
50 0.732758
51 0.444205
52 0.206383
53 0.810447
54 0.30121
55 0.757031
56 0.846636
57 0.664777
58 0.337441
59 0.305248
0 0.0885949
1 0.114007
2 0.1
3 0.439216
4 0.860784
5 0.535294
6 0.0705882
7 0.0705882
8 0.329412
9 0.1
10 0
11 0.1
12 0.1
13 0.286988
14 0.271658
15 0.819251
16 0.457754
17 0.337255
18 0.539037
19 0.126203
20 0.163636
21 0.272727
22 0.272727
23 0.595365
24 0.563458
25 0.0818182
26 0.99915
27 0.769243
28 0.711678
29 0.995475
30 0.034693
31 0.991676
32 0.999277
33 0.274229
34 0.945611
35 0.0499785
36 0.952327
37 0.997532
38 0.0790032
39 0.158093
40 0.80113
41 0.28485
42 0.244675
43 0.675439
44 0.675374
45 0.460134
46 0.617829
47 0.278521
48 0.653863
49 0.40228
50 0.678287
51 0.500188
52 0.0828001
53 0.5685
54 0.255237
55 0.332591
56 0.587262
57 0.22852
58 0.339266
59 0.0682989
0 0.568739
1 0.107775
2 0.986274
3 0.447059
4 0.027451
5 0.027451
6 0.045098
7 0.131373
8 0.2
9 0.1
10 0.34902
11 0.839216
12 0.839216
13 0.470945
14 0.529768
15 0.337255
16 0.337255
17 0.0877005
18 0.6
19 0.327273
20 0.346167
21 0.424243
22 0.462745
23 0.732086
24 0.23262
25 0.328877
26 0.999387
27 0.824889
28 0.598986
29 0.991232
30 0.0503324
31 0.990512
32 0.998818
33 0.265066
34 0.975917
35 0.0512454
36 0.989188
37 0.990828
38 0.0314119
39 0.188182
40 0.658362
41 0.251635
42 0.208118
43 0.73259
44 0.486628
45 0.359201
46 0.412341
47 0.720026
48 0.554824
49 0.160997
50 0.718893
51 0.455615
52 0.272803
53 0.532007
54 0.117101
55 0.338635
56 0.621063
57 0.261472
58 0.217254
59 0.148215
0 0.905624
1 0.21626
2 0.0588235
3 0.0588235
4 0.0392157
5 0.47451
6 0.1
7 0
8 0.34902
9 0.847059
10 0.847059
11 0.847059
12 0.847059
13 0.337255
14 0.283066
15 0.129055
16 0.557932
17 0.0545454
18 0.136898
19 0.38574
20 0.462745
21 0.462745
22 0.462745
23 0.451872
24 0.122103
25 0.396078
26 0.999687
27 0.858231
28 0.719982
29 0.998593
30 0.0111646
31 0.997736
32 0.999537
33 0.0546317
34 0.954676
35 0.114796
36 0.951908
37 0.992566
38 0.0201375
39 0.131149
40 0.755602
41 0.249255
42 0.336073
43 0.879865
44 0.884289
45 0.621261
46 0.252458
47 0.803042
48 0.752637
49 0.648263
50 0.860318
51 0.686231
52 0.610336
53 0.462778
54 0.0966913
55 0.68825
56 0.817809
57 0.515678
58 0.0700042
59 0.173658
0 0.120781
1 0.210165
2 0.2
3 0.1
4 0.1
5 0.1
6 0.17451
7 0.596078
8 0.843137
9 0.843137
10 0.596078
11 1
12 0.0588235
13 0.6
14 0.327273
15 0.327273
16 0.109091
17 0.228164
18 0.462745
19 0.462745
20 0.404991
21 0.863815
22 0.597147
23 0.136364
24 0.246524
25 0.696791
26 0.999708
27 0.858428
28 0.711591
29 0.997929
30 0.0166161
31 0.993985
32 0.999394
33 0.364066
34 0.923222
35 0.169507
36 0.987816
37 0.993102
38 0.0286413
39 0.186218
40 0.842625
41 0.176691
42 0.0679924
43 0.869066
44 0.876712
45 0.225682
46 0.136159
47 0.623452
48 0.192143
49 0.334896
50 0.665503
51 0.356255
52 0.492563
53 0.701801
54 0.283237
55 0.813092
56 0.793123
57 0.300154
58 0.0907771
59 0.0268948
0 0.279131
1 0.202402
2 0
3 0.2
4 0.34902
5 0.67451
6 0.0705882
7 0.0705882
8 0.0705882
9 0.0705882
10 0.0705882
11 0.0705882
12 0.0705882
13 0.0545455
14 0.536542
15 0.25098
16 0.702674
17 0.556863
18 0.556863
19 0.556863
20 0.556863
21 0.556863
22 0.556862
23 0.160963
24 1
25 1
26 0.999797
27 0.80208
28 0.77851
29 0.999224
30 0.00348683
31 0.998741
32 0.999604
33 0.264238
34 0.836582
35 0.020735
36 0.962001
37 0.998196
38 0.0220075
39 0.206722
40 0.599861
41 0.142301
42 0.0596356
43 0.955934
44 0.882528
45 0.55594
46 0.600847
47 0.584061
48 0.707522
49 0.686777
50 0.966375
51 0.520861
52 0.541444
53 0.835572
54 0.406213
55 0.745583
56 0.917871
57 0.527472
58 0.0990654
59 0.00777623
0 0.671968
1 0.19471
2 1
3 1
4 0.341176
5 0.341176
6 0.341176
7 0.341176
8 0.341176
9 0.341176
10 0.341176
11 0.341176
12 0.341176
13 1
14 0.91943
15 0.556863
16 0.556863
17 0.556863
18 0.556863
19 0.556863
20 0.556863
21 0.556863
22 0.556862
23 1
24 1
25 1
26 0.999783
27 0.893694
28 0.837865
29 0.999007
30 0.0196703
31 0.999193
32 0.999669
33 0.171256
34 0.925834
35 0.0360503
36 0.977664
37 0.998612
38 0.0574795
39 0.22647
40 0.509335
41 0.291382
42 0.226221
43 0.905537
44 0.707863
45 0.492929
46 0.620158
47 0.713535
48 0.550181
49 0.691459
50 0.918931
51 0.677845
52 0.519162
53 0.939586
54 0.397947
55 0.548955
56 0.786135
57 0.70351
58 0.426809
59 0.108359
0 0.936765
1 0.188044
2 0.890196
3 0.890196
4 0.890196
5 0.34902
6 0.34902
7 0.27451
8 0.2
9 0.2
10 0.476471
11 0.976471
12 1
13 0.462745
14 0.462745
15 0.404991
16 0.25098
17 0.409626
18 0.441355
19 0.6
20 0.264171
21 0.598218
22 0.999999
23 0.373619
24 0.17451
25 0.686096
26 0.999951
27 0.88105
28 0.887068
29 0.999797
30 0.000872179
31 0.999948
32 0.999898
33 0.156309
34 0.924492
35 0.0378601
36 0.995133
37 0.999208
38 0.0161766
39 0.44252
40 0.316099
41 0.0849483
42 0.0507482
43 0.956974
44 0.977629
45 0.689992
46 0.892963
47 0.967981
48 0.84749
49 0.801554
50 0.995073
51 0.889838
52 0.968764
53 0.993238
54 0.679374
55 0.911715
56 0.995604
57 0.969935
58 0.227075
59 0.0655112
0 0.583017
1 0.177081
2 1
3 1
4 1
5 1
6 0.984314
7 0.968627
8 0.968627
9 0.968627
10 0.968627
11 0.968627
12 0.968627
13 1
14 1
15 1
16 1
17 0.504456
18 0.454902
19 0.454902
20 0.454902
21 0.454902
22 0.454902
23 1
24 0.293939
25 0.0862745
26 0.999933
27 0.928526
28 0.859624
29 0.999805
30 0.00314138
31 0.999987
32 0.999927
33 0.182681
34 0.956182
35 0.132014
36 0.994844
37 0.999298
38 0.024686
39 0.701186
40 0.409679
41 0.380656
42 0.229959
43 0.980399
44 0.957999
45 0.532031
46 0.738791
47 0.969194
48 0.721353
49 0.759182
50 0.984094
51 0.87246
52 0.969593
53 0.990635
54 0.685661
55 0.809536
56 0.989736
57 0.945341
58 0.486107
59 0.587045
0 0.679791
1 0.166204
2 0.992157
3 0.992157
4 0.992157
5 0.992157
6 0.992157
7 0.992157
8 0.992157
9 0.992157
10 0.992157
11 0.992157
12 0.992157
13 0.454902
14 0.454902
15 0.454902
16 0.454902
17 0.454902
18 0.454902
19 0.454902
20 0.454902
21 0.454902
22 0.454902
23 0.203922
24 0.203922
25 0.203922
26 0.999219
27 0.792529
28 0.705651
29 0.991191
30 0.268381
31 0.997815
32 0.999357
33 0.496193
34 0.970048
35 0.440024
36 0.991309
37 0.978344
38 0.164566
39 0.260076
40 0.814594
41 0.353468
42 0.0641667
43 0.384758
44 0.0917289
45 0.0475795
46 0.0361108
47 0.0379401
48 0.086669
49 0.0331194
50 0.163516
51 0.112499
52 0.0182384
53 0.299012
54 0.0876928
55 0.187194
56 0.10156
57 0.0686666
58 0.811927
59 0.757279
0 0.832234
1 0.155377
2 0.1
3 0
4 0
5 0
6 0
7 0
8 0
9 0
10 0
11 0
12 0
13 0.272727
14 0
15 0
16 0
17 0
18 0
19 0
20 0
21 0
22 0
23 0.0272727
24 0
25 0
26 0.990907
27 0.847821
28 0.694641
29 0.98317
30 0.0915727
31 0.499288
32 0.985587
33 0.238764
34 0.918319
35 0.193627
36 0.966227
37 0.973963
38 0.2356
39 0.106645
40 0.935799
41 0.182947
42 0.110791
43 0.196338
44 0.103839
45 0.0387186
46 0.0330244
47 0.0399899
48 0.0918921
49 0.0261615
50 0.117646
51 0.0832492
52 0.00978548
53 0.163355
54 0.058693
55 0.082645
56 0.0819147
57 0.0273364
58 0.157386
59 0.0928106
0 0.00724012
1 0.145065
2 0
3 0
4 0
5 0
6 0
7 0
8 0
9 0
10 0
11 0
12 0
13 0
14 0
15 0
16 0
17 0
18 0
19 0
20 0
21 0
22 0
23 0
24 0
25 0
26 0.992101
27 0.847259
28 0.755906
29 0.987547
30 0.164566
31 0.409338
32 0.976717
33 0.19579
34 0.868881
35 0.0828402
36 0.94671
37 0.929792
38 0.198841
39 0.110693
40 0.870713
41 0.145967
42 0.0864612
43 0.166948
44 0.0711461
45 0.0307266
46 0.0303431
47 0.0370348
48 0.0867185
49 0.0229987
50 0.0741486
51 0.0841855
52 0.0147844
53 0.181113
54 0.0510934
55 0.0572378
56 0.0760582
57 0.0226883
58 0.117527
59 0.0594614
0 0.66223
1 0.138759
2 0
3 0
4 0
5 0
6 0
7 0
8 0
9 0
10 0
11 0
12 0
13 0
14 0
15 0
16 0
17 0
18 0
19 0
20 0
21 0
22 0
23 0
24 0
25 0
26 0.992399
27 0.876823
28 0.777765
29 0.989685
30 0.174179
31 0.374579
32 0.97701
33 0.180022
34 0.840214
35 0.0826214
36 0.943469
37 0.931198
38 0.184297
39 0.114443
40 0.872038
41 0.151362
42 0.0975938
43 0.165001
44 0.0814462
45 0.029115
46 0.0313802
47 0.0413153
48 0.0890193
49 0.026738
50 0.061262
51 0.072214
52 0.0157072
53 0.202636
54 0.0462514
55 0.0594696
56 0.0762094
57 0.0239018
58 0.113797
59 0.0652132
0 0.460319
1 0.132375
2 0
3 0
4 0
5 0
6 0
7 0
8 0
9 0
10 0
11 0
12 0
13 0
14 0
15 0
16 0
17 0
18 0
19 0
20 0
21 0
22 0
23 0
24 0
25 0
26 0.992804
27 0.867231
28 0.763545
29 0.990387
30 0.0891344
31 0.376569
32 0.9608
33 0.102738
34 0.868187
35 0.041434
36 0.943647
37 0.959139
38 0.139258
39 0.0867387
40 0.775383
41 0.110062
42 0.0813364
43 0.215434
44 0.0759405
45 0.0306971
46 0.0636455
47 0.0562701
48 0.106187
49 0.0312723
50 0.0734185
51 0.199432
52 0.0390537
53 0.341486
54 0.080558
55 0.0749556
56 0.07086
57 0.0285087
58 0.108469
59 0.0457568
0 0.860273
1 0.125902
2 0
3 0
4 0
5 0
6 0
7 0
8 0
9 0
10 0
11 0.168627
12 0.337255
13 0
14 0
15 0
16 0
17 0
18 0
19 0
20 0
21 0.30517
22 0.839215
23 0
24 0
25 0.3
26 0.998291
27 0.914263
28 0.640949
29 0.996764
30 0.0452114
31 0.76516
32 0.993469
33 0.0654093
34 0.9365
35 0.0260473
36 0.962864
37 0.987096
38 0.0323337
39 0.101673
40 0.786911
41 0.616297
42 0.554216
43 0.677177
44 0.516467
45 0.276327
46 0.235257
47 0.550609
48 0.422744
49 0.303977
50 0.549241
51 0.531522
52 0.418279
53 0.481882
54 0.0679942
55 0.129533
56 0.459737
57 0.0945366
58 0.0163887
59 0.0624746
0 0.397542
1 0.117982
2 0
3 0
4 0
5 0
6 0
7 0
8 0
9 0.894118
10 0.92549
11 0.95098
12 0.621569
13 0
14 0
15 0
16 0
17 0
18 0
19 0.320143
20 0.839216
21 0.889127
22 0.685917
23 0
24 0.080927
25 0.934046
26 0.998768
27 0.89239
28 0.547991
29 0.998721
30 0.0184473
31 0.992098
32 0.997994
33 0.107139
34 0.983186
35 0.089601
36 0.968
37 0.989671
38 0.0489142
39 0.10861
40 0.764869
41 0.347767
42 0.12868
43 0.73517
44 0.812442
45 0.385713
46 0.165829
47 0.805208
48 0.560228
49 0.300468
50 0.499794
51 0.335317
52 0.511937
53 0.594004
54 0.0631605
55 0.41215
56 0.738637
57 0.152475
58 0.110034
59 0.093251
0 0.470531
1 0.11
2 0
3 0
4 0
5 0
6 0.492157
7 0.6
8 0.6
9 0.6
10 0.6
11 0.6
12 0.6
13 0
14 0
15 0
16 0.13975
17 0.484135
18 0.494118
19 0.494118
20 0.494118
21 0.494118
22 0.494117
23 0
24 0.309982
25 0.333333
26 0.999615
27 0.865897
28 0.705614
29 0.999096
30 0.00824285
31 0.998377
32 0.998891
33 0.208888
34 0.974893
35 0.0825451
36 0.988376
37 0.996627
38 0.0393612
39 0.229436
40 0.677954
41 0.18166
42 0.083629
43 0.876486
44 0.88767
45 0.454109
46 0.383546
47 0.86529
48 0.54492
49 0.387477
50 0.882027
51 0.582603
52 0.726502
53 0.870021
54 0.274961
55 0.73324
56 0.916918
57 0.515388
58 0.119519
59 0.0656012
0 0.659169
1 0.102114
2 0.282353
3 0.282353
4 0.282353
5 0.596078
6 0.596078
7 0.596078
8 0.596078
9 0.596078
10 0.596078
11 0.596078
12 0.596078
13 0.282353
14 0.282353
15 0.340107
16 0.494118
17 0.494118
18 0.494118
19 0.494118
20 0.494118
21 0.494118
22 0.494117
23 0.298039
24 0.368627
25 0.368627
26 0.999861
27 0.920931
28 0.907839
29 0.99965
30 0.00776816
31 0.999843
32 0.999878
33 0.355285
34 0.91746
35 0.16643
36 0.996708
37 0.998017
38 0.0347493
39 0.428958
40 0.304058
41 0.251385
42 0.0608641
43 0.980208
44 0.9144
45 0.510678
46 0.384935
47 0.938725
48 0.482108
49 0.538762
50 0.980044
51 0.684609
52 0.83497
53 0.959902
54 0.594287
55 0.913901
56 0.940882
57 0.829891
58 0.286973
59 0.149555
0 0.167753
1 0.0938995
2 0.764706
3 0.833333
4 0.523529
5 0.968627
6 0.966667
7 0
8 0.5
9 0.996078
10 0.992157
11 0.2
12 0.1
13 0.839216
14 0.534046
15 0.819251
16 0.201069
17 0.383601
18 0.0909094
19 0.82246
20 0.0235294
21 0.495187
22 0.327272
23 0.9
24 0.454011
25 0.534759
26 0.999298
27 0.894417
28 0.860238
29 0.999583
30 0.0122232
31 0.999678
32 0.999476
33 0.360883
34 0.956162
35 0.0968552
36 0.993834
37 0.99906
38 0.228956
39 0.672154
40 0.726186
41 0.224527
42 0.0561184
43 0.790427
44 0.841992
45 0.123058
46 0.455837
47 0.402259
48 0.164194
49 0.121873
50 0.807076
51 0.364293
52 0.628477
53 0.966088
54 0.492132
55 0.679805
56 0.831012
57 0.518743
58 0.562377
59 0.112376
0 0.988682
1 0.0854762
2 0.909804
3 0.5
4 0.5
5 0.5
6 1
7 0.992157
8 0
9 0.1
10 0.17451
11 0.34902
12 0.34902
13 0.0213904
14 0.534046
15 0.228877
16 0.818182
17 0.55615
18 0.0106952
19 0.272727
20 0.0684492
21 0.25098
22 0.25098
23 0.409091
24 0.654545
25 0.110695
26 0.998688
27 0.809654
28 0.694047
29 0.997471
30 0.0243954
31 0.997337
32 0.999096
33 0.269249
34 0.935126
35 0.0468704
36 0.985334
37 0.99502
38 0.0906543
39 0.244013
40 0.70642
41 0.40498
42 0.147009
43 0.650483
44 0.155488
45 0.157254
46 0.210171
47 0.299633
48 0.369956
49 0.259897
50 0.481417
51 0.242171
52 0.0485732
53 0.594716
54 0.139975
55 0.174319
56 0.462468
57 0.198879
58 0.435508
59 0.340217
0 0.743687
1 0.0756565
2 1
3 1
4 0.5
5 0
6 0
7 0.1
8 0.34902
9 0.34902
10 0.34902
11 0.34902
12 0.34902
13 0.0235294
14 0.0235294
15 0.00641711
16 0
17 0.272727
18 0.136898
19 0.25098
20 0.25098
21 0.25098
22 0.25098
23 0.673797
24 0.0814617
25 0.14902
26 0.998344
27 0.846305
28 0.668312
29 0.997539
30 0.0187876
31 0.975291
32 0.996077
33 0.195305
34 0.946483
35 0.0977903
36 0.98383
37 0.99289
38 0.0684579
39 0.139724
40 0.760724
41 0.119193
42 0.0665251
43 0.537956
44 0.58148
45 0.232204
46 0.251509
47 0.291639
48 0.409833
49 0.233982
50 0.46713
51 0.296509
52 0.150207
53 0.465041
54 0.101479
55 0.422575
56 0.437006
57 0.147985
58 0.114455
59 0.0484527
0 0.281823
1 0.0653312
2 0.5
3 0.1
4 0
5 0.2
6 0.17451
7 0.34902
8 0.34902
9 0.34902
10 0.34902
11 0.34902
12 0.34902
13 0.509091
14 0.218182
15 0.163636
16 0.381818
17 0.228164
18 0.25098
19 0.25098
20 0.25098
21 0.25098
22 0.25098
23 0.2
24 0.133333
25 0.14902
26 0.999073
27 0.862298
28 0.804959
29 0.998023
30 0.0231302
31 0.983393
32 0.997394
33 0.2293
34 0.956186
35 0.0716453
36 0.987584
37 0.993427
38 0.0754144
39 0.144076
40 0.744898
41 0.117819
42 0.0862844
43 0.724802
44 0.515321
45 0.308081
46 0.222094
47 0.42164
48 0.265651
49 0.225302
50 0.708516
51 0.41398
52 0.353366
53 0.66369
54 0.188965
55 0.493715
56 0.576728
57 0.247426
58 0.143438
59 0.0629053
0 0.777483
1 0.05512
2 0.2
3 0.1
4 0.34902
5 0.34902
6 0.34902
7 0.34902
8 0.34902
9 0.27451
10 0.34902
11 0.27451
12 0.27451
13 0.545455
14 0.31836
15 0.25098
16 0.25098
17 0.25098
18 0.25098
19 0.409626
20 0.25098
21 0.409626
22 0.409626
23 0.149554
24 0.153654
25 0.165241
26 0.999176
27 0.875182
28 0.787715
29 0.998975
30 0.020138
31 0.992665
32 0.99865
33 0.26235
34 0.944114
35 0.077317
36 0.991666
37 0.994363
38 0.0654292
39 0.159511
40 0.788866
41 0.304093
42 0.142333
43 0.728673
44 0.629098
45 0.327822
46 0.283543
47 0.491061
48 0.307634
49 0.317069
50 0.675721
51 0.428817
52 0.358896
53 0.666019
54 0.172642
55 0.473252
56 0.63281
57 0.257615
58 0.122557
59 0.13366
0 0.448654
1 0.0483004
2 0.476471
3 0.34902
4 0.34902
5 0.34902
6 0.34902
7 0.34902
8 0.27451
9 0.34902
10 0.2
11 0.2
12 0
13 0.192157
14 0.25098
15 0.25098
16 0.25098
17 0.25098
18 0.28271
19 0.377896
20 0.504813
21 0.6
22 0.0545451
23 0.251693
24 0.155971
25 0.136185
26 0.999197
27 0.888294
28 0.782876
29 0.999216
30 0.0274058
31 0.993158
32 0.9989
33 0.108174
34 0.978159
35 0.0534213
36 0.985967
37 0.998961
38 0.0448795
39 0.146615
40 0.75111
41 0.16779
42 0.233967
43 0.85271
44 0.770316
45 0.404733
46 0.498159
47 0.662283
48 0.393784
49 0.522474
50 0.774033
51 0.68631
52 0.524053
53 0.881413
54 0.277391
55 0.488523
56 0.686814
57 0.498244
58 0.232124
59 0.0818591
0 0.622282
1 0.0412922
2 0.34902
3 0.34902
4 0.34902
5 0.27451
6 0.34902
7 0.34902
8 0.2
9 0
10 0.5
11 1
12 1
13 0.25098
14 0.25098
15 0.346168
16 0.314438
17 0.25098
18 0.441355
19 0.218182
20 0.272727
21 1
22 0.999999
23 0.155971
24 0.149376
25 0.681818
26 0.99993
27 0.930504
28 0.917228
29 0.999925
30 0.00119344
31 0.999952
32 0.999926
33 0.127315
34 0.95172
35 0.0548508
36 0.996663
37 0.999435
38 0.0218176
39 0.520932
40 0.411341
41 0.188628
42 0.125424
43 0.961458
44 0.979089
45 0.781304
46 0.888291
47 0.976454
48 0.826241
49 0.891658
50 0.995422
51 0.921266
52 0.97625
53 0.991139
54 0.655008
55 0.889375
56 0.994423
57 0.979169
58 0.264596
59 0.116857
0 0.0153386
1 0.0276381
2 1
3 1
4 1
5 0.976471
6 0.976471
7 0.976471
8 0.976471
9 0.976471
10 0.976471
11 0.976471
12 0.976471
13 1
14 1
15 0.851337
16 0.454902
17 0.454902
18 0.454902
19 0.454902
20 0.454902
21 0.454902
22 0.454902
23 0.835294
24 0.0941176
25 0.0941176
26 0.999932
27 0.955875
28 0.855307
29 0.999923
30 0.00319578
31 0.99999
32 0.999961
33 0.159583
34 0.97787
35 0.223753
36 0.997923
37 0.999599
38 0.0234926
39 0.741729
40 0.443918
41 0.378141
42 0.220067
43 0.978793
44 0.977009
45 0.583138
46 0.794974
47 0.97886
48 0.695825
49 0.861644
50 0.981634
51 0.881066
52 0.977497
53 0.991909
54 0.701917
55 0.863315
56 0.991831
57 0.969253
58 0.442658
59 0.657228
0 0.140055
1 0.0141783
2 0.968627
3 0.968627
4 0.968627
5 0.968627
6 0.968627
7 0.968627
8 0.968627
9 0.968627
10 0.968627
11 0.968627
12 0.968627
13 0.454902
14 0.454902
15 0.454902
16 0.454902
17 0.454902
18 0.454902
19 0.454902
20 0.454902
21 0.454902
22 0.454902
23 0.0470588
24 0.0470588
25 0.0470588
26 0.999196
27 0.843066
28 0.747508
29 0.995793
30 0.333065
31 0.9985
32 0.999648
33 0.450316
34 0.985366
35 0.551032
36 0.995566
37 0.987757
38 0.149002
39 0.301788
40 0.913721
41 0.378842
42 0.0576083
43 0.363553
44 0.126071
45 0.0459045
46 0.0352409
47 0.0570581
48 0.0748902
49 0.0360431
50 0.155148
51 0.124408
52 0.026723
53 0.324285
54 0.117716
55 0.232466
56 0.141793
57 0.106587
58 0.834036
59 0.874223
end fitness = 2.17201
