brainFunction 22909 26 19 153 24811 2-8 9-16 17-18
0 0.539254
1 0.0193617
2 0.862032
3 0.264528
4 0.68574
5 0.260428
6 0.518182
7 0.563993
8 0.542246
9 0.424955
10 0.175401
11 0.37041
12 0.405348
13 0.434225
14 0.265954
15 0.779323
16 0.665241
17 0.513726
18 0.415686
19 0.874153
20 0.147927
21 0.0489249
22 0.982991
23 0.0727417
24 0.145482
25 0.968649
0 0.312237
1 0.344382
2 0.0627451
3 0.0627451
4 0.109269
5 0.403922
6 0.403922
7 0.403922
8 0.403922
9 0.0627451
10 0.0627451
11 0.0627451
12 0.0342246
13 0.0235294
14 0.0235294
15 0.0235294
16 0.0235294
17 0.190374
18 0.764706
19 0.885759
20 0.347335
21 0.0421844
22 0.948982
23 0.0695986
24 0.16141
25 0.953644
0 0.907606
1 0.337919
2 0.00392157
3 0.00392157
4 0.00392157
5 0.00392157
6 0.00392157
7 0.00392157
8 0.00392157
9 0.00392157
10 0.00392157
11 0.00392157
12 0.00392157
13 0.00392157
14 0.00392157
15 0.00392157
16 0.00392157
17 0.00392157
18 0.00392157
19 0.895788
20 0.466044
21 0.0450366
22 0.952833
23 0.100918
24 0.156783
25 0.971089
0 0.138454
1 0.329996
2 0.027451
3 0.027451
4 0.027451
5 0.027451
6 0.027451
7 0.027451
8 0.027451
9 0.027451
10 0.027451
11 0.027451
12 0.027451
13 0.027451
14 0.027451
15 0.027451
16 0.027451
17 0.027451
18 0.027451
19 0.967067
20 0.101386
21 0.0582388
22 0.948075
23 0.0678355
24 0.113053
25 0.99058
0 0.247001
1 0.323961
2 0.745454
3 0.73369
4 0.190374
5 0.109982
6 0.11016
7 0.104456
8 0.0784314
9 0.715865
10 0.172549
11 0.239216
12 0.295544
13 0.22959
14 0.182531
15 0.27451
16 0.27451
17 0.665241
18 0.599643
19 0.961442
20 0.12471
21 0.0510021
22 0.921944
23 0.105912
24 0.19431
25 0.970765
0 0.330843
1 0.317959
2 0.492157
3 0.08877
4 0.151337
5 0.163993
6 0.0893048
7 0.0513369
8 0
9 0.590731
10 0.208556
11 0.436007
12 0.381818
13 0.292335
14 0.273797
15 0.149733
16 0
17 0.507665
18 0.458467
19 0.947792
20 0.299986
21 0.0807876
22 0.953519
23 0.155843
24 0.254163
25 0.96536
0 0.0800096
1 0.31202
2 0.0727273
3 0.0545455
4 0.31943
5 0.00427807
6 0.0235294
7 0.00213904
8 0
9 0.272014
10 0.272727
11 0.228164
12 0.336542
13 0.27451
14 0.224599
15 0
16 0
17 0.308734
18 0.363636
19 0.933839
20 0.125432
21 0.0659597
22 0.901949
23 0.0648149
24 0.195637
25 0.967328
0 0.996253
1 0.306145
2 0.52549
3 0.0987522
4 0.0176471
5 0.00392157
6 0.00053476
7 0
8 0
9 0.537255
10 0.309804
11 0.249554
12 0.199643
13 0.199643
14 0
15 0
16 0
17 0.752585
18 0.181818
19 0.933169
20 0.428701
21 0.131114
22 0.959382
23 0.0780405
24 0.355313
25 0.977419
0 0.137213
1 0.300362
2 0.00713012
3 0.0848485
4 0.737255
5 0.134046
6 0
7 0
8 0
9 0.0748663
10 0.27451
11 0.268093
12 0.169697
13 0
14 0
15 0
16 0
17 0.654545
18 0
19 0.930569
20 0.264367
21 0.103065
22 0.945337
23 0.0962226
24 0.192025
25 0.945439
0 0.565407
1 0.294422
2 0.101961
3 0.101961
4 0.338859
5 0
6 0
7 0
8 0.0848485
9 0.266667
10 0.266667
11 0.506239
12 0
13 0
14 0
15 0
16 0.0641711
17 0.147594
18 0.104456
19 0.918618
20 0.169002
21 0.0734282
22 0.961294
23 0.08543
24 0.155668
25 0.935535
0 0.905874
1 0.288639
2 0.0935829
3 0.137255
4 0.118538
5 0
6 0.0124777
7 0.054902
8 0.054902
9 0.169697
10 0.266667
11 0.266667
12 0.0727273
13 0
14 0
15 0
16 0
17 0.0513369
18 0.608913
19 0.946107
20 0.0807085
21 0.0487432
22 0.975009
23 0.0973572
24 0.139403
25 0.959489
0 0.377767
1 0.383693
2 0.0823529
3 0.0748663
4 0
5 0.0156863
6 0.0607843
7 0.416043
8 0.0377896
9 0.266667
10 0.266667
11 0.0484848
12 0
13 0
14 0.286631
15 0.609269
16 0.176471
17 0.0171123
18 0.876292
19 0.940131
20 0.210149
21 0.0490761
22 0.966114
23 0.122329
24 0.213641
25 0.986379
0 0.0640056
1 0.481701
2 0.0836007
3 0.00802139
4 0.0196078
5 0.134759
6 0.0367201
7 0.0149733
8 0.0130125
9 0.0969697
10 0
11 0
12 0.115508
13 0.514795
14 0.204635
15 0.462032
16 0.397148
17 0.523708
18 0.640285
19 0.922354
20 0.103991
21 0.0764784
22 0.969315
23 0.0958613
24 0.298885
25 0.96788
0 0.902077
1 0.47529
2 0.0196078
3 0.0196078
4 0.108913
5 0.014795
6 0.00819964
7 0.31533
8 0.322103
9 0
10 0
11 0.265954
12 0.223173
13 0.52549
14 0.235294
15 0.265597
16 0.43672
17 0.778966
18 0.713012
19 0.957853
20 0.0397995
21 0.122686
22 0.974587
23 0.23596
24 0.20985
25 0.954172
0 0.414023
1 0.469651
2 0.00784314
3 0.00784314
4 0.0203209
5 0.168984
6 0.540107
7 0.717291
8 0.222103
9 0.52549
10 0.52549
11 0.493761
12 0.214973
13 0.0156863
14 0.775758
15 0.109091
16 0.52549
17 0.626025
18 0.704813
19 0.941718
20 0.121941
21 0.0872814
22 0.978863
23 0.104175
24 0.275358
25 0.984423
0 0.0997921
1 0.463848
2 0.00784314
3 0.0762923
4 0.218182
5 0.201426
6 0.225668
7 0.356328
8 0.144563
9 0.176471
10 0.0823529
11 0.0926916
12 0.297326
13 0.0156863
14 0.423529
15 0.385383
16 0.289127
17 0.750802
18 0.722995
19 0.930992
20 0.135879
21 0.0862991
22 0.964536
23 0.107731
24 0.194296
25 0.98126
0 0.00778851
1 0.458259
2 0.155258
3 0.148663
4 0.0500891
5 0.0156863
6 0.0156863
7 0.508378
8 0.307843
9 0.344742
10 0.269162
11 0.268449
12 0.027451
13 0.0156863
14 0.18467
15 0.377184
16 0.239572
17 0.55508
18 0.557576
19 0.923613
20 0.122345
21 0.0924727
22 0.972412
23 0.0367186
24 0.125284
25 0.990846
0 0.822965
1 0.452543
2 0.49893
3 0.800713
4 0.148128
5 0.0117647
6 0.0117647
7 0.0117647
8 0.0117647
9 0.363636
10 0
11 0.0641711
12 0.0156863
13 0.0156863
14 0.0156863
15 0.0156863
16 0.0156863
17 0.847772
18 0.878431
19 0.853126
20 0.194656
21 0.0757731
22 0.972196
23 0.0595804
24 0.276375
25 0.981332
0 0.679506
1 0.446858
2 0.0117647
3 0.0117647
4 0.0117647
5 0.0117647
6 0.0117647
7 0.0117647
8 0.0117647
9 0.0156863
10 0.0156863
11 0.0156863
12 0.0156863
13 0.0156863
14 0.0156863
15 0.0156863
16 0.0156863
17 0.878431
18 0.878431
19 0.863479
20 0.164485
21 0.0880567
22 0.969646
23 0.0543102
24 0.259217
25 0.973391
0 0.962405
1 0.441232
2 0.0156863
3 0.0156863
4 0.0156863
5 0.0156863
6 0.0156863
7 0.0156863
8 0.0156863
9 0.0156863
10 0.0156863
11 0.0156863
12 0.0156863
13 0.0156863
14 0.0156863
15 0.0156863
16 0.0156863
17 0.768627
18 0.768627
19 0.923401
20 0.177876
21 0.146575
22 0.966706
23 0.085414
24 0.286609
25 0.981858
0 0.267046
1 0.435472
2 0.0445633
3 0.168627
4 0.313191
5 0.0352941
6 0.0352941
7 0.0352941
8 0.0352941
9 0.365775
10 0.19893
11 0.449554
12 0.105169
13 0.054902
14 0.054902
15 0.054902
16 0.054902
17 0.838859
18 0.835294
19 0.967269
20 0.097274
21 0.263216
22 0.984254
23 0.134256
24 0.220405
25 0.978398
0 0.0773989
1 0.429663
2 0.00784314
3 0.541176
4 0.505526
5 0.16631
6 0.52852
7 0.393405
8 0.0196078
9 0.239216
10 0.513012
11 0.701604
12 0.174688
13 0.105169
14 0.348307
15 0.0449198
16 0.054902
17 0.819251
18 0.801069
19 0.958845
20 0.118932
21 0.17303
22 0.970165
23 0.111593
24 0.239442
25 0.954906
0 0.8569
1 0.422927
2 0.108913
3 0.2
4 0.505704
5 0.34082
6 0
7 0.0213904
8 0.0235294
9 0.296257
10 0.535829
11 0.241711
12 0.203922
13 0.353654
14 0.00285205
15 0.0156863
16 0.0156863
17 0.502674
18 0.593226
19 0.963016
20 0.129372
21 0.171093
22 0.968728
23 0.0708641
24 0.182423
25 0.980553
0 0.67049
1 0.416518
2 0.490909
3 0.657219
4 0.637433
5 0.00499109
6 0.027451
7 0.027451
8 0.027451
9 0.376471
10 0.246702
11 0.543672
12 0.26631
13 0.00998217
14 0.0156863
15 0.0156863
16 0.0156863
17 0.543672
18 0.688057
19 0.860999
20 0.309069
21 0.0872125
22 0.971223
23 0.0908276
24 0.256369
25 0.987733
0 0.040615
1 0.410638
2 0.0313726
3 0.0313726
4 0.0313726
5 0.0313725
6 0.0313725
7 0.0313726
8 0.0114082
9 0.0156863
10 0.0156863
11 0.0156863
12 0.0156863
13 0.0156863
14 0.0156863
15 0.0156863
16 0.00427807
17 0.788235
18 0.64492
19 0.887165
20 0.443489
21 0.0986798
22 0.948257
23 0.0858053
24 0.262542
25 0.982853
0 0.265894
1 0.499283
2 0.0235294
3 0.0235294
4 0.0228164
5 0
6 0
7 0
8 0
9 0.0156863
10 0.0156863
11 0.133333
12 0.0748663
13 0
14 0
15 0
16 0
17 0.710873
18 0
19 0.892313
20 0.287535
21 0.0776519
22 0.955929
23 0.0762075
24 0.179977
25 0.949524
0 0.995265
1 0.493629
2 0.0124777
3 0
4 0
5 0
6 0
7 0
8 0
9 0.199643
10 0
11 0
12 0
13 0
14 0
15 0
16 0
17 0.181818
18 0
19 0.891775
20 0.365438
21 0.0686615
22 0.959991
23 0.11952
24 0.162498
25 0.963663
0 0.811405
1 0.488064
2 0
3 0
4 0
5 0
6 0
7 0
8 0.00499109
9 0
10 0
11 0
12 0
13 0
14 0
15 0
16 0.382175
17 0
18 0.05918
19 0.895002
20 0.267712
21 0.0672077
22 0.970931
23 0.0993344
24 0.16334
25 0.948881
0 0.712912
1 0.482341
2 0
3 0
4 0
5 0
6 0
7 0.044385
8 0.0666667
9 0
10 0
11 0
12 0
13 0
14 0.0955437
15 0.0955437
16 0
17 0
18 0.494831
19 0.879154
20 0.244796
21 0.0704307
22 0.976246
23 0.120702
24 0.160778
25 0.962546
0 0.713714
1 0.503289
2 0
3 0
4 0
5 0.0057041
6 0.0313725
7 0.0313726
8 0.0862745
9 0
10 0
11 0
12 0
13 0
14 0
15 0
16 0.276649
17 0
18 0.76328
19 0.918653
20 0.139759
21 0.0694775
22 0.976275
23 0.104611
24 0.202242
25 0.96947
0 0.524115
1 0.497497
2 0
3 0
4 0.00909091
5 0.0117647
6 0.00427807
7 0.418182
8 0.0320855
9 0
10 0
11 0
12 0
13 0.13262
14 0.308734
15 0.410339
16 0.173619
17 0.342246
18 0.636364
19 0.895055
20 0.180777
21 0.0897664
22 0.970566
23 0.0926113
24 0.234102
25 0.974351
0 0.947638
1 0.491519
2 0.00124777
3 0.027451
4 0.027451
5 0.104635
6 0.0115864
7 0.02959
8 0.199822
9 0
10 0
11 0
12 0.0741533
13 0.206774
14 0.0941176
15 0.172549
16 0.412121
17 0.614973
18 0.560428
19 0.901153
20 0.144551
21 0.10029
22 0.982528
23 0.141972
24 0.223539
25 0.98506
0 0.131216
1 0.485537
2 0.0235294
3 0.0235294
4 0.0780749
5 0.0511586
6 0.423173
7 0.398931
8 0.283066
9 0
10 0
11 0.0944742
12 0.106595
13 0.172549
14 0.158289
15 0.166132
16 0.397148
17 0.646702
18 0.708734
19 0.93167
20 0.0646413
21 0.120261
22 0.984827
23 0.12744
24 0.189209
25 0.971357
0 0.679776
1 0.479088
2 0.027451
3 0.0716578
4 0.0552585
5 0.219964
6 0.87861
7 0.297861
8 0.445633
9 0
10 0.141176
11 0.206774
12 0.173975
13 0.163993
14 0.364349
15 0.203209
16 0.370766
17 0.75615
18 0.613191
19 0.960326
20 0.0484411
21 0.144056
22 0.977101
23 0.078441
24 0.220541
25 0.969883
0 0.93042
1 0.473069
2 0.0249554
3 0.0545455
4 0.222816
5 0.922995
6 0.56221
7 0.34902
8 0.309091
9 0.196791
10 0.172549
11 0.281283
12 0.468806
13 0.156863
14 0.342246
15 0.25098
16 0.270945
17 0.958645
18 0.432799
19 0.978308
20 0.0491571
21 0.242844
22 0.970993
23 0.0742338
24 0.183981
25 0.981368
0 0.835792
1 0.467201
2 0.396613
3 0.487879
4 0.752585
5 0.533868
6 0.34902
7 0.14385
8 0.380749
9 0.480214
10 0.326203
11 0.750802
12 0.156863
13 0.179679
14 0.260963
15 0.416399
16 0.574688
17 0.918004
18 0.376471
19 0.980386
20 0.0529939
21 0.197434
22 0.984756
23 0.074158
24 0.151978
25 0.987104
0 0.600051
1 0.461283
2 0.348307
3 0.829947
4 0.684849
5 0.34902
6 0.113369
7 0.258824
8 0.114617
9 0.426025
10 0.258467
11 0.165419
12 0.25098
13 0.346168
14 0.272014
15 0.544742
16 0.27451
17 0.708378
18 0.67344
19 0.974368
20 0.0879582
21 0.124203
22 0.9767
23 0.252945
24 0.163499
25 0.98343
0 0.0609133
1 0.455382
2 0.511943
3 0.308378
4 0.328699
5 0.0370766
6 0.342959
7 0.0467024
8 0.0313725
9 0.257398
10 0.402852
11 0.25098
12 0.373619
13 0.272014
14 0.44385
15 0.27451
16 0.27451
17 0.433155
18 0.830303
19 0.969679
20 0.094387
21 0.114472
22 0.962925
23 0.254113
24 0.158271
25 0.975177
0 0.292741
1 0.449366
2 0.34902
3 0.202852
4 0.0663102
5 0.101961
6 0.2
7 0.267202
8 0.107843
9 0.25098
10 0.280927
11 0.411052
12 0.173619
13 0.6
14 0.6
15 0.36221
16 0.27451
17 0.53369
18 0.438859
19 0.965555
20 0.0904329
21 0.111561
22 0.964022
23 0.265873
24 0.189293
25 0.978812
0 0.124456
1 0.443227
2 0.361854
3 0.073262
4 0.0500891
5 0.156328
6 0.26738
7 0.337968
8 0.376471
9 0.406417
10 0.401426
11 0.22139
12 0.448128
13 0.497326
14 0.324064
15 0.352228
16 0.376471
17 0.573619
18 0.486631
19 0.972266
20 0.084537
21 0.210576
22 0.965589
23 0.202587
24 0.184301
25 0.961124
0 0.59606
1 0.43534
2 0.2
3 0.272371
4 0.269697
5 0.223529
6 0.167201
7 0.126025
8 0.305882
9 0.6
10 0.6
11 0.521569
12 0.420321
13 0.388948
14 0.165775
15 0.210339
16 0.243137
17 0.474866
18 0.643494
19 0.973827
20 0.0896025
21 0.203092
22 0.976221
23 0.346363
24 0.16405
25 0.97988
0 0.266873
1 0.53561
2 0.119608
3 0.405169
4 0.2
5 0.359715
6 0.386096
7 0.0941177
8 0.887166
9 0.239216
10 0.498039
11 0.490909
12 0.381818
13 0.709091
14 0.340463
15 0.352585
16 0.929412
17 0.634225
18 0.617112
19 0.970693
20 0.0287056
21 0.156078
22 0.974995
23 0.20369
24 0.159298
25 0.959117
0 0.705868
1 0.527823
2 0.2
3 0.2
4 0.214082
5 0.138859
6 0.0713012
7 0.576827
8 0.964706
9 0.6
10 0.6
11 0.497326
12 0.163636
13 0.297326
14 0.224599
15 0.789305
16 0.964706
17 0.315865
18 0.836364
19 0.988572
20 0.00497696
21 0.129103
22 0.99253
23 0.32382
24 0.182672
25 0.9714
0 0.427077
1 0.520243
2 0.054902
3 0.0921568
4 0.286453
5 0.964706
6 0.964706
7 0.964706
8 0.964706
9 0.317647
10 0.304813
11 0.0891266
12 0.701604
13 0.964706
14 0.964706
15 0.964706
16 0.964706
17 0.800357
18 0.964706
19 0.956719
20 0.105541
21 0.181519
22 0.97968
23 0.17028
24 0.252364
25 0.988254
0 0.114778
1 0.622207
2 0.188235
3 0.188235
4 0.188235
5 0.188235
6 0.188235
7 0.188235
8 0.188235
9 0.305882
10 0.305882
11 0.305882
12 0.305882
13 0.305882
14 0.305882
15 0.305882
16 0.305882
17 0.980392
18 0.980392
19 0.950557
20 0.230785
21 0.178896
22 0.944307
23 0.110914
24 0.187976
25 0.979542
0 0.682621
1 0.615798
2 0.367201
3 0.305348
4 0.0754011
5 0.0156863
6 0
7 0
8 0
9 0.396791
10 0.423173
11 0.27451
12 0.27451
13 0
14 0
15 0
16 0
17 0.715865
18 0
19 0.86961
20 0.361349
21 0.124767
22 0.965822
23 0.133939
24 0.199503
25 0.964564
0 0.251308
1 0.609434
2 0.0247772
3 0.0213904
4 0
5 0
6 0
7 0
8 0.80107
9 0.27451
10 0.224599
11 0
12 0
13 0
14 0
15 0.00106952
16 0.0117647
17 0.438146
18 0.219251
19 0.856341
20 0.297622
21 0.095418
22 0.976252
23 0.14141
24 0.162395
25 0.95207
0 0.253786
1 0.603069
2 0
3 0
4 0
5 0
6 0
7 0.491266
8 0.831372
9 0
10 0
11 0
12 0
13 0
14 0
15 0.00962567
16 0.0117647
17 0
18 0.365419
19 0.881682
20 0.150098
21 0.0929167
22 0.981756
23 0.114759
24 0.149985
25 0.949521
0 0.696127
1 0.596516
2 0
3 0
4 0
5 0
6 0.192513
7 0.847059
8 0.308021
9 0
10 0
11 0
12 0
13 0
14 0.00641711
15 0.0117647
16 0.00320856
17 0
18 0.363636
19 0.853134
20 0.265136
21 0.0922402
22 0.975724
23 0.117261
24 0.160139
25 0.938904
0 0.681067
1 0.59005
2 0
3 0
4 0
5 0
6 0
7 0.309626
8 0.778431
9 0
10 0
11 0
12 0
13 0
14 0
15 0
16 0.00427807
17 0
18 0.419964
19 0.902483
20 0.134726
21 0.0899462
22 0.987222
23 0.114575
24 0.128975
25 0.963131
0 0.478729
1 0.583713
2 0
3 0
4 0
5 0
6 0.539037
7 0.443672
8 0.0479501
9 0
10 0
11 0
12 0
13 0
14 0
15 0.128342
16 0
17 0
18 0.716578
19 0.89455
20 0.132162
21 0.0883321
22 0.984644
23 0.109259
24 0.112708
25 0.952408
0 0.860778
1 0.577581
2 0
3 0
4 0
5 0.494118
6 0.242068
7 0.0688057
8 0.516399
9 0
10 0
11 0
12 0
13 0.0663102
14 0.0221034
15 0.100891
16 0.352585
17 0
18 0.905526
19 0.952138
20 0.079095
21 0.133423
22 0.987531
23 0.147855
24 0.198234
25 0.965023
0 0.558035
1 0.571453
2 0
3 0
4 0.419608
5 0.759358
6 0.218003
7 0.536364
8 0.386274
9 0
10 0
11 0
12 0.36221
13 0.437077
14 0.305169
15 0.190374
16 0.168271
17 0.355793
18 0.7918
19 0.980444
20 0.110204
21 0.373976
22 0.992284
23 0.129377
24 0.220919
25 0.983473
0 0.638477
1 0.565347
2 0.0442068
3 0.878431
4 0.961319
5 0.270766
6 0.594474
7 0.023173
8 0.595365
9 0
10 0
11 0.452763
12 0.810695
13 0.39893
14 0.197861
15 0.174688
16 0.318004
17 0.645989
18 0.737611
19 0.993282
20 0.0209934
21 0.434278
22 0.974884
23 0.157449
24 0.0921497
25 0.990798
0 0.299219
1 0.558978
2 0.928699
3 0.996078
4 0.790018
5 0.224421
6 0.367558
7 0.319252
8 0.40303
9 0.633868
10 0.996078
11 0.972193
12 0.3041
13 0.112299
14 0.239216
15 0.570767
16 0.567914
17 0.910517
18 0.564349
19 0.993415
20 0.02889
21 0.278481
22 0.98328
23 0.170972
24 0.167812
25 0.992982
0 0.428086
1 0.550754
2 0.815686
3 0.831729
4 0.992157
5 0.811765
6 0.444741
7 0.287701
8 0.122282
9 0
10 0
11 0.811765
12 0.992157
13 0.5041
14 0.624599
15 0.300535
16 0.416043
17 0.996435
18 0.583957
19 0.949348
20 0.0946186
21 0.174284
22 0.979671
23 0.218345
24 0.2234
25 0.979943
0 0.0821971
1 0.542638
2 0.344385
3 0
4 0.466667
5 0.31729
6 0.289661
7 0.085918
8 0.667201
9 0.479857
10 0.185383
11 0.167558
12 0.233868
13 0.550446
14 0.354367
15 0.154724
16 0.0798574
17 0.787879
18 0.62852
19 0.97053
20 0.0389164
21 0.248576
22 0.977805
23 0.177211
24 0.256102
25 0.978843
0 0.460294
1 0.534711
2 0.41836
3 0.196257
4 0.479501
5 0.540107
6 0.0258467
7 0.909804
8 0.499643
9 0.433512
10 0.321569
11 0.497326
12 0.845276
13 0.340463
14 0.086631
15 0.0509804
16 0.11943
17 0.794296
18 0.810695
19 0.967574
20 0.0298997
21 0.281451
22 0.989729
23 0.227575
24 0.152628
25 0.982114
0 0.825012
1 0.526939
2 0.172193
3 0.418895
4 0.357219
5 0.274153
6 0.853832
7 0.152941
8 0.635651
9 0.398574
10 0.418538
11 0.374332
12 0.429947
13 0.595722
14 0.0509804
15 0.204991
16 0.786809
17 0.794296
18 0.905169
19 0.976588
20 0.0191025
21 0.142364
22 0.978722
23 0.0960382
24 0.0947118
25 0.984253
0 0.677335
1 0.519162
2 0.57861
3 0.362567
4 0.189661
5 0.818182
6 0.21123
7 0.308735
8 0.399643
9 0.714082
10 0.341889
11 0.336185
12 0.468806
13 0.218538
14 0.085918
15 0.583244
16 0.502674
17 0.644207
18 0.967914
19 0.967034
20 0.0570735
21 0.26586
22 0.992152
23 0.168899
24 0.147666
25 0.984084
0 0.694308
1 0.511126
2 0.106239
3 0.728342
4 0.554189
5 0.178431
6 0.605704
7 0.18877
8 0.321034
9 0.386096
10 0.197861
11 0.0734403
12 0.191087
13 0.39893
14 0.648485
15 0.175758
16 0.345455
17 0.871658
18 0.706952
19 0.96988
20 0.0381193
21 0.123654
22 0.977779
23 0.305886
24 0.0996449
25 0.988055
0 0.056055
1 0.502827
2 0.696613
3 0.068984
4 0.0811052
5 0.351159
6 0.633868
7 0.145633
8 0.156328
9 0.506239
10 0.491266
11 0.165419
12 0.137611
13 0.377184
14 0.497683
15 0.317647
16 0.484492
17 0.691622
18 0.68057
19 0.966521
20 0.0414136
21 0.1288
22 0.983368
23 0.293586
24 0.134791
25 0.978753
0 0.700345
1 0.494359
2 0.239572
3 0.104813
4 0.104456
5 0.840998
6 0.488414
7 0.14082
8 0.928342
9 0.171123
10 0.191087
11 0.182888
12 0.468806
13 1
14 0.286988
15 0.459893
16 0.972549
17 0.635651
18 0.792157
19 0.961834
20 0.0226401
21 0.0852393
22 0.991292
23 0.284291
24 0.11846
25 0.966742
0 0.268559
1 0.486429
2 0.0784314
3 0.0784314
4 0.0784314
5 0.0784314
6 0.581105
7 1
8 1
9 0.0784314
10 0.0784314
11 0.0784314
12 0.0784314
13 0.0784314
14 0.916221
15 1
16 1
17 0.0784314
18 0.748663
19 0.944639
20 0.0936541
21 0.196447
22 0.981187
23 0.169418
24 0.246507
25 0.985452
0 0.433053
1 0.478062
2 0.14902
3 0.14902
4 0.14902
5 0.14902
6 0.14902
7 0.14902
8 0.14902
9 0.305882
10 0.305882
11 0.305882
12 0.305882
13 0.305882
14 0.305882
15 0.305882
16 0.305882
17 1
18 1
19 0.982925
20 0.0395777
21 0.23746
22 0.973335
23 0.228405
24 0.0809209
25 0.991809
0 0.220237
1 0.467995
2 0.992157
3 0.73066
4 0.274866
5 0.127986
6 0.0529412
7 0.027451
8 0.027451
9 0.992157
10 0.821034
11 0.0816399
12 0.379679
13 0.337255
14 0.27451
15 0.27451
16 0.27451
17 0.782531
18 0.851693
19 0.932287
20 0.202268
21 0.141322
22 0.976785
23 0.144223
24 0.22462
25 0.984781
0 0.327334
1 0.458251
2 0.157754
3 0.131373
4 0.197683
5 0.0773618
6 0.0122995
7 0.0463458
8 0.0509804
9 0.0370766
10 0.00499109
11 0.397504
12 0.307665
13 0.199643
14 0.0499109
15 0.27451
16 0.27451
17 0.550802
18 0.683066
19 0.962757
20 0.11005
21 0.203654
22 0.962963
23 0.251
24 0.122611
25 0.966469
0 0.639927
1 0.449807
2 0.430838
3 0.190374
4 0.0941177
5 0.19893
6 0.146524
7 0.00106952
8 0
9 0.431373
10 0.596078
11 0.33369
12 0.174688
13 0.447059
14 0.250267
15 0
16 0
17 0.450267
18 0.363636
19 0.938713
20 0.228984
21 0.243946
22 0.966239
23 0.159436
24 0.309998
25 0.980613
0 0.650447
1 0.44322
2 0.141176
3 0.113725
4 0.381283
5 0.00641711
6 0
7 0
8 0.0499109
9 0.39287
10 0.27451
11 0.340463
12 0.495187
13 0.11123
14 0
15 0
16 0.199643
17 0.804991
18 0.272727
19 0.922744
20 0.0788604
21 0.150077
22 0.969127
23 0.129524
24 0.162071
25 0.976918
0 0.686175
1 0.436582
2 0.35615
3 0.0117647
4 0.0026738
5 0
6 0.0178253
7 0.0784314
8 0.0784314
9 0.546881
10 0.305882
11 0.166845
12 0
13 0
14 0.149733
15 0.27451
16 0.27451
17 0.618182
18 0.636364
19 0.926397
20 0.314921
21 0.110704
22 0.976567
23 0.247215
24 0.15906
25 0.973022
0 0.093851
1 0.430019
2 0
3 0
4 0
5 0.353476
6 0.0705882
7 0.00641713
8 0
9 0
10 0
11 0
12 0.363636
13 0.27451
14 0.224599
15 0
16 0
17 0.0909091
18 0.454545
19 0.935355
20 0.413799
21 0.25833
22 0.963118
23 0.174803
24 0.21322
25 0.9825
0 0.228583
1 0.423534
2 0.0454545
3 0.312656
4 0.054902
5 0.0449198
6 0
7 0
8 0
9 0
10 0.513369
11 0.27451
12 0.27451
13 0.0998217
14 0
15 0
16 0
17 0.727273
18 0.0909091
19 0.863523
20 0.258322
21 0.122236
22 0.974287
23 0.126459
24 0.162371
25 0.959925
0 0.600317
1 0.417005
2 0.0249554
3 0
4 0
5 0
6 0
7 0.0588236
8 0.281818
9 0.199643
10 0
11 0
12 0
13 0
14 0
15 0.00534759
16 0.00320856
17 0.181818
18 0.330838
19 0.879525
20 0.236848
21 0.10792
22 0.979988
23 0.162721
24 0.13438
25 0.965161
0 0.659061
1 0.410648
2 0
3 0
4 0
5 0
6 0.242246
7 0.0898398
8 0.0946524
9 0
10 0
11 0
12 0
13 0
14 0.00855615
15 0.0160428
16 0.324777
17 0
18 0.458467
19 0.893498
20 0.220652
21 0.0965636
22 0.982349
23 0.162889
24 0.12786
25 0.976608
0 0.364565
1 0.404344
2 0
3 0
4 0
5 0.1959
6 0.108556
7 0.0737968
8 0.154545
9 0
10 0
11 0
12 0
13 0.00962567
14 0.000356506
15 0.266667
16 0.568984
17 0
18 0.733333
19 0.902454
20 0.228444
21 0.112987
22 0.981298
23 0.179256
24 0.15515
25 0.969472
0 0.246724
1 0.398047
2 0
3 0
4 0.0850268
5 0.17041
6 0.0757576
7 0.14082
8 0.285383
9 0
10 0
11 0
12 0.0057041
13 0.0527629
14 0.350089
15 0.200357
16 0.156863
17 0.170766
18 0.602852
19 0.949307
20 0.0969698
21 0.17184
22 0.986467
23 0.119551
24 0.197455
25 0.967934
0 0.955831
1 0.391732
2 0
3 0.21016
4 0.472371
5 0.0819964
6 0.163636
7 0.16328
8 0.162567
9 0
10 0.00213904
11 0.0224599
12 0.159358
13 0.163636
14 0.358289
15 0.492335
16 0.403209
17 0.33975
18 0.582888
19 0.960164
20 0.0420575
21 0.14807
22 0.973143
23 0.163665
24 0.108573
25 0.982306
0 0.61395
1 0.385419
2 0.720856
3 0.172906
4 0.245811
5 0.132799
6 0.186809
7 0.288057
8 0.034581
9 0.256684
10 0.199643
11 0.497683
12 0.0256684
13 0.210339
14 0.423529
15 0.317291
16 0.282353
17 0.588235
18 0.61533
19 0.93977
20 0.085176
21 0.15454
22 0.978224
23 0.228095
24 0.162985
25 0.973638
0 0.812203
1 0.379107
2 0.145098
3 0.0593583
4 0.0885918
5 0.0627451
6 0.281283
7 0.0962568
8 0.0877005
9 0.486275
10 0.320856
11 0.0499109
12 0.151159
13 0.445989
14 0.288414
15 0.239216
16 0.335472
17 0.611765
18 0.447059
19 0.917951
20 0.0962922
21 0.136613
22 0.978097
23 0.164739
24 0.204072
25 0.975552
0 0.765109
1 0.372752
2 0.189305
3 0.0727273
4 0.0294118
5 0.176292
6 0.056328
7 0.0819965
8 0.646702
9 0.114082
10 0.057754
11 0.163636
12 0.330481
13 0.370766
14 0.216756
15 0.33262
16 0.37754
17 0.730481
18 0.768627
19 0.953632
20 0.104003
21 0.202578
22 0.980328
23 0.28229
24 0.237096
25 0.984038
0 0.015089
1 0.36644
2 0.00926916
3 0.0575758
4 0.166667
5 0.178431
6 0.0745098
7 0.316934
8 0.00392157
9 0.112299
10 0.16221
11 0.519073
12 0.334403
13 0.287701
14 0.540107
15 0.374688
16 0.239216
17 0.669519
18 0.905882
19 0.95924
20 0.089864
21 0.28357
22 0.980986
23 0.304595
24 0.186751
25 0.973497
0 0.599238
1 0.360228
2 0.178788
3 0.161141
4 0.30303
5 0.00980392
6 0.0153298
7 0.00784314
8 0.0864528
9 0.438859
10 0.592157
11 0.306595
12 0.273797
13 0.306239
14 0.246346
15 0.272014
16 0.394652
17 0.447772
18 0.902674
19 0.943518
20 0.0781946
21 0.222178
22 0.984144
23 0.186054
24 0.150711
25 0.971835
0 0.864942
1 0.353959
2 0.34902
3 0.34902
4 0.340642
5 0.0160428
6 0.0299465
7 0.122816
8 0.475758
9 0.25098
10 0.25098
11 0.162567
12 0.289483
13 0.239216
14 0.182888
15 0.17861
16 0.307665
17 0.449198
18 0.82246
19 0.910355
20 0.133987
21 0.171816
22 0.979764
23 0.197801
24 0.118415
25 0.990809
0 0.290029
1 0.347919
2 0.37041
3 0.485918
4 0.00338681
5 0.0643494
6 0.107308
7 0.184314
8 0.558645
9 0.25098
10 0.0741533
11 0.285562
12 0.239216
13 0.223529
14 0.0481283
15 0.0509804
16 0.575758
17 0.757219
18 0.684135
19 0.965089
20 0.0181489
21 0.18182
22 0.985838
23 0.121942
24 0.223714
25 0.972978
0 0.872849
1 0.44168
2 0.00392157
3 0.0235294
4 0.136364
5 0.396791
6 0.373262
7 0.74902
8 0.277362
9 0.282353
10 0.355793
11 0.239216
12 0.447415
13 0.0509804
14 0.431729
15 0.708734
16 0.305882
17 0.924777
18 0.827094
19 0.973218
20 0.0558004
21 0.238842
22 0.988611
23 0.212089
24 0.181292
25 0.991072
0 0.185881
1 0.435764
2 0.288235
3 0.329412
4 0.502317
5 0.709804
6 0.239037
7 0.164706
8 0.164706
9 0.239216
10 0.0680927
11 0.110873
12 0.709804
13 0.599643
14 0.305882
15 0.305882
16 0.305882
17 0.890553
18 0.927986
19 0.948746
20 0.0488267
21 0.236789
22 0.98562
23 0.181363
24 0.198212
25 0.983462
0 0.708113
1 0.429627
2 0.203922
3 0.203922
4 0.203922
5 0.203922
6 0.203922
7 0.203922
8 0.203922
9 0.305882
10 0.305882
11 0.305882
12 0.305882
13 0.305882
14 0.305882
15 0.305882
16 0.305882
17 0.968627
18 0.968627
19 0.931178
20 0.120546
21 0.177183
22 0.980661
23 0.096238
24 0.154802
25 0.987854
0 0.293707
1 0.423368
2 0.240107
3 0.269162
4 0.0980392
5 0.0618538
6 0.00962568
7 0.160428
8 0.0641711
9 0.299465
10 0.301604
11 0.00392157
12 0.00392157
13 0.0541889
14 0.0919786
15 0.505882
16 0.137968
17 0.8082
18 0.542602
19 0.953277
20 0.0648071
21 0.162296
22 0.981746
23 0.223376
24 0.135897
25 0.975363
0 0.526307
1 0.417188
2 0.335294
3 0.0976827
4 0.144742
5 0.043672
6 0.406952
7 0.128342
8 0
9 0.25098
10 0.311586
11 0.126916
12 0.0606061
13 0.183244
14 0.66738
15 0.275936
16 0
17 0.650267
18 0.523708
19 0.957102
20 0.0380376
21 0.195236
22 0.988964
23 0.243152
24 0.271166
25 0.979256
0 0.610554
1 0.410964
2 0.0424242
3 0.0224599
4 0.34189
5 0.0256684
6 0.251515
7 0.512656
8 0.027451
9 0.298396
10 0.103743
11 0.199287
12 0.383957
13 0.305882
14 0.684492
15 0.490553
16 0.27451
17 0.801783
18 0.99893
19 0.905875
20 0.0914509
21 0.187969
22 0.985342
23 0.264699
24 0.251824
25 0.976276
0 0.977341
1 0.404642
2 0
3 0.0199644
4 0.0795009
5 0.0156863
6 0.0156863
7 0.0156863
8 0.642068
9 0.14902
10 0.0848485
11 0.130481
12 0.297326
13 0.305882
14 0.305882
15 0.305882
16 0.810695
17 0.690909
18 1
19 0.947276
20 0.0883748
21 0.206762
22 0.984755
23 0.304724
24 0.129149
25 0.975833
0 0.546864
1 0.398312
2 0.057041
3 0.129412
4 0.0705882
5 0.378075
6 0.0686275
7 0.0131907
8 0.0117647
9 0.1041
10 0.256684
11 0.249554
12 0
13 0.685561
14 0.469519
15 0.305882
16 0.305882
17 0.456328
18 0.949733
19 0.970114
20 0.105692
21 0.387134
22 0.983876
23 0.250244
24 0.312646
25 0.98624
0 0.218465
1 0.391951
2 0.137255
3 0.128342
4 0.866845
5 0.0192513
6 0.213904
7 0.285205
8 0.00748663
9 0.27451
10 0.124777
11 0.818182
12 0.472371
13 0.0998217
14 0.459893
15 0.303743
16 0.305882
17 0.73975
18 0.675936
19 0.957997
20 0.0163508
21 0.188872
22 0.981416
23 0.237459
24 0.1162
25 0.979244
0 0.896608
1 0.385383
2 0.647772
3 0.0313726
4 0.152763
5 0.0128342
6 0.451871
7 0.108735
8 0.0196078
9 0.802139
10 0.27451
11 0.295544
12 0.163636
13 0.137968
14 0.649198
15 0.305882
16 0.305882
17 0.81426
18 0.783244
19 0.959165
20 0.0589818
21 0.211063
22 0.985482
23 0.247464
24 0.0717069
25 0.98428
0 0.302719
1 0.379006
2 0.415686
3 0.415686
4 0.0944742
5 0.342424
6 0.133333
7 0.133333
8 0.0909091
9 0.505882
10 0.505882
11 0.275936
12 0
13 0.558289
14 0.305882
15 0.305882
16 0.194652
17 0.561497
18 0.909091
19 0.963496
20 0.0539755
21 0.222927
22 0.980546
23 0.213712
24 0.138983
25 0.984983
0 0.560073
1 0.372675
2 0.411765
3 0.436898
4 0.0156863
5 0.0156863
6 0.0424242
7 0.133333
8 0.0509804
9 0.505882
10 0.649198
11 0.305882
12 0.305882
13 0.305882
14 0.414973
15 0.505882
16 0.14082
17 0.957219
18 0.792157
19 0.929843
20 0.0759807
21 0.151151
22 0.984917
23 0.19843
24 0.151086
25 0.977028
0 0.484012
1 0.366357
2 0.0705882
3 0.0641711
4 0
5 0
6 0.179679
7 0.329412
8 0.227094
9 0.305882
10 0.305882
11 0.055615
12 0
13 0
14 0.459893
15 0.505882
16 0.366132
17 0.545455
18 0.656328
19 0.926154
20 0.169417
21 0.100233
22 0.98429
23 0.233379
24 0.131052
25 0.967496
0 0.370441
1 0.358888
2 0
3 0
4 0
5 0
6 0.0914438
7 0.105882
8 0.0659536
9 0
10 0
11 0
12 0
13 0.137968
14 0.505882
15 0.505882
16 0.26631
17 0
18 0.580392
19 0.918024
20 0.141829
21 0.100011
22 0.985724
23 0.209074
24 0.131801
25 0.96506
0 0.644156
1 0.35242
2 0
3 0
4 0
5 0
6 0.0898395
7 0.164706
8 0.164706
9 0
10 0
11 0
12 0
13 0
14 0.459893
15 0.505882
16 0.505882
17 0
18 0.684492
19 0.927195
20 0.128746
21 0.0992292
22 0.986838
23 0.29646
24 0.12756
25 0.967152
0 0.593546
1 0.345616
2 0
3 0
4 0
5 0.0388592
6 0.0950089
7 0.0784314
8 0.0784314
9 0
10 0
11 0
12 0
13 0.400357
14 0.505882
15 0.505882
16 0.505882
17 0
18 0.809269
19 0.926691
20 0.177841
21 0.106351
22 0.987747
23 0.285579
24 0.13221
25 0.975297
0 0.0617634
1 0.338456
2 0
3 0
4 0.00160428
5 0.0616756
6 0.121569
7 0.121569
8 0.0916221
9 0
10 0
11 0
12 0.0442068
13 0.326203
14 0.505882
15 0.505882
16 0.242068
17 0.05918
18 0.856685
19 0.932394
20 0.163073
21 0.112858
22 0.985413
23 0.267648
24 0.139053
25 0.968811
0 0.268547
1 0.331117
2 0
3 0
4 0.0171123
5 0.132442
6 0.0745098
7 0.108734
8 0.120143
9 0
10 0
11 0.0442068
12 0.0684492
13 0.498752
14 0.505882
15 0.494118
16 0.0941176
17 0.116578
18 0.709091
19 0.920797
20 0.111842
21 0.142603
22 0.986171
23 0.421633
24 0.208909
25 0.97172
0 0.824986
1 0.323836
2 0
3 0.00926916
4 0.0374332
5 0.0588235
6 0.0650624
7 0.116578
8 0.909447
9 0
10 0.0663102
11 0.106595
12 0.416043
13 0.505882
14 0.360428
15 0.357932
16 0.960428
17 0.361497
18 0.878788
19 0.931085
20 0.118786
21 0.230588
22 0.98197
23 0.351827
24 0.234591
25 0.977315
0 0.819333
1 0.317115
2 0.000891265
3 0.0620321
4 0.129412
5 0.129412
6 0.105704
7 0.232442
8 0.757576
9 0
10 0.0506239
11 0.416043
12 0.505882
13 0.416043
14 0.270588
15 0.247772
16 0.818182
17 0.583601
18 0.67344
19 0.978558
20 0.0476807
21 0.523094
22 0.990533
23 0.242462
24 0.136389
25 0.98528
0 0.696009
1 0.310182
2 0.0745098
3 0.596078
4 0.596079
5 0.469875
6 0.513904
7 0.165062
8 0.012656
9 0.00855615
10 0.459893
11 0.505882
12 0.505882
13 0.515152
14 0.274866
15 0.217112
16 0.314795
17 0.856328
18 0.744385
19 0.958251
20 0.0637335
21 0.310768
22 0.982744
23 0.276651
24 0.171135
25 0.986238
0 0.120998
1 0.302995
2 0.192157
3 0.192157
4 0.34385
5 0.281462
6 0.178253
7 0.0139037
8 0.541355
9 0.505882
10 0.505882
11 0.421747
12 0.301961
13 0.517291
14 0.203565
15 0.459893
16 0.178253
17 0.918004
18 0.624955
19 0.936783
20 0.0465219
21 0.185028
22 0.984275
23 0.204508
24 0.174209
25 0.964392
0 0.687931
1 0.296118
2 0.458645
3 0.0156863
4 0.399109
5 0.114795
6 0.0192513
7 0.220677
8 0.97041
9 0.62139
10 0.084492
11 0.0869875
12 0.382175
13 0.176471
14 0.522282
15 0.288414
16 0.0509804
17 0.616399
18 0.751159
19 0.94818
20 0.0422598
21 0.14882
22 0.980206
23 0.216261
24 0.159073
25 0.975899
0 0.631479
1 0.289558
2 0.240463
3 0.00819964
4 0.00392157
5 0.0641711
6 0.0944741
7 0.479145
8 0.331194
9 0.313726
10 0.317291
11 0.176471
12 0.176471
13 0.370053
14 0.390018
15 0.650267
16 0.299465
17 0.640642
18 0.543672
19 0.955962
20 0.0610577
21 0.283173
22 0.988524
23 0.246319
24 0.126764
25 0.978669
0 0.675629
1 0.283147
2 0
3 0.38057
4 0.0942959
5 0.200713
6 0.542424
7 0.28271
8 0.24492
9 0.176471
10 0.462389
11 0.130125
12 0.403209
13 0.519073
14 0.178253
15 0.235294
16 0.156863
17 0.757219
18 0.550089
19 0.957743
20 0.0329228
21 0.18432
22 0.980972
23 0.183091
24 0.10158
25 0.969351
0 0.986004
1 0.276774
2 0.320499
3 0.135829
4 0.1041
5 0.294118
6 0.522282
7 0.180036
8 0.0752228
9 0.453119
10 0.128699
11 0.53975
12 0.445633
13 0.196435
14 0.371836
15 0.264884
16 0.0595365
17 0.576827
18 0.453476
19 0.933761
20 0.0760004
21 0.196586
22 0.987518
23 0.246095
24 0.133873
25 0.970687
0 0.76623
1 0.270561
2 0.0235294
3 0.0238859
4 0.275936
5 0.432977
6 0.27041
7 0.220499
8 0.337433
9 0.160784
10 0.160784
11 0.153298
12 0.178253
13 0.413191
14 0.232086
15 0.201783
16 0.43066
17 0.397148
18 0.649554
19 0.977786
20 0.0261183
21 0.303681
22 0.989624
23 0.152058
24 0.115196
25 0.977637
0 0.685028
1 0.264236
2 0.0919786
3 0.525134
4 0.386275
5 0.175758
6 0.215864
7 0.637255
8 0.0490194
9 0.177897
10 0.418895
11 0.493048
12 0.340463
13 0.308021
14 0.242424
15 0.797504
16 0.239216
17 0.448485
18 0.786096
19 0.963768
20 0.0379466
21 0.264439
22 0.989694
23 0.39967
24 0.0990262
25 0.976568
0 0.821363
1 0.257301
2 0.34902
3 0.34902
4 0.46221
5 0.209269
6 0.370767
7 0.00392157
8 0.831194
9 0.25098
10 0.25098
11 0.55508
12 0.433155
13 0.433155
14 0.307665
15 0.296613
16 0.870588
17 0.330838
18 0.906952
19 0.948845
20 0.0994843
21 0.228115
22 0.98831
23 0.299648
24 0.086635
25 0.978858
0 0.436996
1 0.249999
2 0.34902
3 0.34902
4 0.34902
5 0.286274
6 0.00392157
7 0.104991
8 0.621569
9 0.25098
10 0.25098
11 0.25098
12 0.25098
13 0.243494
14 0.218538
15 0.303743
16 0.643137
17 0.14902
18 0.819608
19 0.962298
20 0.0426111
21 0.213449
22 0.986418
23 0.276592
24 0.0663465
25 0.970853
0 0.863622
1 0.243053
2 0.34902
3 0.34902
4 0.34902
5 0.34902
6 0.34902
7 0.386453
8 0.759537
9 0.25098
10 0.25098
11 0.25098
12 0.25098
13 0.25098
14 0.25098
15 0.31836
16 0.772549
17 0.14902
18 0.395365
19 0.964538
20 0.0845918
21 0.211719
22 0.986496
23 0.28148
24 0.0651463
25 0.983841
0 0.0719123
1 0.236638
2 0.34902
3 0.34902
4 0.34902
5 0.34902
6 0.34902
7 0.34902
8 0.0795008
9 0.25098
10 0.25098
11 0.25098
12 0.25098
13 0.25098
14 0.25098
15 0.255971
16 0.305882
17 0.14902
18 0.376827
19 0.961594
20 0.0873831
21 0.208693
22 0.989938
23 0.314635
24 0.0680412
25 0.983097
0 0.11833
1 0.230287
2 0.34902
3 0.34902
4 0.34902
5 0.34902
6 0.286809
7 0.0313726
8 0.0313725
9 0.25098
10 0.25098
11 0.25098
12 0.25098
13 0.372906
14 0.341533
15 0.305882
16 0.305882
17 0.14902
18 0.800713
19 0.942572
20 0.0889078
21 0.200925
22 0.987816
23 0.293044
24 0.129543
25 0.983408
0 0.294181
1 0.223851
2 0.264706
3 0.113904
4 0.170232
5 0.309804
6 0.1082
7 0.0705883
8 0.0705882
9 0.330838
10 0.340107
11 0.254902
12 0.381818
13 0.228877
14 0.305882
15 0.305882
16 0.305882
17 0.506952
18 0.959002
19 0.957862
20 0.046611
21 0.235615
22 0.991734
23 0.393491
24 0.13795
25 0.983538
0 0.285477
1 0.217365
2 0.0183601
3 0.115865
4 0.262567
5 0.383244
6 0.66631
7 0.182888
8 0.2
9 0.085918
10 0.113725
11 0.231373
12 0.448841
13 0.602139
14 0.609982
15 0.305882
16 0.305882
17 0.682709
18 0.914438
19 0.957293
20 0.0681686
21 0.236277
22 0.990238
23 0.184255
24 0.125888
25 0.99052
0 0.0143552
1 0.210442
2 0.200891
3 0.172193
4 0.38467
5 0.934403
6 0.303387
7 0.218182
8 0.0409981
9 0.248128
10 0.0228164
11 0.0313726
12 0.727273
13 0.520856
14 0.0224599
15 0.282709
16 0.160784
17 0.750089
18 0.816756
19 0.965366
20 0.0376849
21 0.403503
22 0.987001
23 0.135251
24 0.0547901
25 0.992649
0 0.386631
1 0.203588
2 1
3 0.774688
4 0.690196
5 0.153832
6 0.0117647
7 0.0117647
8 0.0117647
9 1
10 0.589305
11 0.247059
12 0.157219
13 0.160784
14 0.160784
15 0.160784
16 0.160784
17 0.997504
18 0.686275
19 0.900245
20 0.124647
21 0.181215
22 0.978765
23 0.253087
24 0.127734
25 0.983811
0 0.384598
1 0.196653
2 0.239216
3 0.0766488
4 0.0156863
5 0.0242424
6 0.308021
7 0
8 0
9 0.505882
10 0.317647
11 0.160784
12 0.160784
13 0.320856
14 0.0855615
15 0
16 0
17 0.765775
18 0.224242
19 0.881621
20 0.285294
21 0.16152
22 0.971047
23 0.18578
24 0.127215
25 0.98427
0 0.114514
1 0.186467
2 0.331551
3 0.0196078
4 0.0196078
5 0.054902
6 0.0122995
7 0
8 0
9 0.465954
10 0.160784
11 0.160784
12 0.160784
13 0.0114082
14 0
15 0
16 0
17 0.486631
18 0.168984
19 0.854396
20 0.219123
21 0.197192
22 0.976709
23 0.115585
24 0.174651
25 0.974614
0 0.787386
1 0.180124
2 0.0352941
3 0.0352941
4 0.0304813
5 0.115508
6 0.0641711
7 0
8 0.0536542
9 0.160784
10 0.160784
11 0.160784
12 0.0495544
13 0.0156863
14 0.00142602
15 0
16 0
17 0.682709
18 0.299822
19 0.87001
20 0.156878
21 0.174009
22 0.982559
23 0.188965
24 0.134503
25 0.973319
0 0.635039
1 0.173798
2 0.0313726
3 0.0360071
4 0.00160428
5 0.0117647
6 0.304813
7 0.0231729
8 0.0392157
9 0.160784
10 0.141533
11 0.00998217
12 0.0114082
13 0.271301
14 0.086631
15 0
16 0
17 0.498039
18 0.428164
19 0.8316
20 0.308635
21 0.149914
22 0.979444
23 0.144209
24 0.156955
25 0.977511
0 0.392044
1 0.167514
2 0.0349376
3 0
4 0.0124777
5 0.027451
6 0.0108734
7 0.0313726
8 0.0313725
9 0.131907
10 0.00499109
11 0.00142602
12 0.0156863
13 0.0114082
14 0
15 0
16 0
17 0.404635
18 0.365419
19 0.834169
20 0.27354
21 0.163528
22 0.977234
23 0.152444
24 0.174171
25 0.973942
0 0.73476
1 0.161326
2 0
3 0.0060606
4 0.0666667
5 0.0545454
6 0.0106952
7 0.0196079
8 0.282888
9 0
10 0
11 0.0128342
12 0.0156863
13 0.0057041
14 0
15 0
16 0.315152
17 0.418895
18 0.282353
19 0.864543
20 0.171615
21 0.176747
22 0.981888
23 0.137941
24 0.198894
25 0.977927
0 0.740607
1 0.155263
2 0.00142602
3 0.0313726
4 0.0313726
5 0.291444
6 0.0406417
7 0.0470588
8 0.0670232
9 0
10 0.0142602
11 0.0156863
12 0.336542
13 0.108378
14 0
15 0.0370766
16 0.116934
17 0.665597
18 0.593226
19 0.918912
20 0.0839049
21 0.239361
22 0.984218
23 0.158429
24 0.205548
25 0.990253
0 0.166433
1 0.149137
2 0.0627451
3 0.0627451
4 0.313904
5 0.206061
6 0.248663
7 0.262211
8 0.598039
9 0.0156863
10 0.0156863
11 0.354367
12 0.14902
13 0.193583
14 0.17861
15 0.51943
16 0.520143
17 0.959715
18 0.642781
19 0.939457
20 0.0331972
21 0.215668
22 0.985141
23 0.212087
24 0.204435
25 0.986004
0 0.439212
1 0.143034
2 0.0638146
3 0.00392157
4 0.148307
5 0.371479
6 0.195365
7 0.747059
8 0.0347592
9 0.0520499
10 0.14902
11 0.086631
12 0.351159
13 0.192513
14 0.452763
15 0.354367
16 0.213904
17 0.944385
18 0.563636
19 0.939971
20 0.0236543
21 0.224035
22 0.988471
23 0.159043
24 0.108567
25 0.978726
0 0.811444
1 0.136853
2 0.0782531
3 0.197504
4 0.0543672
5 0.101783
6 0.51729
7 0.576649
8 0.275936
9 0.0616756
10 0.291979
11 0.161497
12 0.00392157
13 0.396078
14 0.240642
15 0.520499
16 0.245989
17 0.772906
18 0.570767
19 0.932547
20 0.0723332
21 0.200544
22 0.991113
23 0.247506
24 0.0656478
25 0.986425
0 0.168808
1 0.13076
2 0.221034
3 0.428521
4 0.0802139
5 0.399465
6 0.507843
7 0.027451
8 0.338146
9 0.315508
10 0.142246
11 0.0912656
12 0.479144
13 0.00427807
14 0.308734
15 0.0812834
16 0.258824
17 0.535116
18 0.806061
19 0.928045
20 0.0597423
21 0.230493
22 0.986873
23 0.162864
24 0.114064
25 0.983158
0 0.561309
1 0.124631
2 0.13975
3 0.230303
4 0.300535
5 0.418538
6 0.0488413
7 0.337255
8 0.396435
9 0.297683
10 0.0317291
11 0.51943
12 0.167914
13 0.31123
14 0.146524
15 0.377897
16 0.403565
17 0.596435
18 0.788948
19 0.931001
20 0.0459109
21 0.17762
22 0.988191
23 0.37657
24 0.0960825
25 0.983907
0 0.383711
1 0.118598
2 0.2
3 0.0957219
4 0.054902
5 0.0971479
6 0.391087
7 0.311943
8 0.154367
9 0.6
10 0.304813
11 0.0588235
12 0.255615
13 0.211765
14 0.417825
15 0.248841
16 0.47344
17 0.525847
18 0.68164
19 0.936539
20 0.0729699
21 0.380309
22 0.988757
23 0.191873
24 0.246704
25 0.985138
0 0.795543
1 0.112484
2 0.00784314
3 0.0495544
4 0.707487
5 0.243494
6 0.42656
7 0.257398
8 0.156863
9 0.0588235
10 0.0588235
11 0.229947
12 0.393939
13 0.173262
14 0.310873
15 0.237433
16 0.47344
17 0.959715
18 0.562567
19 0.949363
20 0.0424721
21 0.313047
22 0.988893
23 0.174965
24 0.0911924
25 0.992108
0 0.243145
1 0.106417
2 0.264171
3 0.416399
4 0.475936
5 0.378075
6 0.240463
7 0.161319
8 0.0313725
9 0.330481
10 0.144385
11 0.0816399
12 0.109447
13 0.297683
14 0.244207
15 0.501248
16 0.556863
17 0.81533
18 0.540107
19 0.954877
20 0.0533655
21 0.245442
22 0.987543
23 0.159342
24 0.082849
25 0.979753
0 0.698853
1 0.100465
2 0.179679
3 0.54902
4 0.370588
5 0.225668
6 0.280392
7 0.0470588
8 0.335294
9 0.12549
10 0.0791444
11 0.274153
12 0.241355
13 0.25098
14 0.417825
15 0.529055
16 0.25098
17 0.530838
18 0.372906
19 0.953091
20 0.0494852
21 0.244912
22 0.98495
23 0.330781
24 0.101829
25 0.985962
0 0.228515
1 0.0946921
2 0.486988
3 0.224599
4 0.376649
5 0.294118
6 0.0470588
7 0.321569
8 0.0695187
9 0.361141
10 0.301248
11 0.2959
12 0.25098
13 0.445633
14 0.501248
15 0.236364
16 0.115865
17 0.638146
18 0.520856
19 0.964424
20 0.0658781
21 0.386744
22 0.989657
23 0.555221
24 0.0908007
25 0.986921
0 0.0361369
1 0.0886987
2 0.182353
3 0.47451
4 0.34902
5 0.188235
6 0.185205
7 0.382888
8 0.339037
9 0.211765
10 0.583957
11 0.293761
12 0.25098
13 0.556863
14 0.561141
15 0.239572
16 0.403565
17 0.488414
18 0.655615
19 0.962152
20 0.0604619
21 0.373822
22 0.987063
23 0.352377
24 0.11041
25 0.963951
0 0.981403
1 0.0825054
2 0.11016
3 0.368271
4 0.34902
5 0.290553
6 0.027451
7 0.115152
8 0.34902
9 0.0438503
10 0.535116
11 0.293761
12 0.25098
13 0.445633
14 0.556863
15 0.417825
16 0.25098
17 0.373975
18 0.482709
19 0.958945
20 0.0416028
21 0.25436
22 0.989192
23 0.371932
24 0.0831888
25 0.971097
0 0.822963
1 0.0766266
2 0.210517
3 0.34902
4 0.34902
5 0.194118
6 0.0392157
7 0.0392157
8 0.302496
9 0.486275
10 0.272371
11 0.25098
12 0.25098
13 0.556863
14 0.556863
15 0.556863
16 0.445633
17 0.248485
18 0.683422
19 0.985424
20 0.0115589
21 0.377821
22 0.989169
23 0.430447
24 0.0447312
25 0.986763
0 0.278492
1 0.0708047
2 0.52549
3 0.52549
4 0.52549
5 0.52549
6 0.52549
7 0.52549
8 0.52549
9 0.52549
10 0.52549
11 0.52549
12 0.52549
13 0.52549
14 0.52549
15 0.52549
16 0.52549
17 0.52549
18 0.52549
19 0.950052
20 0.0893715
21 0.275556
22 0.985506
23 0.643974
24 0.20255
25 0.989464
0 0.0993992
1 0.0648849
2 0.0470588
3 0.0470588
4 0.0470588
5 0.0470588
6 0.0470588
7 0.0470588
8 0.0470588
9 0.556863
10 0.556863
11 0.556863
12 0.556863
13 0.556863
14 0.556863
15 0.556863
16 0.556863
17 0.760784
18 0.760784
19 0.962145
20 0.0543038
21 0.329827
22 0.985046
23 0.237378
24 0.0526219
25 0.969332
0 0.727781
1 0.058908
2 0.34902
3 0.34902
4 0.34902
5 0.34902
6 0.34902
7 0.34902
8 0.34902
9 0.25098
10 0.25098
11 0.25098
12 0.25098
13 0.25098
14 0.25098
15 0.25098
16 0.25098
17 0.14902
18 0.14902
19 0.959334
20 0.0368302
21 0.226445
22 0.985467
23 0.239985
24 0.0516271
25 0.96823
0 0.774664
1 0.0529822
2 0.34902
3 0.34902
4 0.34902
5 0.34902
6 0.34902
7 0.34902
8 0.34902
9 0.25098
10 0.25098
11 0.25098
12 0.25098
13 0.25098
14 0.25098
15 0.25098
16 0.25098
17 0.14902
18 0.14902
19 0.959082
20 0.0563478
21 0.227438
22 0.985485
23 0.263251
24 0.0509408
25 0.976207
0 0.415053
1 0.0467805
2 0.34902
3 0.34902
4 0.34902
5 0.34902
6 0.34902
7 0.34902
8 0.34902
9 0.25098
10 0.25098
11 0.25098
12 0.25098
13 0.25098
14 0.25098
15 0.25098
16 0.25098
17 0.14902
18 0.14902
19 0.958911
20 0.0402968
21 0.230382
22 0.985565
23 0.224121
24 0.050731
25 0.966192
0 0.857136
1 0.0404984
2 0.34902
3 0.34902
4 0.34902
5 0.34902
6 0.34902
7 0.34902
8 0.34902
9 0.25098
10 0.25098
11 0.25098
12 0.25098
13 0.25098
14 0.25098
15 0.25098
16 0.25098
17 0.14902
18 0.14902
19 0.857784
20 0.385441
21 0.13847
22 0.980973
23 0.220829
24 0.108968
25 0.975695
0 0.134421
1 0.0342359
2 0.0392157
3 0.0392157
4 0.0392157
5 0.0392157
6 0.0392157
7 0.0392157
8 0.0392157
9 0.0392157
10 0.0392157
11 0.0392157
12 0.0392157
13 0.0392157
14 0.0392157
15 0.0392157
16 0.0392157
17 0.0392157
18 0.0392157
19 0.953737
20 0.0669265
21 0.254444
22 0.983734
23 0.331762
24 0.0536604
25 0.978701
0 0.461092
1 0.0278766
2 0.34902
3 0.34902
4 0.34902
5 0.34902
6 0.34902
7 0.253833
8 0.45918
9 0.25098
10 0.25098
11 0.25098
12 0.25098
13 0.25098
14 0.25098
15 0.136898
16 0.524777
17 0.14902
18 0.226025
19 0.962449
20 0.0586082
21 0.219153
22 0.988379
23 0.285
24 0.0565987
25 0.984677
0 0.284966
1 0.126081
2 0.34902
3 0.34902
4 0.34902
5 0.34902
6 0.2041
7 0.260606
8 0.0470588
9 0.25098
10 0.25098
11 0.25098
12 0.25098
13 0.25098
14 0.240998
15 0.515508
16 0.556863
17 0.14902
18 0.449554
19 0.954756
20 0.0640881
21 0.164403
22 0.991233
23 0.440005
24 0.0611378
25 0.987544
0 0.132122
1 0.225149
2 0.34902
3 0.34902
4 0.0989305
5 0.162567
6 0.183779
7 0.0784314
8 0.0784314
9 0.25098
10 0.25098
11 0.161854
12 0.174688
13 0.461319
14 0.556863
15 0.556863
16 0.556863
17 0.276649
18 0.802496
19 0.9836
20 0.00955851
21 0.299918
22 0.989674
23 0.617487
24 0.0776898
25 0.989555
0 0.177988
1 0.21854
2 0.137255
3 0.137255
4 0.137255
5 0.599287
6 0.701961
7 0.701961
8 0.701961
9 0.556863
10 0.556863
11 0.556863
12 0.609626
13 0.701961
14 0.701961
15 0.701961
16 0.701961
17 0.826738
18 0.701961
19 0.978914
20 0.00990756
21 0.318394
22 0.98958
23 0.589803
24 0.0926696
25 0.981875
0 0.715805
1 0.211833
2 0.0862745
3 0.0862745
4 0.0862745
5 0.370588
6 0.654902
7 0.654902
8 0.654902
9 0.556863
10 0.556863
11 0.556863
12 0.556863
13 0.654902
14 0.654902
15 0.654902
16 0.654902
17 0.74902
18 0.654902
19 0.925632
20 0.166352
21 0.399449
22 0.985011
23 0.225093
24 0.0594461
25 0.980533
0 0.774857
1 0.20513
2 0.270053
3 0.592157
4 0.0393939
5 0.0504456
6 0.0636364
7 0
8 0
9 0.437433
10 0.72549
11 0.0905526
12 0
13 0.263458
14 0.0545455
15 0
16 0
17 0.645633
18 0.109091
19 0.870077
20 0.178032
21 0.215681
22 0.97904
23 0.136562
24 0.169407
25 0.978475
0 0.97715
1 0.198632
2 0.13975
3 0.164706
4 0.071123
5 0.0636364
6 0
7 0
8 0
9 0.149376
10 0.229947
11 0
12 0.218182
13 0
14 0
15 0
16 0
17 0.817825
18 0
19 0.839
20 0.26448
21 0.168924
22 0.977118
23 0.118935
24 0.143529
25 0.976679
0 0.75921
1 0.192219
2 0.113725
3 0.103387
4 0
5 0
6 0
7 0
8 0
9 0
10 0
11 0
12 0
13 0
14 0
15 0
16 0
17 0.539037
18 0
19 0.856744
20 0.275223
21 0.127129
22 0.976132
23 0.160391
24 0.101323
25 0.964886
0 0.683686
1 0.185837
2 0.179679
3 0
4 0
5 0
6 0
7 0
8 0
9 0.205348
10 0
11 0
12 0
13 0
14 0
15 0
16 0
17 0.0513369
18 0
19 0.842409
20 0.324541
21 0.133882
22 0.980921
23 0.186294
24 0.123999
25 0.962556
0 0.802401
1 0.179392
2 0
3 0
4 0
5 0
6 0
7 0
8 0.0449198
9 0
10 0
11 0
12 0
13 0
14 0
15 0
16 0.193939
17 0
18 0.175401
19 0.846449
20 0.366849
21 0.135225
22 0.983249
23 0.182892
24 0.125047
25 0.967408
0 0.25454
1 0.17299
2 0
3 0
4 0
5 0
6 0
7 0.0237077
8 0.703743
9 0
10 0
11 0
12 0
13 0
14 0
15 0.0980392
16 0.0146168
17 0
18 0.359002
19 0.870788
20 0.20675
21 0.139947
22 0.98409
23 0.231322
24 0.123658
25 0.973403
0 0.291514
1 0.166718
2 0
3 0
4 0
5 0
6 0.0224599
7 0.513547
8 0.0878786
9 0
10 0
11 0
12 0
13 0
14 0.0969697
15 0.0231729
16 0.113725
17 0
18 0.396078
19 0.895358
20 0.126812
21 0.130653
22 0.988231
23 0.262639
24 0.102397
25 0.976296
0 0.23967
1 0.160494
2 0
3 0
4 0
5 0.0114082
6 0.18877
7 0.519786
8 0.180927
9 0
10 0
11 0
12 0
13 0.0969697
14 0.188948
15 0.249198
16 0.28057
17 0
18 0.612121
19 0.915217
20 0.0723091
21 0.121293
22 0.988129
23 0.197223
24 0.100406
25 0.970835
0 0.700402
1 0.154128
2 0
3 0
4 0
5 0.027451
6 0.318182
7 0.516221
8 0.137611
9 0
10 0
11 0
12 0.0969697
13 0.00106952
14 0.237077
15 0.452406
16 0.383244
17 0.088057
18 0.494474
19 0.930724
20 0.0611134
21 0.134828
22 0.989241
23 0.47023
24 0.0686652
25 0.979445
0 0.27375
1 0.147804
2 0
3 0
4 0.0199644
5 0.481818
6 0.334759
7 0.35615
8 0.853654
9 0
10 0
11 0.0969697
12 0.00142602
13 0.416043
14 0.664171
15 0.33262
16 0.657754
17 0.17861
18 0.602496
19 0.914537
20 0.0931846
21 0.153788
22 0.988073
23 0.326918
24 0.0962066
25 0.96495
0 0.731696
1 0.141398
2 0
3 0
4 0.0212121
5 0.352763
6 0.0532976
7 0.409626
8 0.886274
9 0
10 0
11 0.0969697
12 0.00142602
13 0.560071
14 0.407487
15 0.328342
16 0.365419
17 0.178966
18 0.568271
19 0.910053
20 0.130522
21 0.184208
22 0.98684
23 0.337636
24 0.10997
25 0.985699
0 0.137552
1 0.13512
2 0
3 0.0199644
4 0.11943
5 0.308556
6 0.109091
7 0.468271
8 0.388413
9 0
10 0.0484848
11 0.0488414
12 0.00392157
13 0.120856
14 0.452406
15 0.243137
16 0.548307
17 0.360428
18 0.431016
19 0.943224
20 0.0529527
21 0.320788
22 0.988532
23 0.236982
24 0.121792
25 0.988519
0 0.109184
1 0.128819
2 0.0270945
3 0.108021
4 0.470767
5 0.181462
6 0.307665
7 0.728342
8 0.487522
9 0.0727273
10 0.121212
11 0.352585
12 0.00392157
13 0.375758
14 0.181818
15 0.473797
16 0.428877
17 0.627451
18 0.571479
19 0.937514
20 0.0217589
21 0.190584
22 0.992823
23 0.433154
24 0.0441291
25 0.985779
0 0.216802
1 0.122363
2 0.0368984
3 0.236364
4 0.054902
5 0.457397
6 0.829768
7 0.462924
8 0.66934
9 0
10 0.00713012
11 0.00606061
12 0.0666667
13 0.662389
14 0.5041
15 0.172906
16 0.413191
17 0.542602
18 0.686988
19 0.958338
20 0.00657587
21 0.231301
22 0.992932
23 0.197511
24 0.0376131
25 0.974936
0 0.972059
1 0.115944
2 0.507843
3 0.131016
4 0.411765
5 0.766488
6 0.721569
7 0.620321
8 0.583066
9 0.339394
10 0.0427807
11 0.00748663
12 0.344742
13 0.52549
14 0.402852
15 0.144385
16 0.106595
17 0.722282
18 0.775401
19 0.952165
20 0.0498574
21 0.526651
22 0.991947
23 0.236604
24 0.175029
25 0.989698
0 0.235767
1 0.10956
2 0.0026738
3 0.138681
4 0.937255
5 0.598396
6 0.45918
7 0.339394
8 0.0549019
9 0.00392157
10 0.00392157
11 0.767558
12 0.660606
13 0.0513369
14 0.280214
15 0.0509804
16 0.163636
17 0.894831
18 0.873797
19 0.950522
20 0.00968392
21 0.265145
22 0.991805
23 0.242896
24 0.0240124
25 0.978786
0 0.944181
1 0.10312
2 0.54902
3 0.342068
4 0.130838
5 0.636007
6 0.482353
7 0.107665
8 0.206417
9 0.54902
10 0.481283
11 0.176471
12 0.301961
13 0.156863
14 0.0456328
15 0.183601
16 0.43672
17 0.424242
18 0.67451
19 0.9762
20 0.0136758
21 0.529142
22 0.99246
23 0.182913
24 0.0442775
25 0.984692
0 0.681638
1 0.0968271
2 0.223708
3 0.54795
4 0.864528
5 0.790909
6 0.369875
7 0.413369
8 0.415686
9 0.215686
10 0.609269
11 0.160071
12 0.117291
13 0.45205
14 0.278788
15 0.479144
16 0.325847
17 0.715865
18 0.56934
19 0.964682
20 0.00736819
21 0.202541
22 0.991971
23 0.235998
24 0.0376661
25 0.988769
0 0.811996
1 0.0904829
2 0.882353
3 0.649733
4 0.389483
5 0.462389
6 0.281996
7 0.266667
8 0.129412
9 0.0117647
10 0.0338681
11 0.129412
12 0.508021
13 0.373975
14 0.387522
15 0.375758
16 0.52549
17 0.786453
18 0.594652
19 0.949221
20 0.0292165
21 0.179746
22 0.99019
23 0.328027
24 0.0736393
25 0.983856
0 0.657329
1 0.0843617
2 0.648841
3 0.150802
4 0.317112
5 0.154367
6 0.194831
7 0.12549
8 0.428699
9 0.27451
10 0.138324
11 0.3918
12 0.340463
13 0.407843
14 0.414973
15 0.520143
16 0.515152
17 0.546881
18 0.685205
19 0.925568
20 0.0475581
21 0.292877
22 0.989928
23 0.452918
24 0.130173
25 0.986025
0 0.698528
1 0.0781383
2 0.0470588
3 0.0470588
4 0.0470588
5 0.0647059
6 0.485918
7 0.285562
8 0.289127
9 0.407843
10 0.407843
11 0.407843
12 0.407843
13 0.182531
14 0.500535
15 0.203565
16 0.438146
17 0.898039
18 0.679501
19 0.929994
20 0.0919768
21 0.292841
22 0.98905
23 0.433134
24 0.115853
25 0.985964
0 0.369257
1 0.0717852
2 0.179323
3 0.0745098
4 0.211765
5 0.442959
6 0.149911
7 0.0370767
8 0.180927
9 0.345455
10 0.202852
11 0.246702
12 0.556863
13 0.257398
14 0.45918
15 0.160784
16 0.304813
17 0.619964
18 0.623173
19 0.948805
20 0.052342
21 0.510519
22 0.986224
23 0.28516
24 0.100822
25 0.982285
0 0.936531
1 0.0652203
2 0.0392157
3 0.424242
4 0.356328
5 0.376827
6 0.285205
7 0.156685
8 0.127094
9 0.176471
10 0.322638
11 0.794296
12 0.402139
13 0.291622
14 0.375758
15 0.177184
16 0.193583
17 0.841711
18 0.396791
19 0.960562
20 0.0360259
21 0.397192
22 0.989064
23 0.516088
24 0.0400173
25 0.989731
0 0.156041
1 0.0587819
2 0.65918
3 0.50303
4 0.414795
5 0.0723708
6 0.311586
7 0.0495545
8 0.382709
9 0.620321
10 0.5918
11 0.372193
12 0.346524
13 0.450624
14 0.234581
15 0.182531
16 0.4
17 0.55508
18 0.365775
19 0.986586
20 0.00432579
21 0.460472
22 0.991724
23 0.483159
24 0.0276227
25 0.984386
0 0.734795
1 0.0517844
2 0.568627
3 0.568627
4 0.568628
5 0.568627
6 0.568627
7 0.568628
8 0.568627
9 0.568627
10 0.568627
11 0.568627
12 0.568627
13 0.568627
14 0.568627
15 0.568627
16 0.568627
17 0.568627
18 0.568627
19 0.943041
20 0.0201272
21 0.246178
22 0.991614
23 0.268272
24 0.0185065
25 0.982377
0 0.84196
1 0.0445355
2 0.847059
3 0.649554
4 0.0795009
5 0.176827
6 0.288057
7 0.157932
8 0.336542
9 0.847059
10 0.43779
11 0.0959002
12 0.26631
13 0.325134
14 0.156863
15 0.105526
16 0.25098
17 0.573262
18 0.502674
19 0.91042
20 0.0656973
21 0.226151
22 0.990977
23 0.243869
24 0.100127
25 0.975948
0 0.767674
1 0.037162
2 0.0934046
3 0.148307
4 0.155793
5 0.28984
6 0.254189
7 0.239216
8 0.188057
9 0.0901961
10 0.168627
11 0.328342
12 0.345455
13 0.225312
14 0.156863
15 0.156863
16 0.128342
17 0.454189
18 0.718717
19 0.902639
20 0.115283
21 0.24181
22 0.991293
23 0.282178
24 0.0915194
25 0.984145
0 0.121349
1 0.0296051
2 0.0308378
3 0.0745098
4 0.286631
5 0.34902
6 0.23779
7 0.145098
8 0.145098
9 0.303387
10 0.083779
11 0.154724
12 0.25098
13 0.25098
14 0.165419
15 0.156863
16 0.156863
17 0.331194
18 0.73369
19 0.946963
20 0.0791566
21 0.295435
22 0.986589
23 0.307078
24 0.0688674
25 0.979821
0 0.335154
1 0.0220028
2 0.05918
3 0.272014
4 0.34902
5 0.34902
6 0.34902
7 0.34902
8 0.34902
9 0.0588235
10 0.206417
11 0.25098
12 0.25098
13 0.25098
14 0.25098
15 0.25098
16 0.25098
17 0.19287
18 0.14902
19 0.955028
20 0.0372903
21 0.269764
22 0.988047
23 0.272174
24 0.0408067
25 0.973185
0 0.6999
1 0.0152578
2 0.34902
3 0.34902
4 0.34902
5 0.34902
6 0.34902
7 0.34902
8 0.34902
9 0.25098
10 0.25098
11 0.25098
12 0.25098
13 0.25098
14 0.25098
15 0.25098
16 0.25098
17 0.14902
18 0.14902
19 0.954263
20 0.0550604
21 0.255946
22 0.988317
23 0.318116
24 0.0400048
25 0.982172
0 0.201374
1 0.00848043
2 0.34902
3 0.34902
4 0.34902
5 0.34902
6 0.34902
7 0.34902
8 0.34902
9 0.25098
10 0.25098
11 0.25098
12 0.25098
13 0.25098
14 0.25098
15 0.25098
16 0.25098
17 0.14902
18 0.14902
19 0.953979
20 0.0590082
21 0.262903
22 0.988355
23 0.317097
24 0.0400096
25 0.982327
end fitness = 5.7188
