brainFunction 22894 21 14 129 24799 2-4 5-10 11-13
0 0.864316
1 0.517547
2 0.455971
3 0.659002
4 0.448128
5 0.259537
6 0.56934
7 0.554011
8 0.541533
9 0.432442
10 0.473084
11 0.485918
12 0.527986
13 0.505882
14 0.896737
15 0.947252
16 0.0346517
17 0.416291
18 0.720474
19 0.41936
20 0.961995
0 0.144008
1 0.552674
2 0.0392157
3 0.0417112
4 0.0426025
5 0.317647
6 0.317647
7 0.242781
8 0.0431373
9 0.0431373
10 0.118004
11 0.976471
12 0.382531
13 0.17041
14 0.876582
15 0.896059
16 0.0452225
17 0.460347
18 0.776406
19 0.64025
20 0.951924
0 0.956036
1 0.541899
2 0.0313726
3 0.0313726
4 0.0356506
5 0.317647
6 0.317647
7 0.317647
8 0.317647
9 0.292335
10 0.0392157
11 0.976471
12 0.976471
13 0.465241
14 0.857114
15 0.886197
16 0.0747681
17 0.43632
18 0.632494
19 0.657076
20 0.936336
0 0.00423049
1 0.531197
2 0.292513
3 0.209269
4 0.472014
5 0.546524
6 0.431016
7 0.144385
8 0.137611
9 0.268806
10 0.660962
11 0.248128
12 0.572371
13 0.824955
14 0.896493
15 0.866818
16 0.0676101
17 0.432627
18 0.765905
19 0.711846
20 0.974635
0 0.617429
1 0.520609
2 0.773084
3 0.200178
4 0.212299
5 0.992157
6 0.589305
7 0.166132
8 0.0431373
9 0.17861
10 0.261676
11 0.889305
12 0.34385
13 0.497861
14 0.955924
15 0.660372
16 0.0258055
17 0.337576
18 0.79427
19 0.961503
20 0.97393
0 0.742702
1 0.509662
2 0.988235
3 0.988235
4 0.988235
5 0.988235
6 0.988235
7 0.988235
8 0.988235
9 0.988235
10 0.988235
11 0.988235
12 0.988235
13 0.988235
14 0.871994
15 0.919699
16 0.0479301
17 0.288729
18 0.228684
19 0.76825
20 0.916513
0 0.264544
1 0.499123
2 0.863636
3 1
4 1
5 0.0370766
6 0.0509804
7 0.0509804
8 0.0509804
9 0.0509804
10 0.0509804
11 1
12 1
13 1
14 0.778121
15 0.884917
16 0.110423
17 0.47159
18 0.306126
19 0.761523
20 0.898189
0 0.204646
1 0.489752
2 0.306417
3 1
4 1
5 0.315152
6 0.0819964
7 0.0509804
8 0.0509804
9 0.0509804
10 0.0509804
11 0.541176
12 1
13 1
14 0.779184
15 0.80713
16 0.133638
17 0.465963
18 0.315134
19 0.759757
20 0.888951
0 0.970784
1 0.479793
2 0.263636
3 1
4 1
5 0.272727
6 0.23672
7 0.0509804
8 0.0509804
9 0.0509804
10 0.0509804
11 0.263636
12 1
13 1
14 0.816736
15 0.871016
16 0.113351
17 0.482197
18 0.38097
19 0.740649
20 0.896569
0 0.239763
1 0.469841
2 0.398931
3 1
4 0.744385
5 0.345455
6 0.0869875
7 0.0509804
8 0.0509804
9 0.0509804
10 0.0467023
11 0.384492
12 1
13 0.95615
14 0.865117
15 0.885124
16 0.0912048
17 0.478954
18 0.45731
19 0.74645
20 0.909789
0 0.317898
1 0.459883
2 0.50107
3 1
4 0.239572
5 0.219251
6 0.0741533
7 0.0509804
8 0.0509804
9 0.0524064
10 0.0559715
11 0.503743
12 1
13 0.791979
14 0.875543
15 0.892578
16 0.0836934
17 0.491733
18 0.532657
19 0.714369
20 0.907542
0 0.290548
1 0.449909
2 0.233155
3 0.94082
4 0.0538324
5 0.192513
6 0.222816
7 0.0509804
8 0.0873441
9 0.0727273
10 0.269875
11 0.513904
12 0.922638
13 0.800356
14 0.900211
15 0.848385
16 0.0512072
17 0.425911
18 0.610712
19 0.742405
20 0.94047
0 0.789483
1 0.439874
2 0.742246
3 0.754189
4 0.0891265
5 0.433868
6 0.0509804
7 0.0509804
8 0.247772
9 0.150089
10 0.317647
11 0.813369
12 0.654189
13 0.557576
14 0.894639
15 0.842265
16 0.0559444
17 0.436266
18 0.653781
19 0.739059
20 0.916044
0 0.318078
1 0.432877
2 0.471658
3 0.726025
4 0.0434937
5 0.263458
6 0.129412
7 0.0509804
8 0.558645
9 0.192157
10 0.317647
11 0.420321
12 0.636364
13 0.670588
14 0.869303
15 0.905802
16 0.0674391
17 0.459363
18 0.527361
19 0.670938
20 0.884619
0 0.108034
1 0.425795
2 0.0509804
3 0.850624
4 0.0513369
5 0.0962567
6 0.19893
7 0.0973262
8 0.0609626
9 0.240642
10 0.317647
11 0.348307
12 0.9041
13 0.82139
14 0.895636
15 0.807766
16 0.0712129
17 0.541705
18 0.723185
19 0.526767
20 0.868495
0 0.534841
1 0.418779
2 0.071123
3 0.0789661
4 0.027451
5 0.213547
6 0.196078
7 0.242781
8 0.254545
9 0.317647
10 0.317647
11 0.222816
12 0.454724
13 0.964706
14 0.904794
15 0.898057
16 0.0524256
17 0.507061
18 0.745736
19 0.591307
20 0.888085
0 0.117456
1 0.411224
2 0.0247772
3 0.027451
4 0.027451
5 0.11016
6 0.223529
7 0.317647
8 0.317647
9 0.317647
10 0.317647
11 0.667023
12 0.956863
13 0.956863
14 0.884905
15 0.834566
16 0.0580826
17 0.488753
18 0.715027
19 0.619823
20 0.857844
0 0.748344
1 0.403698
2 0.0595365
3 0.027451
4 0.027451
5 0.0666667
6 0.157932
7 0.317647
8 0.317647
9 0.317647
10 0.317647
11 0.226381
12 0.945098
13 0.945098
14 0.887371
15 0.835095
16 0.0590356
17 0.499979
18 0.712221
19 0.592223
20 0.843748
0 0.580571
1 0.396313
2 0.0648841
3 0.027451
4 0.027451
5 0.0666667
6 0.0894831
7 0.317647
8 0.317647
9 0.317647
10 0.317647
11 0.106595
12 0.945098
13 0.945098
14 0.908603
15 0.908637
16 0.0460221
17 0.49974
18 0.791286
19 0.633923
20 0.905242
0 0.0582649
1 0.389048
2 0.0313726
3 0.0313726
4 0.0313725
5 0.317647
6 0.317647
7 0.317647
8 0.317647
9 0.317647
10 0.317647
11 0.960784
12 0.960784
13 0.960784
14 0.900317
15 0.885071
16 0.0415919
17 0.461704
18 0.783037
19 0.67272
20 0.901041
0 0.640369
1 0.381671
2 0.0470588
3 0.0470588
4 0.0470588
5 0.317647
6 0.317647
7 0.317647
8 0.317647
9 0.317647
10 0.317647
11 0.964706
12 0.964706
13 0.964706
14 0.862866
15 0.867077
16 0.0397778
17 0.381937
18 0.715054
19 0.684045
20 0.915226
0 0.48801
1 0.374304
2 0.151872
3 0.329947
4 0.475936
5 0.22852
6 0.397148
7 0.436364
8 0.612834
9 0.0545454
10 0.545455
11 0.616578
12 0.526738
13 0.690909
14 0.917195
15 0.921786
16 0.0220381
17 0.364593
18 0.734349
19 0.666264
20 0.945842
0 0.198099
1 0.367296
2 0.0235294
3 0.340107
4 0.262032
5 0.317647
6 0.317647
7 0.453476
8 0.273797
9 0.742246
10 0.109091
11 0.968627
12 0.696078
13 0.262032
14 0.871717
15 0.912738
16 0.0327061
17 0.391888
18 0.771175
19 0.661058
20 0.928036
0 0.154041
1 0.360367
2 0.0117647
3 0.219251
4 0.299465
5 0.317647
6 0.317647
7 0.299465
8 0.625669
9 0.0748663
10 0.665241
11 0.960784
12 0.537077
13 0.570053
14 0.874216
15 0.905722
16 0.0351498
17 0.358437
18 0.695796
19 0.677544
20 0.925754
0 0.734613
1 0.353264
2 0.00552585
3 0.0602496
4 0.46631
5 0.157219
6 0.317647
7 0.317647
8 0.373262
9 0.291979
10 0.210695
11 0.962032
12 0.912299
13 0.515508
14 0.876297
15 0.902695
16 0.0375974
17 0.4057
18 0.690936
19 0.645043
20 0.89521
0 0.170092
1 0.346387
2 0.0313726
3 0.00891266
4 0.405169
5 0.25205
6 0.112299
7 0.263458
8 0.317647
9 0.45918
10 0.36328
11 0.580036
12 0.846702
13 0.655615
14 0.88417
15 0.875452
16 0.0510724
17 0.413133
18 0.705585
19 0.678665
20 0.912881
0 0.482294
1 0.339512
2 0.150267
3 0.0146168
4 0.298217
5 0.304813
6 0.295544
7 0.150446
8 0.317647
9 0.420321
10 0.322995
11 0.509982
12 0.794474
13 0.595544
14 0.910895
15 0.842085
16 0.0455047
17 0.420394
18 0.699309
19 0.616888
20 0.904068
0 0.998911
1 0.332523
2 0.262567
3 0.0912656
4 0.154724
5 0.12549
6 0.344029
7 0.31123
8 0.236364
9 0.317647
10 0.373262
11 0.696257
12 0.53672
13 0.754189
14 0.892016
15 0.901745
16 0.044292
17 0.447082
18 0.691957
19 0.576146
20 0.891236
0 0.360045
1 0.325678
2 0.200178
3 0.122816
4 0.0951872
5 0.239929
6 0.143672
7 0.362923
8 0.0459893
9 0.294118
10 0.471658
11 0.616756
12 0.632977
13 0.770588
14 0.862933
15 0.902362
16 0.0800435
17 0.48648
18 0.757227
19 0.61176
20 0.901673
0 0.130507
1 0.318665
2 0.219251
3 0.158824
4 0
5 0.395009
6 0.41533
7 0.285918
8 0.140107
9 0.0588235
10 0.0588235
11 0.767201
12 0.443672
13 0.972549
14 0.830449
15 0.825269
16 0.0906607
17 0.483574
18 0.748392
19 0.54652
20 0.876191
0 0.962942
1 0.311451
2 0.116578
3 0.0907308
4 0.00392157
5 0.448128
6 0.308021
7 0.0919786
8 0.164706
9 0.0588235
10 0.0588235
11 0.518182
12 0.307665
13 0.984314
14 0.873156
15 0.848653
16 0.0865897
17 0.407937
18 0.641509
19 0.588491
20 0.917386
0 0.800058
1 0.30432
2 0.270588
3 0.108378
4 0.234403
5 0.163993
6 0.569697
7 0.167914
8 0.0770054
9 0.247772
10 0.219608
11 0.22246
12 0.372549
13 0.544028
14 0.842609
15 0.909942
16 0.0618056
17 0.374592
18 0.613238
19 0.396207
20 0.931692
0 0.474015
1 0.296759
2 0.316043
3 0.0235294
4 0.0235294
5 0.0748663
6 0.0235294
7 0.0235294
8 0.0235294
9 0.0235294
10 0.0235294
11 0.385027
12 0.0235294
13 0.0235294
14 0.853928
15 0.907494
16 0.0494848
17 0.40095
18 0.731399
19 0.590844
20 0.94286
0 0.92462
1 0.289885
2 0.251337
3 0.201604
4 0.0540107
5 0.159002
6 0.308378
7 0.6
8 0.106595
9 0.088057
10 0.0588235
11 0.666845
12 0.431016
13 0.169519
14 0.82621
15 0.854047
16 0.0449593
17 0.418801
18 0.786635
19 0.619236
20 0.89334
0 0.816971
1 0.281801
2 0.151337
3 0.260606
4 0.108378
5 0.422816
6 0.103743
7 0.379323
8 0.507308
9 0.057754
10 0.286274
11 0.529947
12 0.337077
13 0.643672
14 0.899789
15 0.872239
16 0.0409415
17 0.342895
18 0.720395
19 0.684754
20 0.931204
0 0.299695
1 0.274495
2 0.328699
3 0.120499
4 0.174332
5 0.25098
6 0.346168
7 0.132264
8 0.479144
9 0.6
10 0.330481
11 0.155971
12 0.463815
13 0.174332
14 0.894517
15 0.883255
16 0.0343132
17 0.36083
18 0.67978
19 0.614448
20 0.915795
0 0.846258
1 0.267468
2 0.211052
3 0.159715
4 0.205704
5 0.241355
6 0.25098
7 0.346168
8 0.123351
9 0.396435
10 0.6
11 0.497148
12 0.489661
13 0.367201
14 0.857563
15 0.848628
16 0.0608765
17 0.441484
18 0.696492
19 0.630995
20 0.860864
0 0.287882
1 0.259952
2 0.261319
3 0.387879
4 0.195187
5 0.244563
6 0.25098
7 0.346168
8 0.387166
9 0.226381
10 0.245276
11 0.381105
12 0.233333
13 0.961497
14 0.866096
15 0.881142
16 0.0424921
17 0.377903
18 0.663488
19 0.601838
20 0.91759
0 0.286813
1 0.341887
2 0.223351
3 0.328699
4 0.439929
5 0.393226
6 0.228521
7 0.25098
8 0.346168
9 0.456684
10 0.226025
11 0.386453
12 0.155971
13 0.374153
14 0.845361
15 0.920424
16 0.0507403
17 0.37477
18 0.655108
19 0.652629
20 0.935608
0 0.00461032
1 0.424936
2 0.197148
3 0.335472
4 0.535829
5 0.501604
6 0.39287
7 0.25098
8 0.314439
9 0.282709
10 0.463815
11 0.33672
12 0.153654
13 0.238503
14 0.884189
15 0.92219
16 0.0432828
17 0.395458
18 0.670618
19 0.634374
20 0.937046
0 0.303908
1 0.505705
2 0.146702
3 0.328342
4 0.267736
5 0.37861
6 0.409626
7 0.260963
8 0.25098
9 0.346168
10 0.536542
11 0.429768
12 0.165062
13 0.176827
14 0.89197
15 0.9426
16 0.0332732
17 0.373864
18 0.676427
19 0.644931
20 0.942515
0 0.302462
1 0.498799
2 0.159893
3 0.307665
4 0.308378
5 0.239216
6 0.403565
7 0.498396
8 0.25098
9 0.25098
10 0.441355
11 0.740642
12 0.303922
13 0.162923
14 0.871515
15 0.929334
16 0.0424555
17 0.362453
18 0.637523
19 0.684386
20 0.940469
0 0.821431
1 0.491859
2 0.109091
3 0.261676
4 0.34902
5 0.25098
6 0.329412
7 0.193939
8 0.280927
9 0.25098
10 0.25098
11 0.838503
12 0.550446
13 0.14902
14 0.899093
15 0.923812
16 0.0291299
17 0.371083
18 0.743768
19 0.72376
20 0.943967
0 0.812393
1 0.484785
2 0.265241
3 0.16025
4 0.352585
5 0.423529
6 0.299822
7 0.436007
8 0.435294
9 0.319073
10 0.25098
11 0.972727
12 0.549198
13 0.21016
14 0.919937
15 0.943421
16 0.0309204
17 0.325156
18 0.63336
19 0.80739
20 0.935142
0 0.250947
1 0.477556
2 0.522103
3 0.269875
4 0.259358
5 0
6 0.269519
7 0.264171
8 0.51123
9 0.366845
10 0.251337
11 0.834938
12 0.921747
13 0.273797
14 0.899136
15 0.874954
16 0.0565088
17 0.415128
18 0.590722
19 0.758733
20 0.867478
0 0.908035
1 0.470487
2 0.109804
3 0.327451
4 0.264349
5 0
6 0.349733
7 0.271658
8 0.33975
9 0.424242
10 0.221034
11 0.303743
12 0.873797
13 0.683957
14 0.910571
15 0.860936
16 0.0640442
17 0.486437
18 0.623182
19 0.6486
20 0.843333
0 0.749414
1 0.463392
2 0.131373
3 0.232264
4 0.0427807
5 0
6 0.19893
7 0.130481
8 0.305882
9 0.380036
10 0.239216
11 0.403922
12 0.667201
13 0.854545
14 0.908681
15 0.895666
16 0.0597603
17 0.445554
18 0.591944
19 0.710815
20 0.881451
0 0.67396
1 0.45627
2 0.153298
3 0.192157
4 0.168984
5 0
6 0.28984
7 0.22246
8 0.193939
9 0.470232
10 0.309091
11 0.275223
12 0.977184
13 0.55508
14 0.89454
15 0.92079
16 0.0519648
17 0.406323
18 0.597538
19 0.734189
20 0.896955
0 0.601403
1 0.449255
2 0.17451
3 0.258467
4 0.260071
5 0
6 0.337255
7 0.413547
8 0.2082
9 0.14902
10 0.6
11 0.272371
12 0.957576
13 0.395187
14 0.838303
15 0.91279
16 0.0538695
17 0.425958
18 0.583813
19 0.686541
20 0.839823
0 0.472169
1 0.442296
2 0.0114082
3 0.300713
4 0.312478
5 0
6 0.0057041
7 0.409269
8 0.300178
9 0.10303
10 0.297326
11 0.137611
12 0.916399
13 0.586631
14 0.850757
15 0.897474
16 0.0623358
17 0.42785
18 0.564842
19 0.585225
20 0.862423
0 0.50415
1 0.435263
2 0.0114082
3 0.100178
4 0.291622
5 0
6 0.0057041
7 0.152585
8 0.213904
9 0.351872
10 0
11 0.141176
12 0.63779
13 0.408734
14 0.851224
15 0.917122
16 0.0710621
17 0.496392
18 0.665262
19 0.595469
20 0.864021
0 0.0103044
1 0.428113
2 0.154011
3 0.0486631
4 0.162567
5 0.35615
6 0.0057041
7 0.0777184
8 0.199644
9 0.294474
10 0.139037
11 0.417112
12 0.503743
13 0.720856
14 0.882503
15 0.896819
16 0.0658861
17 0.436695
18 0.644857
19 0.716886
20 0.88573
0 0.319939
1 0.420499
2 0.212834
3 0.172193
4 0.327807
5 0.22246
6 0.301961
7 0.00713012
8 0.457398
9 0.447415
10 0.0834225
11 0.578966
12 0.598217
13 0.71533
14 0.890124
15 0.874734
16 0.061156
17 0.444379
18 0.643331
19 0.627062
20 0.865117
0 0.9192
1 0.413011
2 0.0759358
3 0.243672
4 0.0381462
5 0
6 0.257754
7 0.190374
8 0.307665
9 0.27451
10 0.124777
11 0.453476
12 0.495722
13 0.636364
14 0.865357
15 0.903112
16 0.0530076
17 0.479909
18 0.690951
19 0.630195
20 0.855459
0 0.432019
1 0.400863
2 0.2082
3 0.157576
4 0.190374
5 0.539394
6 0.11836
7 0.416043
8 0
9 0.433512
10 0.27451
11 0.251337
12 0.472727
13 0.77754
14 0.869392
15 0.941302
16 0.048224
17 0.409135
18 0.691669
19 0.669215
20 0.919837
0 0.268697
1 0.482959
2 0.34385
3 0.172727
4 0.147594
5 0.315508
6 0.218182
7 0.192513
8 0.35615
9 0
10 0.404278
11 0.703209
12 0.427273
13 0.351872
14 0.887992
15 0.945138
16 0.0398082
17 0.374814
18 0.675304
19 0.695706
20 0.92932
0 0.709663
1 0.475393
2 0.197861
3 0.248663
4 0.139572
5 0.209626
6 0.344385
7 0.447059
8 0.143316
9 0.300535
10 0
11 0.766845
12 0.555615
13 0.181818
14 0.891653
15 0.939496
16 0.0465562
17 0.420647
18 0.628835
19 0.682202
20 0.886006
0 0.402653
1 0.467912
2 0.206952
3 0.218538
4 0.311408
5 0.2082
6 0.442424
7 0.533333
8 0.00713013
9 0.196078
10 0.601069
11 0.610695
12 0.46221
13 0.718004
14 0.836045
15 0.935477
16 0.0714038
17 0.430496
18 0.589832
19 0.659558
20 0.864411
0 0.0437127
1 0.460424
2 0.0693405
3 0.276471
4 0.21836
5 0.0185383
6 0.212834
7 0.286274
8 0.275579
9 0.0057041
10 0.250267
11 0.221569
12 0.561319
13 0.548663
14 0.858297
15 0.922035
16 0.0767469
17 0.421223
18 0.674159
19 0.728758
20 0.910442
0 0.78676
1 0.45295
2 0.13975
3 0.271479
4 0.0106952
5 0.0941177
6 0.37148
7 0.254189
8 0.340107
9 0.00855615
10 0
11 0.360963
12 0.764171
13 0.220321
14 0.893027
15 0.894988
16 0.0434654
17 0.402036
18 0.610567
19 0.704955
20 0.869911
0 0.822494
1 0.445158
2 0.116756
3 0.232799
4 0.342424
5 0.163636
6 0.235651
7 0.271301
8 0.269519
9 0.63672
10 0.00285205
11 0.380927
12 0.595009
13 0.549733
14 0.836492
15 0.879109
16 0.0630424
17 0.451159
18 0.613275
19 0.712267
20 0.827775
0 0.9084
1 0.437601
2 0.21836
3 0.245276
4 0.545989
5 0.395722
6 0.102674
7 0.176471
8 0.348663
9 0.112299
10 0.247059
11 0.620321
12 0.597504
13 0.996078
14 0.886113
15 0.934422
16 0.036959
17 0.424659
18 0.649345
19 0.60466
20 0.886964
0 0.14126
1 0.430078
2 0.245098
3 0.123886
4 0.196257
5 0.326203
6 0.0310161
7 0.22246
8 0.141889
9 0.317291
10 0.513012
11 0.456506
12 0.415686
13 0.405882
14 0.845148
15 0.916679
16 0.0459926
17 0.394244
18 0.609723
19 0.681321
20 0.885822
0 0.707469
1 0.422767
2 0.16328
3 0.0869875
4 0.305882
5 0.20107
6 0.0299465
7 0.154011
8 0.293048
9 0.305882
10 0.305882
11 0.313369
12 0.643315
13 0.305882
14 0.879036
15 0.911203
16 0.0602472
17 0.498144
18 0.682313
19 0.657223
20 0.816537
0 0.335991
1 0.415551
2 0.0857397
3 0.00392157
4 0.00392157
5 0.144742
6 0.0745098
7 0.154011
8 0.282353
9 0.282353
10 0.282353
11 0.43975
12 0.724242
13 0.898039
14 0.884263
15 0.931877
16 0.041933
17 0.394915
18 0.559315
19 0.571822
20 0.895308
0 0.296441
1 0.408121
2 0.0916221
3 0.0819964
4 0.455258
5 0.317647
6 0.209982
7 0.00285205
8 0.0117647
9 0.474866
10 0.607486
11 0.690553
12 0.281283
13 0.432977
14 0.836704
15 0.922503
16 0.0930833
17 0.462342
18 0.641895
19 0.637218
20 0.886049
0 0.784292
1 0.400917
2 0.083779
3 0.0682709
4 0.218538
5 0.317647
6 0.293048
7 0.055615
8 0.0919786
9 0.0352942
10 0.0737967
11 0.839037
12 0.484492
13 0.637433
14 0.859248
15 0.94578
16 0.0765959
17 0.419495
18 0.596172
19 0.550452
20 0.892111
0 0.0827933
1 0.39336
2 0.0595365
3 0.0171123
4 0.349554
5 0.196791
6 0.317647
7 0.057754
8 0.0228164
9 0.209626
10 0.00392157
11 0.874688
12 0.23779
13 0.575223
14 0.827941
15 0.938263
16 0.0996002
17 0.463053
18 0.613275
19 0.617343
20 0.870864
0 0.48513
1 0.38602
2 0.0616756
3 0.012656
4 0.11123
5 0.0855615
6 0.218182
7 0.144385
8 0
9 0
10 0.00213904
11 0.695365
12 0.662923
13 0.652406
14 0.836146
15 0.927103
16 0.0584054
17 0.407558
18 0.675831
19 0.636446
20 0.896498
0 0.891989
1 0.378428
2 0.10107
3 0.0559715
4 0.00392157
5 0.0352941
6 0.0994653
7 0.317647
8 0.250267
9 0
10 0
11 0.424064
12 0.682709
13 0.168627
14 0.869112
15 0.942115
16 0.0594362
17 0.389439
18 0.667355
19 0.733824
20 0.897853
0 0.238002
1 0.370811
2 0.205526
3 0.172549
4 0.0823529
5 0.112299
6 0.324421
7 0.226381
8 0.317647
9 0.272727
10 0
11 0.399109
12 0.682709
13 0.325668
14 0.897057
15 0.937067
16 0.0330269
17 0.375847
18 0.690787
19 0.75346
20 0.899595
0 0.632934
1 0.363228
2 0.164706
3 0.190374
4 0.235294
5 0.317647
6 0.317647
7 0.297326
8 0.283422
9 0.416043
10 0.314438
11 0.745098
12 0.706239
13 0.391979
14 0.883844
15 0.929586
16 0.0500726
17 0.418409
18 0.693992
19 0.728045
20 0.857601
0 0.514892
1 0.355598
2 0.136185
3 0.217291
4 0.104813
5 0.176471
6 0.317647
7 0.317647
8 0.322995
9 0.231016
10 0.0588235
11 0.791444
12 0.629412
13 0.781283
14 0.890448
15 0.934872
16 0.0384014
17 0.415929
18 0.736932
19 0.779969
20 0.875792
0 0.424702
1 0.347945
2 0.295544
3 0.184314
4 0.184314
5 0.503743
6 0.317647
7 0.317647
8 0.317647
9 0.317647
10 0.317647
11 0.75615
12 0.717647
13 0.717647
14 0.879797
15 0.927772
16 0.0515213
17 0.395727
18 0.647577
19 0.736314
20 0.864479
0 0.929118
1 0.340579
2 0.212656
3 0.0374332
4 0.137611
5 0.305169
6 0.206061
7 0.0588235
8 0.0702317
9 0.246346
10 0.317647
11 0.835829
12 0.896613
13 0.679857
14 0.891233
15 0.952349
16 0.0689418
17 0.393617
18 0.589536
19 0.75448
20 0.881781
0 0.0962218
1 0.333429
2 0.352228
3 0.0666667
4 0.103565
5 0.0231729
6 0.323351
7 0.0588235
8 0.0588235
9 0.130481
10 0.317647
11 0.72656
12 0.94902
13 0.601426
14 0.883094
15 0.948874
16 0.0550523
17 0.389014
18 0.570264
19 0.735132
20 0.878367
0 0.35126
1 0.32641
2 0.290909
3 0.0705882
4 0.141176
5 0
6 0.116578
7 0.0588235
8 0.0588235
9 0.130481
10 0.317647
11 0.832086
12 0.988235
13 0.525134
14 0.881506
15 0.899854
16 0.0595131
17 0.475494
18 0.618232
19 0.721003
20 0.794626
0 0.872544
1 0.319377
2 0.11123
3 0.0413547
4 0.101961
5 0.136898
6 0.0534759
7 0.0588235
8 0.105882
9 0.317647
10 0.317647
11 0.700178
12 0.982175
13 1
14 0.877983
15 0.886205
16 0.059052
17 0.443925
18 0.629332
19 0.739678
20 0.824026
0 0.947192
1 0.311945
2 0.245455
3 0.0565062
4 0.168627
5 0.25098
6 0.128699
7 0.0588235
8 0.176471
9 0.317647
10 0.317647
11 0.414795
12 0.934403
13 0.764706
14 0.878722
15 0.898428
16 0.0677111
17 0.445748
18 0.662368
19 0.765791
20 0.826807
0 0.620141
1 0.304346
2 0.43779
3 0.0907308
4 0.137255
5 0.455258
6 0.25098
7 0.087344
8 0.129412
9 0.294118
10 0.317647
11 0.265062
12 0.754011
13 0.826916
14 0.875812
15 0.934753
16 0.0370961
17 0.414405
18 0.727584
19 0.789483
20 0.851256
0 0.101504
1 0.296615
2 0.431373
3 0.22139
4 0.239216
5 0.655258
6 0.174332
7 0.267736
8 0.317647
9 0.317647
10 0.317647
11 0.476827
12 0.667023
13 0.729412
14 0.89762
15 0.943172
16 0.0359013
17 0.417576
18 0.731893
19 0.776168
20 0.839819
0 0.233448
1 0.288692
2 0.12549
3 0.12549
4 0.12549
5 0.317647
6 0.317647
7 0.317647
8 0.317647
9 0.317647
10 0.317647
11 0.866667
12 0.866667
13 0.866667
14 0.889744
15 0.939803
16 0.0354487
17 0.390523
18 0.700893
19 0.782858
20 0.850898
0 0.280715
1 0.280867
2 0.207843
3 0.207843
4 0.207843
5 0.317647
6 0.317647
7 0.317647
8 0.317647
9 0.317647
10 0.317647
11 0.760784
12 0.760784
13 0.760784
14 0.90966
15 0.959572
16 0.0238965
17 0.287158
18 0.688932
19 0.862448
20 0.926782
0 0.0105296
1 0.273187
2 0.542959
3 0.345455
4 0.328699
5 0.247059
6 0.382175
7 0.239216
8 0.618895
9 0.346168
10 0.25098
11 0.862567
12 0.786274
13 0.155971
14 0.911351
15 0.960717
16 0.0209008
17 0.296881
18 0.677379
19 0.869357
20 0.905612
0 0.292847
1 0.265765
2 0.419073
3 0.411052
4 0.306239
5 0.247059
6 0.382175
7 0.445633
8 0.380036
9 0.335829
10 0.441355
11 0.862567
12 0.916221
13 0.330303
14 0.88101
15 0.954222
16 0.0272525
17 0.33548
18 0.572878
19 0.850993
20 0.823586
0 0.299917
1 0.258358
2 0.32246
3 0.545811
4 0.630659
5 0.247059
6 0.235651
7 0.649911
8 0.0509804
9 0.30303
10 0.305882
11 0.896257
12 0.986096
13 0.962567
14 0.909263
15 0.921937
16 0.0581718
17 0.393012
18 0.552583
19 0.828374
20 0.831789
0 0.395229
1 0.251168
2 0.449554
3 0.266667
4 0.393405
5 0.202139
6 0.368271
7 0.0509804
8 0.0509804
9 0.397148
10 0.305882
11 0.844742
12 0.913725
13 0.976292
14 0.89378
15 0.886647
16 0.0303087
17 0.442704
18 0.708153
19 0.828321
20 0.792447
0 0.821544
1 0.243228
2 0.370945
3 0.424955
4 0.137255
5 0.370766
6 0.0509804
7 0.302317
8 0.487701
9 0.305882
10 0.305882
11 0.679857
12 0.847059
13 0.996078
14 0.91993
15 0.913391
16 0.0383389
17 0.427736
18 0.705044
19 0.784448
20 0.808337
0 0.679377
1 0.234956
2 0.26934
3 0.0313726
4 0.0313725
5 0.0509804
6 0.313726
7 0.305882
8 0.305882
9 0.305882
10 0.305882
11 0.829768
12 0.996078
13 0.996078
14 0.896314
15 0.906859
16 0.0376535
17 0.432958
18 0.731564
19 0.847052
20 0.811995
0 0.642563
1 0.227423
2 0.0805704
3 0.469875
4 0.0666667
5 0.305882
6 0.282709
7 0.0509804
8 0.675936
9 0.305882
10 0.305882
11 0.991622
12 0.984135
13 0.992157
14 0.901928
15 0.945789
16 0.0319503
17 0.355787
18 0.639714
19 0.862458
20 0.831738
0 0.105131
1 0.219843
2 0.443137
3 0.443137
4 0.443137
5 0.305882
6 0.305882
7 0.305882
8 0.305882
9 0.305882
10 0.305882
11 0.976471
12 0.976471
13 0.976471
14 0.868474
15 0.910006
16 0.0374998
17 0.356958
18 0.56437
19 0.849626
20 0.786363
0 0.476811
1 0.212134
2 0.399465
3 0.465062
4 0.580392
5 0.275936
6 0.157219
7 0.241711
8 0.305882
9 0.305882
10 0.305882
11 0.572727
12 0.859537
13 0.972549
14 0.88129
15 0.928307
16 0.0348275
17 0.376056
18 0.576968
19 0.803216
20 0.788948
0 0.00213543
1 0.204432
2 0.43369
3 0.288057
4 0.662745
5 0.275936
6 0.157219
7 0.411765
8 0.165775
9 0.305882
10 0.305882
11 0.572727
12 0.753298
13 0.980392
14 0.856484
15 0.902861
16 0.0478172
17 0.445408
18 0.660563
19 0.706033
20 0.775293
0 0.42734
1 0.196836
2 0.220321
3 0.0679144
4 0.276471
5 0.505882
6 0.0459893
7 0.149733
8 0.0766488
9 0.300178
10 0.291622
11 0.534759
12 0.548841
13 0.933512
14 0.904611
15 0.915975
16 0.0534588
17 0.440181
18 0.749819
19 0.79585
20 0.839499
0 0.521015
1 0.189533
2 0.333333
3 0.140463
4 0.20107
5 0.505882
6 0.505882
7 0.229946
8 0.27451
9 0.382531
10 0.00392157
11 0.984314
12 0.611943
13 0.987166
14 0.87933
15 0.933843
16 0.0210141
17 0.384179
18 0.729507
19 0.842957
20 0.79652
0 0.295037
1 0.182229
2 0.122282
3 0.25098
4 0.333155
5 0.439572
6 0.208556
7 0.388235
8 0.505882
9 0.349733
10 0.62139
11 0.531016
12 0.966667
13 0.820499
14 0.854642
15 0.911555
16 0.0335808
17 0.354582
18 0.623258
19 0.750944
20 0.809331
0 0.806927
1 0.175009
2 0.209626
3 0.431551
4 0.248663
5 0.27451
6 0.184314
7 0.407487
8 0.0673797
9 0.183957
10 0.505882
11 0.44385
12 0.545455
13 0.668449
14 0.86074
15 0.95426
16 0.0352807
17 0.338175
18 0.692863
19 0.686943
20 0.902154
0 0.3341
1 0.168113
2 0.0695187
3 0.367914
4 0.129947
5 0.14902
6 0.227451
7 0.438503
8 0.231016
9 0
10 0.259893
11 0.881283
12 0.382888
13 0.129947
14 0.807531
15 0.968356
16 0.0661916
17 0.332473
18 0.656038
19 0.750953
20 0.901317
0 0.0762356
1 0.161132
2 0.0263815
3 0.0196078
4 0.00267379
5 0.0613191
6 0.14902
7 0.14902
8 0.13262
9 0.00534759
10 0
11 0.605704
12 0.910873
13 0.00267379
14 0.833988
15 0.926428
16 0.0459928
17 0.43016
18 0.648914
19 0.766278
20 0.743175
0 0.399754
1 0.154041
2 0.102317
3 0.31533
4 0
5 0
6 0.0110517
7 0.4082
8 0.14902
9 0.14902
10 0.14902
11 0.519608
12 0.848307
13 1
14 0.832136
15 0.890702
16 0.0454496
17 0.394391
18 0.561109
19 0.73019
20 0.764519
0 0.47358
1 0.146844
2 0.00213904
3 0.38984
4 0.354545
5 0
6 0.00427808
7 0.0160428
8 0.382888
9 0.090909
10 0.545455
11 0.58984
12 0.71016
13 0.863636
14 0.840751
15 0.921003
16 0.0483266
17 0.413165
18 0.56813
19 0.702384
20 0.773252
0 0.0864639
1 0.139704
2 0.197861
3 0.271658
4 0.329947
5 0.0235294
6 0
7 0.254545
8 0.104813
9 0.0224599
10 0.481283
11 0.557932
12 0.65918
13 0.890909
14 0.842377
15 0.940063
16 0.0708293
17 0.382235
18 0.561538
19 0.746619
20 0.846784
0 0.109705
1 0.132451
2 0.298039
3 0.0470588
4 0.279501
5 0.0901961
6 0.0723708
7 0
8 0
9 0.0941177
10 0.208556
11 0.690731
12 0.880392
13 0.560428
14 0.822598
15 0.887135
16 0.0665715
17 0.367557
18 0.572517
19 0.797902
20 0.821777
0 0.980364
1 0.125224
2 0.452585
3 0.292692
4 0.380392
5 0.379679
6 0.084492
7 0
8 0.0905526
9 0.139394
10 0.179679
11 0.475045
12 0.643494
13 0.668627
14 0.821397
15 0.922574
16 0.0634718
17 0.364702
18 0.585528
19 0.68471
20 0.833908
0 0.273894
1 0.118014
2 0.327273
3 0.337968
4 0.285562
5 0.397148
6 0.0146168
7 0
8 0.00213904
9 0.0898396
10 0.212834
11 0.519608
12 0.294296
13 0.506952
14 0.821997
15 0.932081
16 0.0845192
17 0.363429
18 0.691132
19 0.749626
20 0.886233
0 0.698043
1 0.110656
2 0.293048
3 0.3041
4 0.168093
5 0.535829
6 0.414973
7 0.248128
8 0
9 0.0110517
10 0.000713012
11 0.535829
12 0.346524
13 0.270053
14 0.804606
15 0.933818
16 0.0832308
17 0.388679
18 0.696067
19 0.789038
20 0.807952
0 0.493352
1 0.103181
2 0.224955
3 0.223708
4 0.117647
5 0.441355
6 0.38467
7 0.382531
8 0
9 0
10 0
11 0.284314
12 0.645811
13 0.666667
14 0.825698
15 0.921897
16 0.0823879
17 0.383532
18 0.697478
19 0.739912
20 0.823426
0 0.529863
1 0.0957288
2 0.203209
3 0.130481
4 0.0983957
5 0.423529
6 0.409626
7 0.257754
8 0.0256684
9 0.0745098
10 0.0174688
11 0.325668
12 0.489661
13 0.556328
14 0.842037
15 0.94229
16 0.0600934
17 0.397152
18 0.699131
19 0.732004
20 0.800341
0 0.103004
1 0.088285
2 0.165597
3 0.17451
4 0.190374
5 0.268449
6 0.422816
7 0.507665
8 0.0427807
9 0
10 0.188235
11 0.567736
12 0.483066
13 0.82139
14 0.83713
15 0.923949
16 0.0528903
17 0.399634
18 0.724439
19 0.68659
20 0.805345
0 0.45199
1 0.0807768
2 0.101604
3 0.132086
4 0.0475936
5 0.148663
6 0.325134
7 0.503743
8 0.219251
9 0
10 0.0684492
11 0.577005
12 0.339037
13 0.731551
14 0.79447
15 0.932672
16 0.0498711
17 0.39749
18 0.728734
19 0.703816
20 0.81026
0 0.453166
1 0.0731056
2 0.0659537
3 0.0982175
4 0.00641711
5 0.243137
6 0.0894831
7 0.394652
8 0.247059
9 0.0128342
10 0
11 0.50107
12 0.562567
13 0.6
14 0.840626
15 0.949576
16 0.0458335
17 0.328284
18 0.765191
19 0.757051
20 0.91069
0 0.91668
1 0.0655674
2 0.0235294
3 0.10303
4 0.027451
5 0.317647
6 0.317647
7 0.240642
8 0.341889
9 0.027451
10 0.027451
11 0.976471
12 0.668806
13 0.027451
14 0.862584
15 0.963156
16 0.0214304
17 0.309488
18 0.670104
19 0.774306
20 0.860076
0 0.249714
1 0.0579465
2 0.068984
3 0.0791444
4 0.202139
5 0.0588235
6 0.0249554
7 0.310873
8 0.264171
9 0.420321
10 0.181818
11 0.842602
12 0.824242
13 0.340642
14 0.861548
15 0.954787
16 0.0270811
17 0.320844
18 0.627689
19 0.781947
20 0.862346
0 0.186796
1 0.0504569
2 0.107665
3 0.182888
4 0.222816
5 0.138681
6 0.0677362
7 0.0812834
8 0.224955
9 0.294118
10 0.536542
11 0.817647
12 0.762745
13 0.327094
14 0.814767
15 0.899707
16 0.0926198
17 0.404097
18 0.616821
19 0.761306
20 0.745139
0 0.617242
1 0.0430075
2 0.108556
3 0.130838
4 0.203922
5 0.0762923
6 0.218895
7 0.100535
8 0.178253
9 0.00392157
10 0.00392157
11 0.614082
12 0.649733
13 0.996078
14 0.867747
15 0.879382
16 0.0432798
17 0.43885
18 0.713322
19 0.773314
20 0.756068
0 0.829133
1 0.0346758
2 0.226738
3 0.172906
4 0.115865
5 0.273797
6 0.176114
7 0.246346
8 0.316578
9 0.282353
10 0.0545454
11 0.634759
12 0.720677
13 0.979857
14 0.850731
15 0.894529
16 0.0410103
17 0.430095
18 0.674501
19 0.702718
20 0.727314
0 0.435744
1 0.0266453
2 0.172371
3 0.069697
4 0.00392157
5 0.206061
6 0.00249554
7 0.0855615
8 0.22246
9 0.282353
10 0.282353
11 0.485027
12 0.59287
13 0.968627
14 0.848973
15 0.901621
16 0.0402657
17 0.445204
18 0.713808
19 0.798122
20 0.726827
0 0.350797
1 0.0186877
2 0.261497
3 0
4 0
5 0.25098
6 0.163993
7 0.282353
8 0.282353
9 0.282353
10 0.282353
11 0.167736
12 0.937255
13 0.937255
14 0.887903
15 0.91515
16 0.0312075
17 0.439322
18 0.779273
19 0.806042
20 0.773281
0 0.711207
1 0.0107812
2 0.16328
3 0.00392157
4 0.00392157
5 0.449198
6 0.282353
7 0.282353
8 0.282353
9 0.282353
10 0.282353
11 0.847772
12 0.945098
13 0.945098
14 0.896576
15 0.937035
16 0.0362557
17 0.393031
18 0.763471
19 0.851446
20 0.788378
end fitness = 3.46672
