brain 22885 fitness=27.8747 numneurons+1=66 maxWeight=8 maxBias=8 redinput=2-8 greeninput=9-23 blueinput=24-24
+0.0000 +0.0000 +0.0000 +0.0000 +0.0000 +0.0000 +0.0000 +0.0000 +0.0000 +0.0000 +0.0000 +0.0000 +0.0000 +0.0000 +0.0000 +0.0000 +0.0000 +0.0000 +0.0000 +0.0000 +0.0000 +0.0000 +0.0000 +0.0000 +0.0000 +0.0000 +0.0000 +0.0000 +0.0000 +0.0000 +0.0000 +0.0000 +0.0000 +0.0000 +0.0000 +0.0000 +0.0000 +0.0000 +0.0000 +0.0000 +0.0000 +0.0000 +0.0000 +0.0000 +0.0000 +0.0000 +0.0000 +0.0000 +0.0000 +0.0000 +0.0000 +0.0000 +0.0000 +0.0000 +0.0000 +0.0000 +0.0000 +0.0000 +0.0000 +0.0000 +0.0000 +0.0000 +0.0000 +0.0000 +0.0000 +0.0000 ;
+0.0000 +0.0000 +0.0000 +0.0000 +0.0000 +0.0000 +0.0000 +0.0000 +0.0000 +0.0000 +0.0000 +0.0000 +0.0000 +0.0000 +0.0000 +0.0000 +0.0000 +0.0000 +0.0000 +0.0000 +0.0000 +0.0000 +0.0000 +0.0000 +0.0000 +0.0000 +0.0000 +0.0000 +0.0000 +0.0000 +0.0000 +0.0000 +0.0000 +0.0000 +0.0000 +0.0000 +0.0000 +0.0000 +0.0000 +0.0000 +0.0000 +0.0000 +0.0000 +0.0000 +0.0000 +0.0000 +0.0000 +0.0000 +0.0000 +0.0000 +0.0000 +0.0000 +0.0000 +0.0000 +0.0000 +0.0000 +0.0000 +0.0000 +0.0000 +0.0000 +0.0000 +0.0000 +0.0000 +0.0000 +0.0000 +0.0000 ;
+0.0000 +0.0000 +0.0000 +0.0000 +0.0000 +0.0000 +0.0000 +0.0000 +0.0000 +0.0000 +0.0000 +0.0000 +0.0000 +0.0000 +0.0000 +0.0000 +0.0000 +0.0000 +0.0000 +0.0000 +0.0000 +0.0000 +0.0000 +0.0000 +0.0000 +0.0000 +0.0000 +0.0000 +0.0000 +0.0000 +0.0000 +0.0000 +0.0000 +0.0000 +0.0000 +0.0000 +0.0000 +0.0000 +0.0000 +0.0000 +0.0000 +0.0000 +0.0000 +0.0000 +0.0000 +0.0000 +0.0000 +0.0000 +0.0000 +0.0000 +0.0000 +0.0000 +0.0000 +0.0000 +0.0000 +0.0000 +0.0000 +0.0000 +0.0000 +0.0000 +0.0000 +0.0000 +0.0000 +0.0000 +0.0000 +0.0000 ;
+0.0000 +0.0000 +0.0000 +0.0000 +0.0000 +0.0000 +0.0000 +0.0000 +0.0000 +0.0000 +0.0000 +0.0000 +0.0000 +0.0000 +0.0000 +0.0000 +0.0000 +0.0000 +0.0000 +0.0000 +0.0000 +0.0000 +0.0000 +0.0000 +0.0000 +0.0000 +0.0000 +0.0000 +0.0000 +0.0000 +0.0000 +0.0000 +0.0000 +0.0000 +0.0000 +0.0000 +0.0000 +0.0000 +0.0000 +0.0000 +0.0000 +0.0000 +0.0000 +0.0000 +0.0000 +0.0000 +0.0000 +0.0000 +0.0000 +0.0000 +0.0000 +0.0000 +0.0000 +0.0000 +0.0000 +0.0000 +0.0000 +0.0000 +0.0000 +0.0000 +0.0000 +0.0000 +0.0000 +0.0000 +0.0000 +0.0000 ;
+0.0000 +0.0000 +0.0000 +0.0000 +0.0000 +0.0000 +0.0000 +0.0000 +0.0000 +0.0000 +0.0000 +0.0000 +0.0000 +0.0000 +0.0000 +0.0000 +0.0000 +0.0000 +0.0000 +0.0000 +0.0000 +0.0000 +0.0000 +0.0000 +0.0000 +0.0000 +0.0000 +0.0000 +0.0000 +0.0000 +0.0000 +0.0000 +0.0000 +0.0000 +0.0000 +0.0000 +0.0000 +0.0000 +0.0000 +0.0000 +0.0000 +0.0000 +0.0000 +0.0000 +0.0000 +0.0000 +0.0000 +0.0000 +0.0000 +0.0000 +0.0000 +0.0000 +0.0000 +0.0000 +0.0000 +0.0000 +0.0000 +0.0000 +0.0000 +0.0000 +0.0000 +0.0000 +0.0000 +0.0000 +0.0000 +0.0000 ;
+0.0000 +0.0000 +0.0000 +0.0000 +0.0000 +0.0000 +0.0000 +0.0000 +0.0000 +0.0000 +0.0000 +0.0000 +0.0000 +0.0000 +0.0000 +0.0000 +0.0000 +0.0000 +0.0000 +0.0000 +0.0000 +0.0000 +0.0000 +0.0000 +0.0000 +0.0000 +0.0000 +0.0000 +0.0000 +0.0000 +0.0000 +0.0000 +0.0000 +0.0000 +0.0000 +0.0000 +0.0000 +0.0000 +0.0000 +0.0000 +0.0000 +0.0000 +0.0000 +0.0000 +0.0000 +0.0000 +0.0000 +0.0000 +0.0000 +0.0000 +0.0000 +0.0000 +0.0000 +0.0000 +0.0000 +0.0000 +0.0000 +0.0000 +0.0000 +0.0000 +0.0000 +0.0000 +0.0000 +0.0000 +0.0000 +0.0000 ;
+0.0000 +0.0000 +0.0000 +0.0000 +0.0000 +0.0000 +0.0000 +0.0000 +0.0000 +0.0000 +0.0000 +0.0000 +0.0000 +0.0000 +0.0000 +0.0000 +0.0000 +0.0000 +0.0000 +0.0000 +0.0000 +0.0000 +0.0000 +0.0000 +0.0000 +0.0000 +0.0000 +0.0000 +0.0000 +0.0000 +0.0000 +0.0000 +0.0000 +0.0000 +0.0000 +0.0000 +0.0000 +0.0000 +0.0000 +0.0000 +0.0000 +0.0000 +0.0000 +0.0000 +0.0000 +0.0000 +0.0000 +0.0000 +0.0000 +0.0000 +0.0000 +0.0000 +0.0000 +0.0000 +0.0000 +0.0000 +0.0000 +0.0000 +0.0000 +0.0000 +0.0000 +0.0000 +0.0000 +0.0000 +0.0000 +0.0000 ;
+0.0000 +0.0000 +0.0000 +0.0000 +0.0000 +0.0000 +0.0000 +0.0000 +0.0000 +0.0000 +0.0000 +0.0000 +0.0000 +0.0000 +0.0000 +0.0000 +0.0000 +0.0000 +0.0000 +0.0000 +0.0000 +0.0000 +0.0000 +0.0000 +0.0000 +0.0000 +0.0000 +0.0000 +0.0000 +0.0000 +0.0000 +0.0000 +0.0000 +0.0000 +0.0000 +0.0000 +0.0000 +0.0000 +0.0000 +0.0000 +0.0000 +0.0000 +0.0000 +0.0000 +0.0000 +0.0000 +0.0000 +0.0000 +0.0000 +0.0000 +0.0000 +0.0000 +0.0000 +0.0000 +0.0000 +0.0000 +0.0000 +0.0000 +0.0000 +0.0000 +0.0000 +0.0000 +0.0000 +0.0000 +0.0000 +0.0000 ;
+0.0000 +0.0000 +0.0000 +0.0000 +0.0000 +0.0000 +0.0000 +0.0000 +0.0000 +0.0000 +0.0000 +0.0000 +0.0000 +0.0000 +0.0000 +0.0000 +0.0000 +0.0000 +0.0000 +0.0000 +0.0000 +0.0000 +0.0000 +0.0000 +0.0000 +0.0000 +0.0000 +0.0000 +0.0000 +0.0000 +0.0000 +0.0000 +0.0000 +0.0000 +0.0000 +0.0000 +0.0000 +0.0000 +0.0000 +0.0000 +0.0000 +0.0000 +0.0000 +0.0000 +0.0000 +0.0000 +0.0000 +0.0000 +0.0000 +0.0000 +0.0000 +0.0000 +0.0000 +0.0000 +0.0000 +0.0000 +0.0000 +0.0000 +0.0000 +0.0000 +0.0000 +0.0000 +0.0000 +0.0000 +0.0000 +0.0000 ;
+0.0000 +0.0000 +0.0000 +0.0000 +0.0000 +0.0000 +0.0000 +0.0000 +0.0000 +0.0000 +0.0000 +0.0000 +0.0000 +0.0000 +0.0000 +0.0000 +0.0000 +0.0000 +0.0000 +0.0000 +0.0000 +0.0000 +0.0000 +0.0000 +0.0000 +0.0000 +0.0000 +0.0000 +0.0000 +0.0000 +0.0000 +0.0000 +0.0000 +0.0000 +0.0000 +0.0000 +0.0000 +0.0000 +0.0000 +0.0000 +0.0000 +0.0000 +0.0000 +0.0000 +0.0000 +0.0000 +0.0000 +0.0000 +0.0000 +0.0000 +0.0000 +0.0000 +0.0000 +0.0000 +0.0000 +0.0000 +0.0000 +0.0000 +0.0000 +0.0000 +0.0000 +0.0000 +0.0000 +0.0000 +0.0000 +0.0000 ;
+0.0000 +0.0000 +0.0000 +0.0000 +0.0000 +0.0000 +0.0000 +0.0000 +0.0000 +0.0000 +0.0000 +0.0000 +0.0000 +0.0000 +0.0000 +0.0000 +0.0000 +0.0000 +0.0000 +0.0000 +0.0000 +0.0000 +0.0000 +0.0000 +0.0000 +0.0000 +0.0000 +0.0000 +0.0000 +0.0000 +0.0000 +0.0000 +0.0000 +0.0000 +0.0000 +0.0000 +0.0000 +0.0000 +0.0000 +0.0000 +0.0000 +0.0000 +0.0000 +0.0000 +0.0000 +0.0000 +0.0000 +0.0000 +0.0000 +0.0000 +0.0000 +0.0000 +0.0000 +0.0000 +0.0000 +0.0000 +0.0000 +0.0000 +0.0000 +0.0000 +0.0000 +0.0000 +0.0000 +0.0000 +0.0000 +0.0000 ;
+0.0000 +0.0000 +0.0000 +0.0000 +0.0000 +0.0000 +0.0000 +0.0000 +0.0000 +0.0000 +0.0000 +0.0000 +0.0000 +0.0000 +0.0000 +0.0000 +0.0000 +0.0000 +0.0000 +0.0000 +0.0000 +0.0000 +0.0000 +0.0000 +0.0000 +0.0000 +0.0000 +0.0000 +0.0000 +0.0000 +0.0000 +0.0000 +0.0000 +0.0000 +0.0000 +0.0000 +0.0000 +0.0000 +0.0000 +0.0000 +0.0000 +0.0000 +0.0000 +0.0000 +0.0000 +0.0000 +0.0000 +0.0000 +0.0000 +0.0000 +0.0000 +0.0000 +0.0000 +0.0000 +0.0000 +0.0000 +0.0000 +0.0000 +0.0000 +0.0000 +0.0000 +0.0000 +0.0000 +0.0000 +0.0000 +0.0000 ;
+0.0000 +0.0000 +0.0000 +0.0000 +0.0000 +0.0000 +0.0000 +0.0000 +0.0000 +0.0000 +0.0000 +0.0000 +0.0000 +0.0000 +0.0000 +0.0000 +0.0000 +0.0000 +0.0000 +0.0000 +0.0000 +0.0000 +0.0000 +0.0000 +0.0000 +0.0000 +0.0000 +0.0000 +0.0000 +0.0000 +0.0000 +0.0000 +0.0000 +0.0000 +0.0000 +0.0000 +0.0000 +0.0000 +0.0000 +0.0000 +0.0000 +0.0000 +0.0000 +0.0000 +0.0000 +0.0000 +0.0000 +0.0000 +0.0000 +0.0000 +0.0000 +0.0000 +0.0000 +0.0000 +0.0000 +0.0000 +0.0000 +0.0000 +0.0000 +0.0000 +0.0000 +0.0000 +0.0000 +0.0000 +0.0000 +0.0000 ;
+0.0000 +0.0000 +0.0000 +0.0000 +0.0000 +0.0000 +0.0000 +0.0000 +0.0000 +0.0000 +0.0000 +0.0000 +0.0000 +0.0000 +0.0000 +0.0000 +0.0000 +0.0000 +0.0000 +0.0000 +0.0000 +0.0000 +0.0000 +0.0000 +0.0000 +0.0000 +0.0000 +0.0000 +0.0000 +0.0000 +0.0000 +0.0000 +0.0000 +0.0000 +0.0000 +0.0000 +0.0000 +0.0000 +0.0000 +0.0000 +0.0000 +0.0000 +0.0000 +0.0000 +0.0000 +0.0000 +0.0000 +0.0000 +0.0000 +0.0000 +0.0000 +0.0000 +0.0000 +0.0000 +0.0000 +0.0000 +0.0000 +0.0000 +0.0000 +0.0000 +0.0000 +0.0000 +0.0000 +0.0000 +0.0000 +0.0000 ;
+0.0000 +0.0000 +0.0000 +0.0000 +0.0000 +0.0000 +0.0000 +0.0000 +0.0000 +0.0000 +0.0000 +0.0000 +0.0000 +0.0000 +0.0000 +0.0000 +0.0000 +0.0000 +0.0000 +0.0000 +0.0000 +0.0000 +0.0000 +0.0000 +0.0000 +0.0000 +0.0000 +0.0000 +0.0000 +0.0000 +0.0000 +0.0000 +0.0000 +0.0000 +0.0000 +0.0000 +0.0000 +0.0000 +0.0000 +0.0000 +0.0000 +0.0000 +0.0000 +0.0000 +0.0000 +0.0000 +0.0000 +0.0000 +0.0000 +0.0000 +0.0000 +0.0000 +0.0000 +0.0000 +0.0000 +0.0000 +0.0000 +0.0000 +0.0000 +0.0000 +0.0000 +0.0000 +0.0000 +0.0000 +0.0000 +0.0000 ;
+0.0000 +0.0000 +0.0000 +0.0000 +0.0000 +0.0000 +0.0000 +0.0000 +0.0000 +0.0000 +0.0000 +0.0000 +0.0000 +0.0000 +0.0000 +0.0000 +0.0000 +0.0000 +0.0000 +0.0000 +0.0000 +0.0000 +0.0000 +0.0000 +0.0000 +0.0000 +0.0000 +0.0000 +0.0000 +0.0000 +0.0000 +0.0000 +0.0000 +0.0000 +0.0000 +0.0000 +0.0000 +0.0000 +0.0000 +0.0000 +0.0000 +0.0000 +0.0000 +0.0000 +0.0000 +0.0000 +0.0000 +0.0000 +0.0000 +0.0000 +0.0000 +0.0000 +0.0000 +0.0000 +0.0000 +0.0000 +0.0000 +0.0000 +0.0000 +0.0000 +0.0000 +0.0000 +0.0000 +0.0000 +0.0000 +0.0000 ;
+0.0000 +0.0000 +0.0000 +0.0000 +0.0000 +0.0000 +0.0000 +0.0000 +0.0000 +0.0000 +0.0000 +0.0000 +0.0000 +0.0000 +0.0000 +0.0000 +0.0000 +0.0000 +0.0000 +0.0000 +0.0000 +0.0000 +0.0000 +0.0000 +0.0000 +0.0000 +0.0000 +0.0000 +0.0000 +0.0000 +0.0000 +0.0000 +0.0000 +0.0000 +0.0000 +0.0000 +0.0000 +0.0000 +0.0000 +0.0000 +0.0000 +0.0000 +0.0000 +0.0000 +0.0000 +0.0000 +0.0000 +0.0000 +0.0000 +0.0000 +0.0000 +0.0000 +0.0000 +0.0000 +0.0000 +0.0000 +0.0000 +0.0000 +0.0000 +0.0000 +0.0000 +0.0000 +0.0000 +0.0000 +0.0000 +0.0000 ;
+0.0000 +0.0000 +0.0000 +0.0000 +0.0000 +0.0000 +0.0000 +0.0000 +0.0000 +0.0000 +0.0000 +0.0000 +0.0000 +0.0000 +0.0000 +0.0000 +0.0000 +0.0000 +0.0000 +0.0000 +0.0000 +0.0000 +0.0000 +0.0000 +0.0000 +0.0000 +0.0000 +0.0000 +0.0000 +0.0000 +0.0000 +0.0000 +0.0000 +0.0000 +0.0000 +0.0000 +0.0000 +0.0000 +0.0000 +0.0000 +0.0000 +0.0000 +0.0000 +0.0000 +0.0000 +0.0000 +0.0000 +0.0000 +0.0000 +0.0000 +0.0000 +0.0000 +0.0000 +0.0000 +0.0000 +0.0000 +0.0000 +0.0000 +0.0000 +0.0000 +0.0000 +0.0000 +0.0000 +0.0000 +0.0000 +0.0000 ;
+0.0000 +0.0000 +0.0000 +0.0000 +0.0000 +0.0000 +0.0000 +0.0000 +0.0000 +0.0000 +0.0000 +0.0000 +0.0000 +0.0000 +0.0000 +0.0000 +0.0000 +0.0000 +0.0000 +0.0000 +0.0000 +0.0000 +0.0000 +0.0000 +0.0000 +0.0000 +0.0000 +0.0000 +0.0000 +0.0000 +0.0000 +0.0000 +0.0000 +0.0000 +0.0000 +0.0000 +0.0000 +0.0000 +0.0000 +0.0000 +0.0000 +0.0000 +0.0000 +0.0000 +0.0000 +0.0000 +0.0000 +0.0000 +0.0000 +0.0000 +0.0000 +0.0000 +0.0000 +0.0000 +0.0000 +0.0000 +0.0000 +0.0000 +0.0000 +0.0000 +0.0000 +0.0000 +0.0000 +0.0000 +0.0000 +0.0000 ;
+0.0000 +0.0000 +0.0000 +0.0000 +0.0000 +0.0000 +0.0000 +0.0000 +0.0000 +0.0000 +0.0000 +0.0000 +0.0000 +0.0000 +0.0000 +0.0000 +0.0000 +0.0000 +0.0000 +0.0000 +0.0000 +0.0000 +0.0000 +0.0000 +0.0000 +0.0000 +0.0000 +0.0000 +0.0000 +0.0000 +0.0000 +0.0000 +0.0000 +0.0000 +0.0000 +0.0000 +0.0000 +0.0000 +0.0000 +0.0000 +0.0000 +0.0000 +0.0000 +0.0000 +0.0000 +0.0000 +0.0000 +0.0000 +0.0000 +0.0000 +0.0000 +0.0000 +0.0000 +0.0000 +0.0000 +0.0000 +0.0000 +0.0000 +0.0000 +0.0000 +0.0000 +0.0000 +0.0000 +0.0000 +0.0000 +0.0000 ;
+0.0000 +0.0000 +0.0000 +0.0000 +0.0000 +0.0000 +0.0000 +0.0000 +0.0000 +0.0000 +0.0000 +0.0000 +0.0000 +0.0000 +0.0000 +0.0000 +0.0000 +0.0000 +0.0000 +0.0000 +0.0000 +0.0000 +0.0000 +0.0000 +0.0000 +0.0000 +0.0000 +0.0000 +0.0000 +0.0000 +0.0000 +0.0000 +0.0000 +0.0000 +0.0000 +0.0000 +0.0000 +0.0000 +0.0000 +0.0000 +0.0000 +0.0000 +0.0000 +0.0000 +0.0000 +0.0000 +0.0000 +0.0000 +0.0000 +0.0000 +0.0000 +0.0000 +0.0000 +0.0000 +0.0000 +0.0000 +0.0000 +0.0000 +0.0000 +0.0000 +0.0000 +0.0000 +0.0000 +0.0000 +0.0000 +0.0000 ;
+0.0000 +0.0000 +0.0000 +0.0000 +0.0000 +0.0000 +0.0000 +0.0000 +0.0000 +0.0000 +0.0000 +0.0000 +0.0000 +0.0000 +0.0000 +0.0000 +0.0000 +0.0000 +0.0000 +0.0000 +0.0000 +0.0000 +0.0000 +0.0000 +0.0000 +0.0000 +0.0000 +0.0000 +0.0000 +0.0000 +0.0000 +0.0000 +0.0000 +0.0000 +0.0000 +0.0000 +0.0000 +0.0000 +0.0000 +0.0000 +0.0000 +0.0000 +0.0000 +0.0000 +0.0000 +0.0000 +0.0000 +0.0000 +0.0000 +0.0000 +0.0000 +0.0000 +0.0000 +0.0000 +0.0000 +0.0000 +0.0000 +0.0000 +0.0000 +0.0000 +0.0000 +0.0000 +0.0000 +0.0000 +0.0000 +0.0000 ;
+0.0000 +0.0000 +0.0000 +0.0000 +0.0000 +0.0000 +0.0000 +0.0000 +0.0000 +0.0000 +0.0000 +0.0000 +0.0000 +0.0000 +0.0000 +0.0000 +0.0000 +0.0000 +0.0000 +0.0000 +0.0000 +0.0000 +0.0000 +0.0000 +0.0000 +0.0000 +0.0000 +0.0000 +0.0000 +0.0000 +0.0000 +0.0000 +0.0000 +0.0000 +0.0000 +0.0000 +0.0000 +0.0000 +0.0000 +0.0000 +0.0000 +0.0000 +0.0000 +0.0000 +0.0000 +0.0000 +0.0000 +0.0000 +0.0000 +0.0000 +0.0000 +0.0000 +0.0000 +0.0000 +0.0000 +0.0000 +0.0000 +0.0000 +0.0000 +0.0000 +0.0000 +0.0000 +0.0000 +0.0000 +0.0000 +0.0000 ;
+0.0000 +0.0000 +0.0000 +0.0000 +0.0000 +0.0000 +0.0000 +0.0000 +0.0000 +0.0000 +0.0000 +0.0000 +0.0000 +0.0000 +0.0000 +0.0000 +0.0000 +0.0000 +0.0000 +0.0000 +0.0000 +0.0000 +0.0000 +0.0000 +0.0000 +0.0000 +0.0000 +0.0000 +0.0000 +0.0000 +0.0000 +0.0000 +0.0000 +0.0000 +0.0000 +0.0000 +0.0000 +0.0000 +0.0000 +0.0000 +0.0000 +0.0000 +0.0000 +0.0000 +0.0000 +0.0000 +0.0000 +0.0000 +0.0000 +0.0000 +0.0000 +0.0000 +0.0000 +0.0000 +0.0000 +0.0000 +0.0000 +0.0000 +0.0000 +0.0000 +0.0000 +0.0000 +0.0000 +0.0000 +0.0000 +0.0000 ;
+0.0000 +0.0000 +0.0000 +0.0000 +0.0000 +0.0000 +0.0000 +0.0000 +0.0000 +0.0000 +0.0000 +0.0000 +0.0000 +0.0000 +0.0000 +0.0000 +0.0000 +0.0000 +0.0000 +0.0000 +0.0000 +0.0000 +0.0000 +0.0000 +0.0000 +0.0000 +0.0000 +0.0000 +0.0000 +0.0000 +0.0000 +0.0000 +0.0000 +0.0000 +0.0000 +0.0000 +0.0000 +0.0000 +0.0000 +0.0000 +0.0000 +0.0000 +0.0000 +0.0000 +0.0000 +0.0000 +0.0000 +0.0000 +0.0000 +0.0000 +0.0000 +0.0000 +0.0000 +0.0000 +0.0000 +0.0000 +0.0000 +0.0000 +0.0000 +0.0000 +0.0000 +0.0000 +0.0000 +0.0000 +0.0000 +0.0000 ;
-0.0008 -0.0733 -0.0000 -0.0000 -0.0000 -0.0000 -0.0000 +0.0000 +0.0000 -0.1774 +0.0000 +0.1187 +0.1395 +0.0000 +0.0000 +0.0087 +0.0000 +0.0989 +0.1720 +0.1698 +0.0521 +0.1103 +0.1997 +0.0801 +0.0047 +0.0000 +0.0788 -0.0000 +0.2922 +0.0000 -0.0797 -0.1154 +0.0000 +0.0000 +0.2536 -0.5630 -0.6011 +0.0000 +0.0000 +0.0000 +0.0000 +0.0000 +0.0000 +0.0000 +0.3305 +0.1858 +0.3566 +0.2050 +0.2986 +0.2838 +0.0000 +0.0000 -0.2877 -0.2644 -0.2587 -0.0588 +0.0000 +0.1421 +0.0089 +0.1597 +0.0000 +0.0000 +0.0000 +0.0000 +0.0000 +0.5009 ;
-0.2272 -0.0314 +0.1335 -0.0000 +0.1939 -0.0000 -0.0000 +0.0000 +0.0000 -0.0000 -0.0905 -0.0776 -0.0000 -0.0463 -0.0461 -0.0000 -0.0000 -0.0000 -0.0000 -0.0000 -0.0000 -0.0521 -0.0598 -0.0000 +0.0657 -0.0110 +0.0000 -0.1196 +0.1634 +0.2052 -0.1200 +0.3398 +0.0844 +0.0000 +0.0000 -0.1310 -0.0182 +0.0000 +0.0000 +0.0000 +0.0000 +0.0000 +0.0000 +0.0000 +0.1812 +0.2384 +0.1794 +0.0000 +0.0000 +0.0000 +0.0000 +0.0000 -0.4735 -0.2714 +0.0000 +0.0000 +0.0000 +0.1358 +0.0054 +0.0000 +0.0863 +0.0843 +0.0000 -0.0624 -0.2418 +0.4275 ;
-0.2539 -0.0883 -0.3458 -0.1193 -0.0280 -0.3262 -0.4580 -0.4079 -0.1072 +0.0141 -0.0476 -0.4469 -0.2369 -0.2689 +0.2301 +0.2862 +0.0000 +0.0000 +0.0000 +0.0000 +0.0000 +0.0000 +0.0000 +0.0000 -0.0133 +0.0000 -0.0000 +0.0000 +0.0041 +0.0000 +0.0000 -0.1519 +0.0000 +0.0000 +0.0000 -0.0000 -0.0000 -0.0000 -0.0000 -0.1736 -0.0000 -0.0000 +0.0000 +0.0000 +0.0000 +0.0368 +0.0000 +0.0000 +0.0000 +0.0000 +0.0000 +0.0000 +0.0000 -0.0082 -0.0423 +0.0000 +0.0000 +0.0000 +0.0000 +0.0000 +0.0000 +0.0000 +0.0000 +0.0000 -0.0680 -0.2000 ;
+0.0000 +0.0000 -0.0000 -0.0000 +0.0718 +0.1161 +0.1202 +0.0651 +0.0727 +0.1002 +0.0198 +0.1629 +0.0000 +0.0000 -0.0000 +0.0000 +0.0000 +0.0000 +0.0000 +0.0000 +0.0000 +0.0000 +0.0000 +0.0000 +0.0652 +0.3849 +0.0000 -0.0167 +0.0000 +0.1632 +0.4281 -0.0436 +0.5251 +0.3957 +0.0000 +0.0000 -0.5436 -0.2413 -0.5964 +0.0000 -0.3842 +0.0000 -0.4103 -0.2616 +0.3470 +0.0000 +0.0000 +0.0000 +0.0000 +0.0000 +0.0000 +0.0000 +0.0000 +0.0000 +0.0000 +0.0000 +0.0000 +0.1925 +0.0013 +0.0006 +0.0003 +0.0010 +0.0030 +0.0000 +0.0000 +0.3804 ;
+0.0000 +0.2271 -0.0824 -0.0070 -0.0367 -0.0361 -0.0474 +0.0000 +0.0000 +0.0436 +0.0000 -0.0000 +0.0000 +0.0663 -0.0000 +0.0250 +0.0000 +0.0264 +0.0000 +0.0000 +0.0000 -0.0147 -0.0000 -0.0000 -0.0591 +0.1368 +0.0000 -0.0000 +0.2583 +0.0000 +0.0000 -0.0254 +0.0000 +0.0000 +0.0000 -0.1215 +0.0000 +0.0000 +0.0000 +0.0000 +0.0000 +0.0000 +0.0000 +0.0000 +0.1134 +0.0180 +0.0000 +0.0000 +0.0000 +0.0000 +0.0000 +0.0000 -0.1855 -0.1173 -0.0764 +0.0000 +0.0000 +0.2341 +0.0254 +0.0000 +0.0000 +0.0000 +0.0000 +0.0000 -0.0218 -0.1294 ;
-0.0057 +0.0811 +0.0443 +0.0000 -0.0000 -0.0458 -0.0000 -0.0122 -0.0000 +0.0784 +0.0775 +0.1953 +0.0380 +0.1845 +0.2004 -0.0000 -0.0000 -0.0000 -0.0000 -0.0000 -0.0000 +0.0000 +0.0955 +0.0213 +0.0985 +0.1900 +0.2201 +0.0000 -0.5249 +0.3429 +0.0000 +0.3639 +0.0000 +0.0000 +0.0000 -0.1715 +0.0000 +0.0000 +0.0000 +0.0000 +0.0000 +0.0000 +0.0000 +0.0000 +0.6981 +0.6610 +0.6863 +0.6966 +0.6964 +0.7008 +0.6641 +0.0000 -0.4692 -0.2839 -0.3024 +0.0000 +0.0000 +0.1622 +0.0000 +0.0000 +0.0000 +0.0000 +0.0000 +0.0000 +0.0000 -0.3176 ;
+0.0000 +0.0173 -0.1437 +0.1447 -0.0152 +0.1758 +0.3034 +0.1906 +0.3585 +0.2368 -0.0712 +0.3116 +0.0918 -0.2234 -0.2887 -0.0883 -0.2576 +0.0000 +0.0000 +0.0000 +0.0000 +0.0000 -0.1488 +0.0000 -0.2295 -0.1341 +0.2612 -0.1084 -0.1735 +0.1403 +0.0000 +0.0000 +0.1156 +0.0000 +0.0000 -0.1704 -0.0748 -0.1708 -0.1837 -0.0153 -0.2517 +0.0000 +0.0000 +0.0000 +0.1868 +0.2834 +0.2808 +0.0000 +0.1847 +0.2449 +0.0000 +0.0000 -0.3496 -0.1773 +0.0000 +0.0000 +0.0000 +0.0000 +0.5434 +0.4418 +0.4115 +0.5074 +0.5287 -0.1760 -0.1364 -0.4196 ;
+0.0000 +0.0000 -0.0000 -0.0000 -0.0000 -0.0000 -0.0000 -0.0000 +0.0000 +0.0000 -0.0559 -0.0000 -0.0000 -0.0000 -0.0000 -0.0000 -0.0374 -0.0000 -0.0459 -0.0613 -0.0000 +0.0000 +0.0000 -0.0000 +0.0000 +0.0000 +0.3159 +0.0000 +0.0000 +0.0000 +0.4187 +0.0000 +0.0000 +0.3713 +0.0000 -0.4925 +0.0000 -0.2310 -0.5557 -0.1991 +0.0000 +0.0000 +0.0000 -0.2810 +0.1345 +0.1552 +0.1071 +0.1764 +0.0000 +0.0000 +0.0000 +0.0000 +0.0000 +0.0000 +0.0000 +0.0000 +0.0000 +0.2320 +0.0000 +0.0796 +0.0000 +0.0000 +0.0000 -0.0030 +0.0000 +0.5021 ;
+0.0000 -0.1457 -0.0000 -0.0000 -0.0000 -0.0000 -0.0000 -0.0000 -0.0000 -0.0869 -0.0016 -0.0000 -0.0397 -0.0680 -0.0000 -0.0000 -0.0000 -0.0157 -0.0302 -0.0316 -0.0000 -0.0904 +0.0000 +0.0000 +0.0000 +0.1077 +0.1890 +0.0000 +0.0000 -0.1681 +0.2865 -0.2396 +0.3411 +0.0000 +0.0000 +0.0000 -0.4760 -0.2363 -0.4545 +0.0000 +0.0000 +0.0000 -0.1990 -0.1362 +0.2761 +0.0957 +0.3035 +0.1748 +0.0000 +0.0000 +0.0000 +0.0000 +0.0000 +0.0000 +0.0000 +0.0000 +0.0000 +0.2328 +0.0391 +0.0004 +0.0000 +0.0000 +0.0000 -0.2337 +0.0000 +0.5021 ;
-0.0320 -0.1193 -0.0374 -0.0000 -0.0019 -0.0000 -0.0000 -0.0000 -0.0000 +0.0000 -0.0000 -0.0405 +0.0000 -0.0000 -0.0000 -0.0784 -0.1080 -0.0000 -0.0000 -0.0711 -0.0000 -0.0003 -0.0234 -0.0423 +0.0336 +0.0657 +0.1168 +0.0322 -0.2352 -0.1597 +0.0069 -0.2108 +0.4258 +0.3853 +0.0000 +0.0000 +0.0000 +0.0000 -0.3753 -0.0931 -0.3760 -0.3421 -0.2718 -0.2324 +0.0000 +0.0000 +0.0545 +0.2047 +0.2059 +0.1138 +0.2019 +0.0000 +0.0000 +0.0000 -0.1149 +0.0000 +0.0000 +0.0000 +0.0000 +0.1425 +0.0748 +0.0011 +0.0000 -0.1338 +0.0000 +0.5021 ;
+0.0000 +0.2321 -0.0000 -0.0000 -0.0000 -0.0000 +0.0000 +0.0154 +0.0000 -0.0492 -0.0000 -0.0000 -0.0000 +0.0000 +0.0000 +0.0000 +0.0000 +0.0000 +0.0000 +0.0000 +0.0000 +0.0000 +0.0000 +0.0000 +0.0000 +0.0000 +0.0000 +0.0000 +0.0000 +0.2783 +0.1547 +0.0000 +0.0000 +0.0569 +0.2439 +0.0000 -0.3021 -0.1821 -0.1592 -0.0530 -0.1258 -0.3126 -0.1626 +0.0000 +0.0000 +0.1428 +0.1487 +0.0000 +0.0000 +0.0000 +0.0674 +0.0000 -0.2541 +0.0000 +0.0000 +0.0000 +0.0000 +0.0000 +0.0000 +0.0000 +0.0000 +0.0000 +0.0000 -0.0026 +0.0000 +0.5021 ;
-0.0888 +0.1203 -0.0000 -0.0000 -0.0000 -0.0000 -0.0000 +0.0000 +0.0000 -0.0000 -0.0000 -0.0000 -0.0000 -0.0039 +0.0000 +0.0000 +0.0000 +0.0000 +0.0000 +0.0000 +0.0000 +0.0000 +0.0000 +0.0000 +0.2466 -0.5879 -0.0608 -0.0848 +0.0000 +0.3211 +0.3321 +0.0382 +0.2820 +0.1046 +0.1297 -0.1540 +0.0000 -0.0150 -0.2890 -0.0495 -0.1228 -0.1955 -0.1422 -0.1512 +0.2079 +0.0000 +0.1265 +0.0000 +0.0000 +0.0000 +0.2363 +0.2710 -0.4097 +0.0000 +0.0000 +0.0000 +0.0000 +0.0000 +0.0000 +0.0000 +0.0000 +0.0000 +0.0000 -0.0046 +0.0000 +0.5021 ;
-0.1859 +0.0503 -0.0627 -0.0000 -0.0717 +0.1677 -0.0034 +0.0293 +0.0733 -0.0394 -0.0001 -0.0920 -0.1024 -0.0734 +0.0000 +0.0000 +0.0000 +0.0000 +0.0000 +0.0000 +0.0000 +0.0000 +0.0000 +0.0000 +0.0000 -0.1202 -0.1160 -0.1111 -0.0424 +0.1572 +0.2098 -0.1659 +0.2387 +0.1114 +0.1890 -0.2256 -0.2379 -0.0068 -0.1576 -0.0482 -0.2215 -0.2514 -0.0611 +0.0000 +0.2194 +0.0000 +0.0000 +0.1825 +0.0000 +0.0000 +0.0000 +0.1006 -0.2439 +0.0000 +0.0000 +0.0000 +0.0000 +0.0058 +0.0000 +0.0000 +0.0000 +0.0000 +0.0000 -0.0514 +0.0000 +0.5021 ;
+0.0000 +0.2401 -0.0000 -0.0000 -0.0000 -0.0000 -0.0000 +0.0000 +0.0000 +0.0000 +0.0000 +0.0000 -0.0000 -0.0000 -0.0043 -0.0000 +0.0000 +0.0000 +0.0000 +0.0000 +0.0000 +0.0000 +0.0000 +0.0000 +0.1898 +0.0000 -0.1832 -0.0883 +0.0000 +0.4506 +0.4426 +0.0156 +0.1278 +0.2421 +0.2723 -0.1530 -0.2382 -0.2432 -0.1512 -0.2511 -0.2998 -0.2060 -0.2442 +0.0000 +0.1020 +0.1151 +0.2635 +0.1660 +0.0000 +0.0000 +0.0000 +0.0000 +0.0000 -0.2969 +0.0000 +0.0000 +0.0000 +0.0000 +0.0000 +0.0000 +0.0000 +0.0000 +0.0000 -0.0063 +0.0000 +0.5021 ;
-0.0120 +0.1260 +0.1984 +0.0309 +0.1516 -0.0805 +0.1250 +0.0705 +0.0259 +0.0000 +0.0000 +0.0000 +0.0000 -0.0808 -0.0140 -0.0798 -0.1070 -0.0273 +0.0000 +0.0000 +0.0000 +0.0000 +0.0000 +0.0000 +0.0000 -0.1405 -0.0267 +0.0022 +0.0000 +0.0351 +0.0106 +0.0000 +0.0119 +0.0451 +0.0000 -0.0982 -0.0633 -0.0564 -0.2313 +0.0000 -0.0910 -0.2494 -0.0926 -0.0432 +0.0000 +0.1185 +0.1385 +0.0887 +0.0000 +0.0000 +0.0000 +0.0000 +0.0000 -0.0744 +0.0000 +0.0000 +0.0000 +0.0000 +0.0000 +0.0000 +0.0000 +0.0000 +0.0000 -0.0864 +0.0000 +0.5021 ;
-0.0796 +0.0000 +0.0000 +0.0747 -0.0000 +0.0124 +0.0299 -0.0000 +0.0000 +0.0000 +0.0000 +0.0000 +0.0000 +0.0000 -0.0000 -0.0569 -0.0000 -0.0170 -0.0000 +0.0000 +0.0000 +0.0000 +0.0000 +0.0000 +0.0729 -0.3374 -0.1273 -0.0801 -0.3601 +0.1790 +0.4048 +0.0604 +0.0757 +0.0557 +0.0816 +0.0000 -0.3176 -0.1280 -0.1505 -0.0804 -0.0830 -0.1989 -0.2724 -0.0343 +0.0000 +0.0000 +0.2357 +0.2446 +0.3125 +0.2932 +0.0000 +0.0000 +0.0000 +0.0000 -0.3254 +0.0000 +0.0000 +0.0000 +0.0000 +0.1201 +0.0000 +0.0000 +0.0000 -0.0045 +0.0000 +0.5021 ;
+0.0000 +0.1448 +0.0000 +0.0000 -0.0000 -0.0000 -0.0000 -0.0000 -0.0000 +0.0000 +0.0000 +0.0000 +0.0000 +0.0000 +0.0000 +0.0000 +0.0000 -0.0000 -0.0000 -0.0509 -0.0000 +0.0000 +0.0000 +0.0000 +0.0000 +0.0000 -0.2410 -0.0407 +0.0000 +0.1918 +0.1678 -0.0492 +0.2580 +0.1527 +0.2925 +0.0000 -0.1441 -0.1045 -0.3269 -0.0981 -0.3078 -0.0821 -0.0883 -0.2760 +0.0000 +0.0000 +0.2695 +0.0968 +0.1429 +0.0000 +0.0000 +0.0000 +0.0000 +0.0000 -0.2404 +0.0000 +0.0000 +0.0000 +0.0000 +0.0000 +0.0000 +0.0000 +0.0000 -0.0051 +0.0000 +0.5021 ;
-0.0910 +0.4230 +0.0000 +0.0047 -0.0013 -0.0016 -0.0016 -0.0013 -0.0014 +0.0000 +0.0000 +0.0000 +0.0000 +0.0000 +0.0000 +0.0000 +0.0000 +0.0000 -0.0032 -0.0027 -0.0025 -0.0448 -0.0228 +0.0000 +0.1427 -0.2388 -0.0436 -0.1905 +0.0000 +0.1715 +0.1691 -0.0977 +0.0406 +0.0365 +0.1555 +0.0000 -0.1672 -0.1149 -0.1756 -0.0434 -0.1846 -0.2683 -0.0525 -0.0250 +0.0000 +0.0000 +0.0000 +0.0432 +0.0000 +0.0769 +0.0895 +0.0165 +0.0000 +0.0000 +0.0000 -0.0624 +0.0000 +0.0000 +0.0000 +0.0000 +0.0000 +0.0000 +0.0000 +0.0000 -0.0886 +0.5021 ;
-0.0116 +0.1983 +0.0000 +0.0235 +0.1889 +0.0582 -0.0496 +0.0672 +0.0913 +0.0000 +0.0000 +0.0000 +0.0000 +0.0000 +0.0000 +0.0000 +0.0000 +0.0000 +0.0000 -0.0490 -0.0793 -0.0454 -0.1231 -0.0623 -0.1722 +0.0257 -0.1664 -0.1217 +0.0392 +0.0855 -0.1498 -0.0503 +0.0250 +0.2340 +0.2213 -0.0386 -0.1800 -0.0591 -0.2498 -0.1032 -0.2543 -0.0978 -0.2025 +0.0000 +0.0000 +0.2497 +0.1928 +0.1327 +0.1934 +0.0000 +0.0000 +0.0000 +0.0000 +0.0000 +0.0000 -0.1700 +0.0000 +0.0000 +0.0000 +0.0000 +0.0000 +0.0462 +0.0000 -0.0182 -0.2945 +0.5021 ;
+0.0000 +0.0000 -0.0975 +0.0000 -0.0000 -0.1513 -0.0864 -0.0000 -0.0820 +0.1819 +0.2123 +0.1682 +0.1030 +0.1932 +0.1117 +0.0699 +0.1677 +0.1961 +0.0000 +0.0000 +0.0000 +0.0023 +0.0000 +0.0000 +0.0000 +0.0000 +0.0000 +0.0000 +0.0000 +0.0000 -0.0949 +0.4612 +0.0000 +0.0000 +0.0000 +0.0000 -0.2372 +0.0000 +0.0000 +0.0000 +0.0000 +0.0000 -0.1121 +0.0000 +0.0000 +0.0000 +0.0000 +0.6768 +0.6796 +0.6725 +0.6835 +0.6829 -0.6393 -0.3994 +0.0000 +0.0000 +0.0000 +0.1747 +0.1571 +0.1760 +0.1909 +0.0000 +0.0000 -0.2421 +0.0000 -0.5011 ;
-0.0863 +0.0000 +0.1135 -0.0002 +0.1350 -0.0859 -0.1551 -0.1084 -0.1033 +0.1560 +0.1248 +0.0368 +0.0256 +0.0692 +0.1482 +0.0000 +0.0000 +0.0000 +0.0686 +0.1718 +0.0000 +0.0512 +0.1623 +0.0000 -0.1907 +0.3431 -0.5058 -0.1434 +0.2880 +0.0000 -0.0919 +0.1914 +0.0000 +0.0000 +0.0000 +0.0000 +0.0000 -0.1359 +0.0000 +0.0000 +0.0000 -0.2020 +0.0000 +0.0000 +0.6521 +0.6481 +0.5891 +0.6666 +0.0000 +0.0000 +0.6614 +0.0000 +0.0000 -0.1928 -0.3814 +0.0000 -0.6300 +0.1566 +0.2248 +0.0000 +0.2550 +0.3995 +0.0000 -0.1924 -0.2632 -0.5011 ;
-0.0016 +0.0000 -0.0000 +0.0689 -0.0000 -0.0512 +0.0000 -0.0000 -0.0580 +0.0000 +0.2221 -0.0000 +0.0794 +0.1470 +0.0874 +0.0000 +0.1366 +0.0026 +0.2141 +0.0000 +0.0393 +0.0000 +0.0616 +0.0257 +0.0000 +0.5880 -0.3365 +0.0000 -0.1835 +0.1482 -0.1390 +0.5088 +0.0000 +0.0000 +0.0000 +0.0000 +0.0000 -0.1554 +0.0000 +0.0000 +0.0000 +0.0000 -0.0363 +0.0000 +0.6719 +0.6463 +0.6233 +0.6482 +0.0000 +0.6740 +0.0000 +0.0000 -0.5934 -0.3408 -0.4451 +0.0000 +0.0000 +0.0000 +0.0574 +0.1224 +0.2235 +0.1646 +0.0000 -0.1443 +0.0000 -0.5011 ;
-0.1200 +0.0000 -0.1848 +0.0487 -0.1501 +0.0255 -0.1650 -0.0000 -0.0448 +0.0000 +0.0160 +0.1301 +0.1257 +0.1244 -0.0037 +0.1821 +0.1231 +0.2047 +0.0648 +0.0000 +0.0785 +0.0000 +0.0000 +0.0773 -0.1520 -0.0185 -0.5627 -0.1910 +0.3248 +0.0000 -0.1268 +0.0150 +0.0000 +0.0000 +0.0000 +0.0000 +0.0000 +0.0000 +0.0000 +0.0000 -0.1405 +0.0000 +0.0000 -0.1349 +0.6818 +0.0000 +0.6294 +0.0000 +0.6798 +0.0000 +0.6814 +0.6835 +0.0000 -0.3332 -0.5808 -0.4016 +0.0000 +0.2492 +0.2309 +0.3845 +0.0000 +0.3618 +0.2525 -0.0694 -0.2402 -0.5011 ;
-0.0016 +0.0000 -0.0153 -0.1308 -0.0000 +0.0769 -0.0475 -0.0147 -0.0537 +0.0000 +0.0000 +0.0158 +0.1189 +0.2043 +0.0921 -0.0195 +0.0824 +0.1909 +0.2124 +0.0816 +0.1629 +0.0000 +0.2012 +0.0000 -0.1598 +0.0000 +0.0000 -0.1332 -0.1109 +0.0000 -0.1197 +0.5618 +0.0000 +0.0000 +0.0000 +0.0000 +0.0000 +0.0000 +0.0000 +0.0000 +0.0000 +0.0000 -0.1860 -0.0494 +0.6698 +0.6767 +0.0000 +0.6805 +0.0000 +0.6735 +0.6771 +0.0000 +0.0000 -0.4707 -0.5239 +0.0000 +0.0000 +0.2287 +0.0000 +0.1067 +0.2860 +0.1417 +0.0000 -0.2351 +0.0000 -0.5011 ;
-0.0774 +0.0000 +0.0000 -0.1982 +0.1259 -0.0141 -0.1383 -0.1610 -0.0544 +0.0000 +0.0941 +0.0000 +0.0000 +0.0990 +0.0000 +0.2270 +0.0531 +0.0574 +0.1906 +0.2113 +0.0355 +0.2037 +0.1204 +0.0000 +0.0000 +0.3921 -0.5170 +0.0000 +0.2567 +0.0836 -0.0791 +0.1018 +0.0000 +0.0000 +0.0000 +0.0000 +0.0000 +0.0000 -0.2126 +0.0000 +0.0000 +0.0000 +0.0000 -0.1944 +0.6841 +0.0000 +0.0000 +0.0000 +0.6814 +0.6716 +0.6804 +0.6782 +0.0000 -0.3269 -0.5073 -0.5417 +0.0000 +0.1564 +0.3294 +0.2324 +0.3238 +0.0000 +0.0000 -0.2142 -0.1783 -0.5011 ;
-0.0016 +0.0000 -0.1561 -0.0609 -0.0684 -0.0000 -0.0115 -0.0000 -0.0839 +0.0206 +0.2243 +0.2112 +0.0000 +0.1291 +0.2393 +0.0000 +0.0000 +0.0000 +0.0069 +0.1866 -0.0246 +0.1048 +0.0000 +0.0866 -0.1009 +0.3725 -0.5724 -0.0927 -0.1928 +0.0000 -0.1492 +0.5336 +0.0000 +0.0000 +0.0000 +0.0000 -0.1421 +0.0000 +0.0000 +0.0000 +0.0000 +0.0000 -0.0440 +0.0000 +0.6691 +0.6723 +0.0000 +0.0000 +0.0000 +0.6725 +0.6711 +0.6771 +0.0000 +0.0000 -0.4945 -0.5049 -0.6332 +0.0000 +0.1730 +0.1956 +0.2952 +0.0000 +0.2350 +0.0000 -0.1619 -0.5011 ;
-0.1970 -0.0896 -0.1023 -0.0949 -0.1434 +0.0223 -0.2012 -0.0713 +0.1631 +0.0000 +0.0000 +0.0406 +0.1971 +0.0000 +0.0000 +0.0176 +0.2305 +0.1686 +0.1753 +0.1233 -0.0310 +0.1274 +0.0022 +0.1007 -0.0065 -0.0179 -0.4374 -0.0092 +0.3449 -0.0561 -0.1841 +0.0341 +0.0000 +0.0000 +0.1530 +0.0000 +0.0000 +0.0000 -0.2867 -0.1603 +0.0000 +0.0000 -0.0639 +0.0000 +0.0000 +0.6782 +0.6260 +0.6811 +0.0000 +0.6839 +0.6799 +0.6809 +0.0000 +0.0000 -0.5758 -0.5026 -0.6405 +0.0528 +0.3669 +0.3579 +0.1533 +0.4087 +0.0000 -0.1760 -0.1877 -0.5011 ;
+0.0000 +0.0000 +0.0000 +0.0966 +0.0413 +0.1381 +0.0000 +0.0000 +0.0000 +0.0000 +0.0000 +0.0000 +0.0000 +0.0000 +0.1656 +0.0733 +0.0000 +0.0000 +0.0000 +0.0000 +0.0000 +0.0000 -0.0405 +0.0000 +0.0000 +0.0000 +0.0000 +0.0000 +0.0000 +0.0000 +0.5729 +0.5500 +0.0000 +0.0000 +0.0000 +0.0000 -0.1712 -0.0319 -0.3016 -0.2587 +0.0000 +0.0000 +0.0000 +0.0000 +0.6335 +0.6055 +0.0000 +0.0000 +0.0000 +0.0000 +0.0000 +0.0000 +0.0000 -0.2348 -0.5140 -0.4698 +0.0000 +0.0000 +0.1066 +0.1610 +0.0992 +0.3057 +0.1982 -0.1253 +0.0000 -0.5011 ;
+0.0000 +0.1883 +0.1541 +0.0820 +0.2952 +0.2513 +0.2031 +0.0000 +0.0000 +0.2942 +0.3617 +0.0920 +0.0176 +0.0000 +0.1592 +0.0000 +0.3328 +0.3659 +0.3151 +0.1262 +0.0000 +0.0000 +0.0000 +0.0000 +0.0600 +0.0000 +0.0000 +0.0112 -0.0042 -0.0847 +0.2583 +0.1420 +0.2643 +0.0000 +0.0000 +0.0000 +0.0000 +0.0000 -0.2648 -0.0372 -0.2627 -0.1129 -0.1513 +0.0000 +0.0000 +0.1860 +0.0000 +0.0000 +0.0000 +0.0000 +0.0000 +0.3326 -0.2713 -0.1955 -0.3401 -0.3226 +0.0000 +0.2597 +0.2987 +0.2328 +0.2702 +0.0995 +0.2563 -0.0013 +0.0000 -0.5011 ;
-0.0039 +0.1155 +0.1643 +0.0146 +0.0746 +0.2549 +0.1674 +0.0000 +0.0000 +0.0000 +0.2902 +0.3262 +0.3176 +0.1107 +0.1635 +0.2342 +0.2471 +0.2374 +0.1154 +0.0000 -0.0272 +0.0000 +0.0000 +0.0000 +0.0000 +0.0090 +0.0628 -0.1330 -0.0340 +0.0266 +0.3269 +0.3763 +0.2897 +0.0000 +0.0000 -0.2567 +0.0000 +0.0000 -0.2736 -0.1486 +0.0000 +0.0000 +0.0000 -0.0211 +0.0000 +0.3828 +0.3818 +0.4005 +0.0000 +0.0000 +0.0000 +0.0000 -0.4593 -0.3794 +0.0000 -0.4119 -0.5237 +0.0897 +0.3247 +0.3310 +0.3430 +0.3528 +0.4354 -0.2454 -0.0128 -0.5011 ;
+0.0000 +0.0660 +0.0000 +0.1654 +0.2425 -0.1103 -0.0612 +0.1860 +0.0000 +0.3082 +0.0000 +0.0000 +0.2474 +0.3575 +0.3578 +0.3720 +0.2063 +0.2090 +0.3526 +0.0000 +0.0242 +0.0000 +0.0000 +0.0000 +0.1689 +0.0000 +0.0000 +0.0777 -0.0034 -0.1077 +0.1117 +0.4735 +0.0000 +0.0000 +0.1744 +0.0000 +0.0000 +0.0000 -0.0952 +0.0000 -0.2972 -0.2368 -0.1846 -0.1439 +0.0000 +0.0000 +0.0000 +0.0000 +0.4124 +0.4728 +0.0000 +0.0000 +0.0000 -0.3881 -0.4598 -0.2489 -0.4320 +0.3116 +0.3438 +0.3922 +0.3374 +0.2195 +0.2959 -0.1424 +0.0000 -0.5011 ;
-0.0846 +0.0087 +0.0000 +0.1905 +0.2149 +0.2163 +0.0307 -0.0712 +0.2052 +0.0000 +0.0000 +0.0213 +0.0327 +0.0621 +0.0000 +0.0000 +0.1953 +0.1930 +0.0000 +0.0367 +0.1439 -0.0435 +0.0012 -0.1136 -0.0956 +0.1389 -0.0438 -0.0630 +0.0726 -0.0177 +0.2339 +0.3492 +0.0000 +0.1973 +0.0000 +0.0000 -0.1494 +0.0000 +0.0000 -0.0887 -0.2567 -0.2799 -0.1251 +0.0000 +0.0000 +0.0000 +0.0000 +0.0000 +0.5711 +0.6161 +0.0000 +0.5990 +0.0000 -0.4446 -0.4888 -0.4269 -0.4693 +0.2015 +0.3371 +0.2828 +0.3211 +0.2216 +0.4440 -0.2031 -0.1930 -0.5011 ;
-0.0012 +0.0000 +0.2305 -0.0113 +0.2092 +0.0000 +0.2427 +0.1035 +0.0000 -0.0809 +0.0326 +0.3455 +0.0158 +0.0526 -0.1602 +0.1924 -0.0265 -0.0504 +0.0000 +0.2765 +0.0000 +0.0000 +0.0000 +0.2618 +0.0000 +0.0000 +0.0000 +0.0000 +0.2459 +0.0000 +0.0000 +0.0000 +0.2609 +0.0000 +0.0000 -0.1917 -0.0205 -0.0960 -0.0686 -0.1266 -0.0457 -0.0120 +0.0000 +0.0000 +0.0000 +0.0000 +0.0000 +0.0000 +0.0000 +0.0000 +0.0000 +0.0000 +0.0000 -0.0945 -0.0983 -0.1162 -0.1567 +0.0000 +0.0756 +0.0000 +0.0000 +0.0000 +0.0000 -0.0002 +0.0000 -0.0510 ;
-0.0082 -0.1350 +0.0169 +0.1651 +0.1492 +0.2286 +0.0000 +0.2610 +0.0000 +0.2994 -0.1422 -0.1598 +0.2657 +0.5357 +0.5291 -0.1718 +0.4982 +0.5849 +0.0000 +0.0000 +0.5933 +0.5992 +0.5622 +0.3242 +0.0818 -0.0000 -0.0641 +0.3077 +0.0000 +0.0000 +0.0000 +0.0000 +0.0000 +0.0000 +0.0000 -0.0283 -0.0000 -0.2175 -0.0119 -0.0751 -0.1706 -0.0000 +0.0000 +0.0000 +0.0000 +0.0000 +0.0000 +0.0000 +0.0000 +0.0000 +0.0000 +0.0000 -0.1166 -0.1017 -0.1202 +0.0000 -0.2484 +0.0602 +0.0000 +0.0000 +0.0000 +0.0000 +0.0000 -0.2875 +0.0000 -0.0510 ;
-0.0026 -0.0282 +0.0000 +0.3188 +0.3157 +0.1176 +0.1126 +0.1124 -0.2610 -0.0945 +0.3868 +0.3089 +0.5325 -0.2067 +0.2726 +0.5033 -0.2729 +0.3090 +0.0000 +0.0000 +0.5053 +0.4904 +0.5097 +0.4774 +0.0000 -0.0000 -0.0871 -0.1542 +0.1276 +0.1994 +0.0000 -0.0050 +0.1154 +0.0000 +0.0000 -0.1242 -0.1403 -0.1533 -0.0069 -0.1418 -0.0853 -0.0935 +0.0000 +0.0000 +0.0000 +0.0000 +0.0872 +0.0000 +0.0000 +0.0000 +0.0000 +0.0000 -0.0488 -0.1153 -0.2617 -0.1928 +0.0000 +0.0000 +0.1033 +0.0000 +0.1300 +0.0000 +0.0000 +0.0000 -0.1770 -0.0510 ;
-0.0107 -0.0211 +0.1375 +0.0000 +0.0000 +0.0864 +0.3035 +0.2011 +0.3542 +0.4384 +0.0000 +0.3740 -0.2350 +0.0000 -0.1287 +0.4437 +0.3856 +0.4267 +0.3739 +0.2836 +0.4794 +0.0000 +0.5433 +0.0000 +0.1525 +0.0358 +0.0000 +0.0000 +0.0000 +0.0000 +0.0000 +0.0000 +0.0000 +0.0000 +0.0000 +0.0000 -0.0978 -0.2094 -0.0177 -0.1119 -0.0116 -0.0102 -0.1496 +0.0000 +0.0000 +0.0000 +0.0000 +0.0000 +0.0000 +0.0000 +0.0000 +0.0000 -0.2668 -0.0745 -0.1682 -0.1420 +0.0000 +0.0000 +0.0000 +0.2195 +0.0000 +0.0000 +0.0000 +0.0000 -0.1152 -0.0510 ;
-0.0133 -0.0725 +0.0000 +0.0000 +0.1003 +0.1483 -0.2275 +0.1192 +0.2649 +0.5684 +0.5102 +0.0000 +0.0000 +0.0000 -0.0528 +0.5559 +0.2386 -0.0491 +0.4110 +0.1786 +0.2657 +0.5542 +0.1756 +0.3150 +0.0000 -0.0027 -0.0733 +0.3343 +0.0396 +0.0000 +0.0000 +0.0000 +0.0000 +0.0891 +0.0000 +0.0000 +0.0000 -0.1448 -0.0000 -0.0365 -0.0405 -0.0262 -0.0100 -0.1290 +0.0000 +0.0000 +0.0000 +0.0000 +0.0000 +0.0000 +0.0000 +0.0000 +0.0000 -0.0332 -0.1363 -0.0801 -0.2871 +0.0000 +0.0000 +0.0000 +0.0466 +0.0000 +0.0000 +0.0000 -0.0829 -0.0510 ;
-0.0939 -0.0398 +0.3022 +0.0000 +0.2590 +0.2465 +0.2439 -0.0990 -0.0815 +0.0000 +0.0000 +0.0000 +0.0000 +0.3805 +0.5576 +0.3410 +0.4235 +0.2896 +0.5675 +0.4088 -0.1463 +0.1802 +0.2036 +0.3975 +0.1505 +0.0000 -0.0171 -0.1789 -0.0708 +0.0987 -0.0659 +0.0306 +0.0000 +0.0000 +0.0525 +0.0000 +0.0000 -0.0636 -0.0986 -0.2288 -0.1340 -0.0004 -0.0328 -0.0755 +0.0000 +0.0000 +0.0000 +0.0000 +0.0000 +0.0000 +0.2540 +0.0000 +0.0000 -0.2303 -0.2547 -0.2052 -0.2060 +0.0000 +0.0000 +0.0000 +0.2576 +0.2292 +0.0000 +0.0000 -0.0892 -0.0510 ;
-0.0130 -0.1017 -0.2046 +0.0716 +0.0439 -0.2851 -0.0797 +0.0000 +0.0000 +0.0910 +0.0495 -0.0234 -0.2347 +0.0000 -0.1620 -0.1117 +0.0000 +0.0000 +0.0000 +0.0000 -0.0901 +0.0000 +0.0000 +0.0000 +0.0000 +0.0000 +0.0000 -0.0922 +0.0000 +0.0000 +0.0000 -0.0542 +0.0000 +0.0000 +0.0000 -0.0926 +0.0000 +0.0000 +0.0000 +0.0000 +0.0000 +0.0000 +0.0000 +0.0000 +0.0000 +0.0000 +0.0742 +0.0000 +0.2307 +0.0000 +0.0000 +0.0000 +0.0000 -0.0597 +0.0000 +0.0000 +0.0000 +0.0001 +0.0000 +0.0000 +0.0000 +0.0000 +0.0000 +0.0000 +0.0000 -0.0510 ;
-0.0009 -0.0000 -0.0000 +0.0113 -0.0000 +0.0268 -0.0000 -0.0000 +0.0000 +0.0000 -0.1048 +0.0000 +0.0000 -0.0045 -0.1521 -0.1319 +0.0000 +0.0000 -0.2258 -0.0069 +0.0000 +0.0000 +0.0000 +0.0000 +0.0688 +0.6413 -0.1216 +0.1992 +0.0000 +0.2139 +0.1708 +0.4209 +0.0000 +0.0000 +0.0000 +0.0000 -0.0545 +0.0000 -0.1264 +0.0000 +0.0000 +0.0000 +0.0000 +0.0000 +0.0000 +0.0000 +0.0000 +0.0000 +0.4727 +0.0000 +0.5816 +0.0000 +0.0000 +0.0000 -0.3039 +0.0000 +0.0000 +0.0000 +0.0000 +0.1246 +0.0752 +0.0000 +0.0000 -0.1884 +0.0000 -0.0510 ;
+0.0000 +0.0000 +0.0000 +0.0000 +0.0000 +0.0000 +0.0000 +0.0000 +0.0000 +0.0000 +0.0000 +0.0000 +0.0000 +0.0000 +0.0000 +0.0000 +0.0000 +0.0000 +0.0000 +0.0000 +0.0000 +0.0000 +0.0000 +0.0000 +0.0000 +0.0000 +0.0000 +0.0000 +0.0000 +0.0000 +0.0000 +0.0000 +0.0000 +0.0000 +0.0000 +0.0000 +0.0000 +0.0000 +0.0000 +0.0000 +0.0000 +0.0000 +0.0000 +0.0000 +0.0000 +0.0000 +0.0000 +0.0000 +0.0000 +0.0000 +0.0000 +0.0000 +0.0000 +0.0000 +0.0000 +0.0000 +0.0000 +0.0000 +0.0000 +0.0000 +0.0000 +0.0000 +0.0000 +0.0000 +0.0000 +0.0000 ;
