brainFunction 22855 72 38 2073 24766 2-10 11-21 22-37
0 0.526115
1 0.869895
2 0.739216
3 0.517825
4 0.324777
5 0.709269
6 0.284135
7 0.406595
8 0.479857
9 0.378075
10 0.705169
11 0.696078
12 0.719608
13 0.8
14 0.858824
15 0.421569
16 0.813725
17 0.362745
18 0.792157
19 0.333333
20 0.0352941
21 0.429412
22 0.746524
23 0.60107
24 0.281996
25 0.262745
26 0.53975
27 0.161854
28 0.48164
29 0.392513
30 0.852763
31 0.724421
32 0.448128
33 0.371836
34 0.793583
35 0.658824
36 0.817112
37 0.715151
38 0.999907
39 0.999995
40 0.00966638
41 0.847563
42 0.998798
43 0.288374
44 0.9999
45 0.729408
46 0.0102441
47 0.00296145
48 0.0316321
49 0.0158446
50 0.00380308
51 0.00533024
52 0.081715
53 0.000596576
54 0.00534178
55 0.214853
56 0.477475
57 0.986444
58 0.999052
59 0.874148
60 0.68142
61 0.898918
62 0.477083
63 0.993877
64 0.980859
65 0.839187
66 0.984041
67 0.937962
68 0.473369
69 0.595726
70 0.559627
71 0.00778171
0 0.553426
1 0.336548
2 0.984314
3 0.984314
4 0.984314
5 0.984314
6 0.984314
7 0.984313
8 0.984314
9 0.984314
10 0.984314
11 0.839216
12 0.839216
13 0.839216
14 0.839216
15 0.839216
16 0.839216
17 0.839216
18 0.839216
19 0.839216
20 0.839216
21 0.839216
22 1
23 1
24 1
25 1
26 1
27 1
28 1
29 1
30 1
31 1
32 1
33 1
34 1
35 1
36 1
37 1
38 0.996045
39 0.998975
40 0.255458
41 0.948577
42 0.957754
43 0.112472
44 0.997513
45 0.981636
46 0.104512
47 0.0598114
48 0.224764
49 0.130134
50 0.0159201
51 0.0860733
52 0.156723
53 0.00459873
54 0.0527146
55 0.703655
56 0.926632
57 0.768036
58 0.987195
59 0.56194
60 0.215401
61 0.72661
62 0.895898
63 0.970497
64 0.982336
65 0.941134
66 0.782631
67 0.969519
68 0.780217
69 0.786958
70 0.928743
71 0.510235
0 0.101412
1 0.32632
2 0
3 0
4 0
5 0.694831
6 0.816399
7 0
8 0.420677
9 0.92549
10 0.92549
11 0
12 0
13 0
14 0
15 0.509804
16 0.0196078
17 0
18 0
19 0.92549
20 0.92549
21 0.92549
22 0
23 0
24 0
25 0
26 0
27 0.181818
28 0.996435
29 0.992157
30 0.721569
31 0
32 0
33 0.336542
34 0.92549
35 0.92549
36 0.92549
37 0.92549
38 0.999778
39 0.999976
40 0.00577288
41 0.782316
42 0.995801
43 0.143696
44 0.999792
45 0.583218
46 0.00698428
47 0.00242649
48 0.0143757
49 0.0141152
50 0.00253007
51 0.00365675
52 0.0753124
53 0.000442735
54 0.00264791
55 0.161508
56 0.408272
57 0.971785
58 0.99621
59 0.479137
60 0.439361
61 0.829645
62 0.645038
63 0.986326
64 0.978852
65 0.736141
66 0.975779
67 0.857832
68 0.251908
69 0.387152
70 0.356622
71 0.0124971
0 0.687611
1 0.31604
2 0.52139
3 0.882353
4 0.882353
5 0.882353
6 0.882353
7 0.882353
8 0.882353
9 0.882353
10 0.882353
11 0.441176
12 0.882353
13 0.882353
14 0.882353
15 0.882353
16 0.882353
17 0.882353
18 0.882353
19 0.882353
20 0.882353
21 0.882353
22 0.240642
23 0.882353
24 0.882353
25 0.882353
26 0.882353
27 0.882353
28 0.882353
29 0.882353
30 0.882353
31 0.882353
32 0.882353
33 0.882353
34 0.882353
35 0.882353
36 0.882353
37 0.882353
38 0.999781
39 0.999995
40 0.00413983
41 0.811637
42 0.998167
43 0.229622
44 0.99982
45 0.697771
46 0.01233
47 0.00381368
48 0.0263207
49 0.0212562
50 0.00443792
51 0.00494089
52 0.0837655
53 0.00122391
54 0.00629838
55 0.168687
56 0.588899
57 0.987336
58 0.998329
59 0.845536
60 0.755005
61 0.845763
62 0.585517
63 0.994514
64 0.982646
65 0.846491
66 0.987496
67 0.962822
68 0.317808
69 0.679737
70 0.702478
71 0.012469
0 0.937254
1 0.308242
2 1
3 1
4 1
5 1
6 1
7 0.914438
8 0.87451
9 0.87451
10 0.87451
11 0.839216
12 0.839216
13 0.839216
14 0.839216
15 0.839216
16 0.839216
17 0.856863
18 0.87451
19 0.87451
20 0.87451
21 0.87451
22 0.980392
23 0.980392
24 0.980392
25 0.980392
26 0.980392
27 0.980392
28 0.980392
29 0.980392
30 0.980392
31 0.922638
32 0.87451
33 0.87451
34 0.87451
35 0.87451
36 0.87451
37 0.87451
38 0.999918
39 0.999998
40 0.00792962
41 0.875464
42 0.999107
43 0.297287
44 0.99989
45 0.772294
46 0.0130857
47 0.00382232
48 0.025797
49 0.0212701
50 0.0060438
51 0.00619993
52 0.0708655
53 0.00106339
54 0.00656782
55 0.247263
56 0.485294
57 0.982007
58 0.998557
59 0.849879
60 0.710117
61 0.845383
62 0.55924
63 0.991588
64 0.975211
65 0.838387
66 0.985573
67 0.957973
68 0.325293
69 0.646364
70 0.589093
71 0.00773654
0 0.732803
1 0.300196
2 1
3 1
4 1
5 1
6 1
7 1
8 1
9 1
10 1
11 0.839216
12 0.839216
13 0.839216
14 0.839216
15 0.839216
16 0.839216
17 0.839216
18 0.839216
19 0.839216
20 0.839216
21 0.839216
22 0.992157
23 0.992157
24 0.992157
25 0.992157
26 0.992157
27 0.992157
28 0.992157
29 0.992157
30 0.992157
31 0.992157
32 0.992157
33 0.992157
34 0.992157
35 0.992157
36 0.992157
37 0.992157
38 0.923141
39 0.998037
40 0.875039
41 0.483896
42 0.995533
43 0.17043
44 0.999346
45 0.972758
46 0.0727251
47 0.0180128
48 0.0190947
49 0.0512561
50 0.0587797
51 0.0818877
52 0.356922
53 0.066578
54 0.0592847
55 0.146722
56 0.521231
57 0.846343
58 0.998778
59 0.944324
60 0.942517
61 0.873329
62 0.487447
63 0.965077
64 0.855666
65 0.737499
66 0.996739
67 0.957349
68 0.755338
69 0.638517
70 0.842243
71 0.717047
0 0.272787
1 0.291811
2 0.921569
3 0.921569
4 0.921569
5 0.251337
6 0
7 0
8 0
9 0
10 0
11 0.839216
12 0.839216
13 0.839216
14 0.839216
15 0
16 0
17 0
18 0
19 0
20 0
21 0
22 1
23 1
24 1
25 1
26 1
27 0.818182
28 0
29 0
30 0
31 0
32 0
33 0
34 0
35 0
36 0
37 0
38 0.999885
39 0.999994
40 0.0106272
41 0.808258
42 0.998329
43 0.267704
44 0.999815
45 0.332433
46 0.00836387
47 0.00196687
48 0.0169808
49 0.0112941
50 0.00311501
51 0.00311851
52 0.0604372
53 0.000262044
54 0.00338617
55 0.103435
56 0.403846
57 0.976351
58 0.998781
59 0.824442
60 0.694336
61 0.834108
62 0.501897
63 0.986531
64 0.965326
65 0.639398
66 0.971879
67 0.910868
68 0.439531
69 0.397489
70 0.508405
71 0.00522467
0 0.744638
1 0.283338
2 0.886275
3 0.886275
4 0.886274
5 0.886275
6 0.886275
7 0.886274
8 0.886275
9 0.886275
10 0.886275
11 0.839216
12 0.839216
13 0.839216
14 0.839216
15 0.839216
16 0.839216
17 0.839216
18 0.839216
19 0.839216
20 0.839216
21 0.839216
22 1
23 1
24 1
25 1
26 1
27 1
28 1
29 1
30 1
31 1
32 1
33 1
34 1
35 1
36 1
37 1
38 0.958601
39 0.998863
40 0.564145
41 0.601594
42 0.992873
43 0.147787
44 0.998594
45 0.809526
46 0.0608529
47 0.0157562
48 0.0453591
49 0.0736914
50 0.00992217
51 0.0191308
52 0.449661
53 0.0404875
54 0.0334639
55 0.16376
56 0.715228
57 0.980991
58 0.999016
59 0.913756
60 0.932507
61 0.93213
62 0.817075
63 0.922985
64 0.942205
65 0.765673
66 0.994983
67 0.961878
68 0.614461
69 0.455174
70 0.95977
71 0.496104
0 0.506062
1 0.275472
2 0.976471
3 0.694118
4 0.287701
5 0.381105
6 0.562567
7 0.537611
8 0
9 0
10 0
11 0.839216
12 0.839216
13 0.6
14 0.372549
15 0.372549
16 0.072549
17 0.635294
18 0
19 0
20 0
21 0
22 1
23 1
24 0.927273
25 0.2
26 0.167558
27 0.879857
28 0.587522
29 0.322995
30 0.848128
31 0.642068
32 0.146881
33 0
34 0
35 0
36 0
37 0
38 0.996368
39 0.999792
40 0.636661
41 0.643068
42 0.997601
43 0.325631
44 0.999247
45 0.926932
46 0.038848
47 0.0050838
48 0.0329561
49 0.048441
50 0.0189648
51 0.0127356
52 0.232668
53 0.00307926
54 0.0115842
55 0.11456
56 0.588123
57 0.759531
58 0.997718
59 0.888112
60 0.762769
61 0.934166
62 0.692953
63 0.979433
64 0.766343
65 0.425779
66 0.993
67 0.865309
68 0.879332
69 0.606274
70 0.892549
71 0.38902
0 0.228188
1 0.267851
2 0.367736
3 0.698574
4 0.97754
5 0.472727
6 0.275936
7 0.293048
8 0.272727
9 0.467202
10 0.0135472
11 0.229412
12 0.229412
13 0.919608
14 0.839216
15 0.42549
16 0.42549
17 0.547059
18 0.25098
19 0.072549
20 0.392157
21 0
22 0.697683
23 0.0901961
24 0.780392
25 1
26 1
27 0.845276
28 0.172193
29 0.2
30 0.356506
31 0.522638
32 0.158289
33 0.194652
34 0.736185
35 0.408913
36 0.491979
37 0
38 0.995271
39 0.999705
40 0.433008
41 0.893188
42 0.943895
43 0.22424
44 0.999432
45 0.900356
46 0.0274187
47 0.0224661
48 0.0418618
49 0.0332543
50 0.00383563
51 0.0289142
52 0.153017
53 0.00246959
54 0.0198653
55 0.258675
56 0.770636
57 0.868028
58 0.997968
59 0.8502
60 0.765054
61 0.688022
62 0.726719
63 0.932783
64 0.96035
65 0.795272
66 0.902305
67 0.961069
68 0.718091
69 0.26221
70 0.884117
71 0.221488
0 0.486597
1 0.260237
2 0.0627451
3 0.0627451
4 0.0862745
5 0.307487
6 0.887344
7 0.308378
8 0.294474
9 0.794653
10 0.264884
11 0.337255
12 0.337255
13 0.168627
14 0.305882
15 0.42549
16 0.839216
17 0.25098
18 0.6
19 0.309804
20 0.431373
21 0.547059
22 0.682353
23 0.682353
24 0.682353
25 0.434225
26 0.127273
27 0.028877
28 0.460963
29 1
30 0.767914
31 0.14902
32 0.190731
33 0.181462
34 0.645633
35 0.921569
36 0.574332
37 0.699109
38 0.995639
39 0.999741
40 0.304065
41 0.664652
42 0.992889
43 0.0606249
44 0.999267
45 0.802305
46 0.085535
47 0.0153015
48 0.0685835
49 0.0696227
50 0.0336597
51 0.0262718
52 0.369071
53 0.0236228
54 0.0133304
55 0.284717
56 0.729807
57 0.984713
58 0.998694
59 0.888014
60 0.907016
61 0.9569
62 0.632866
63 0.949611
64 0.92256
65 0.809743
66 0.994375
67 0.776291
68 0.787436
69 0.624184
70 0.885135
71 0.34503
0 0.173635
1 0.252948
2 0.82246
3 0.47861
4 0.0705882
5 0.258289
6 0.114795
7 0.922103
8 0.68271
9 0.34902
10 0.288057
11 0.0235294
12 0.798039
13 0.337255
14 0.337255
15 0.168627
16 0.0470588
17 0.603922
18 0.839216
19 0.25098
20 0.25098
21 0.42549
22 0.796078
23 0.470945
24 0.82959
25 0.756863
26 0.756863
27 0.788235
28 0.506952
29 0.0342246
30 0.294118
31 0.976471
32 0.996078
33 0.688057
34 0.14902
35 0.14902
36 0.14902
37 0.186096
38 0.979502
39 0.999926
40 0.556603
41 0.73516
42 0.975771
43 0.273967
44 0.997608
45 0.987191
46 0.0680099
47 0.0121199
48 0.0437336
49 0.0876715
50 0.00476968
51 0.0329544
52 0.13159
53 0.00482049
54 0.0217838
55 0.12451
56 0.487297
57 0.732261
58 0.969482
59 0.730757
60 0.506491
61 0.744559
62 0.693032
63 0.779386
64 0.982666
65 0.948791
66 0.941527
67 0.979748
68 0.966627
69 0.183205
70 0.806873
71 0.244129
0 0.220326
1 0.245698
2 0.713726
3 0.16221
4 0.41123
5 0.0156863
6 0.301961
7 0.204278
8 0.0627451
9 0.601783
10 0.909804
11 0.839216
12 0.419608
13 0
14 0.668627
15 0.337255
16 0.337255
17 0.168627
18 0.0627451
19 0.0627451
20 0.368627
21 0.368627
22 0.447059
23 0.447059
24 0.0812834
25 0
26 0.636364
27 0.504456
28 0.454902
29 0.454902
30 0.878431
31 0.399287
32 0.0513369
33 0.0627451
34 0.0627451
35 0.857754
36 0.937255
37 0.937255
38 0.99343
39 0.996304
40 0.160943
41 0.598226
42 0.970117
43 0.20015
44 0.999407
45 0.821461
46 0.036694
47 0.0132382
48 0.0317784
49 0.0195672
50 0.00673848
51 0.024439
52 0.22866
53 0.00404068
54 0.0255983
55 0.219999
56 0.660652
57 0.976129
58 0.998254
59 0.84192
60 0.841814
61 0.7813
62 0.481251
63 0.94235
64 0.834001
65 0.530927
66 0.985141
67 0.833871
68 0.542188
69 0.45637
70 0.917399
71 0.31598
0 0.833241
1 0.238105
2 0.526916
3 0.631373
4 0.67754
5 0.641355
6 0.121569
7 0.120499
8 0.531729
9 0.444385
10 0.0313726
11 0.839216
12 0.839216
13 0.419608
14 0.839216
15 0.668627
16 0.337255
17 0.468627
18 0.168627
19 0.337255
20 0.309804
21 0.0313726
22 0.988235
23 0.917647
24 0.780749
25 0.171123
26 0.470588
27 0.566845
28 0.848485
29 0.666667
30 0.666667
31 0.412121
32 0.114439
33 0.858824
34 0.858824
35 0.226381
36 0.0313726
37 0.0313726
38 0.999362
39 0.999586
40 0.100898
41 0.952362
42 0.998203
43 0.196223
44 0.991672
45 0.625714
46 0.029659
47 0.00634946
48 0.0378553
49 0.0831494
50 0.00667276
51 0.0138226
52 0.157168
53 0.00321445
54 0.00701439
55 0.177339
56 0.908137
57 0.97467
58 0.998261
59 0.86938
60 0.564962
61 0.971023
62 0.944903
63 0.990685
64 0.981828
65 0.76838
66 0.995209
67 0.438902
68 0.317061
69 0.955605
70 0.854986
71 0.484094
0 0.319945
1 0.228107
2 0
3 0.159715
4 0.439216
5 0.834581
6 0.265241
7 0.192157
8 0.192157
9 0.197148
10 0.2
11 0
12 0
13 0.839216
14 0.839216
15 0.905882
16 0.337255
17 0.337255
18 0.337255
19 0.337255
20 0.6
21 0.6
22 0
23 0
24 0.0901961
25 0.992157
26 0.992157
27 0.988592
28 0.970766
29 0.877362
30 0.843137
31 0.843137
32 0.843137
33 0.843137
34 0.843137
35 0.258467
36 0.2
37 0.2
38 0.997995
39 0.999764
40 0.347058
41 0.940313
42 0.980713
43 0.284171
44 0.999334
45 0.926531
46 0.119669
47 0.0352545
48 0.0821859
49 0.116626
50 0.00778429
51 0.0545049
52 0.122798
53 0.0113077
54 0.0203982
55 0.296891
56 0.902312
57 0.908094
58 0.994344
59 0.924156
60 0.825546
61 0.936673
62 0.982396
63 0.875463
64 0.979868
65 0.665748
66 0.933798
67 0.968662
68 0.730477
69 0.584712
70 0.908027
71 0.244132
0 0.672693
1 0.217951
2 0
3 0
4 0
5 0
6 0.829947
7 0.129412
8 0.129412
9 0.129412
10 0.129412
11 0
12 0
13 0
14 0
15 0
16 1
17 0.337255
18 0.337255
19 0.337255
20 0.337255
21 0.337255
22 0
23 0
24 0
25 0
26 0
27 0
28 0
29 0.727273
30 0.937968
31 0.772549
32 0.772549
33 0.772549
34 0.772549
35 0.772549
36 0.772549
37 0.772549
38 0.999375
39 0.999929
40 0.219044
41 0.768397
42 0.998644
43 0.100178
44 0.999874
45 0.870232
46 0.0281358
47 0.00944704
48 0.0424283
49 0.0191717
50 0.0163023
51 0.0268419
52 0.284594
53 0.00523338
54 0.0207325
55 0.361016
56 0.508672
57 0.96968
58 0.99844
59 0.821463
60 0.784477
61 0.901902
62 0.850691
63 0.981051
64 0.950695
65 0.846758
66 0.990079
67 0.954833
68 0.658347
69 0.777501
70 0.564626
71 0.0807645
0 0.0027385
1 0.206176
2 0.590909
3 1
4 0.644385
5 0.627451
6 0.627451
7 0.627451
8 0.627451
9 0.627451
10 0.627451
11 0.5
12 1
13 0.668627
14 0.337255
15 0.337255
16 0.337255
17 0.337255
18 0.337255
19 0.337255
20 0.337255
21 0.337255
22 0.272727
23 1
24 1
25 0.917291
26 0.772549
27 0.772549
28 0.772549
29 0.772549
30 0.772549
31 0.772549
32 0.772549
33 0.772549
34 0.772549
35 0.772549
36 0.772549
37 0.772549
38 0.998864
39 0.999941
40 0.176175
41 0.759586
42 0.99609
43 0.0987905
44 0.99964
45 0.895803
46 0.0639753
47 0.0148487
48 0.0620859
49 0.0499575
50 0.0158223
51 0.03156
52 0.276771
53 0.00748269
54 0.0161473
55 0.345388
56 0.773459
57 0.935392
58 0.997143
59 0.895881
60 0.757911
61 0.872351
62 0.780207
63 0.975377
64 0.950969
65 0.81382
66 0.978001
67 0.957529
68 0.71248
69 0.67536
70 0.82744
71 0.0910803
0 0.466372
1 0.19609
2 0.541176
3 0.541176
4 0.541176
5 0.541177
6 0.541177
7 0.541176
8 0.541177
9 0.541177
10 0.541177
11 0.337255
12 0.337255
13 0.337255
14 0.337255
15 0.337255
16 0.337255
17 0.337255
18 0.337255
19 0.337255
20 0.337255
21 0.337255
22 0.713726
23 0.713726
24 0.713726
25 0.713726
26 0.713726
27 0.713726
28 0.713726
29 0.713726
30 0.713726
31 0.713726
32 0.713726
33 0.713726
34 0.713726
35 0.713726
36 0.713726
37 0.713726
38 0.852629
39 0.994476
40 0.852805
41 0.755174
42 0.86128
43 0.0877781
44 0.997635
45 0.969166
46 0.188475
47 0.0465994
48 0.113019
49 0.114627
50 0.0302096
51 0.110035
52 0.327106
53 0.0641897
54 0.0432724
55 0.348388
56 0.830898
57 0.48832
58 0.984526
59 0.754893
60 0.666765
61 0.661085
62 0.874962
63 0.81803
64 0.878176
65 0.491443
66 0.906449
67 0.813704
68 0.719659
69 0.346936
70 0.969877
71 0.936372
0 0.774463
1 0.185125
2 0.0117647
3 0.0117647
4 0.0117647
5 0.0117647
6 0.150267
7 0
8 0
9 0
10 0
11 0.0117647
12 0.0117647
13 0.0117647
14 0.0117647
15 0.0117647
16 0.168627
17 0
18 0
19 0
20 0
21 0
22 0.0117647
23 0.0117647
24 0.0117647
25 0.0117647
26 0.0117647
27 0.0117647
28 0.0117647
29 0.656328
30 0
31 0
32 0
33 0
34 0
35 0
36 0
37 0
38 0.999156
39 0.999978
40 0.0675432
41 0.468293
42 0.997953
43 0.0828409
44 0.999806
45 0.632306
46 0.0682762
47 0.00740298
48 0.0782277
49 0.0278039
50 0.0141949
51 0.0120952
52 0.257019
53 0.00121525
54 0.0127635
55 0.213867
56 0.257232
57 0.914371
58 0.996505
59 0.709498
60 0.522734
61 0.763818
62 0.588042
63 0.967308
64 0.903101
65 0.459081
66 0.939523
67 0.937103
68 0.858031
69 0.643433
70 0.768103
71 0.0237215
0 0.310504
1 0.17402
2 0.913725
3 0.913725
4 0.913725
5 0.913726
6 0.913726
7 0.913725
8 0.913726
9 0.913726
10 0.913726
11 0.368627
12 0.368627
13 0.368627
14 0.368627
15 0.368627
16 0.368627
17 0.368627
18 0.368627
19 0.368627
20 0.368627
21 0.368627
22 0.85098
23 0.85098
24 0.85098
25 0.85098
26 0.85098
27 0.85098
28 0.85098
29 0.85098
30 0.85098
31 0.85098
32 0.85098
33 0.85098
34 0.85098
35 0.85098
36 0.85098
37 0.85098
38 0.743842
39 0.985529
40 0.836412
41 0.527478
42 0.956393
43 0.0576771
44 0.998333
45 0.977032
46 0.085433
47 0.036841
48 0.0333508
49 0.0469265
50 0.0634518
51 0.0871165
52 0.304679
53 0.0579122
54 0.0446254
55 0.22458
56 0.722065
57 0.599612
58 0.995079
59 0.920476
60 0.948267
61 0.833162
62 0.752434
63 0.885459
64 0.858934
65 0.755935
66 0.976888
67 0.925901
68 0.859008
69 0.486245
70 0.924577
71 0.747767
0 0.101746
1 0.16428
2 0.141176
3 0.575936
4 0.269519
5 0
6 0
7 0
8 0
9 0
10 0
11 0.337255
12 0.4
13 0.458824
14 0.247059
15 0
16 0
17 0
18 0
19 0
20 0
21 0
22 0.74902
23 0.74902
24 0.599643
25 0.621747
26 0.968627
27 0.088057
28 0
29 0
30 0
31 0
32 0
33 0
34 0
35 0
36 0
37 0
38 0.950712
39 0.996301
40 0.819725
41 0.485748
42 0.965023
43 0.0577791
44 0.997213
45 0.676301
46 0.0520104
47 0.0164546
48 0.0286888
49 0.0397497
50 0.0178797
51 0.0464959
52 0.295309
53 0.0155169
54 0.0266918
55 0.154878
56 0.602216
57 0.757167
58 0.993911
59 0.789001
60 0.868646
61 0.676314
62 0.581037
63 0.944347
64 0.876596
65 0.617338
66 0.98603
67 0.717056
68 0.644816
69 0.264312
70 0.892333
71 0.817989
0 0.814393
1 0.154598
2 0.105882
3 0.105882
4 0.105882
5 0.168627
6 0.16025
7 0
8 0
9 0
10 0
11 0.337255
12 0.337255
13 0.337255
14 0.337255
15 0.494118
16 0.12549
17 0
18 0
19 0
20 0
21 0
22 0.6
23 0.6
24 0.6
25 0.6
26 0.6
27 0.652763
28 0.890196
29 0.351159
30 0
31 0
32 0
33 0
34 0
35 0
36 0
37 0
38 0.972602
39 0.999736
40 0.386851
41 0.631203
42 0.990493
43 0.0711069
44 0.997826
45 0.614591
46 0.0943302
47 0.00774952
48 0.0544206
49 0.0659829
50 0.0136036
51 0.0176738
52 0.384541
53 0.0115249
54 0.00934952
55 0.0955938
56 0.614324
57 0.931317
58 0.998296
59 0.911857
60 0.930345
61 0.896277
62 0.777163
63 0.881478
64 0.946579
65 0.461994
66 0.98034
67 0.601295
68 0.78889
69 0.319134
70 0.962918
71 0.424519
0 0.404756
1 0.147191
2 0.878431
3 0.327629
4 0.290196
5 0.290196
6 0.328342
7 0.788948
8 0.218182
9 0
10 0
11 0.509804
12 0.25098
13 0.337255
14 0.337255
15 0.337255
16 0.337255
17 0.494118
18 0.311765
19 0
20 0
21 0
22 0.993226
23 0.534046
24 0.188592
25 0.584314
26 0.584314
27 0.584314
28 0.584314
29 0.584314
30 0.562923
31 0.505882
32 0.837433
33 0.127273
34 0
35 0
36 0
37 0
38 0.99504
39 0.999826
40 0.449164
41 0.809499
42 0.991327
43 0.196206
44 0.998954
45 0.959931
46 0.0509341
47 0.00874781
48 0.0426285
49 0.0922146
50 0.0144645
51 0.0229601
52 0.150362
53 0.00664788
54 0.019347
55 0.0827535
56 0.655496
57 0.843312
58 0.994812
59 0.92596
60 0.901857
61 0.956474
62 0.651884
63 0.911388
64 0.85916
65 0.667107
66 0.980025
67 0.923644
68 0.910284
69 0.690555
70 0.909711
71 0.257198
0 0.298145
1 0.139145
2 0.818182
3 0.287166
4 0.652941
5 0.79287
6 0.203922
7 0.0588235
8 0.0855614
9 0.579323
10 0.34902
11 1
12 0.3
13 0.594118
14 0.0235294
15 0.137255
16 0.294118
17 0.337255
18 0.337255
19 0.415686
20 0.372549
21 0.25098
22 1
23 0.454545
24 0.174688
25 0.277362
26 0.709091
27 1
28 0.613191
29 0.14902
30 0.576471
31 0.576471
32 0.576471
33 0.576471
34 0.641355
35 0.582175
36 0.14902
37 0.14902
38 0.99686
39 0.99998
40 0.430926
41 0.685932
42 0.996373
43 0.284203
44 0.999928
45 0.890712
46 0.0371104
47 0.00543276
48 0.0173637
49 0.0179727
50 0.0223022
51 0.0268201
52 0.222148
53 0.00973516
54 0.0138755
55 0.187872
56 0.475767
57 0.887626
58 0.99853
59 0.969068
60 0.940469
61 0.851348
62 0.64447
63 0.954837
64 0.831115
65 0.528163
66 0.99074
67 0.931544
68 0.642105
69 0.391578
70 0.455582
71 0.0463233
0 0.990828
1 0.13186
2 1
3 1
4 1
5 0.272727
6 0.254545
7 1
8 0.552585
9 0.0156863
10 0.0156863
11 1
12 1
13 1
14 1
15 0
16 0.6
17 0.0235294
18 0.0235294
19 0.337255
20 0.337255
21 0.337255
22 1
23 1
24 1
25 1
26 1
27 0.818182
28 0
29 0.145455
30 0.418182
31 1
32 1
33 0.827451
34 0.52549
35 0.52549
36 0.52549
37 0.52549
38 0.999926
39 0.999999
40 0.0176782
41 0.893139
42 0.99901
43 0.326657
44 0.999932
45 0.825613
46 0.0108561
47 0.00268607
48 0.0316198
49 0.0111782
50 0.00459955
51 0.00355079
52 0.0883337
53 0.000507177
54 0.0043466
55 0.143806
56 0.550653
57 0.983574
58 0.998703
59 0.884438
60 0.649478
61 0.837605
62 0.438707
63 0.993727
64 0.971844
65 0.795805
66 0.976176
67 0.95849
68 0.50527
69 0.582064
70 0.656448
71 0.00626161
0 0.734424
1 0.123273
2 0.988235
3 0.988235
4 0.988235
5 0.988235
6 0.988235
7 0.988235
8 0.988235
9 0.988235
10 0.988235
11 0.839216
12 0.839216
13 0.839216
14 0.839216
15 0.839216
16 0.839216
17 0.839216
18 0.839216
19 0.839216
20 0.839216
21 0.839216
22 1
23 1
24 1
25 1
26 1
27 1
28 1
29 1
30 1
31 1
32 1
33 1
34 1
35 1
36 1
37 1
38 0.997973
39 0.999804
40 0.144327
41 0.972747
42 0.948265
43 0.290758
44 0.998726
45 0.958215
46 0.0965789
47 0.040124
48 0.151171
49 0.104422
50 0.00843977
51 0.0417841
52 0.0940635
53 0.00937929
54 0.0243548
55 0.450374
56 0.937524
57 0.913085
58 0.994375
59 0.850795
60 0.578293
61 0.913996
62 0.916866
63 0.879069
64 0.935259
65 0.719741
66 0.849522
67 0.903363
68 0.574609
69 0.825749
70 0.957302
71 0.357155
0 0.433366
1 0.114902
2 0
3 0
4 0
5 0.244563
6 0.743137
7 0.355615
8 0.466667
9 0.556328
10 0.402674
11 0
12 0
13 0
14 0
15 0.419608
16 0.588235
17 0.168627
18 0.839216
19 0.839216
20 0.472549
21 0.594118
22 0
23 0
24 0
25 0
26 0
27 0
28 0.322638
29 0.709804
30 0.945098
31 0.42959
32 0.770053
33 0.941176
34 0.941176
35 0.772906
36 0.0909091
37 0.239929
38 0.985664
39 0.996937
40 0.675073
41 0.696608
42 0.984595
43 0.0660949
44 0.99989
45 0.955311
46 0.139528
47 0.0513675
48 0.0651224
49 0.0265743
50 0.103599
51 0.132693
52 0.305928
53 0.0546233
54 0.0380735
55 0.34483
56 0.741094
57 0.811362
58 0.998
59 0.88023
60 0.879832
61 0.926529
62 0.73429
63 0.922139
64 0.627039
65 0.357264
66 0.963163
67 0.792514
68 0.462705
69 0.736546
70 0.824779
71 0.635067
0 0.41571
1 0.106417
2 0.155437
3 0.854902
4 0.388592
5 0
6 0
7 0.238502
8 0.616578
9 0
10 0
11 0
12 0.368627
13 0.368627
14 0
15 0
16 0
17 0
18 0.588235
19 0.168627
20 0
21 0
22 0
23 0.509091
24 0.933333
25 0.933333
26 0.339394
27 0
28 0
29 0
30 0
31 0
32 0.535116
33 0.992157
34 0.360784
35 0
36 0
37 0
38 0.906176
39 0.997891
40 0.755609
41 0.79762
42 0.951878
43 0.103948
44 0.99595
45 0.895381
46 0.122372
47 0.0255398
48 0.105377
49 0.0773024
50 0.00954359
51 0.051996
52 0.373862
53 0.0112414
54 0.0294146
55 0.203146
56 0.742751
57 0.684711
58 0.994322
59 0.658057
60 0.66341
61 0.60665
62 0.913595
63 0.789785
64 0.960601
65 0.361399
66 0.860129
67 0.776479
68 0.595882
69 0.517138
70 0.97198
71 0.839344
0 0.610948
1 0.0991507
2 0
3 0
4 0
5 0.269519
6 0.770054
7 0
8 0
9 0
10 0
11 0
12 0
13 0
14 0
15 0.184314
16 0.368627
17 0
18 0
19 0
20 0
21 0
22 0
23 0
24 0
25 0
26 0
27 0
28 0.42246
29 0.929412
30 0.675936
31 0
32 0
33 0
34 0
35 0
36 0
37 0
38 0.987281
39 0.995904
40 0.633346
41 0.592944
42 0.432815
43 0.183335
44 0.999672
45 0.966629
46 0.107861
47 0.0254929
48 0.0862712
49 0.0519392
50 0.0361488
51 0.0937953
52 0.182315
53 0.0101364
54 0.050445
55 0.390706
56 0.809191
57 0.315705
58 0.925532
59 0.754604
60 0.697244
61 0.712572
62 0.63586
63 0.82409
64 0.341423
65 0.370605
66 0.837061
67 0.950073
68 0.939603
69 0.360463
70 0.926677
71 0.614613
0 0.996539
1 0.0919298
2 0
3 0
4 0
5 0
6 0
7 0
8 0.778966
9 0.901961
10 0.176827
11 0
12 0
13 0
14 0
15 0
16 0
17 0
18 0.184314
19 0.368627
20 0.368627
21 0.0156863
22 0
23 0
24 0
25 0
26 0
27 0
28 0
29 0
30 0
31 0
32 0.083779
33 0.921569
34 0.921569
35 0.921569
36 0.509804
37 0.0156863
38 0.884227
39 0.997626
40 0.830021
41 0.597863
42 0.430968
43 0.0735365
44 0.997822
45 0.981277
46 0.132458
47 0.0355477
48 0.107698
49 0.111652
50 0.0341746
51 0.0655358
52 0.137824
53 0.00851479
54 0.0278032
55 0.334107
56 0.655384
57 0.174902
58 0.801776
59 0.662915
60 0.266139
61 0.673131
62 0.553728
63 0.83879
64 0.77401
65 0.777381
66 0.391902
67 0.964146
68 0.978941
69 0.208613
70 0.866427
71 0.651778
0 0.269982
1 0.0850403
2 0
3 0
4 0
5 0
6 0
7 0
8 0.0383243
9 0.843137
10 0.843137
11 0
12 0
13 0
14 0
15 0
16 0
17 0
18 0
19 0.184314
20 0.368627
21 0.368627
22 0
23 0
24 0
25 0
26 0
27 0
28 0
29 0
30 0
31 0
32 0
33 0
34 0.546524
35 0.858824
36 0.858824
37 0.858824
38 0.410109
39 0.957564
40 0.83285
41 0.423647
42 0.596705
43 0.0425217
44 0.991495
45 0.866569
46 0.170307
47 0.0393101
48 0.10969
49 0.109861
50 0.0327234
51 0.0670738
52 0.386864
53 0.0275565
54 0.0411992
55 0.282334
56 0.711801
57 0.444383
58 0.957995
59 0.573528
60 0.552588
61 0.767125
62 0.773794
63 0.712274
64 0.746822
65 0.55032
66 0.801189
67 0.71494
68 0.949687
69 0.371033
70 0.949668
71 0.910081
0 0.0984651
1 0.0780062
2 0
3 0
4 0
5 0
6 0
7 0
8 0
9 0
10 0
11 0
12 0
13 0
14 0
15 0
16 0
17 0
18 0
19 0
20 0
21 0
22 0
23 0
24 0
25 0
26 0
27 0
28 0
29 0
30 0
31 0
32 0
33 0
34 0
35 0
36 0
37 0
38 0.566107
39 0.975792
40 0.879088
41 0.442316
42 0.615784
43 0.070954
44 0.994593
45 0.869437
46 0.147486
47 0.0315949
48 0.102393
49 0.104637
50 0.0317339
51 0.0545459
52 0.351746
53 0.0196172
54 0.03089
55 0.128327
56 0.681467
57 0.419692
58 0.940792
59 0.667184
60 0.565454
61 0.817328
62 0.743321
63 0.701898
64 0.663756
65 0.40127
66 0.787532
67 0.726755
68 0.939204
69 0.324265
70 0.93897
71 0.899362
0 0.0613251
1 0.071047
2 0
3 0
4 0
5 0
6 0
7 0
8 0
9 0
10 0
11 0
12 0
13 0
14 0
15 0
16 0
17 0
18 0
19 0
20 0
21 0
22 0
23 0
24 0
25 0
26 0
27 0
28 0
29 0
30 0
31 0
32 0
33 0
34 0
35 0
36 0
37 0
38 0.573125
39 0.979808
40 0.832701
41 0.402761
42 0.500069
43 0.0740559
44 0.994414
45 0.799785
46 0.152862
47 0.0359704
48 0.104809
49 0.0929511
50 0.0329223
51 0.0610854
52 0.287125
53 0.0208493
54 0.0374103
55 0.119458
56 0.687742
57 0.283071
58 0.924163
59 0.668398
60 0.610761
61 0.699986
62 0.650379
63 0.696949
64 0.653761
65 0.263296
66 0.745019
67 0.744229
68 0.907373
69 0.237483
70 0.942526
71 0.891023
0 0.853537
1 0.0641683
2 0
3 0
4 0
5 0
6 0
7 0
8 0
9 0
10 0
11 0
12 0
13 0
14 0
15 0
16 0
17 0
18 0
19 0
20 0
21 0
22 0
23 0
24 0
25 0
26 0
27 0
28 0
29 0
30 0
31 0
32 0
33 0
34 0
35 0
36 0
37 0
38 0.501999
39 0.97453
40 0.848191
41 0.414139
42 0.493807
43 0.0763875
44 0.992728
45 0.780893
46 0.159121
47 0.0392536
48 0.103431
49 0.101644
50 0.0336267
51 0.0578303
52 0.283125
53 0.0222228
54 0.0388953
55 0.125936
56 0.675745
57 0.34824
58 0.925556
59 0.686553
60 0.587995
61 0.755155
62 0.69001
63 0.697342
64 0.651712
65 0.337067
66 0.732529
67 0.728028
68 0.925612
69 0.30706
70 0.941426
71 0.897848
0 0.55078
1 0.0572563
2 0
3 0
4 0
5 0
6 0
7 0
8 0
9 0
10 0
11 0
12 0
13 0
14 0
15 0
16 0
17 0
18 0
19 0
20 0
21 0
22 0
23 0
24 0
25 0
26 0
27 0
28 0
29 0
30 0
31 0
32 0
33 0
34 0
35 0
36 0
37 0
38 0.532576
39 0.974873
40 0.888612
41 0.465615
42 0.597897
43 0.0774199
44 0.993385
45 0.849967
46 0.155484
47 0.0383886
48 0.103594
49 0.108024
50 0.0349021
51 0.0573224
52 0.323148
53 0.0227061
54 0.0389183
55 0.131731
56 0.676771
57 0.430139
58 0.944228
59 0.668112
60 0.588838
61 0.810104
62 0.719458
63 0.684402
64 0.663781
65 0.415633
66 0.742151
67 0.721729
68 0.941905
69 0.371683
70 0.93749
71 0.899883
0 0.0914391
1 0.0503983
2 0
3 0
4 0
5 0
6 0
7 0
8 0
9 0
10 0
11 0
12 0
13 0
14 0
15 0
16 0
17 0
18 0
19 0
20 0
21 0
22 0
23 0
24 0
25 0
26 0
27 0
28 0
29 0
30 0
31 0
32 0
33 0
34 0
35 0
36 0
37 0
38 0.588217
39 0.979187
40 0.898604
41 0.4746
42 0.640186
43 0.0734978
44 0.9948
45 0.881027
46 0.150441
47 0.0360217
48 0.102812
49 0.10632
50 0.0340974
51 0.0604145
52 0.345287
53 0.0217426
54 0.0387533
55 0.133565
56 0.680832
57 0.435485
58 0.949806
59 0.655783
60 0.598607
61 0.806725
62 0.712768
63 0.676412
64 0.673743
65 0.408778
66 0.754289
67 0.733196
68 0.940152
69 0.349719
70 0.937074
71 0.897227
0 0.0663665
1 0.0436439
2 0
3 0
4 0
5 0
6 0
7 0
8 0
9 0
10 0
11 0
12 0
13 0
14 0
15 0
16 0
17 0
18 0
19 0
20 0
21 0
22 0
23 0
24 0
25 0
26 0
27 0
28 0
29 0
30 0
31 0
32 0
33 0
34 0
35 0
36 0
37 0
38 0.593869
39 0.981401
40 0.841292
41 0.401737
42 0.494099
43 0.0706268
44 0.995229
45 0.805624
46 0.14965
47 0.035389
48 0.100521
49 0.0874998
50 0.0321852
51 0.0614479
52 0.277228
53 0.0204111
54 0.038484
55 0.116176
56 0.679536
57 0.274526
58 0.916655
59 0.656577
60 0.592039
61 0.678097
62 0.624225
63 0.676897
64 0.631967
65 0.256802
66 0.732056
67 0.737421
68 0.901375
69 0.227525
70 0.938481
71 0.881436
0 0.889853
1 0.0367261
2 0
3 0
4 0
5 0
6 0
7 0
8 0
9 0
10 0
11 0
12 0
13 0
14 0
15 0
16 0
17 0
18 0
19 0
20 0
21 0
22 0
23 0
24 0
25 0
26 0
27 0
28 0
29 0
30 0
31 0
32 0
33 0
34 0
35 0
36 0
37 0
38 0.499426
39 0.974635
40 0.849874
41 0.407721
42 0.468556
43 0.0733187
44 0.993217
45 0.773467
46 0.159502
47 0.040166
48 0.104272
49 0.0982567
50 0.033754
51 0.058645
52 0.274008
53 0.022266
54 0.0399935
55 0.125544
56 0.670022
57 0.342402
58 0.916374
59 0.677608
60 0.574918
61 0.734156
62 0.668621
63 0.689201
64 0.637288
65 0.330882
66 0.712206
67 0.719564
68 0.921431
69 0.308649
70 0.938956
71 0.891116
0 0.606508
1 0.0300106
2 0
3 0
4 0
5 0
6 0
7 0
8 0
9 0
10 0
11 0
12 0
13 0
14 0
15 0
16 0
17 0
18 0
19 0
20 0
21 0
22 0
23 0
24 0
25 0
26 0
27 0
28 0
29 0
30 0
31 0
32 0
33 0
34 0
35 0
36 0
37 0
38 0.522129
39 0.974394
40 0.842848
41 0.406273
42 0.454305
43 0.0753941
44 0.993798
45 0.764952
46 0.154101
47 0.0391899
48 0.102103
49 0.0902574
50 0.0345656
51 0.05681
52 0.257141
53 0.0226849
54 0.0396996
55 0.116019
56 0.670095
57 0.292769
58 0.903431
59 0.65747
60 0.563062
61 0.696491
62 0.628556
63 0.672166
64 0.605551
65 0.287719
66 0.700116
67 0.708885
68 0.907909
69 0.282497
70 0.932667
71 0.876918
0 0.766245
1 0.0234315
2 0
3 0
4 0
5 0
6 0
7 0
8 0
9 0
10 0
11 0
12 0
13 0
14 0
15 0
16 0
17 0
18 0
19 0
20 0
21 0
22 0
23 0
24 0
25 0
26 0
27 0
28 0
29 0
30 0
31 0
32 0
33 0
34 0
35 0
36 0
37 0
38 0.500374
39 0.971507
40 0.865465
41 0.423967
42 0.495559
43 0.0743828
44 0.993187
45 0.792616
46 0.157192
47 0.0407195
48 0.103097
49 0.0979887
50 0.0351695
51 0.0573896
52 0.279055
53 0.0234822
54 0.0404708
55 0.125312
56 0.669981
57 0.372574
58 0.918778
59 0.660354
60 0.563587
61 0.75309
62 0.664591
63 0.672837
64 0.628945
65 0.359579
66 0.702851
67 0.708448
68 0.924847
69 0.345276
70 0.932643
71 0.885601
0 0.427297
1 0.0169309
2 0
3 0
4 0
5 0
6 0
7 0
8 0
9 0
10 0
11 0
12 0
13 0
14 0
15 0
16 0
17 0
18 0
19 0
20 0
21 0
22 0
23 0
24 0
25 0
26 0
27 0
28 0
29 0
30 0
31 0
32 0
33 0
34 0
35 0
36 0
37 0
38 0.53839
39 0.97496
40 0.853806
41 0.41351
42 0.476349
43 0.0735319
44 0.994373
45 0.786248
46 0.152506
47 0.0389174
48 0.102355
49 0.090139
50 0.0348063
51 0.0582114
52 0.264603
53 0.022764
54 0.0402815
55 0.117986
56 0.670912
57 0.308799
58 0.90601
59 0.647965
60 0.561653
61 0.700686
62 0.623914
63 0.663507
64 0.606022
65 0.299116
66 0.698744
67 0.709527
68 0.908049
69 0.291953
70 0.929661
71 0.873144
0 0.692263
1 0.0103222
2 0
3 0
4 0
5 0
6 0
7 0
8 0
9 0
10 0
11 0
12 0
13 0
14 0
15 0
16 0
17 0
18 0
19 0
20 0
21 0
22 0
23 0
24 0
25 0
26 0
27 0
28 0
29 0
30 0
31 0
32 0
33 0
34 0
35 0
36 0
37 0
38 0.508054
39 0.972815
40 0.825079
41 0.379877
42 0.400636
43 0.0724811
44 0.993772
45 0.724784
46 0.155638
47 0.0403854
48 0.102682
49 0.0860369
50 0.0346781
51 0.0582819
52 0.238686
53 0.0230444
54 0.0408053
55 0.115568
56 0.668363
57 0.272436
58 0.883777
59 0.654632
60 0.553064
61 0.65618
62 0.594633
63 0.66757
64 0.591889
65 0.264515
66 0.680404
67 0.707812
68 0.893273
69 0.268888
70 0.930453
71 0.868531
end fitness = 1.13724
