brain 22898 fitness=10.2081 numneurons+1=19 maxWeight=8 maxBias=8 redinput=2-6 greeninput=7-8 blueinput=9-10
+0.0000 +0.0000 +0.0000 +0.0000 +0.0000 +0.0000 +0.0000 +0.0000 +0.0000 +0.0000 +0.0000 +0.0000 +0.0000 +0.0000 +0.0000 +0.0000 +0.0000 +0.0000 +0.0000 ;
+0.0000 +0.0000 +0.0000 +0.0000 +0.0000 +0.0000 +0.0000 +0.0000 +0.0000 +0.0000 +0.0000 +0.0000 +0.0000 +0.0000 +0.0000 +0.0000 +0.0000 +0.0000 +0.0000 ;
+0.0000 +0.0000 +0.0000 +0.0000 +0.0000 +0.0000 +0.0000 +0.0000 +0.0000 +0.0000 +0.0000 +0.0000 +0.0000 +0.0000 +0.0000 +0.0000 +0.0000 +0.0000 +0.0000 ;
+0.0000 +0.0000 +0.0000 +0.0000 +0.0000 +0.0000 +0.0000 +0.0000 +0.0000 +0.0000 +0.0000 +0.0000 +0.0000 +0.0000 +0.0000 +0.0000 +0.0000 +0.0000 +0.0000 ;
+0.0000 +0.0000 +0.0000 +0.0000 +0.0000 +0.0000 +0.0000 +0.0000 +0.0000 +0.0000 +0.0000 +0.0000 +0.0000 +0.0000 +0.0000 +0.0000 +0.0000 +0.0000 +0.0000 ;
+0.0000 +0.0000 +0.0000 +0.0000 +0.0000 +0.0000 +0.0000 +0.0000 +0.0000 +0.0000 +0.0000 +0.0000 +0.0000 +0.0000 +0.0000 +0.0000 +0.0000 +0.0000 +0.0000 ;
+0.0000 +0.0000 +0.0000 +0.0000 +0.0000 +0.0000 +0.0000 +0.0000 +0.0000 +0.0000 +0.0000 +0.0000 +0.0000 +0.0000 +0.0000 +0.0000 +0.0000 +0.0000 +0.0000 ;
+0.0000 +0.0000 +0.0000 +0.0000 +0.0000 +0.0000 +0.0000 +0.0000 +0.0000 +0.0000 +0.0000 +0.0000 +0.0000 +0.0000 +0.0000 +0.0000 +0.0000 +0.0000 +0.0000 ;
+0.0000 +0.0000 +0.0000 +0.0000 +0.0000 +0.0000 +0.0000 +0.0000 +0.0000 +0.0000 +0.0000 +0.0000 +0.0000 +0.0000 +0.0000 +0.0000 +0.0000 +0.0000 +0.0000 ;
+0.0000 +0.0000 +0.0000 +0.0000 +0.0000 +0.0000 +0.0000 +0.0000 +0.0000 +0.0000 +0.0000 +0.0000 +0.0000 +0.0000 +0.0000 +0.0000 +0.0000 +0.0000 +0.0000 ;
+0.0000 +0.0000 +0.0000 +0.0000 +0.0000 +0.0000 +0.0000 +0.0000 +0.0000 +0.0000 +0.0000 +0.0000 +0.0000 +0.0000 +0.0000 +0.0000 +0.0000 +0.0000 +0.0000 ;
-0.1385 +0.0589 +0.0000 -0.0000 -0.0000 -0.0000 -0.0000 -0.0000 +0.0000 -0.0002 +0.0000 +0.0000 +0.1386 -0.0356 +0.4575 -0.0000 +0.1583 +0.0028 +0.5075 ;
-0.0017 -0.1954 -0.0000 -0.1490 -0.0000 +0.0000 +0.0000 -0.0891 -0.1651 -0.1755 +0.0000 -0.1045 +0.0000 +0.0000 -0.1133 +0.0008 +0.0000 +0.0000 +0.5059 ;
-0.0174 -0.0831 -0.4083 +0.0000 +0.0000 +0.0000 +0.0000 -0.4077 -0.2928 +0.1974 +0.0000 -0.0000 +0.0000 +0.0000 +0.0305 +0.3051 -0.2627 -0.6287 -0.5050 ;
-0.0628 +0.0000 +0.1642 -0.1242 +0.0000 +0.0000 +0.0000 -0.0000 -0.0000 +0.0000 +0.0000 +0.5985 +0.1520 +0.0000 +0.0000 -0.0064 -0.0000 -0.1197 +0.5093 ;
-0.1150 +0.1524 -0.2101 -0.2420 -0.4073 -0.2897 +0.0000 +0.5662 -0.0610 +0.1534 +0.0000 -0.0000 -0.0753 -0.2800 +0.0000 +0.0000 -0.1304 -0.5872 -0.5113 ;
-0.0002 +0.1421 +0.2434 +0.0705 +0.1986 +0.1065 -0.0698 -0.0588 +0.0040 +0.2215 +0.0000 -0.0000 +0.0408 +0.0000 +0.0000 +0.2752 +0.0000 +0.0000 -0.4431 ;
-0.1385 -0.2941 -0.2602 -0.2422 +0.0963 -0.3691 -0.3813 -0.1823 +0.0000 -0.3051 +0.0000 +0.0000 +0.1903 +0.1803 -0.0000 -0.2889 +0.0000 +0.0000 -0.5036 ;
+0.0000 +0.0000 +0.0000 +0.0000 +0.0000 +0.0000 +0.0000 +0.0000 +0.0000 +0.0000 +0.0000 +0.0000 +0.0000 +0.0000 +0.0000 +0.0000 +0.0000 +0.0000 +0.0000 ;
