brain 22894 fitness=3.46672 numneurons+1=22 maxWeight=8 maxBias=8 redinput=2-4 greeninput=5-10 blueinput=11-13
+0.0000 +0.0000 +0.0000 +0.0000 +0.0000 +0.0000 +0.0000 +0.0000 +0.0000 +0.0000 +0.0000 +0.0000 +0.0000 +0.0000 +0.0000 +0.0000 +0.0000 +0.0000 +0.0000 +0.0000 +0.0000 +0.0000 ;
+0.0000 +0.0000 +0.0000 +0.0000 +0.0000 +0.0000 +0.0000 +0.0000 +0.0000 +0.0000 +0.0000 +0.0000 +0.0000 +0.0000 +0.0000 +0.0000 +0.0000 +0.0000 +0.0000 +0.0000 +0.0000 +0.0000 ;
+0.0000 +0.0000 +0.0000 +0.0000 +0.0000 +0.0000 +0.0000 +0.0000 +0.0000 +0.0000 +0.0000 +0.0000 +0.0000 +0.0000 +0.0000 +0.0000 +0.0000 +0.0000 +0.0000 +0.0000 +0.0000 +0.0000 ;
+0.0000 +0.0000 +0.0000 +0.0000 +0.0000 +0.0000 +0.0000 +0.0000 +0.0000 +0.0000 +0.0000 +0.0000 +0.0000 +0.0000 +0.0000 +0.0000 +0.0000 +0.0000 +0.0000 +0.0000 +0.0000 +0.0000 ;
+0.0000 +0.0000 +0.0000 +0.0000 +0.0000 +0.0000 +0.0000 +0.0000 +0.0000 +0.0000 +0.0000 +0.0000 +0.0000 +0.0000 +0.0000 +0.0000 +0.0000 +0.0000 +0.0000 +0.0000 +0.0000 +0.0000 ;
+0.0000 +0.0000 +0.0000 +0.0000 +0.0000 +0.0000 +0.0000 +0.0000 +0.0000 +0.0000 +0.0000 +0.0000 +0.0000 +0.0000 +0.0000 +0.0000 +0.0000 +0.0000 +0.0000 +0.0000 +0.0000 +0.0000 ;
+0.0000 +0.0000 +0.0000 +0.0000 +0.0000 +0.0000 +0.0000 +0.0000 +0.0000 +0.0000 +0.0000 +0.0000 +0.0000 +0.0000 +0.0000 +0.0000 +0.0000 +0.0000 +0.0000 +0.0000 +0.0000 +0.0000 ;
+0.0000 +0.0000 +0.0000 +0.0000 +0.0000 +0.0000 +0.0000 +0.0000 +0.0000 +0.0000 +0.0000 +0.0000 +0.0000 +0.0000 +0.0000 +0.0000 +0.0000 +0.0000 +0.0000 +0.0000 +0.0000 +0.0000 ;
+0.0000 +0.0000 +0.0000 +0.0000 +0.0000 +0.0000 +0.0000 +0.0000 +0.0000 +0.0000 +0.0000 +0.0000 +0.0000 +0.0000 +0.0000 +0.0000 +0.0000 +0.0000 +0.0000 +0.0000 +0.0000 +0.0000 ;
+0.0000 +0.0000 +0.0000 +0.0000 +0.0000 +0.0000 +0.0000 +0.0000 +0.0000 +0.0000 +0.0000 +0.0000 +0.0000 +0.0000 +0.0000 +0.0000 +0.0000 +0.0000 +0.0000 +0.0000 +0.0000 +0.0000 ;
+0.0000 +0.0000 +0.0000 +0.0000 +0.0000 +0.0000 +0.0000 +0.0000 +0.0000 +0.0000 +0.0000 +0.0000 +0.0000 +0.0000 +0.0000 +0.0000 +0.0000 +0.0000 +0.0000 +0.0000 +0.0000 +0.0000 ;
+0.0000 +0.0000 +0.0000 +0.0000 +0.0000 +0.0000 +0.0000 +0.0000 +0.0000 +0.0000 +0.0000 +0.0000 +0.0000 +0.0000 +0.0000 +0.0000 +0.0000 +0.0000 +0.0000 +0.0000 +0.0000 +0.0000 ;
+0.0000 +0.0000 +0.0000 +0.0000 +0.0000 +0.0000 +0.0000 +0.0000 +0.0000 +0.0000 +0.0000 +0.0000 +0.0000 +0.0000 +0.0000 +0.0000 +0.0000 +0.0000 +0.0000 +0.0000 +0.0000 +0.0000 ;
+0.0000 +0.0000 +0.0000 +0.0000 +0.0000 +0.0000 +0.0000 +0.0000 +0.0000 +0.0000 +0.0000 +0.0000 +0.0000 +0.0000 +0.0000 +0.0000 +0.0000 +0.0000 +0.0000 +0.0000 +0.0000 +0.0000 ;
+0.0000 +0.1102 +0.0851 -0.0380 -0.0680 -0.0703 +0.1686 +0.0573 +0.0420 +0.2274 +0.0822 +0.1127 +0.0000 +0.0000 +0.0000 -0.3160 +0.0000 +0.1055 -0.2036 +0.2404 +0.0000 +0.4667 ;
-0.1488 +0.1762 -0.0000 +0.0000 +0.0000 +0.0465 -0.0001 +0.1221 -0.0562 -0.0038 +0.0000 +0.1249 +0.0956 -0.1716 +0.0000 +0.0000 -0.0710 +0.0000 +0.2149 -0.0707 +0.3621 +0.2706 ;
+0.0000 +0.0000 -0.0862 +0.0000 +0.0000 -0.0429 +0.2520 -0.3382 -0.2237 -0.3107 -0.2259 -0.1037 -0.0037 +0.0636 -0.0000 +0.0000 +0.0000 +0.0000 -0.1129 -0.1638 -0.0000 -0.3490 ;
-0.0022 +0.1732 -0.0778 -0.0441 -0.1229 +0.0560 +0.0000 +0.0000 +0.0000 +0.0000 +0.0000 -0.0078 +0.0070 +0.1203 +0.0000 -0.0729 +0.1112 +0.0000 -0.2052 -0.0930 -0.1097 +0.1765 ;
+0.0000 -0.1214 -0.0223 -0.0993 -0.1861 +0.1993 +0.0503 +0.1596 +0.1682 +0.0000 +0.0000 +0.0618 +0.0000 +0.0000 -0.1597 -0.1137 -0.0098 -0.0005 +0.0000 +0.0000 +0.0000 +0.3098 ;
+0.0000 +0.0235 +0.1779 +0.1414 +0.0375 +0.0818 +0.1389 +0.0000 +0.1212 +0.0186 +0.0000 -0.0140 +0.2543 +0.0000 +0.0617 +0.3144 -0.1346 +0.0000 +0.0000 +0.0000 +0.2655 -0.5351 ;
-0.0021 +0.0195 +0.0939 +0.0000 +0.0000 +0.0000 +0.0740 +0.0000 +0.0000 +0.0000 +0.0000 +0.1220 +0.0000 -0.2679 +0.0000 +0.0000 -0.0000 +0.0000 +0.0000 -0.1584 +0.0000 +0.5442 ;
+0.0000 +0.0000 +0.0000 +0.0000 +0.0000 +0.0000 +0.0000 +0.0000 +0.0000 +0.0000 +0.0000 +0.0000 +0.0000 +0.0000 +0.0000 +0.0000 +0.0000 +0.0000 +0.0000 +0.0000 +0.0000 +0.0000 ;
