brainFunction 22856 23 16 127 24767 2-2 3-7 8-15
0 0.502718
1 0.603147
2 0.429234
3 0.335472
4 0.552941
5 0.473975
6 0.643315
7 0.500535
8 0.431373
9 0.504813
10 0.442068
11 0.746524
12 0.332264
13 0.505526
14 0.557932
15 0.721925
16 0.787967
17 0.660815
18 0.0604382
19 0.251599
20 0.0117139
21 0.0668622
22 0.851736
0 0.295531
1 0.410925
2 0.055615
3 0.0235294
4 0.0235294
5 0.0663102
6 0.0823529
7 0.0823529
8 0.682353
9 0.682353
10 0.682353
11 0.464171
12 0.0823529
13 0.0823529
14 0.0823529
15 0.0823529
16 0.879547
17 0.563731
18 0.0362855
19 0.169763
20 0.00750087
21 0.0322529
22 0.917189
0 0.131992
1 0.404369
2 0.265597
3 0.25098
4 0.25098
5 0.542959
6 0.376114
7 0.25098
8 0.14902
9 0.14902
10 0.14902
11 0.62246
12 0.8
13 0.44492
14 0.14902
15 0.14902
16 0.888461
17 0.553614
18 0.0702827
19 0.118542
20 0.0143084
21 0.0143372
22 0.888159
0 0.152932
1 0.397843
2 0.173084
3 0.487344
4 0.556863
5 0.264884
6 0.195365
7 0.391266
8 0.56328
9 0.8
10 0.8
11 0.32656
12 0.14902
13 0.551159
14 0.718717
15 0.413547
16 0.88978
17 0.648677
18 0.0515085
19 0.212724
20 0.00966798
21 0.0339272
22 0.927152
0 0.294169
1 0.390801
2 0.221212
3 0.390018
4 0.25098
5 0.25918
6 0.293939
7 0.503743
8 0.62246
9 0.14902
10 0.14902
11 0.441355
12 0.539037
13 0.352228
14 0.170766
15 0.426738
16 0.80104
17 0.597291
18 0.0498493
19 0.0724731
20 0.0142377
21 0.0140404
22 0.896796
0 0.358278
1 0.383679
2 0.230838
3 0.25098
4 0.34189
5 0.318895
6 0.0736185
7 0.0235294
8 0.14902
9 0.14902
10 0.547594
11 0.0228164
12 0.386096
13 0.528699
14 0.95615
15 0.972549
16 0.874623
17 0.580269
18 0.0618192
19 0.0425796
20 0.00789178
21 0.00543065
22 0.881398
0 0.779327
1 0.376733
2 0.190731
3 0.291087
4 0.512121
5 0.373975
6 0.466667
7 0.466667
8 0.976471
9 0.434581
10 0.267023
11 0.753298
12 1
13 1
14 1
15 1
16 0.792626
17 0.381577
18 0.0951386
19 0.0481853
20 0.00673699
21 0.00319695
22 0.839043
0 0.905386
1 0.370362
2 0.173262
3 0.278966
4 0.323708
5 0.469341
6 0.397504
7 0.0117647
8 0.739037
9 0.607843
10 0.992513
11 0.996078
12 0.995009
13 0.915865
14 0.988235
15 0.988235
16 0.818032
17 0.411077
18 0.140368
19 0.0871339
20 0.011758
21 0.00522392
22 0.835518
0 0.583645
1 0.363845
2 0.261854
3 0.466667
4 0.383957
5 0.0557932
6 0.305348
7 0.0235294
8 1
9 1
10 0.999287
11 0.992157
12 0.393583
13 0.751515
14 0.742246
15 0.713726
16 0.854558
17 0.654359
18 0.0615926
19 0.105783
20 0.012358
21 0.0184074
22 0.898737
0 0.188443
1 0.357323
2 0.11426
3 0.124777
4 0.226738
5 0.457041
6 0.0235294
7 0.313191
8 0.986096
9 0.270945
10 0.301961
11 0.612834
12 0.677718
13 0.623529
14 0.570767
15 0.739037
16 0.845782
17 0.505289
18 0.0756563
19 0.0977814
20 0.0144009
21 0.0104051
22 0.855357
0 0.477559
1 0.351023
2 0.209982
3 0.273262
4 0.539572
5 0.0491978
6 0.427629
7 0.26025
8 0.630303
9 0.836364
10 0.634581
11 0.62246
12 0.635294
13 0.785027
14 0.28877
15 0.612478
16 0.829688
17 0.575443
18 0.0682872
19 0.132127
20 0.0132245
21 0.0196529
22 0.888577
0 0.47634
1 0.344595
2 0.14492
3 0.382709
4 0.0235294
5 0.24492
6 0.14902
7 0.373619
8 0.419251
9 0.47344
10 0.611765
11 0.547594
12 0.609982
13 0.709804
14 0.449198
15 0.186096
16 0.829319
17 0.579746
18 0.0799757
19 0.199324
20 0.0121151
21 0.0344025
22 0.837306
0 0.614249
1 0.338007
2 0.123529
3 0.156863
4 0.155437
5 0.147059
6 0.462567
7 0.25098
8 0.823529
9 0.823529
10 0.809982
11 0.67451
12 0.51943
13 0.191444
14 0.158289
15 0.14902
16 0.748765
17 0.572039
18 0.0527719
19 0.178464
20 0.0190752
21 0.0476343
22 0.830672
0 0.945624
1 0.331353
2 0.201426
3 0.0839572
4 0.14902
5 0.176827
6 0.25098
7 0.25098
8 0.211765
9 0.760784
10 0.760784
11 0.278788
12 0.14902
13 0.14902
14 0.14902
15 0.14902
16 0.85654
17 0.755352
18 0.0512
19 0.215613
20 0.018319
21 0.101668
22 0.888436
0 0.092256
1 0.324865
2 0.262389
3 0.145098
4 0.165241
5 0.25098
6 0.25098
7 0.25098
8 0.764706
9 0.405348
10 0.12549
11 0.14902
12 0.14902
13 0.14902
14 0.14902
15 0.14902
16 0.854783
17 0.633815
18 0.0388145
19 0.149302
20 0.0170867
21 0.0512654
22 0.916079
0 0.226235
1 0.3184
2 0.271658
3 0.181462
4 0.25098
5 0.25098
6 0.229055
7 0.485918
8 0.111943
9 0.14902
10 0.14902
11 0.14902
12 0.14902
13 0.14902
14 0.346881
15 0.631373
16 0.881903
17 0.615824
18 0.039232
19 0.0942185
20 0.0119388
21 0.0226344
22 0.927678
0 0.262321
1 0.312144
2 0.225312
3 0.25098
4 0.25098
5 0.450624
6 0.529768
7 0.497148
8 0.14902
9 0.14902
10 0.14902
11 0.317291
12 0.611765
13 0.611765
14 0.542246
15 0.555793
16 0.881408
17 0.443998
18 0.0632279
19 0.0619683
20 0.0107106
21 0.00713485
22 0.901436
0 0.35267
1 0.305806
2 0.247237
3 0.400713
4 0.52549
5 0.55098
6 0.712121
7 0.288413
8 0.277362
9 0.619608
10 0.619608
11 0.619608
12 0.586809
13 0.638859
14 0.949733
15 0.655258
16 0.870511
17 0.355814
18 0.0823915
19 0.126223
20 0.00744172
21 0.00621165
22 0.927798
0 0.890193
1 0.299425
2 0.40107
3 0.517469
4 0.524955
5 0.70713
6 0.496435
7 0.620321
8 0.611765
9 0.218895
10 0.694118
11 0.932264
12 0.711586
13 0.318004
14 0.686275
15 0.92656
16 0.868074
17 0.477452
18 0.135303
19 0.0953126
20 0.0181424
21 0.0032373
22 0.889672
0 0.174223
1 0.293051
2 0.475936
3 0.976471
4 0.59697
5 0.715152
6 0.153119
7 0.134938
8 0.976471
9 0.976471
10 0.757576
11 0.469519
12 0.889483
13 0.303387
14 0.969697
15 0.973262
16 0.856735
17 0.535436
18 0.0827502
19 0.0884717
20 0.0163158
21 0.00762471
22 0.904279
0 0.258426
1 0.286782
2 0.204813
3 0.607308
4 0.360071
5 0.269519
6 0.328164
7 0.124777
8 0.42246
9 0.447415
10 0.147237
11 0.672727
12 0.674866
13 0.988592
14 0.455615
15 0.721569
16 0.743844
17 0.605055
18 0.0929792
19 0.177903
20 0.0186836
21 0.036742
22 0.821827
0 0.474321
1 0.280487
2 0.0242424
3 0.0235294
4 0.0235294
5 0.0235294
6 0.0397504
7 0.0509804
8 0.713726
9 0.713726
10 0.713726
11 0.713726
12 0.713726
13 0.352228
14 0.0509804
15 0.0509804
16 0.90703
17 0.394838
18 0.112676
19 0.045641
20 0.0112778
21 0.00207474
22 0.84063
0 0.86932
1 0.274235
2 0.117647
3 0.65098
4 0.65098
5 0.65098
6 0.65098
7 0.65098
8 0.996078
9 0.996078
10 0.996078
11 0.996078
12 0.996078
13 0.996078
14 0.996078
15 0.996078
16 0.895886
17 0.367628
18 0.115571
19 0.0489198
20 0.0121358
21 0.00158805
22 0.87292
0 0.958292
1 0.267969
2 0.117647
3 0.65098
4 0.65098
5 0.65098
6 0.65098
7 0.65098
8 0.996078
9 0.996078
10 0.996078
11 0.996078
12 0.996078
13 0.996078
14 0.996078
15 0.996078
16 0.862725
17 0.469074
18 0.0728855
19 0.138301
20 0.0171757
21 0.0125478
22 0.929516
0 0.476773
1 0.260904
2 0.490196
3 0.490196
4 0.490196
5 0.490196
6 0.490196
7 0.490196
8 0.490196
9 0.490196
10 0.490196
11 0.490196
12 0.490196
13 0.490196
14 0.490196
15 0.490196
16 0.904564
17 0.465753
18 0.0958168
19 0.171869
20 0.0142007
21 0.0122539
22 0.915924
0 0.0983334
1 0.254644
2 0.338503
3 0.619608
4 0.619608
5 0.619608
6 0.616934
7 0.362032
8 0.682353
9 0.682353
10 0.682353
11 0.682353
12 0.682353
13 0.682353
14 0.283066
15 0.14902
16 0.800868
17 0.578746
18 0.0848064
19 0.273793
20 0.0234206
21 0.0367077
22 0.885217
0 0.948934
1 0.247625
2 0.402852
3 0.619608
4 0.552585
5 0.488948
6 0.25098
7 0.25098
8 0.552941
9 0.552941
10 0.516221
11 0.167558
12 0.186096
13 0.14902
14 0.14902
15 0.14902
16 0.810538
17 0.612849
18 0.0593364
19 0.0434016
20 0.0270509
21 0.0102077
22 0.89846
0 0.211093
1 0.240184
2 0.206952
3 0.282709
4 0.457219
5 0.369697
6 0.0588235
7 0.0588235
8 0.14902
9 0.176827
10 0.176827
11 0.14902
12 0.610339
13 0.956863
14 0.956863
15 0.956863
16 0.8661
17 0.497007
18 0.110918
19 0.171368
20 0.0164976
21 0.0215902
22 0.864889
0 0.101405
1 0.23243
2 0.14082
3 0.217469
4 0.0588235
5 0.067558
6 0.377897
7 0.6
8 0.886631
9 0.960784
10 0.960784
11 0.960784
12 0.739394
13 0.158289
14 0.2
15 0.2
16 0.815066
17 0.655864
18 0.0504993
19 0.170747
20 0.0200999
21 0.0462315
22 0.908096
0 0.818399
1 0.224909
2 0.260428
3 0.207308
4 0.25098
5 0.504813
6 0.314438
7 0.411408
8 0.444207
9 0.14902
10 0.14902
11 0.167558
12 0.2
13 0.153654
14 0.204635
15 0.760784
16 0.859991
17 0.627346
18 0.0646464
19 0.101938
20 0.0235675
21 0.0256533
22 0.908178
0 0.177685
1 0.217292
2 0.176114
3 0.362032
4 0.536542
5 0.261676
6 0.427986
7 0.142602
8 0.14902
9 0.195365
10 0.195365
11 0.14902
12 0.309447
13 0.737255
14 0.519073
15 0.43779
16 0.814173
17 0.441078
18 0.0748376
19 0.0871696
20 0.0149979
21 0.0124528
22 0.907276
0 0.571439
1 0.211252
2 0.209269
3 0.25098
4 0.347237
5 0.277005
6 0.318182
7 0.334225
8 0.14902
9 0.14902
10 0.43066
11 0.768627
12 0.528342
13 0.771479
14 0.524064
15 0.677362
16 0.823668
17 0.450947
18 0.105502
19 0.083962
20 0.022693
21 0.00703495
22 0.872589
0 0.415536
1 0.205372
2 0.18467
3 0.432799
4 0.444207
5 0.129947
6 0.10303
7 0.437255
8 0.578253
9 0.823529
10 0.452763
11 0.937611
12 0.620321
13 0.0770053
14 0.746524
15 0.856328
16 0.794707
17 0.570596
18 0.0741393
19 0.0310073
20 0.020682
21 0.00535574
22 0.855101
0 0.999934
1 0.199332
2 0.434225
3 0.231373
4 0.253654
5 0.321212
6 0.820321
7 0.318182
8 0.762923
9 0.966132
10 0.578966
11 0.293048
12 0.909447
13 0.999287
14 1
15 1
16 0.694116
17 0.354323
18 0.115349
19 0.0384854
20 0.020346
21 0.00492769
22 0.84817
0 0.711528
1 0.193419
2 0.717112
3 0
4 0
5 0
6 0.0636364
7 0.634225
8 1
9 1
10 1
11 1
12 1
13 1
14 0.777184
15 0.996078
16 0.888828
17 0.522404
18 0.0818063
19 0.0925221
20 0.0195956
21 0.0095918
22 0.921338
0 0.0967588
1 0.186785
2 0.397326
3 0.419608
4 0.635116
5 0.564884
6 0.698574
7 0.363636
8 0.527273
9 0.511586
10 0.498039
11 0.498039
12 0.957219
13 1
14 0.563636
15 0.127273
16 0.77229
17 0.320576
18 0.159438
19 0.294323
20 0.0177198
21 0.017518
22 0.871823
0 0.617303
1 0.18013
2 0.326381
3 0.619608
4 0.521034
5 0.47344
6 0.0581105
7 0.0666667
8 0.454902
9 0.554011
10 1
11 1
12 0.363636
13 0.200357
14 0.0666667
15 0.0666667
16 0.665454
17 0.523608
18 0.0828348
19 0.0622895
20 0.0311351
21 0.011698
22 0.836909
0 0.904794
1 0.174086
2 0.0131907
3 0.0395722
4 0.0235294
5 0.0235294
6 0.0235294
7 0.0235294
8 0.0470588
9 0.574688
10 0.627451
11 0.627451
12 0.627451
13 0.627451
14 0.627451
15 0.627451
16 0.725251
17 0.632123
18 0.100134
19 0.0827434
20 0.0334766
21 0.0241166
22 0.826266
0 0.913742
1 0.168403
2 0.131373
3 0.229055
4 0.131373
5 0.00677361
6 0.135472
7 0.102496
8 0.363636
9 0.45205
10 0.682353
11 0.186096
12 0
13 0.285205
14 0.972549
15 0.673084
16 0.787991
17 0.700388
18 0.0762485
19 0.141904
20 0.0224568
21 0.040231
22 0.867387
0 0.635594
1 0.162746
2 0.129947
3 0.15615
4 0.0818182
5 0.187879
6 0.25098
7 0.181462
8 0.662745
9 0.132977
10 0
11 0.424955
12 0.745098
13 0.14902
14 0.204278
15 0.756863
16 0.715647
17 0.534749
18 0.0819346
19 0.0824784
20 0.0281198
21 0.0223482
22 0.849411
0 0.935639
1 0.156993
2 0.162389
3 0.15918
4 0.119964
5 0.25098
6 0.190731
7 0.14902
8 0
9 0.301604
10 0.886988
11 0.14902
12 0.14902
13 0.478431
14 0.752941
15 0.752941
16 0.800374
17 0.643654
18 0.0702966
19 0.0619364
20 0.0320177
21 0.0172968
22 0.901762
0 0.200054
1 0.151295
2 0.224242
3 0.25098
4 0.25098
5 0.223173
6 0.14902
7 0.14902
8 0.14902
9 0.14902
10 0.14902
11 0.14902
12 0.535829
13 0.756863
14 0.756863
15 0.756863
16 0.759973
17 0.548653
18 0.0813502
19 0.0639337
20 0.0235667
21 0.0134673
22 0.886197
0 0.520288
1 0.145677
2 0.189127
3 0.25098
4 0.25098
5 0.153654
6 0.14902
7 0.14902
8 0.14902
9 0.14902
10 0.14902
11 0.565419
12 0.721569
13 0.721569
14 0.721569
15 0.721569
16 0.79738
17 0.486295
18 0.104511
19 0.0767497
20 0.025586
21 0.0122023
22 0.888278
0 0.0624652
1 0.14013
2 0.14492
3 0.241711
4 0.14902
5 0.14902
6 0.14902
7 0.143672
8 0.14902
9 0.431373
10 0.666667
11 0.666667
12 0.666667
13 0.666667
14 0.666667
15 0.469875
16 0.812838
17 0.574583
18 0.116287
19 0.103221
20 0.0280308
21 0.0214401
22 0.871079
0 0.0510586
1 0.134559
2 0.0941176
3 0.14902
4 0.14902
5 0.14902
6 0.14902
7 0.224777
8 0.686275
9 0.686275
10 0.686275
11 0.686275
12 0.686275
13 0.686275
14 0.445633
15 0.155437
16 0.826928
17 0.55597
18 0.100973
19 0.118338
20 0.0285076
21 0.019691
22 0.877072
0 0.144214
1 0.129081
2 0.0907308
3 0.14902
4 0.14902
5 0.14902
6 0.199822
7 0.384314
8 0.619608
9 0.619608
10 0.619608
11 0.619608
12 0.619608
13 0.350089
14 0.186453
15 0.759002
16 0.830045
17 0.550535
18 0.0861972
19 0.0563594
20 0.0246619
21 0.0160265
22 0.887734
0 0.564681
1 0.123603
2 0.17861
3 0.14902
4 0.14902
5 0.148485
6 0.356863
7 0.721569
8 0.623529
9 0.623529
10 0.623529
11 0.623529
12 0.490909
13 0.898752
14 0.927273
15 0.413904
16 0.804659
17 0.536048
18 0.107698
19 0.125567
20 0.023839
21 0.0217321
22 0.868076
0 0.443568
1 0.118124
2 0.170945
3 0.14902
4 0.14902
5 0.14902
6 0.378966
7 0.372727
8 0.690196
9 0.690196
10 0.690196
11 0.690196
12 0.690196
13 0.405704
14 0.202496
15 0.447059
16 0.810218
17 0.558289
18 0.0916877
19 0.0566971
20 0.027609
21 0.0178399
22 0.880535
0 0.521471
1 0.11244
2 0.180214
3 0.14902
4 0.14902
5 0.127808
6 0.314617
7 0.468984
8 0.54902
9 0.54902
10 0.54902
11 0.54902
12 0.175401
13 0.743672
14 0.956863
15 0.682353
16 0.814028
17 0.600185
18 0.0635657
19 0.0646847
20 0.0199009
21 0.0194171
22 0.877586
0 0.835935
1 0.106821
2 0.22246
3 0.14902
4 0.190374
5 0.556863
6 0.619608
7 0.598217
8 0.6
9 0.6
10 0.411765
11 0.454545
12 0.652763
13 0.694118
14 0.694118
15 0.555793
16 0.823798
17 0.477689
18 0.0740633
19 0.154735
20 0.0192809
21 0.0285973
22 0.899336
0 0.636471
1 0.101286
2 0.340463
3 0.188235
4 0.619608
5 0.676827
6 0.52549
7 0.52549
8 0.474866
9 0.370053
10 0.560784
11 0.560784
12 0.621747
13 0.266667
14 0.266667
15 0.266667
16 0.794286
17 0.60376
18 0.0829325
19 0.130736
20 0.031568
21 0.0417475
22 0.849314
0 0.832131
1 0.0958091
2 0.337255
3 0.0117647
4 0.601426
5 0.409804
6 0.52549
7 0.52549
8 0.968627
9 0.922995
10 0.707665
11 0.267023
12 0.278431
13 0.278431
14 0.278431
15 0.278431
16 0.867443
17 0.708973
18 0.0882794
19 0.229766
20 0.0227699
21 0.0730661
22 0.905675
0 0.471274
1 0.0903269
2 0.37861
3 0.670232
4 0.027451
5 0.503565
6 0.52549
7 0.52549
8 0.737255
9 0.335116
10 0.0352941
11 0.18574
12 0.239216
13 0.239216
14 0.239216
15 0.239216
16 0.813631
17 0.533044
18 0.0729477
19 0.0999303
20 0.0277096
21 0.0196863
22 0.897513
0 0.951127
1 0.0846896
2 0.314973
3 0.52549
4 0.52549
5 0.52549
6 0.304635
7 0.65098
8 0.239216
9 0.239216
10 0.239216
11 0.239216
12 0.239216
13 0.113012
14 0.845276
15 1
16 0.873686
17 0.561578
18 0.0890508
19 0.0869431
20 0.0222175
21 0.0132656
22 0.920105
0 0.130675
1 0.0789452
2 0.297683
3 0.52549
4 0.52549
5 0.588235
6 0.698574
7 0.319073
8 0.333333
9 0.333333
10 0.333333
11 0.333333
12 1
13 1
14 0.613191
15 0.14902
16 0.772479
17 0.294762
18 0.147122
19 0.237563
20 0.0180592
21 0.0134388
22 0.881411
0 0.778106
1 0.0729795
2 0.272727
3 0.52549
4 0.633868
5 0.712121
6 0.25098
7 0.25098
8 0.27451
9 0.406417
10 1
11 1
12 0.767914
13 0.14902
14 0.14902
15 0.14902
16 0.840788
17 0.536215
18 0.200417
19 0.272387
20 0.0470241
21 0.0241858
22 0.855939
0 0.379422
1 0.0674615
2 0.275936
3 0.65098
4 0.714438
5 0.285027
6 0.25098
7 0.25098
8 1
9 1
10 1
11 0.381105
12 0.14902
13 0.14902
14 0.14902
15 0.14902
16 0.848046
17 0.699154
18 0.141537
19 0.264729
20 0.043761
21 0.0584656
22 0.882668
0 0.235462
1 0.0618999
2 0.345098
3 0.693939
4 0.25098
5 0.25098
6 0.25098
7 0.194831
8 1
9 0.535829
10 0.14902
11 0.14902
12 0.14902
13 0.14902
14 0.14902
15 0.457041
16 0.670536
17 0.476703
18 0.11218
19 0.0357904
20 0.0310216
21 0.00684383
22 0.850073
0 0.961334
1 0.0560537
2 0.145098
3 0.25098
4 0.25098
5 0.0226381
6 0.0117647
7 0.0117647
8 0.14902
9 0.14902
10 0.14902
11 0.759358
12 0.988235
13 0.988235
14 0.988235
15 0.988235
16 0.767108
17 0.503656
18 0.120039
19 0.0359858
20 0.0337075
21 0.0052162
22 0.895196
0 0.0705396
1 0.0503914
2 0.169162
3 0.25098
4 0.25098
5 0.0190731
6 0.0117647
7 0.0117647
8 0.14902
9 0.14902
10 0.14902
11 0.767914
12 0.976471
13 0.976471
14 0.976471
15 0.976471
16 0.643694
17 0.330964
18 0.16499
19 0.0382726
20 0.0297303
21 0.00327682
22 0.846285
0 0.671337
1 0.0448588
2 0.268806
3 0.186631
4 0.00392157
5 0.0114082
6 0.0117647
7 0.0456328
8 0.14902
9 0.581105
10 0.996078
11 0.990374
12 0.988235
13 0.988235
14 0.926916
15 0.931194
16 0.761566
17 0.484634
18 0.221166
19 0.0848962
20 0.0338092
21 0.0050072
22 0.827577
0 0.81057
1 0.0392065
2 0.228699
3 0.515152
4 0.149198
5 0.0183601
6 0.121212
7 0.377897
8 0.981105
9 0.842068
10 0.861319
11 0.964706
12 0.960428
13 0.776471
14 0.734403
15 0.677362
16 0.763309
17 0.465901
18 0.134402
19 0.0668362
20 0.0308646
21 0.0100942
22 0.822272
0 0.434314
1 0.0334942
2 0.174866
3 0.0402852
4 0.0117647
5 0.274866
6 0.537433
7 0.0812834
8 0.676292
9 0.984314
10 0.984314
11 0.811765
12 0.741533
13 0.79287
14 0.480927
15 0.694118
16 0.766803
17 0.609313
18 0.126349
19 0.127568
20 0.0425111
21 0.0390537
22 0.818676
0 0.151894
1 0.0279475
2 0.125668
3 0.0855615
4 0.366132
5 0.509447
6 0.0490196
7 0.00677361
8 0.94902
9 0.912656
10 0.5918
11 0.609626
12 0.447772
13 0.653119
14 0.155437
15 0
16 0.797804
17 0.576999
18 0.165096
19 0.161542
20 0.0551574
21 0.0288134
22 0.819704
0 0.116375
1 0.0224942
2 0.0778966
3 0.194474
4 0.501248
5 0.0404635
6 0
7 0.135472
8 0.937255
9 0.823173
10 0.684492
11 0.542602
12 0.493405
13 0
14 0.222816
15 0.490196
16 0.752047
17 0.589657
18 0.127619
19 0.178434
20 0.0508468
21 0.0381075
22 0.854291
0 0.633988
1 0.0169757
2 0.117825
3 0.270053
4 0.0247772
5 0.0648842
6 0.0948306
7 0.263815
8 0.375045
9 0.51123
10 0.762567
11 0.23066
12 0.331907
13 0.291266
14 0.0862745
15 0.447059
16 0.731788
17 0.655387
18 0.096901
19 0.070162
20 0.0290459
21 0.0388935
22 0.866723
0 0.707205
1 0.0113395
2 0.294474
3 0.0472371
4 0.0404635
5 0.223173
6 0.322638
7 0.0313725
8 0.670588
9 0.132264
10 0.0502674
11 0.407487
12 0.113369
13 0.780036
14 0.656328
15 0.921569
16 0.703058
17 0.5674
18 0.0879573
19 0.0597118
20 0.0393172
21 0.0247825
22 0.8693
0 0.836661
1 0.00583093
2 0.419964
3 0.11836
4 0.33975
5 0.0864528
6 0.142068
7 0.463102
8 0.341889
9 0.344742
10 0.178966
11 0.457754
12 0.677005
13 0.898039
14 0.844207
15 0.14902
16 0.656261
17 0.407274
18 0.0893007
19 0.148666
20 0.023287
21 0.0282984
22 0.85672
0 0.908405
1 0.0724022
2 0.441176
3 0.16328
4 0.0960784
5 0.436542
6 0.25098
7 0.25098
8 0.0545455
9 0.43672
10 0.485205
11 0.921569
12 0.705169
13 0.14902
14 0.14902
15 0.14902
16 0.740193
17 0.634901
18 0.108147
19 0.160145
20 0.0539539
21 0.0567812
22 0.831142
0 0.369107
1 0.133781
2 0.515865
3 0.0196078
4 0.446702
5 0.25098
6 0.25098
7 0.25098
8 0.94902
9 0.94902
10 0.816399
11 0.14902
12 0.14902
13 0.14902
14 0.14902
15 0.14902
16 0.801277
17 0.678149
18 0.123895
19 0.282309
20 0.0415219
21 0.0651809
22 0.858872
0 0.735933
1 0.204238
2 0.382353
3 0.651693
4 0.536542
5 0.25098
6 0.25098
7 0.25098
8 0.792157
9 0.235294
10 0.195365
11 0.14902
12 0.14902
13 0.14902
14 0.14902
15 0.14902
16 0.782266
17 0.614902
18 0.0614395
19 0.140669
20 0.0410403
21 0.049488
22 0.897243
0 0.568098
1 0.197787
2 0.336185
3 0.25098
4 0.25098
5 0.25098
6 0.25098
7 0.487166
8 0.14902
9 0.14902
10 0.14902
11 0.14902
12 0.14902
13 0.14902
14 0.197148
15 0.758289
16 0.765109
17 0.633358
18 0.0642805
19 0.0829018
20 0.0299417
21 0.0269683
22 0.885868
0 0.851518
1 0.191247
2 0.295365
3 0.25098
4 0.25098
5 0.264884
6 0.552585
7 0.357932
8 0.14902
9 0.14902
10 0.14902
11 0.14902
12 0.323351
13 0.788235
14 0.284492
15 0.751515
16 0.771384
17 0.521616
18 0.0878161
19 0.0788218
20 0.0270873
21 0.0191057
22 0.888678
0 0.274718
1 0.185952
2 0.191622
3 0.25098
4 0.306595
5 0.365775
6 0.143494
7 0.191622
8 0.14902
9 0.14902
10 0.20713
11 0.788235
12 0.692692
13 0.976471
14 0.382888
15 0.246702
16 0.727402
17 0.575285
18 0.180815
19 0.0734493
20 0.0435413
21 0.0116545
22 0.783177
0 0.904118
1 0.180587
2 0.21123
3 0.549911
4 0.156863
5 0.161319
6 0.188414
7 0.148485
8 0.748663
9 0.893405
10 0.984314
11 0.396791
12 0.186809
13 0.720143
14 0.942246
15 0.560784
16 0.811478
17 0.574596
18 0.148879
19 0.0985803
20 0.0407667
21 0.0148508
22 0.853238
0 0.122604
1 0.174943
2 0.168806
3 0.479501
4 0.0650624
5 0.248663
6 0.0925134
7 0.14902
8 0.694831
9 0.538681
10 0.494831
11 0.701604
12 0.628877
13 0.738681
14 0.52549
15 0.52549
16 0.770086
17 0.567655
18 0.160642
19 0.0939026
20 0.030135
21 0.0188626
22 0.847612
0 0.518438
1 0.169302
2 0.142068
3 0.204278
4 0.191444
5 0.146702
6 0.213191
7 0.0777183
8 0.992157
9 0.333333
10 0.548663
11 0.85811
12 0.6
13 0.6
14 0.697683
15 0.560784
16 0.80327
17 0.581019
18 0.155624
19 0.0684666
20 0.0440143
21 0.0123953
22 0.853953
0 0.039041
1 0.163599
2 0.230125
3 0.338146
4 0.199644
5 0.146702
6 0.0878788
7 0.157219
8 0.937611
9 0.606774
10 0.516578
11 0.678431
12 0.539037
13 0.5918
14 0.886275
15 0.820677
16 0.779507
17 0.55324
18 0.137455
19 0.0950017
20 0.043831
21 0.0153732
22 0.854803
0 0.0961309
1 0.157976
2 0.140285
3 0.255971
4 0.14902
5 0.172727
6 0.071836
7 0.14902
8 0.642781
9 0.6
10 0.6
11 0.705526
12 0.841711
13 0.537255
14 0.454902
15 0.454902
16 0.734937
17 0.620842
18 0.128865
19 0.214172
20 0.0426138
21 0.0492462
22 0.840989
0 0.78919
1 0.152478
2 0.116043
3 0.146881
4 0.208556
5 0.110339
6 0.163458
7 0.250446
8 0.709804
9 0.391087
10 0.709804
11 0.460963
12 0.517647
13 0.119786
14 0.0181818
15 0.162923
16 0.779071
17 0.741186
18 0.106831
19 0.155301
20 0.0602611
21 0.0869108
22 0.829877
0 0.386697
1 0.146882
2 0.169162
3 0.124955
4 0.121925
5 0.0272728
6 0.256863
7 0.222103
8 0.760428
9 0.623529
10 0.566845
11 0
12 0.0545455
13 0.301961
14 0.191444
15 0.183601
16 0.763483
17 0.657877
18 0.0604414
19 0.146468
20 0.0455698
21 0.10516
22 0.888518
0 0.396984
1 0.141328
2 0.232086
3 0.0545455
4 0.218182
5 0.188592
6 0.274332
7 0.25098
8 0
9 0.0727273
10 0.0727273
11 0.108378
12 0.0196078
13 0.241355
14 0.14902
15 0.14902
16 0.705352
17 0.621342
18 0.0664449
19 0.143418
20 0.0391204
21 0.0765757
22 0.865599
0 0.700033
1 0.135766
2 0.30713
3 0.15918
4 0.142424
5 0.302496
6 0.25098
7 0.25098
8 0
9 0.302317
10 0.191444
11 0.240642
12 0.14902
13 0.14902
14 0.14902
15 0.14902
16 0.829219
17 0.656005
18 0.0703473
19 0.155103
20 0.0373804
21 0.0719485
22 0.90279
0 0.0460179
1 0.130077
2 0.31943
3 0.274153
4 0.25098
5 0.25098
6 0.536542
7 0.362032
8 0.124421
9 0.264884
10 0.14902
11 0.14902
12 0.14902
13 0.195365
14 0.195365
15 0.14902
16 0.781462
17 0.613831
18 0.0748627
19 0.177177
20 0.0399016
21 0.0786084
22 0.902221
0 0.197671
1 0.124175
2 0.321925
3 0.25098
4 0.393761
5 0.42549
6 0.25098
7 0.25098
8 0.14902
9 0.14902
10 0.172193
11 0.2
12 0.14902
13 0.14902
14 0.14902
15 0.14902
16 0.802561
17 0.64997
18 0.103301
19 0.223665
20 0.0428287
21 0.0678286
22 0.897623
0 0.242866
1 0.118251
2 0.321925
3 0.568271
4 0.25098
5 0.25098
6 0.25098
7 0.25098
8 0.2
9 0.172193
10 0.14902
11 0.14902
12 0.14902
13 0.14902
14 0.14902
15 0.14902
16 0.783373
17 0.633807
18 0.0765397
19 0.0879555
20 0.04762
21 0.0387632
22 0.900728
0 0.251733
1 0.112262
2 0.256506
3 0.25098
4 0.25098
5 0.25098
6 0.181105
7 0.350267
8 0.14902
9 0.14902
10 0.14902
11 0.14902
12 0.14902
13 0.238146
14 0.649554
15 0.752941
16 0.750907
17 0.604025
18 0.0803111
19 0.0848726
20 0.0370985
21 0.0213715
22 0.890403
0 0.592762
1 0.106405
2 0.377718
3 0.25098
4 0.25098
5 0.174332
6 0.486274
7 0.272371
8 0.14902
9 0.14902
10 0.14902
11 0.14902
12 0.542959
13 0.54795
14 0.195009
15 1
16 0.738971
17 0.460175
18 0.125341
19 0.0466267
20 0.0294023
21 0.0101746
22 0.875948
0 0.378029
1 0.100493
2 0.292692
3 0.25098
4 0.162745
5 0.354545
6 0.276827
7 0.0431372
8 0.14902
9 0.233155
10 0.625312
11 0.633868
12 0.383601
13 0.623173
14 0.992157
15 1
16 0.747867
17 0.585669
18 0.138418
19 0.0539794
20 0.0370112
21 0.00819029
22 0.842135
0 0.800608
1 0.0939419
2 0.305704
3 0.354902
4 0.249376
5 0.252228
6 0.30303
7 0.405526
8 0.892692
9 0.692335
10 0.441355
11 0.638859
12 1
13 0.647059
14 0.8082
15 0.827451
16 0.745054
17 0.563925
18 0.145016
19 0.0473054
20 0.0533753
21 0.0150437
22 0.798891
0 0.500011
1 0.0873746
2 0.266845
3 0.054902
4 0.601961
5 0.153298
6 0.275936
7 0.254367
8 1
9 1
10 0.704456
11 0.603922
12 0.608913
13 0.844207
14 0.864171
15 0.259537
16 0.711125
17 0.602393
18 0.172397
19 0.114066
20 0.0382011
21 0.03179
22 0.814774
0 0.844687
1 0.0814369
2 0.262567
3 0.237077
4 0.176471
5 0.290196
6 0.196078
7 0.0128342
8 0.935116
9 0.445276
10 0.609269
11 0.594296
12 0.601783
13 0.608913
14 0.572549
15 0.15615
16 0.741697
17 0.493583
18 0.141752
19 0.215079
20 0.0466304
21 0.0411157
22 0.848936
0 0.38832
1 0.0752333
2 0.0807487
3 0.222995
4 0.316934
5 0.321569
6 0.112656
7 0
8 0.118717
9 0.368984
10 0.790018
11 0.627451
12 0.541176
13 0.0491979
14 0
15 0
16 0.697977
17 0.682408
18 0.101541
19 0.16414
20 0.0569622
21 0.0953324
22 0.808796
0 0.961113
1 0.069033
2 0.0937611
3 0.0235294
4 0.292335
5 0.182353
6 0.136364
7 0.272727
8 0.705882
9 0.6959
10 0.369697
11 0.397504
12 0
13 0.0727273
14 0.0727273
15 0.0727273
16 0.827769
17 0.774491
18 0.113138
19 0.229889
20 0.0580507
21 0.110211
22 0.868181
0 0.448992
1 0.0630157
2 0.157932
3 0.575758
4 0
5 0
6 0.227629
7 0.488948
8 0.545098
9 0.294831
10 0
11 0
12 0
13 0.0998217
14 0.153654
15 0.2
16 0.730839
17 0.675367
18 0.0609214
19 0.141169
20 0.0450068
21 0.119549
22 0.875672
0 0.767175
1 0.0571259
2 0.165597
3 0
4 0.272727
5 0.220677
6 0.473084
7 0.25098
8 0
9 0.0363636
10 0.109091
11 0
12 0.181462
13 0.190731
14 0.14902
15 0.14902
16 0.686931
17 0.591922
18 0.0803338
19 0.0974166
20 0.0444165
21 0.0373459
22 0.855501
0 0.86008
1 0.0513674
2 0.215865
3 0.136364
4 0.438859
5 0.346168
6 0.25098
7 0.119964
8 0
9 0.109091
10 0.181462
11 0.181462
12 0.14902
13 0.14902
14 0.223529
15 0.968627
16 0.805752
17 0.646764
18 0.134548
19 0.051704
20 0.0552511
21 0.0146983
22 0.885948
0 0.00798799
1 0.0457061
2 0.204991
3 0.568271
4 0.25098
5 0.25098
6 0.0937611
7 0.0588235
8 0.2
9 0.172193
10 0.14902
11 0.14902
12 0.14902
13 0.894118
14 0.968627
15 0.968627
16 0.749592
17 0.506543
18 0.137326
19 0.0307506
20 0.0444591
21 0.0061996
22 0.884318
0 0.195667
1 0.0396638
2 0.147415
3 0.25098
4 0.25098
5 0.0675579
6 0.0588235
7 0.0588235
8 0.14902
9 0.14902
10 0.14902
11 0.745098
12 0.968627
13 0.968627
14 0.968627
15 0.968627
16 0.645346
17 0.380826
18 0.220605
19 0.0349978
20 0.0360408
21 0.00323257
22 0.839047
0 0.947031
1 0.0338241
2 0.108913
3 0.25098
4 0.0850267
5 0.0588235
6 0.0106952
7 0
8 0.14902
9 0.298039
10 0.968627
11 0.968627
12 0.968627
13 0.997148
14 1
15 1
16 0.637233
17 0.476902
18 0.226348
19 0.0397519
20 0.0503527
21 0.00541532
22 0.780677
0 0.835589
1 0.0280046
2 0.344207
3 0
4 0
5 0.0294118
6 0.0588235
7 0.135472
8 1
9 1
10 1
11 1
12 0.968627
13 0.968627
14 0.651693
15 0.94902
16 0.782033
17 0.540881
18 0.180205
19 0.0822915
20 0.045714
21 0.0210931
22 0.815469
0 0.486224
1 0.0220247
2 0.107843
3 0.0588235
4 0.0588235
5 0.150624
6 0.258824
7 0.481818
8 0.968627
9 0.968627
10 0.968627
11 0.968627
12 0.367201
13 0.89697
14 0.44385
15 0.2
16 0.734093
17 0.636378
18 0.112956
19 0.11534
20 0.0328756
21 0.0449716
22 0.826435
0 0.972906
1 0.0159733
2 0.219786
3 0.0762923
4 0.226738
5 0.385562
6 0.54492
7 0.253119
8 0.968627
9 0.521569
10 0.146168
11 0.705169
12 0.66631
13 0.294118
14 0.275936
15 0.404991
16 0.741198
17 0.538796
18 0.114934
19 0.0337598
20 0.0478136
21 0.0102652
22 0.820816
0 0.452538
1 0.00994635
2 0.232086
3 0.334759
4 0.324242
5 0.612834
6 0.227807
7 0.173262
8 0.367914
9 0.770053
10 0.454545
11 0.486631
12 0.620677
13 0.988592
14 0.928342
15 0.796435
16 0.769783
17 0.349745
18 0.182484
19 0.045467
20 0.0469712
21 0.00393646
22 0.849609
end fitness = 2.68208
