brainFunction 22851 125 35 7481 24762 2-14 15-30 31-34
0 0.0890397
1 0.404933
2 0.551693
3 0.602317
4 0.456328
5 0.71016
6 0.546524
7 0.198931
8 0.462745
9 0.415151
10 0.409626
11 0.324421
12 0.521747
13 0.821034
14 0.226738
15 0.363993
16 0.936542
17 0.523708
18 0.246346
19 0.625668
20 0.25205
21 0.281996
22 0.831016
23 0.239216
24 0.0238859
25 0.716578
26 0.885562
27 0.531194
28 0.203209
29 0.0869875
30 0.547594
31 0.747594
32 0.560784
33 0.512656
34 0.573975
35 0.996592
36 0.0621707
37 0.0525152
38 0.99983
39 0.0461901
40 0.0740269
41 0.25083
42 0.0541244
43 0.0864995
44 0.516985
45 0.883329
46 0.114785
47 0.271191
48 0.0807531
49 0.349752
50 0.531365
51 0.191324
52 0.0115946
53 0.0372303
54 0.0602118
55 0.228718
56 0.519453
57 0.929867
58 0.755327
59 0.530351
60 0.940603
61 0.982601
62 0.805103
63 0.878847
64 0.913483
65 0.98164
66 0.997939
67 0.837031
68 0.835225
69 0.999994
70 0.999989
71 0.999989
72 0.99998
73 0.999826
74 0.999906
75 0.479353
76 0.518486
77 0.982023
78 0.874654
79 0.876918
80 0.838165
81 0.154294
82 0.570803
83 0.509213
84 0.617561
85 0.877754
86 0.366031
87 0.327386
88 0.53152
89 0.0488576
90 0.190821
91 0.605021
92 0.266761
93 0.442039
94 0.0601485
95 0.0873122
96 0.737035
97 0.998405
98 0.94045
99 0.999819
100 0.940755
101 0.99063
102 0.998943
103 0.451555
104 0.115727
105 0.269194
106 0.229763
107 0.914442
108 0.310404
109 0.480854
110 0.355546
111 0.216296
112 0.110181
113 0.382738
114 0.790796
115 0.289602
116 0.277114
117 0.369665
118 0.155611
119 0.467045
120 0.381566
121 0.189986
122 0.116894
123 0.644198
124 0.752979
0 0.726286
1 0.38317
2 0.0862745
3 0.0862745
4 0.0862745
5 0.0862745
6 0.0862745
7 0.0862745
8 0.0862745
9 0.0862745
10 0.0862745
11 0.0862745
12 0.0862745
13 0.0862745
14 0.0862745
15 0.0862745
16 0.0862745
17 0.0862745
18 0.0862745
19 0.0862745
20 0.0862745
21 0.0862745
22 0.0862745
23 0.0862745
24 0.0862745
25 0.0862745
26 0.0862745
27 0.0862745
28 0.0862745
29 0.0862745
30 0.0862745
31 0.0862745
32 0.0862745
33 0.0862745
34 0.0862745
35 0.901709
36 0.00729904
37 0.00477136
38 0.992256
39 0.00408067
40 0.00254845
41 0.309221
42 0.000676036
43 0.000412865
44 0.00123888
45 0.0149097
46 0.000617917
47 0.000590747
48 0.000485653
49 0.00310141
50 0.00685107
51 0.033223
52 0.00338732
53 0.00720251
54 0.0160052
55 0.0434731
56 0.203039
57 0.339561
58 0.466958
59 0.0883524
60 0.749619
61 0.749963
62 0.470421
63 0.374272
64 0.464845
65 0.672022
66 0.937385
67 0.26355
68 0.137001
69 0.994227
70 0.995018
71 0.997438
72 0.995967
73 0.99008
74 0.992998
75 0.133016
76 0.0870029
77 0.514193
78 0.353653
79 0.447884
80 0.423027
81 0.024345
82 0.107
83 0.135277
84 0.0827608
85 0.242494
86 0.141419
87 0.00228721
88 0.00433812
89 0.00437481
90 0.00589943
91 0.00923123
92 0.00683925
93 0.0248759
94 0.00326938
95 0.00407672
96 0.528366
97 0.911912
98 0.568255
99 0.980329
100 0.621208
101 0.719142
102 0.984549
103 0.058148
104 0.00529889
105 0.0288451
106 0.00502221
107 0.207611
108 0.0277997
109 0.0983703
110 0.0352136
111 0.0718209
112 0.009584
113 0.0473224
114 0.391902
115 0.0639309
116 0.0280233
117 0.15436
118 0.0299898
119 0.143717
120 0.0863183
121 0.0746703
122 0.03352
123 0.318372
124 0.224812
0 0.0482671
1 0.374218
2 0.0392157
3 0.0392157
4 0.0392157
5 0.0392157
6 0.0392157
7 0.0392157
8 0.0392157
9 0.0392157
10 0.0392157
11 0.0392157
12 0.0392157
13 0.0392157
14 0.0253119
15 0.0392157
16 0.0392157
17 0.0392157
18 0.0392157
19 0.0392157
20 0.0392157
21 0.0392157
22 0.0392157
23 0.0392157
24 0.0392157
25 0.0392157
26 0.0392157
27 0.0392157
28 0.0392157
29 0.0392157
30 0.119073
31 0.0392157
32 0.0392157
33 0.0392157
34 0.211765
35 0.922658
36 0.443947
37 0.0244615
38 0.976539
39 0.00757334
40 0.00518132
41 0.135591
42 0.00677138
43 0.00139291
44 0.00420147
45 0.0224986
46 0.00088536
47 0.00113145
48 0.00303905
49 0.00745259
50 0.00988807
51 0.0170365
52 0.00525439
53 0.0183506
54 0.00559278
55 0.00685491
56 0.251933
57 0.356282
58 0.654834
59 0.231215
60 0.946829
61 0.521545
62 0.285632
63 0.369629
64 0.789272
65 0.570876
66 0.768238
67 0.182219
68 0.442179
69 0.970867
70 0.960483
71 0.987805
72 0.965227
73 0.929824
74 0.980804
75 0.477759
76 0.441557
77 0.67277
78 0.514511
79 0.657808
80 0.671885
81 0.308415
82 0.443411
83 0.168413
84 0.195302
85 0.844951
86 0.820546
87 0.00512936
88 0.0142105
89 0.0360995
90 0.0410319
91 0.0296454
92 0.0280657
93 0.314701
94 0.0362725
95 0.0206438
96 0.345532
97 0.56875
98 0.0830349
99 0.716243
100 0.114075
101 0.261116
102 0.770776
103 0.293212
104 0.0706366
105 0.157699
106 0.0918915
107 0.181856
108 0.103679
109 0.30391
110 0.289414
111 0.466177
112 0.0801173
113 0.43691
114 0.555491
115 0.155514
116 0.139245
117 0.513361
118 0.152426
119 0.163364
120 0.128919
121 0.225276
122 0.05432
123 0.499115
124 0.331532
0 0.0225131
1 0.365328
2 0.00784314
3 0.00784314
4 0.00784314
5 0.00784314
6 0.00784314
7 0.00784314
8 0.00784314
9 0.00784314
10 0.00784314
11 0.00784314
12 0.00784314
13 0.00784314
14 0.00784313
15 0.0156863
16 0.0156863
17 0.0156863
18 0.0156863
19 0.0156863
20 0.0156863
21 0.0156863
22 0.0156863
23 0.0156863
24 0.0156863
25 0.0156863
26 0.0156863
27 0.0156863
28 0.0156863
29 0.0156863
30 0.0156863
31 0.792157
32 0.792157
33 0.792157
34 0.792157
35 0.684225
36 0.14379
37 0.0100042
38 0.967878
39 0.0117193
40 0.00501104
41 0.0704653
42 0.00920575
43 0.00973412
44 0.0160222
45 0.0213818
46 0.00218677
47 0.0206068
48 0.00998073
49 0.0155157
50 0.0242124
51 0.0189654
52 0.00791896
53 0.00699556
54 0.0167013
55 0.0159294
56 0.26615
57 0.298747
58 0.790058
59 0.424343
60 0.955498
61 0.372181
62 0.469559
63 0.57241
64 0.704154
65 0.491333
66 0.866935
67 0.297887
68 0.383925
69 0.986324
70 0.923231
71 0.989725
72 0.960574
73 0.929159
74 0.975274
75 0.60865
76 0.318054
77 0.847286
78 0.767794
79 0.823671
80 0.747987
81 0.322993
82 0.467487
83 0.406457
84 0.359533
85 0.863193
86 0.529544
87 0.00367444
88 0.0186742
89 0.0142559
90 0.0259055
91 0.0126922
92 0.0215197
93 0.110161
94 0.0556869
95 0.0142295
96 0.256362
97 0.716627
98 0.173321
99 0.885752
100 0.216591
101 0.361076
102 0.728451
103 0.09355
104 0.0515134
105 0.183823
106 0.0184678
107 0.207228
108 0.212035
109 0.231834
110 0.116971
111 0.146358
112 0.0206141
113 0.192839
114 0.347285
115 0.107783
116 0.147593
117 0.270568
118 0.0692446
119 0.181874
120 0.124599
121 0.115431
122 0.0799823
123 0.213899
124 0.583858
0 0.653797
1 0.356322
2 0
3 0
4 0
5 0
6 0
7 0
8 0
9 0
10 0
11 0
12 0.165419
13 0.454902
14 0.186096
15 0
16 0
17 0
18 0
19 0
20 0
21 0
22 0
23 0
24 0
25 0
26 0
27 0
28 0
29 0
30 0
31 0
32 0
33 0
34 0.526203
35 0.809783
36 0.335632
37 0.0021872
38 0.993314
39 0.0139208
40 0.00614033
41 0.107979
42 0.00443141
43 0.0016215
44 0.00978005
45 0.0177384
46 0.00180774
47 0.00203942
48 0.00628409
49 0.00488976
50 0.00380115
51 0.00968077
52 0.00151727
53 0.00157631
54 0.00261357
55 0.00301188
56 0.720576
57 0.890563
58 0.816231
59 0.58703
60 0.978389
61 0.581541
62 0.496456
63 0.412038
64 0.29731
65 0.49757
66 0.907312
67 0.320375
68 0.374568
69 0.978136
70 0.976249
71 0.990121
72 0.986236
73 0.980672
74 0.993657
75 0.463052
76 0.238121
77 0.649139
78 0.412841
79 0.553294
80 0.48444
81 0.332867
82 0.314811
83 0.20434
84 0.248096
85 0.915541
86 0.436297
87 0.00223544
88 0.0056385
89 0.0117037
90 0.0133825
91 0.0109971
92 0.0149859
93 0.198017
94 0.0499486
95 0.0162245
96 0.0574034
97 0.269782
98 0.0511538
99 0.796705
100 0.148811
101 0.117994
102 0.584418
103 0.169149
104 0.080885
105 0.181652
106 0.0449663
107 0.208103
108 0.0958767
109 0.237626
110 0.372508
111 0.186995
112 0.0368143
113 0.288382
114 0.233843
115 0.118722
116 0.148948
117 0.35071
118 0.0745892
119 0.219908
120 0.0990558
121 0.121548
122 0.0433876
123 0.414499
124 0.552204
0 0.325444
1 0.348827
2 0.666667
3 0.121212
4 0.0648842
5 0.101961
6 0.101961
7 0.168806
8 0.0999999
9 0
10 0.0199643
11 0.027451
12 0.027451
13 0.00623885
14 0.118182
15 0
16 0
17 0.028877
18 0.317647
19 0.317647
20 0.317647
21 0.445989
22 0.6
23 0
24 0
25 0.0256684
26 0.0313726
27 0.0313726
28 0.0477718
29 0.121569
30 0.469519
31 0.53262
32 0.49697
33 0.42246
34 0.738324
35 0.985161
36 0.902119
37 0.00148679
38 0.999204
39 0.0611126
40 0.0772768
41 0.0434901
42 0.0161191
43 0.0486248
44 0.0502498
45 0.100528
46 0.00624802
47 0.00912716
48 0.00520738
49 0.016221
50 0.0273218
51 0.00183172
52 0.000609631
53 0.000770301
54 0.00189035
55 0.000696631
56 0.958031
57 0.984354
58 0.985755
59 0.90489
60 0.997375
61 0.698774
62 0.350356
63 0.40417
64 0.784762
65 0.537874
66 0.958521
67 0.538717
68 0.865892
69 0.998355
70 0.994346
71 0.999294
72 0.997345
73 0.98028
74 0.977041
75 0.816061
76 0.641632
77 0.979656
78 0.844335
79 0.902465
80 0.760587
81 0.825081
82 0.603214
83 0.537041
84 0.901934
85 0.99306
86 0.815228
87 0.0234499
88 0.0779827
89 0.231812
90 0.126461
91 0.335723
92 0.072563
93 0.579199
94 0.138583
95 0.154535
96 0.18039
97 0.577011
98 0.253087
99 0.88338
100 0.188272
101 0.154387
102 0.677861
103 0.643302
104 0.124419
105 0.888202
106 0.268122
107 0.876006
108 0.703283
109 0.369261
110 0.616924
111 0.727209
112 0.120296
113 0.328202
114 0.148329
115 0.111224
116 0.125768
117 0.203543
118 0.0155285
119 0.209656
120 0.163437
121 0.0778744
122 0.0316639
123 0.565481
124 0.547412
0 0.91709
1 0.340123
2 0.2
3 0.285562
4 0.559358
5 0.2
6 0.2
7 0.191444
8 0.105882
9 0.117112
10 0.141176
11 0.141176
12 0.141177
13 0.141177
14 0.141176
15 0.6
16 0.6
17 0.580749
18 0.585027
19 0.6
20 0.6
21 0.6
22 0.203565
23 0.054902
24 0.0613191
25 0.0666667
26 0.0666667
27 0.0666667
28 0.0666667
29 0.0666667
30 0.0666667
31 0.336898
32 0.343316
33 0.840998
34 0.756863
35 0.806497
36 0.256007
37 0.00396664
38 0.998334
39 0.0977021
40 0.0487327
41 0.0870899
42 0.0510088
43 0.0753133
44 0.195387
45 0.449662
46 0.0108756
47 0.0698117
48 0.0740819
49 0.10427
50 0.209432
51 0.0252967
52 0.00350526
53 0.00301148
54 0.00722848
55 0.0104398
56 0.493831
57 0.847868
58 0.856338
59 0.67009
60 0.973802
61 0.830671
62 0.580737
63 0.671658
64 0.823579
65 0.833988
66 0.981411
67 0.766049
68 0.824642
69 0.99964
70 0.997867
71 0.999614
72 0.998452
73 0.988518
74 0.996133
75 0.616638
76 0.61848
77 0.989001
78 0.884819
79 0.954898
80 0.762498
81 0.328263
82 0.495851
83 0.646496
84 0.700061
85 0.944143
86 0.473693
87 0.0467955
88 0.0774098
89 0.011967
90 0.07239
91 0.0426849
92 0.133568
93 0.365419
94 0.0972401
95 0.0303664
96 0.294686
97 0.887252
98 0.472263
99 0.990744
100 0.490089
101 0.741412
102 0.911371
103 0.432608
104 0.174322
105 0.511822
106 0.0914324
107 0.612583
108 0.481408
109 0.168691
110 0.156537
111 0.227003
112 0.0408539
113 0.460213
114 0.623603
115 0.228467
116 0.31259
117 0.283098
118 0.118816
119 0.439039
120 0.212327
121 0.0630594
122 0.0838131
123 0.250703
124 0.77441
0 0.544766
1 0.332678
2 0.0156863
3 0.0156863
4 0.0156863
5 0.0156863
6 0.0156863
7 0.0156863
8 0.0156863
9 0.0156863
10 0.0156863
11 0.0156863
12 0.0156863
13 0.0156863
14 0.0156863
15 0.121569
16 0.121569
17 0.121569
18 0.121569
19 0.121569
20 0.121569
21 0.121569
22 0.121569
23 0.121569
24 0.121569
25 0.121569
26 0.121569
27 0.121569
28 0.121569
29 0.121569
30 0.121569
31 0.0666667
32 0.0666667
33 0.0666667
34 0.0666667
35 0.769157
36 0.0877049
37 0.00252324
38 0.993546
39 0.013187
40 0.00611869
41 0.136484
42 0.00147756
43 0.00122515
44 0.0022201
45 0.0146162
46 0.00070522
47 0.00134041
48 0.0017802
49 0.00612411
50 0.00470703
51 0.0124723
52 0.00220958
53 0.00300114
54 0.003975
55 0.00683028
56 0.269879
57 0.460699
58 0.675276
59 0.217993
60 0.884421
61 0.512288
62 0.387148
63 0.235724
64 0.302286
65 0.449174
66 0.926019
67 0.321531
68 0.319214
69 0.993882
70 0.980444
71 0.99419
72 0.986489
73 0.961218
74 0.984054
75 0.251181
76 0.21302
77 0.766926
78 0.486536
79 0.623802
80 0.37663
81 0.063947
82 0.155684
83 0.219959
84 0.167698
85 0.5056
86 0.210173
87 0.00248579
88 0.00595654
89 0.00377429
90 0.00794836
91 0.00689988
92 0.00947365
93 0.0490079
94 0.0097702
95 0.00471396
96 0.21519
97 0.646179
98 0.338949
99 0.91606
100 0.263711
101 0.405933
102 0.850134
103 0.114334
104 0.0228534
105 0.0586173
106 0.0102999
107 0.22112
108 0.0506064
109 0.124406
110 0.0583297
111 0.0446992
112 0.0173991
113 0.0856401
114 0.364632
115 0.0809151
116 0.0865466
117 0.189798
118 0.05353
119 0.295564
120 0.120095
121 0.0466883
122 0.0356252
123 0.232708
124 0.319363
0 0.0774022
1 0.325189
2 0.0313726
3 0.0313726
4 0.0313726
5 0.0313725
6 0.0313725
7 0.0313726
8 0.0313725
9 0.0313725
10 0.0313725
11 0.0313725
12 0.0313726
13 0.0313726
14 0.0313725
15 0.121569
16 0.121569
17 0.121569
18 0.121569
19 0.121569
20 0.121569
21 0.121569
22 0.121569
23 0.121569
24 0.121569
25 0.121569
26 0.121569
27 0.121569
28 0.121569
29 0.121569
30 0.121569
31 0.0509804
32 0.0509804
33 0.0509804
34 0.0509804
35 0.943555
36 0.829269
37 0.00649998
38 0.996443
39 0.00759975
40 0.0205767
41 0.094118
42 0.00719692
43 0.00258914
44 0.0060201
45 0.0187345
46 0.00103238
47 0.00392778
48 0.00419792
49 0.0128248
50 0.0253644
51 0.00794677
52 0.00137207
53 0.00125072
54 0.00174746
55 0.00111547
56 0.649622
57 0.843507
58 0.91293
59 0.791105
60 0.993703
61 0.520468
62 0.541713
63 0.37951
64 0.639302
65 0.619586
66 0.890831
67 0.245095
68 0.410247
69 0.987516
70 0.973517
71 0.994324
72 0.98686
73 0.88608
74 0.988016
75 0.811863
76 0.735346
77 0.873368
78 0.472988
79 0.810837
80 0.57685
81 0.331535
82 0.558309
83 0.340436
84 0.180783
85 0.914024
86 0.729023
87 0.0278573
88 0.0216859
89 0.103205
90 0.0932085
91 0.140069
92 0.0926446
93 0.424324
94 0.146161
95 0.0305115
96 0.0889606
97 0.497731
98 0.0357377
99 0.704258
100 0.0470604
101 0.284676
102 0.679284
103 0.58292
104 0.193094
105 0.500102
106 0.166296
107 0.430364
108 0.261433
109 0.349593
110 0.491725
111 0.309052
112 0.0807291
113 0.611719
114 0.234949
115 0.177924
116 0.180086
117 0.538139
118 0.120109
119 0.145705
120 0.0680339
121 0.047554
122 0.0388416
123 0.28204
124 0.35815
0 0.622974
1 0.317877
2 0.164706
3 0.164706
4 0.164706
5 0.164706
6 0.164706
7 0.164706
8 0.164706
9 0.164706
10 0.164706
11 0.164706
12 0.17754
13 0.2
14 0.2
15 0.121569
16 0.121569
17 0.121569
18 0.121569
19 0.121569
20 0.121569
21 0.121569
22 0.121569
23 0.121569
24 0.121569
25 0.121569
26 0.121569
27 0.121569
28 0.556506
29 0.6
30 0.6
31 0.584314
32 0.584314
33 0.584314
34 0.304813
35 0.978961
36 0.554696
37 0.00457044
38 0.999588
39 0.0198045
40 0.249502
41 0.0399836
42 0.0255097
43 0.0222167
44 0.0870337
45 0.226105
46 0.0106502
47 0.0297236
48 0.00748278
49 0.0337672
50 0.217573
51 0.00150808
52 0.000156036
53 0.00027112
54 0.000854494
55 0.000323127
56 0.974137
57 0.988936
58 0.989476
59 0.97638
60 0.998661
61 0.759615
62 0.810022
63 0.219886
64 0.790722
65 0.926801
66 0.987346
67 0.825882
68 0.879323
69 0.999725
70 0.998011
71 0.999789
72 0.999104
73 0.978786
74 0.997505
75 0.927478
76 0.883897
77 0.973548
78 0.9215
79 0.892549
80 0.696934
81 0.369952
82 0.849174
83 0.739441
84 0.872255
85 0.982278
86 0.669306
87 0.13958
88 0.127042
89 0.136528
90 0.44071
91 0.569212
92 0.253168
93 0.793067
94 0.445269
95 0.131394
96 0.157862
97 0.58923
98 0.163977
99 0.984579
100 0.193079
101 0.595962
102 0.718637
103 0.420739
104 0.268155
105 0.9021
106 0.0849184
107 0.915533
108 0.512586
109 0.265668
110 0.805373
111 0.773321
112 0.108041
113 0.68437
114 0.152764
115 0.0480801
116 0.149747
117 0.129359
118 0.00869738
119 0.0677317
120 0.0259088
121 0.0126674
122 0.0193726
123 0.127042
124 0.635106
0 0.518708
1 0.310627
2 0.0941176
3 0.0941176
4 0.618182
5 0.917647
6 0.42656
7 0.34902
8 0.34902
9 0.34902
10 0.34902
11 0.34902
12 0.34902
13 0.321925
14 0.288057
15 0.121569
16 0.121569
17 0.193939
18 0.917647
19 0.917647
20 0.311586
21 0.25098
22 0.25098
23 0.25098
24 0.25098
25 0.25098
26 0.25098
27 0.25098
28 0.25098
29 0.409626
30 0.346168
31 0.749376
32 0.358645
33 0.14902
34 0.158289
35 0.961785
36 0.399297
37 0.00723342
38 0.999528
39 0.0433284
40 0.111118
41 0.159388
42 0.0229967
43 0.0401418
44 0.185286
45 0.301021
46 0.0270676
47 0.134987
48 0.0183514
49 0.0866527
50 0.177806
51 0.00468463
52 0.000620898
53 0.00191376
54 0.00128328
55 0.00345853
56 0.811416
57 0.976194
58 0.971664
59 0.889213
60 0.997933
61 0.770493
62 0.820868
63 0.553626
64 0.779382
65 0.94981
66 0.992275
67 0.69249
68 0.896517
69 0.999833
70 0.999362
71 0.999948
72 0.999753
73 0.996903
74 0.998439
75 0.712937
76 0.819767
77 0.985304
78 0.781297
79 0.899995
80 0.834106
81 0.236456
82 0.591484
83 0.569586
84 0.893701
85 0.944149
86 0.560555
87 0.150192
88 0.320843
89 0.11601
90 0.569388
91 0.267177
92 0.189566
93 0.724025
94 0.225075
95 0.129358
96 0.155035
97 0.898431
98 0.631175
99 0.989418
100 0.389328
101 0.88015
102 0.938659
103 0.680252
104 0.311237
105 0.740702
106 0.267261
107 0.907995
108 0.598954
109 0.517849
110 0.477659
111 0.277541
112 0.113257
113 0.54265
114 0.303156
115 0.130043
116 0.14969
117 0.325516
118 0.0572616
119 0.223419
120 0.172712
121 0.0568694
122 0.0361394
123 0.278502
124 0.728701
0 0.234359
1 0.30187
2 0.34902
3 0.34902
4 0.34902
5 0.34902
6 0.34902
7 0.34902
8 0.34902
9 0.34902
10 0.34902
11 0.34902
12 0.34902
13 0.34902
14 0.719786
15 0.25098
16 0.25098
17 0.25098
18 0.25098
19 0.25098
20 0.25098
21 0.25098
22 0.25098
23 0.25098
24 0.25098
25 0.25098
26 0.25098
27 0.25098
28 0.25098
29 0.25098
30 0.359358
31 0.14902
32 0.14902
33 0.14902
34 0.303743
35 0.946597
36 0.336625
37 0.000733089
38 0.999723
39 0.00866161
40 0.0455869
41 0.0625613
42 0.00538143
43 0.0216053
44 0.0539818
45 0.051751
46 0.00176929
47 0.00177655
48 0.00129819
49 0.017588
50 0.0152479
51 0.00632769
52 0.000262373
53 0.000306802
54 0.0010188
55 0.000388893
56 0.898457
57 0.980285
58 0.962849
59 0.809157
60 0.986498
61 0.799904
62 0.813088
63 0.467359
64 0.85454
65 0.891145
66 0.993905
67 0.327636
68 0.354478
69 0.999897
70 0.999357
71 0.999929
72 0.99949
73 0.972146
74 0.998254
75 0.675886
76 0.230457
77 0.861296
78 0.292762
79 0.63936
80 0.197996
81 0.2379
82 0.466211
83 0.572313
84 0.706775
85 0.916316
86 0.482824
87 0.292243
88 0.280353
89 0.12665
90 0.304747
91 0.614137
92 0.215285
93 0.230162
94 0.057056
95 0.0353576
96 0.110175
97 0.891492
98 0.14816
99 0.973898
100 0.481955
101 0.879899
102 0.91123
103 0.716204
104 0.0603021
105 0.544574
106 0.0662854
107 0.888363
108 0.420106
109 0.270303
110 0.442841
111 0.198102
112 0.0493805
113 0.744896
114 0.100444
115 0.0277075
116 0.0155618
117 0.0586716
118 0.0133627
119 0.0523078
120 0.0444302
121 0.0124647
122 0.0340284
123 0.236042
124 0.405744
0 0.966678
1 0.294033
2 0.654189
3 0.854546
4 1
5 1
6 0.944385
7 0.796079
8 0.398039
9 0
10 0
11 0
12 0
13 0
14 0
15 0.454545
16 0.351872
17 0.145098
18 0.145098
19 0.145098
20 0.163636
21 0.247059
22 0.247059
23 0.254902
24 0.254902
25 0.254902
26 0.254902
27 0.254902
28 0.312656
29 0.572549
30 0.572549
31 0.263102
32 0.562567
33 0
34 0.526203
35 0.981084
36 0.627779
37 0.020114
38 0.999615
39 0.00413968
40 0.0404815
41 0.274874
42 0.0157196
43 0.00853684
44 0.393431
45 0.0767366
46 0.00927422
47 0.0529885
48 0.00215741
49 0.0352699
50 0.439188
51 0.00290263
52 0.000672348
53 0.000738992
54 0.000128554
55 0.00103931
56 0.848441
57 0.996003
58 0.971568
59 0.958234
60 0.999858
61 0.863582
62 0.701268
63 0.961143
64 0.824967
65 0.956511
66 0.984397
67 0.519135
68 0.863371
69 0.99903
70 0.999407
71 0.999871
72 0.997936
73 0.995324
74 0.99433
75 0.97242
76 0.968835
77 0.997237
78 0.916698
79 0.970341
80 0.876768
81 0.160019
82 0.809205
83 0.223422
84 0.846786
85 0.992948
86 0.782092
87 0.0673317
88 0.315052
89 0.610349
90 0.821079
91 0.755538
92 0.247638
93 0.891228
94 0.262319
95 0.218625
96 0.0544366
97 0.799201
98 0.2844
99 0.946803
100 0.0537771
101 0.639447
102 0.933875
103 0.918032
104 0.76052
105 0.935807
106 0.881144
107 0.99028
108 0.482733
109 0.512947
110 0.809131
111 0.855571
112 0.193935
113 0.40664
114 0.112849
115 0.176198
116 0.435607
117 0.577405
118 0.0711136
119 0.0606722
120 0.219789
121 0.0426996
122 0.00738015
123 0.335639
124 0.235237
0 0.632123
1 0.286562
2 0.92549
3 0.184314
4 0.0196078
5 0.0196078
6 0.0196078
7 0.0196079
8 0.445098
9 0.870588
10 0.870588
11 0.941176
12 0.952942
13 0.870589
14 0.92852
15 0.92549
16 0.429234
17 0.0156863
18 0.0156863
19 0.0156863
20 0.0156863
21 0.0156863
22 0.0156863
23 0.247059
24 0.247059
25 0.247059
26 0.520856
27 1
28 0.315508
29 0.247059
30 0.771836
31 0.957932
32 0.976471
33 0.98574
34 0.98574
35 0.998122
36 0.570187
37 0.00594955
38 0.999991
39 0.0527926
40 0.696707
41 0.101507
42 0.00991945
43 0.0138828
44 0.562203
45 0.281697
46 0.0222302
47 0.0739979
48 0.00839496
49 0.04594
50 0.230156
51 0.000819246
52 2.04894e-05
53 0.000339755
54 8.64163e-05
55 0.000348299
56 0.999171
57 0.999873
58 0.994639
59 0.991986
60 0.999823
61 0.981389
62 0.915441
63 0.750501
64 0.958362
65 0.996149
66 0.999612
67 0.937137
68 0.95655
69 0.999997
70 0.999992
71 0.999999
72 0.999996
73 0.999591
74 0.999959
75 0.702053
76 0.565954
77 0.991311
78 0.715591
79 0.787646
80 0.740983
81 0.382558
82 0.609543
83 0.825587
84 0.948222
85 0.99668
86 0.635474
87 0.960142
88 0.91101
89 0.659296
90 0.767609
91 0.841126
92 0.797863
93 0.958197
94 0.859167
95 0.743638
96 0.0867711
97 0.909169
98 0.278659
99 0.997595
100 0.896371
101 0.897771
102 0.980232
103 0.92983
104 0.600721
105 0.978644
106 0.715623
107 0.990915
108 0.91009
109 0.40297
110 0.962544
111 0.945008
112 0.144376
113 0.978124
114 0.04207
115 0.00581363
116 0.0122947
117 0.117583
118 0.00282672
119 0.0291647
120 0.0466649
121 0.00703595
122 0.0322526
123 0.169021
124 0.77503
0 0.365082
1 0.274373
2 0.772549
3 0.772549
4 0.88984
5 0.956863
6 0.956863
7 0.956863
8 0.956863
9 0.716043
10 0.2
11 0.0909091
12 0.0057041
13 0.0156863
14 0.0156863
15 0
16 0
17 0.0869875
18 0.956863
19 0.956863
20 0.956863
21 0.956863
22 0.956863
23 0.956863
24 0.76221
25 0.6
26 0.381818
27 0
28 0.135472
29 0.14902
30 0.14902
31 0.985383
32 0.956863
33 0.457041
34 0.715865
35 0.998892
36 0.593022
37 0.141263
38 0.99994
39 0.21504
40 0.238396
41 0.3256
42 0.428556
43 0.591378
44 0.929561
45 0.986914
46 0.314159
47 0.545509
48 0.309083
49 0.800166
50 0.765682
51 0.176686
52 0.0270523
53 0.234344
54 0.0772537
55 0.166487
56 0.7617
57 0.980575
58 0.751579
59 0.729538
60 0.986163
61 0.97873
62 0.931224
63 0.956908
64 0.983696
65 0.993709
66 0.998753
67 0.911151
68 0.972489
69 0.999998
70 0.999992
71 0.999995
72 0.999987
73 0.999805
74 0.999882
75 0.544285
76 0.905958
77 0.99363
78 0.909321
79 0.871685
80 0.821871
81 0.278199
82 0.708856
83 0.48654
84 0.637769
85 0.954466
86 0.619193
87 0.705275
88 0.852579
89 0.195842
90 0.8596
91 0.821945
92 0.524538
93 0.95284
94 0.122748
95 0.389505
96 0.745085
97 0.998554
98 0.956167
99 0.999854
100 0.968278
101 0.98789
102 0.99753
103 0.900771
104 0.372116
105 0.734679
106 0.815547
107 0.959288
108 0.637096
109 0.520122
110 0.760356
111 0.521817
112 0.246348
113 0.715474
114 0.913838
115 0.507013
116 0.607228
117 0.863017
118 0.383467
119 0.624748
120 0.569009
121 0.179171
122 0.0751677
123 0.733646
124 0.810814
0 0.615556
1 0.264121
2 0
3 0
4 0.0124777
5 0.0196078
6 0.0196078
7 0.0196079
8 0.0196078
9 0.0196078
10 0.0196078
11 0.0196078
12 0.000891269
13 0
14 0
15 0
16 0
17 0.0135472
18 0.14902
19 0.14902
20 0.14902
21 0.14902
22 0.14902
23 0.14902
24 0.14902
25 0.14902
26 0.14902
27 0.0541889
28 0
29 0
30 0
31 0.268449
32 0.984314
33 0.984314
34 0.0894831
35 0.996184
36 0.0234153
37 0.00557124
38 0.999849
39 0.00244824
40 0.0054959
41 0.55815
42 0.00252883
43 0.00124836
44 0.0247916
45 0.117596
46 0.00271792
47 0.00592287
48 0.00320956
49 0.0394613
50 0.200117
51 0.119475
52 0.0095918
53 0.0062464
54 0.0648687
55 0.237307
56 0.765738
57 0.979741
58 0.805648
59 0.741952
60 0.989662
61 0.975945
62 0.949693
63 0.868998
64 0.965945
65 0.989211
66 0.99158
67 0.864229
68 0.879559
69 0.999888
70 0.999949
71 0.999983
72 0.999825
73 0.999176
74 0.999444
75 0.375509
76 0.334615
77 0.73725
78 0.6927
79 0.286362
80 0.804061
81 0.0208234
82 0.115936
83 0.142703
84 0.17209
85 0.4966
86 0.0879594
87 0.0244521
88 0.195053
89 0.145913
90 0.10077
91 0.771488
92 0.224647
93 0.168924
94 0.0728265
95 0.0313761
96 0.853879
97 0.993578
98 0.858099
99 0.99969
100 0.901574
101 0.97843
102 0.998531
103 0.255511
104 0.0608338
105 0.665805
106 0.0753931
107 0.946532
108 0.0634181
109 0.477118
110 0.234244
111 0.735394
112 0.0128476
113 0.132842
114 0.66977
115 0.0402291
116 0.22583
117 0.250176
118 0.0182081
119 0.152304
120 0.0669467
121 0.0286157
122 0.0177763
123 0.220118
124 0.35827
0 0.529375
1 0.25395
2 0.0117647
3 0.0117647
4 0.0117647
5 0.0117647
6 0.00160428
7 0
8 0
9 0
10 0.450624
11 0.619608
12 0.23779
13 0.219608
14 0.219608
15 0.14902
16 0.14902
17 0.14902
18 0.14902
19 0.14902
20 0.0135472
21 0
22 0
23 0
24 0
25 0.506952
26 0.619608
27 0.437433
28 0.333333
29 0.333333
30 0.333333
31 0.984314
32 0.268449
33 0.28164
34 0.965419
35 0.996575
36 0.812931
37 0.000825355
38 0.999874
39 0.00998769
40 0.0927137
41 0.0927572
42 0.000553602
43 0.000664759
44 0.00211291
45 0.0166707
46 0.000290056
47 0.00155494
48 0.000915272
49 0.00692893
50 0.0531881
51 0.000567808
52 8.66501e-05
53 0.000222086
54 0.00010585
55 0.000415137
56 0.779763
57 0.970471
58 0.820083
59 0.424999
60 0.99584
61 0.872425
62 0.326131
63 0.525931
64 0.791075
65 0.76861
66 0.955812
67 0.584136
68 0.658867
69 0.997909
70 0.998935
71 0.999487
72 0.998482
73 0.9919
74 0.991544
75 0.756221
76 0.653035
77 0.958577
78 0.818522
79 0.813818
80 0.862365
81 0.267668
82 0.541792
83 0.661209
84 0.868752
85 0.927802
86 0.880837
87 0.114674
88 0.0972189
89 0.278453
90 0.510694
91 0.17621
92 0.0930785
93 0.679663
94 0.0681568
95 0.132193
96 0.0754983
97 0.661055
98 0.277919
99 0.953401
100 0.215086
101 0.780328
102 0.94531
103 0.791735
104 0.114172
105 0.732223
106 0.218264
107 0.634853
108 0.308649
109 0.264422
110 0.801225
111 0.931425
112 0.306182
113 0.575767
114 0.138483
115 0.00404652
116 0.0161748
117 0.0789127
118 0.0167943
119 0.0827995
120 0.153242
121 0.20985
122 0.0276185
123 0.261288
124 0.23767
0 0.135823
1 0.245408
2 0.533333
3 0.435294
4 0.101961
5 0.101961
6 0.101961
7 0.0926916
8 0.0392157
9 0.0784314
10 0.0784314
11 0.0784314
12 0.0499109
13 0.0834228
14 0.458823
15 0.533333
16 0.533333
17 0.369697
18 0.333333
19 0.333333
20 0.333333
21 0.333333
22 0.0909091
23 0.678431
24 0.678431
25 0.678431
26 0.678431
27 0.678431
28 0.0616756
29 0.00713012
30 0.0156863
31 0.745455
32 0.818182
33 0.619608
34 0.52549
35 0.973748
36 0.54216
37 0.00710457
38 0.999007
39 0.0590311
40 0.0343003
41 0.0269692
42 0.0537773
43 0.309961
44 0.211603
45 0.529748
46 0.012495
47 0.126267
48 0.0361096
49 0.0969786
50 0.0818544
51 0.00740972
52 0.00206394
53 0.00161727
54 0.00320462
55 0.00052652
56 0.646743
57 0.875972
58 0.961794
59 0.685743
60 0.965249
61 0.863325
62 0.235174
63 0.316374
64 0.874414
65 0.757327
66 0.977058
67 0.534257
68 0.847365
69 0.999759
70 0.998574
71 0.999902
72 0.998614
73 0.983087
74 0.989479
75 0.552516
76 0.468064
77 0.977081
78 0.919017
79 0.903698
80 0.750747
81 0.434814
82 0.628852
83 0.496323
84 0.772526
85 0.940592
86 0.403964
87 0.0204383
88 0.10716
89 0.0136776
90 0.0744706
91 0.411287
92 0.215009
93 0.242864
94 0.116043
95 0.0936916
96 0.31933
97 0.909142
98 0.440811
99 0.981248
100 0.114552
101 0.388852
102 0.441254
103 0.367024
104 0.168688
105 0.614845
106 0.234598
107 0.822996
108 0.468031
109 0.268917
110 0.311859
111 0.706307
112 0.124121
113 0.16329
114 0.564128
115 0.174255
116 0.538698
117 0.0819866
118 0.0375864
119 0.286406
120 0.188893
121 0.102823
122 0.0487071
123 0.285163
124 0.652704
0 0.956955
1 0.235334
2 0.0509804
3 0.0509804
4 0.0509804
5 0.0509804
6 0.00695187
7 0
8 0
9 0
10 0.0187166
11 0.137255
12 0.137255
13 0.112299
14 0
15 0.678431
16 0.678431
17 0.678431
18 0.678431
19 0.678431
20 0.0616756
21 0
22 0
23 0
24 0
25 0.00142602
26 0.0156863
27 0.0156863
28 0.0156863
29 0.00855615
30 0
31 0.576471
32 0.157219
33 0.26631
34 0.62139
35 0.900073
36 0.743441
37 0.00165423
38 0.999731
39 0.0131944
40 0.0334502
41 0.182446
42 0.0318411
43 0.0027059
44 0.0446231
45 0.139648
46 0.00181936
47 0.0081703
48 0.0103545
49 0.0312852
50 0.111835
51 0.00544688
52 0.00080105
53 0.00108229
54 0.000970701
55 0.00330127
56 0.832108
57 0.975347
58 0.934281
59 0.938312
60 0.998445
61 0.805921
62 0.781617
63 0.649119
64 0.804167
65 0.895002
66 0.967167
67 0.398748
68 0.821062
69 0.999145
70 0.997289
71 0.999166
72 0.999201
73 0.975347
74 0.997923
75 0.737716
76 0.498748
77 0.853825
78 0.550406
79 0.804962
80 0.388164
81 0.16523
82 0.281657
83 0.305097
84 0.25675
85 0.93893
86 0.218395
87 0.197082
88 0.0556883
89 0.071963
90 0.143947
91 0.0896677
92 0.283766
93 0.540466
94 0.375484
95 0.0334286
96 0.0772818
97 0.840158
98 0.0994365
99 0.970881
100 0.245524
101 0.587664
102 0.915377
103 0.783223
104 0.358394
105 0.702056
106 0.154676
107 0.644767
108 0.285071
109 0.233927
110 0.433659
111 0.129479
112 0.077082
113 0.875174
114 0.49694
115 0.175785
116 0.233087
117 0.609715
118 0.170662
119 0.332547
120 0.0886453
121 0.0459894
122 0.0581658
123 0.426215
124 0.62917
0 0.627342
1 0.227316
2 0
3 0.102674
4 0.12549
5 0.0684492
6 0.612299
7 0.0784314
8 0.0784314
9 0.00713011
10 0.145455
11 0.2
12 0.2
13 0.2
14 0.2
15 0
16 0.0171123
17 0.0313726
18 0.0313726
19 0.0114082
20 0.777184
21 0.27451
22 0.27451
23 0.199643
24 0
25 0.490909
26 0.6
27 0.6
28 0.6
29 0.6
30 0.6
31 0.593939
32 0.812121
33 0.272727
34 0.2
35 0.977002
36 0.286672
37 0.0132541
38 0.999354
39 0.0128649
40 0.0319812
41 0.0840725
42 0.0111205
43 0.0139484
44 0.115251
45 0.132165
46 0.00875657
47 0.0130456
48 0.0100579
49 0.0451002
50 0.0458161
51 0.0160721
52 0.00312969
53 0.00571353
54 0.00399931
55 0.00631572
56 0.779316
57 0.927523
58 0.859729
59 0.720483
60 0.994441
61 0.768563
62 0.685836
63 0.647861
64 0.87082
65 0.86252
66 0.98035
67 0.660792
68 0.860238
69 0.999222
70 0.995735
71 0.999656
72 0.996817
73 0.986177
74 0.994736
75 0.642668
76 0.543399
77 0.972109
78 0.833255
79 0.828624
80 0.801529
81 0.332142
82 0.533253
83 0.522601
84 0.795829
85 0.96273
86 0.673887
87 0.0341429
88 0.155854
89 0.120287
90 0.243595
91 0.156657
92 0.0572636
93 0.666676
94 0.107443
95 0.105649
96 0.357908
97 0.9028
98 0.340468
99 0.993739
100 0.563538
101 0.762604
102 0.978346
103 0.351891
104 0.160554
105 0.470299
106 0.110873
107 0.860216
108 0.323894
109 0.462918
110 0.361597
111 0.723035
112 0.0242879
113 0.550093
114 0.349386
115 0.0469376
116 0.0970677
117 0.291017
118 0.0211991
119 0.139005
120 0.0700525
121 0.0221895
122 0.0392604
123 0.25007
124 0.618659
0 0.468132
1 0.219398
2 0.180392
3 0.180392
4 0.180392
5 0.180392
6 0.180392
7 0.281818
8 0.2
9 0.249911
10 0.224955
11 0.0352941
12 0.0352941
13 0.0352941
14 0.0352941
15 0.0666667
16 0.0666667
17 0.0666667
18 0.0666667
19 0.0666667
20 0.0666667
21 0.150446
22 0.213904
23 0.228877
24 0.305882
25 0.283066
26 0.054902
27 0.054902
28 0.054902
29 0.054902
30 0.054902
31 0.776471
32 0.557576
33 0.450267
34 0.984314
35 0.899728
36 0.0369175
37 0.123304
38 0.998131
39 0.00188232
40 0.00261683
41 0.188829
42 0.0276418
43 0.00977886
44 0.105181
45 0.133113
46 0.00348465
47 0.0401305
48 0.0012966
49 0.0175457
50 0.0583777
51 0.00738191
52 0.00438325
53 0.0114529
54 0.00201927
55 0.00345655
56 0.472418
57 0.863539
58 0.852053
59 0.713613
60 0.995146
61 0.40233
62 0.487165
63 0.474929
64 0.669344
65 0.933187
66 0.982407
67 0.531272
68 0.721488
69 0.997535
70 0.99584
71 0.999729
72 0.996984
73 0.979735
74 0.986756
75 0.33084
76 0.557394
77 0.940186
78 0.619291
79 0.609918
80 0.255554
81 0.0511491
82 0.198657
83 0.047657
84 0.254248
85 0.892949
86 0.194725
87 0.00685531
88 0.0182201
89 0.0122778
90 0.0370553
91 0.0311668
92 0.0236859
93 0.225244
94 0.0175502
95 0.0247905
96 0.262266
97 0.895395
98 0.223437
99 0.981021
100 0.169529
101 0.506007
102 0.920957
103 0.3805
104 0.176265
105 0.25667
106 0.267014
107 0.615101
108 0.116446
109 0.195406
110 0.143468
111 0.218816
112 0.0253948
113 0.191572
114 0.384054
115 0.157055
116 0.240958
117 0.490766
118 0.0584534
119 0.0774503
120 0.1317
121 0.0301265
122 0.00756361
123 0.259417
124 0.151599
0 0.661631
1 0.211529
2 0.00392157
3 0.00392157
4 0.00392157
5 0.0128342
6 0.171123
7 0.564706
8 0.564706
9 0.564706
10 0.564706
11 0.564706
12 0.564706
13 0.564706
14 0.564705
15 0.054902
16 0.054902
17 0.0609626
18 0.121569
19 0.121569
20 0.102317
21 0.0156863
22 0.0156863
23 0.0156863
24 0.0156863
25 0.0156863
26 0.0156863
27 0.0156863
28 0.0156863
29 0.0156863
30 0.0156863
31 0.80713
32 0.732264
33 0.898039
34 0.898039
35 0.954496
36 0.118134
37 0.193888
38 0.998446
39 0.00181771
40 0.0142996
41 0.300297
42 0.0103139
43 0.00316574
44 0.0351325
45 0.0392611
46 0.00160315
47 0.00778358
48 0.000626814
49 0.0104574
50 0.0636067
51 0.00736067
52 0.00220278
53 0.013266
54 0.00148756
55 0.00428602
56 0.841089
57 0.958334
58 0.954634
59 0.832545
60 0.99882
61 0.394126
62 0.52393
63 0.392194
64 0.661134
65 0.907808
66 0.964175
67 0.401869
68 0.71303
69 0.997409
70 0.992264
71 0.99859
72 0.98812
73 0.925482
74 0.981809
75 0.622567
76 0.791397
77 0.909163
78 0.466329
79 0.662433
80 0.386081
81 0.285241
82 0.509281
83 0.216484
84 0.501448
85 0.976592
86 0.624269
87 0.0231019
88 0.0246473
89 0.124064
90 0.104631
91 0.0815866
92 0.0513788
93 0.400891
94 0.0637671
95 0.104578
96 0.108327
97 0.760788
98 0.159445
99 0.967873
100 0.220607
101 0.556326
102 0.946036
103 0.528708
104 0.160198
105 0.479934
106 0.297721
107 0.737263
108 0.217888
109 0.2614
110 0.299494
111 0.447226
112 0.0348648
113 0.385723
114 0.15372
115 0.0769037
116 0.0759459
117 0.355852
118 0.0316102
119 0.0335461
120 0.0913163
121 0.0468312
122 0.0119874
123 0.223498
124 0.129514
0 0.249818
1 0.203209
2 0.564706
3 0.564706
4 0.564706
5 0.564706
6 0.564706
7 0.564706
8 0.564706
9 0.564706
10 0.564706
11 0.564706
12 0.564706
13 0.564706
14 0.564705
15 0.0156863
16 0.0156863
17 0.0156863
18 0.0156863
19 0.0156863
20 0.0156863
21 0.0156863
22 0.0156863
23 0.0156863
24 0.0156863
25 0.0156863
26 0.0156863
27 0.0156863
28 0.0156863
29 0.0156863
30 0.0156863
31 0.898039
32 0.898039
33 0.898039
34 0.898039
35 0.960107
36 0.343008
37 0.0501031
38 0.999339
39 0.0626739
40 0.0922192
41 0.223071
42 0.0301075
43 0.0154836
44 0.0549912
45 0.178755
46 0.014702
47 0.0552531
48 0.0135738
49 0.0202747
50 0.104099
51 0.0199449
52 0.00402087
53 0.0168746
54 0.00518784
55 0.0120686
56 0.483974
57 0.752926
58 0.88697
59 0.51667
60 0.990587
61 0.577856
62 0.716941
63 0.603152
64 0.787152
65 0.800203
66 0.938354
67 0.537416
68 0.726417
69 0.997943
70 0.995502
71 0.99849
72 0.989902
73 0.971973
74 0.990352
75 0.732492
76 0.756908
77 0.975778
78 0.805927
79 0.909873
80 0.891972
81 0.366532
82 0.530388
83 0.581277
84 0.761782
85 0.886403
86 0.792424
87 0.0412422
88 0.114329
89 0.0422095
90 0.134574
91 0.0715196
92 0.0907749
93 0.199949
94 0.0977772
95 0.0394737
96 0.23931
97 0.91816
98 0.557083
99 0.987441
100 0.445632
101 0.732952
102 0.89699
103 0.419931
104 0.149889
105 0.421469
106 0.109718
107 0.641246
108 0.512147
109 0.417616
110 0.313843
111 0.348832
112 0.0711187
113 0.332679
114 0.466557
115 0.20549
116 0.217847
117 0.464921
118 0.154136
119 0.227072
120 0.407955
121 0.200341
122 0.0801832
123 0.235239
124 0.620751
0 0.0289601
1 0.29546
2 0.0862745
3 0.0862745
4 0.0862745
5 0.0862745
6 0.0862745
7 0.0862745
8 0.0862745
9 0.0862745
10 0.0862745
11 0.0862745
12 0.0862745
13 0.304457
14 0.368627
15 0.0862745
16 0.0862745
17 0.0862745
18 0.0862745
19 0.0862745
20 0.0862745
21 0.0862745
22 0.0862745
23 0.0862745
24 0.0862745
25 0.0862745
26 0.0862745
27 0.0862745
28 0.0734403
29 0.0156863
30 0.0156863
31 0.0862745
32 0.0862745
33 0.0862745
34 0.509804
35 0.877948
36 0.018195
37 0.0190266
38 0.994545
39 0.000899515
40 0.00360597
41 0.104235
42 0.000973003
43 0.000391161
44 0.00330049
45 0.0073181
46 0.000333047
47 0.00704776
48 0.000172366
49 0.00219228
50 0.0114568
51 0.000677659
52 0.00054088
53 0.000571615
54 0.000302269
55 0.000496557
56 0.867205
57 0.945607
58 0.966249
59 0.728376
60 0.995735
61 0.414718
62 0.226524
63 0.245636
64 0.166194
65 0.681197
66 0.962997
67 0.638944
68 0.628041
69 0.998154
70 0.984672
71 0.998876
72 0.984964
73 0.977145
74 0.943895
75 0.392536
76 0.324044
77 0.774863
78 0.146238
79 0.372593
80 0.293406
81 0.0809364
82 0.123528
83 0.0406028
84 0.150376
85 0.81607
86 0.0232092
87 0.00415012
88 0.0180954
89 0.0202816
90 0.00478374
91 0.0337
92 0.0140469
93 0.190181
94 0.0412501
95 0.0807079
96 0.128547
97 0.47569
98 0.206271
99 0.938195
100 0.0511978
101 0.208614
102 0.808882
103 0.195755
104 0.0616525
105 0.33192
106 0.11851
107 0.59706
108 0.0567337
109 0.256502
110 0.272506
111 0.237686
112 0.0217177
113 0.0439572
114 0.103794
115 0.03484
116 0.0230997
117 0.0894445
118 0.00469222
119 0.0498668
120 0.0505156
121 0.00664141
122 0.00128415
123 0.0227963
124 0.108228
0 0.741113
1 0.28689
2 0.380392
3 0.521212
4 0.58574
5 0.34902
6 0.34902
7 0.34902
8 0.34902
9 0.55615
10 1
11 1
12 1
13 1
14 0.999999
15 0
16 0
17 0.750089
18 0.25098
19 0.25098
20 0.25098
21 0.25098
22 0.25098
23 0.25098
24 0.122638
25 0.0156863
26 0.0156863
27 0.0156863
28 0.0156863
29 0.0156863
30 0.0156863
31 0.767914
32 0.14902
33 0.690553
34 1
35 0.986062
36 0.284156
37 0.663372
38 0.99964
39 0.00126592
40 0.155985
41 0.411249
42 0.0398728
43 0.0125935
44 0.293449
45 0.0976862
46 0.00652048
47 0.03184
48 0.000923406
49 0.0269038
50 0.247465
51 0.00325742
52 0.00153805
53 0.0124685
54 0.000420268
55 0.00241451
56 0.987344
57 0.997747
58 0.996954
59 0.989147
60 0.999934
61 0.550661
62 0.714055
63 0.537946
64 0.771749
65 0.974825
66 0.989519
67 0.536696
68 0.868485
69 0.999029
70 0.997283
71 0.999813
72 0.995088
73 0.948861
74 0.976972
75 0.904586
76 0.973406
77 0.985743
78 0.604168
79 0.922971
80 0.585667
81 0.699317
82 0.902426
83 0.332123
84 0.938626
85 0.997726
86 0.883452
87 0.478243
88 0.160966
89 0.742386
90 0.591356
91 0.48493
92 0.334041
93 0.876096
94 0.393127
95 0.67965
96 0.0850991
97 0.730944
98 0.211078
99 0.976641
100 0.305797
101 0.7774
102 0.977577
103 0.918499
104 0.494004
105 0.927412
106 0.906346
107 0.986667
108 0.691453
109 0.523451
110 0.576659
111 0.715407
112 0.137684
113 0.689025
114 0.0499396
115 0.0783651
116 0.046768
117 0.365759
118 0.0357097
119 0.0160149
120 0.0854719
121 0.0350557
122 0.00768924
123 0.20253
124 0.138267
0 0.265757
1 0.277893
2 1
3 1
4 1
5 1
6 1
7 1
8 1
9 1
10 1
11 1
12 1
13 1
14 0.999999
15 0.0156863
16 0.0156863
17 0.0156863
18 0.0156863
19 0.0156863
20 0.0156863
21 0.0156863
22 0.0156863
23 0.0156863
24 0.0156863
25 0.0156863
26 0.0156863
27 0.0156863
28 0.0156863
29 0.0156863
30 0.0156863
31 1
32 1
33 1
34 1
35 0.991487
36 0.456752
37 0.13826
38 0.999926
39 0.132257
40 0.294486
41 0.461723
42 0.182922
43 0.0945628
44 0.901044
45 0.548167
46 0.054051
47 0.457886
48 0.0123563
49 0.131947
50 0.8289
51 0.00425728
52 0.00226108
53 0.0131781
54 0.000545508
55 0.0054026
56 0.976867
57 0.998902
58 0.983187
59 0.977263
60 0.999912
61 0.940842
62 0.944055
63 0.947048
64 0.982585
65 0.996621
66 0.997651
67 0.972051
68 0.994611
69 0.999995
70 0.999991
71 0.999997
72 0.999969
73 0.999461
74 0.999758
75 0.878877
76 0.956843
77 0.994363
78 0.768028
79 0.853844
80 0.919077
81 0.273426
82 0.687173
83 0.421695
84 0.80949
85 0.991055
86 0.607544
87 0.735409
88 0.968453
89 0.516004
90 0.920795
91 0.938258
92 0.844781
93 0.938058
94 0.526136
95 0.369129
96 0.19144
97 0.967584
98 0.677731
99 0.997596
100 0.649989
101 0.921941
102 0.956617
103 0.953702
104 0.510183
105 0.952705
106 0.82016
107 0.977363
108 0.857423
109 0.471866
110 0.925875
111 0.93813
112 0.270272
113 0.841148
114 0.385466
115 0.0928271
116 0.252594
117 0.567869
118 0.0415093
119 0.0712513
120 0.461829
121 0.0813269
122 0.0120961
123 0.213706
124 0.489134
0 0.19861
1 0.264497
2 0.351515
3 0.411765
4 0.411765
5 0.411765
6 0.411765
7 0.411765
8 0.411765
9 0.411765
10 0.411765
11 0.411765
12 0.764706
13 1
14 0.999999
15 0.316221
16 0.333333
17 0.333333
18 0.333333
19 0.333333
20 0.333333
21 0.333333
22 0.333333
23 0.333333
24 0.333333
25 0.333333
26 0.333333
27 0.532977
28 0.0730838
29 0.0156863
30 0.0156863
31 0.87451
32 1
33 1
34 0.935829
35 0.999619
36 0.776107
37 0.0181599
38 0.999991
39 0.141867
40 0.150339
41 0.390258
42 0.0905917
43 0.117939
44 0.617451
45 0.871016
46 0.0971949
47 0.191137
48 0.0539677
49 0.383557
50 0.605812
51 0.0866944
52 0.00747366
53 0.0415448
54 0.0309825
55 0.104838
56 0.897825
57 0.998132
58 0.898874
59 0.892159
60 0.999051
61 0.993458
62 0.931104
63 0.974783
64 0.995994
65 0.993427
66 0.998761
67 0.972396
68 0.987557
69 0.999996
70 0.999995
71 0.999998
72 0.999985
73 0.999894
74 0.999936
75 0.641256
76 0.73789
77 0.980611
78 0.851843
79 0.610001
80 0.909708
81 0.249596
82 0.496344
83 0.504791
84 0.576184
85 0.958063
86 0.570087
87 0.728329
88 0.914382
89 0.688745
90 0.895448
91 0.978526
92 0.665607
93 0.933788
94 0.474154
95 0.514077
96 0.752816
97 0.996946
98 0.927892
99 0.999643
100 0.93462
101 0.984466
102 0.997902
103 0.898702
104 0.45159
105 0.877996
106 0.724587
107 0.978803
108 0.675619
109 0.750261
110 0.943233
111 0.952006
112 0.234913
113 0.823665
114 0.876464
115 0.189309
116 0.651377
117 0.7089
118 0.109149
119 0.408283
120 0.420827
121 0.170369
122 0.108831
123 0.651076
124 0.81637
0 0.67271
1 0.251889
2 0.0117647
3 0.0117647
4 0.0117647
5 0.0117647
6 0.0117647
7 0.0117647
8 0.0117647
9 0.0117647
10 0.0117647
11 0.0117647
12 0.0117647
13 0.0117647
14 0.0117647
15 0.333333
16 0.333333
17 0.333333
18 0.333333
19 0.333333
20 0.333333
21 0.333333
22 0.333333
23 0.333333
24 0.333333
25 0.333333
26 0.333333
27 0.333333
28 0.333333
29 0.333333
30 0.333333
31 1
32 1
33 1
34 1
35 0.998681
36 0.0792417
37 0.0187809
38 0.999945
39 0.0274461
40 0.0996605
41 0.129367
42 0.00335179
43 0.017641
44 0.110662
45 0.28958
46 0.00998506
47 0.0645673
48 0.00241631
49 0.0913201
50 0.24505
51 0.0241453
52 0.0020025
53 0.0068329
54 0.0210965
55 0.085188
56 0.833305
57 0.975859
58 0.840918
59 0.666293
60 0.989949
61 0.981684
62 0.825135
63 0.898891
64 0.954801
65 0.980421
66 0.998209
67 0.911526
68 0.842798
69 0.999983
70 0.999913
71 0.999961
72 0.999936
73 0.997883
74 0.999531
75 0.434547
76 0.345186
77 0.976966
78 0.606146
79 0.792454
80 0.80216
81 0.183485
82 0.278238
83 0.618094
84 0.649068
85 0.699328
86 0.252764
87 0.653137
88 0.821009
89 0.515474
90 0.547424
91 0.79135
92 0.439532
93 0.802412
94 0.36254
95 0.455876
96 0.817667
97 0.996979
98 0.976551
99 0.999632
100 0.979684
101 0.995179
102 0.999144
103 0.599058
104 0.113996
105 0.689526
106 0.157074
107 0.912301
108 0.563125
109 0.601903
110 0.641224
111 0.704609
112 0.0433222
113 0.645183
114 0.340321
115 0.0105985
116 0.0309373
117 0.158362
118 0.011976
119 0.190805
120 0.0555185
121 0.0145127
122 0.0629215
123 0.200307
124 0.714952
0 0.68633
1 0.240034
2 0.105882
3 0.105882
4 0.146524
5 0.545454
6 0.172727
7 0.0636364
8 0.1
9 0.2
10 0.172727
11 0
12 0.0513369
13 0.141177
14 0.141176
15 0.105882
16 0.105882
17 0.105882
18 0.0730838
19 0.0057041
20 0.545455
21 0.327273
22 0
23 0.6
24 0.6
25 0.545455
26 0
27 0
28 0.242424
29 0.266667
30 0.266667
31 0.187166
32 0.163636
33 0.145455
34 0.168271
35 0.993658
36 0.0628972
37 0.191702
38 0.999646
39 0.0556911
40 0.0446523
41 0.146159
42 0.00979888
43 0.0717686
44 0.062183
45 0.395049
46 0.0478516
47 0.039815
48 0.00817374
49 0.119149
50 0.137437
51 0.0984651
52 0.0162007
53 0.0525341
54 0.047829
55 0.0793609
56 0.177236
57 0.431995
58 0.583636
59 0.165625
60 0.838736
61 0.938025
62 0.648357
63 0.637746
64 0.742891
65 0.859809
66 0.991222
67 0.503487
68 0.458359
69 0.999187
70 0.998931
71 0.999264
72 0.998024
73 0.994654
74 0.996956
75 0.451781
76 0.403898
77 0.930037
78 0.810709
79 0.865516
80 0.737126
81 0.124345
82 0.517956
83 0.530892
84 0.617211
85 0.595085
86 0.656104
87 0.129836
88 0.290059
89 0.04457
90 0.252532
91 0.305876
92 0.141884
93 0.29559
94 0.0526666
95 0.153021
96 0.834093
97 0.996051
98 0.957465
99 0.997956
100 0.932726
101 0.977576
102 0.991734
103 0.335165
104 0.0644159
105 0.125365
106 0.129345
107 0.672033
108 0.18701
109 0.366393
110 0.195713
111 0.254588
112 0.179529
113 0.260595
114 0.563039
115 0.138875
116 0.093256
117 0.197512
118 0.126762
119 0.334997
120 0.329628
121 0.216243
122 0.10111
123 0.557748
124 0.534667
0 0.0685351
1 0.227517
2 0.118182
3 0
4 0
5 0
6 0
7 0
8 0
9 0
10 0
11 0
12 0
13 0
14 0
15 0.436364
16 0
17 0
18 0
19 0
20 0
21 0
22 0
23 0
24 0
25 0
26 0
27 0
28 0
29 0
30 0
31 0.0363636
32 0
33 0
34 0
35 0.789596
36 0.0272671
37 0.007884
38 0.979688
39 0.00102428
40 0.00147952
41 0.132406
42 0.00068572
43 0.000294027
44 0.00188441
45 0.006177
46 0.000265468
47 0.000813143
48 0.000152884
49 0.00220082
50 0.00298558
51 0.00412104
52 0.00377704
53 0.00158401
54 0.00233581
55 0.0025871
56 0.206721
57 0.284885
58 0.707207
59 0.244469
60 0.945279
61 0.378965
62 0.347649
63 0.481807
64 0.266007
65 0.566198
66 0.806256
67 0.14504
68 0.197343
69 0.976191
70 0.946306
71 0.993076
72 0.969481
73 0.929377
74 0.935086
75 0.211011
76 0.0879855
77 0.343016
78 0.120123
79 0.321221
80 0.291958
81 0.0346641
82 0.0469133
83 0.0228305
84 0.0311652
85 0.249054
86 0.0911485
87 0.00560388
88 0.0116574
89 0.0309037
90 0.0106634
91 0.0113476
92 0.015231
93 0.0334871
94 0.0186933
95 0.00709517
96 0.174676
97 0.652965
98 0.137733
99 0.830974
100 0.0790983
101 0.333429
102 0.807446
103 0.152603
104 0.0344568
105 0.0891206
106 0.0249924
107 0.174016
108 0.0326652
109 0.224374
110 0.135311
111 0.0594923
112 0.0159804
113 0.0653401
114 0.22269
115 0.0840218
116 0.0241542
117 0.229449
118 0.0541567
119 0.0472007
120 0.0572243
121 0.0172715
122 0.0102326
123 0.163269
124 0.0699169
0 0.585761
1 0.217012
2 0
3 0
4 0
5 0
6 0
7 0
8 0
9 0.154724
10 0.486274
11 0.486274
12 0.486275
13 0.486275
14 0.486274
15 0
16 0
17 0
18 0
19 0
20 0
21 0
22 0
23 0
24 0.145455
25 0.266667
26 0.266667
27 0.266667
28 0.266667
29 0.266667
30 0.266667
31 0
32 0
33 0.559002
34 0.878431
35 0.994624
36 0.930974
37 0.0413621
38 0.999762
39 0.0191804
40 0.22221
41 0.154893
42 0.0110783
43 0.00552187
44 0.0156449
45 0.0350168
46 0.00544565
47 0.00897345
48 0.0019619
49 0.0322351
50 0.0475842
51 0.00249831
52 0.000878908
53 0.00389062
54 0.000592402
55 0.00128548
56 0.945955
57 0.971133
58 0.986703
59 0.926092
60 0.998432
61 0.65682
62 0.601324
63 0.524931
64 0.800607
65 0.890557
66 0.962084
67 0.401263
68 0.824772
69 0.995351
70 0.986201
71 0.99708
72 0.990158
73 0.947057
74 0.987817
75 0.923238
76 0.903157
77 0.93822
78 0.823534
79 0.894017
80 0.878289
81 0.556736
82 0.891385
83 0.691882
84 0.748362
85 0.992521
86 0.96498
87 0.468106
88 0.483304
89 0.611908
90 0.655899
91 0.578629
92 0.548444
93 0.886809
94 0.675593
95 0.549653
96 0.163454
97 0.636464
98 0.0943538
99 0.767736
100 0.209517
101 0.659706
102 0.857293
103 0.909257
104 0.44541
105 0.886607
106 0.649537
107 0.880844
108 0.633968
109 0.414663
110 0.86977
111 0.823152
112 0.337558
113 0.847278
114 0.157689
115 0.0830945
116 0.107083
117 0.424324
118 0.0349131
119 0.0821116
120 0.175267
121 0.0778614
122 0.0466511
123 0.311545
124 0.491928
0 0.0479968
1 0.207171
2 0.150802
3 0.368627
4 0.368627
5 0.368627
6 0.368627
7 0.368628
8 0.368627
9 0.368627
10 0.368627
11 0.368627
12 0.588236
13 0.221034
14 0
15 0.0727273
16 0.266667
17 0.266667
18 0.266667
19 0.266667
20 0.266667
21 0.266667
22 0.266667
23 0.266667
24 0.266667
25 0.266667
26 0.266667
27 0.266667
28 0.731551
29 0
30 0
31 0.53262
32 0.65098
33 0.65098
34 0.354367
35 0.988145
36 0.745331
37 0.032662
38 0.999882
39 0.23004
40 0.105251
41 0.237105
42 0.218766
43 0.759266
44 0.947676
45 0.885931
46 0.061839
47 0.248161
48 0.141749
49 0.752333
50 0.585311
51 0.0484198
52 0.0112058
53 0.0693324
54 0.00892022
55 0.033349
56 0.883004
57 0.994344
58 0.959784
59 0.89861
60 0.998631
61 0.962186
62 0.912488
63 0.975968
64 0.98937
65 0.990969
66 0.996002
67 0.916416
68 0.991387
69 0.999983
70 0.999899
71 0.999981
72 0.999898
73 0.999427
74 0.999736
75 0.538821
76 0.84025
77 0.983534
78 0.773648
79 0.823753
80 0.841802
81 0.679842
82 0.69182
83 0.502052
84 0.614366
85 0.971762
86 0.661072
87 0.3323
88 0.926734
89 0.306116
90 0.860067
91 0.871229
92 0.699342
93 0.935851
94 0.412731
95 0.591684
96 0.246205
97 0.974974
98 0.884027
99 0.99923
100 0.821519
101 0.936716
102 0.963886
103 0.911227
104 0.210354
105 0.897325
106 0.637585
107 0.931571
108 0.790068
109 0.526563
110 0.654947
111 0.824965
112 0.0831107
113 0.750648
114 0.659213
115 0.204622
116 0.416632
117 0.57585
118 0.0833898
119 0.227511
120 0.281607
121 0.0974409
122 0.10267
123 0.417693
124 0.80481
0 0.209843
1 0.197302
2 0.584314
3 0.584314
4 0.219964
5 0.0117647
6 0.0117647
7 0.0117647
8 0.0117647
9 0.0117647
10 0.0117647
11 0.0117647
12 0.0117647
13 0.105704
14 0.133333
15 0.266667
16 0.266667
17 0.253476
18 0.121569
19 0.121569
20 0.121569
21 0.121569
22 0.121569
23 0.121569
24 0.121569
25 0.121569
26 0.121569
27 0.121569
28 0.111586
29 0.0666667
30 0.0666667
31 0.312299
32 0.956863
33 0.956863
34 0.837077
35 0.999719
36 0.596319
37 0.0043779
38 0.999986
39 0.144037
40 0.34212
41 0.30146
42 0.172809
43 0.0841022
44 0.169153
45 0.877102
46 0.00735196
47 0.0111824
48 0.00118833
49 0.0458015
50 0.317218
51 0.0121486
52 0.000665647
53 0.00314585
54 0.00834043
55 0.00879608
56 0.995949
57 0.999332
58 0.981565
59 0.97645
60 0.998798
61 0.99209
62 0.979303
63 0.482075
64 0.961171
65 0.992991
66 0.997857
67 0.909392
68 0.967473
69 0.999994
70 0.999985
71 0.999985
72 0.99999
73 0.999033
74 0.999869
75 0.671073
76 0.718327
77 0.726499
78 0.523069
79 0.466766
80 0.426466
81 0.277642
82 0.570961
83 0.530535
84 0.267527
85 0.922394
86 0.269437
87 0.94771
88 0.860422
89 0.532802
90 0.661863
91 0.981448
92 0.946428
93 0.904735
94 0.534366
95 0.63297
96 0.865806
97 0.989705
98 0.944
99 0.99936
100 0.965723
101 0.984724
102 0.976634
103 0.800071
104 0.282926
105 0.970872
106 0.273513
107 0.993878
108 0.264083
109 0.238351
110 0.906797
111 0.862135
112 0.609886
113 0.819965
114 0.678981
115 0.054526
116 0.201448
117 0.176021
118 0.0047096
119 0.354955
120 0.0568925
121 0.0333669
122 0.0166264
123 0.28236
124 0.760389
0 0.300429
1 0.190067
2 0.0117647
3 0.231907
4 0.980392
5 0.980392
6 0.980392
7 0.370767
8 0.0862745
9 0.0862745
10 0.101783
11 0.2
12 0.2
13 0.227095
14 0.349019
15 0.121569
16 0.121569
17 0.824242
18 0.980392
19 0.980392
20 0.980392
21 0.565062
22 0.0666667
23 0.0666667
24 0.0666667
25 0.115152
26 0.6
27 0.6
28 0.6
29 0.441355
30 0.25098
31 0.965419
32 0.911943
33 0.63066
34 0.181462
35 0.999789
36 0.682105
37 0.0768933
38 0.99999
39 0.0566357
40 0.710441
41 0.307954
42 0.00939694
43 0.0192691
44 0.425917
45 0.831658
46 0.0953839
47 0.101753
48 0.00515678
49 0.212053
50 0.454258
51 0.00712058
52 0.00111526
53 0.00236237
54 0.00156299
55 0.0118835
56 0.935534
57 0.996984
58 0.943988
59 0.959557
60 0.998672
61 0.982118
62 0.968675
63 0.830808
64 0.956477
65 0.98485
66 0.997299
67 0.871596
68 0.959272
69 0.999951
70 0.999928
71 0.999975
72 0.999978
73 0.999341
74 0.99976
75 0.904278
76 0.785669
77 0.968337
78 0.82802
79 0.923183
80 0.949004
81 0.397751
82 0.357811
83 0.845487
84 0.883637
85 0.924091
86 0.818388
87 0.955835
88 0.957951
89 0.944466
90 0.965695
91 0.985097
92 0.894169
93 0.977755
94 0.884193
95 0.792028
96 0.586185
97 0.996591
98 0.956373
99 0.999857
100 0.912695
101 0.99236
102 0.99517
103 0.910021
104 0.639737
105 0.943192
106 0.516884
107 0.993178
108 0.693939
109 0.871651
110 0.920186
111 0.914387
112 0.329587
113 0.873572
114 0.373474
115 0.0346294
116 0.0789858
117 0.453458
118 0.0167195
119 0.297888
120 0.0548825
121 0.0217587
122 0.0579662
123 0.358178
124 0.803357
0 0.179081
1 0.182891
2 0.145098
3 0.145098
4 0.144385
5 0.161497
6 0.2
7 0.213547
8 0.34902
9 0.301604
10 0.2
11 0.2
12 0.2
13 0.2
14 0.2
15 0.0666667
16 0.0666667
17 0.0666667
18 0.142246
19 0.48164
20 0.6
21 0.6
22 0.346168
23 0.25098
24 0.441355
25 0.6
26 0.6
27 0.6
28 0.6
29 0.6
30 0.6
31 0.814617
32 0.263458
33 0.181462
34 0.2
35 0.999735
36 0.738261
37 0.0543648
38 0.999984
39 0.391076
40 0.435863
41 0.330811
42 0.0361662
43 0.544777
44 0.75131
45 0.905409
46 0.286282
47 0.280154
48 0.0184373
49 0.523608
50 0.520884
51 0.00882596
52 0.00250561
53 0.0147387
54 0.0100345
55 0.015387
56 0.954097
57 0.997772
58 0.96813
59 0.87565
60 0.996593
61 0.99413
62 0.875365
63 0.9144
64 0.937109
65 0.99592
66 0.999339
67 0.951665
68 0.986973
69 0.999997
70 0.99999
71 0.999996
72 0.999997
73 0.999888
74 0.999895
75 0.453
76 0.698415
77 0.9738
78 0.817301
79 0.717694
80 0.844986
81 0.341804
82 0.415651
83 0.752643
84 0.743639
85 0.956308
86 0.578882
87 0.911099
88 0.975116
89 0.728132
90 0.958585
91 0.987567
92 0.896297
93 0.981203
94 0.70187
95 0.928582
96 0.708584
97 0.996941
98 0.992979
99 0.999762
100 0.987258
101 0.980563
102 0.995225
103 0.94604
104 0.336049
105 0.947541
106 0.707097
107 0.992161
108 0.862391
109 0.517477
110 0.926253
111 0.966972
112 0.51772
113 0.74837
114 0.564663
115 0.0576875
116 0.139297
117 0.341386
118 0.0172819
119 0.36838
120 0.247666
121 0.0681861
122 0.031192
123 0.600872
124 0.797585
0 0.162841
1 0.175729
2 0.288057
3 0.2
4 0.2
5 0.2
6 0.314438
7 0.564706
8 0.0156863
9 0.0156863
10 0.0156863
11 0.0156863
12 0.0798575
13 0.192157
14 0.192157
15 0.346168
16 0.6
17 0.6
18 0.6
19 0.6
20 0.603565
21 0.619608
22 0.411408
23 0.333333
24 0.333333
25 0.333333
26 0.333333
27 0.333333
28 0.14082
29 0.121569
30 0.121569
31 0.190731
32 0.498039
33 1
34 0.398217
35 0.99983
36 0.690859
37 0.112402
38 0.999989
39 0.1257
40 0.379158
41 0.452335
42 0.055035
43 0.133009
44 0.743487
45 0.837837
46 0.0425804
47 0.224554
48 0.0300972
49 0.471622
50 0.840117
51 0.0648737
52 0.0173985
53 0.0377238
54 0.0195793
55 0.135422
56 0.960582
57 0.998463
58 0.912407
59 0.877121
60 0.997809
61 0.99376
62 0.898796
63 0.917463
64 0.977067
65 0.992868
66 0.998658
67 0.97197
68 0.97179
69 0.999994
70 0.999993
71 0.999994
72 0.999988
73 0.999711
74 0.999845
75 0.633667
76 0.767508
77 0.973154
78 0.914475
79 0.799825
80 0.857947
81 0.196603
82 0.387151
83 0.770219
84 0.345618
85 0.957136
86 0.334486
87 0.84703
88 0.926854
89 0.620951
90 0.860759
91 0.987564
92 0.915404
93 0.951126
94 0.651134
95 0.786291
96 0.849445
97 0.998825
98 0.977099
99 0.999901
100 0.989996
101 0.996221
102 0.997389
103 0.944871
104 0.499208
105 0.941385
106 0.788753
107 0.986129
108 0.480908
109 0.583274
110 0.8745
111 0.95763
112 0.520882
113 0.725277
114 0.853701
115 0.0901161
116 0.588189
117 0.396206
118 0.0601199
119 0.600029
120 0.283341
121 0.106503
122 0.0981413
123 0.597826
124 0.780539
0 0.937527
1 0.188313
2 0.353119
3 0.00784314
4 0.00784314
5 0.00784314
6 0.00784314
7 0.00784314
8 0.00784314
9 0.218182
10 0.057754
11 0.2
12 0.342246
13 0.34902
14 0.14278
15 0.521569
16 0.333333
17 0.333333
18 0.333333
19 0.333333
20 0.333333
21 0.333333
22 0.333333
23 0.310873
24 0.287344
25 0.343316
26 0.6
27 0.377897
28 0.25098
29 0.25098
30 0.0684492
31 0.925847
32 1
33 0.611408
34 0.12656
35 0.999422
36 0.145459
37 0.149605
38 0.99997
39 0.0335546
40 0.0630525
41 0.225459
42 0.00586097
43 0.0671145
44 0.441083
45 0.478526
46 0.0465294
47 0.0859719
48 0.00279047
49 0.229087
50 0.503437
51 0.028207
52 0.00495344
53 0.0166807
54 0.0207878
55 0.0818166
56 0.876397
57 0.992935
58 0.913119
59 0.808188
60 0.996281
61 0.987977
62 0.712209
63 0.905499
64 0.952891
65 0.986778
66 0.998223
67 0.926553
68 0.971665
69 0.999986
70 0.999967
71 0.999982
72 0.999977
73 0.999549
74 0.999705
75 0.268708
76 0.209789
77 0.962108
78 0.811825
79 0.703188
80 0.778584
81 0.226033
82 0.238652
83 0.577108
84 0.543651
85 0.945036
86 0.242344
87 0.672899
88 0.824009
89 0.507616
90 0.750913
91 0.940529
92 0.744222
93 0.905524
94 0.414347
95 0.71431
96 0.824603
97 0.997463
98 0.987715
99 0.999805
100 0.984189
101 0.986841
102 0.998949
103 0.805421
104 0.0994792
105 0.734657
106 0.331312
107 0.963801
108 0.609448
109 0.527843
110 0.545106
111 0.929059
112 0.164119
113 0.672498
114 0.312073
115 0.0174383
116 0.119297
117 0.171606
118 0.00718152
119 0.227101
120 0.0873643
121 0.0670961
122 0.0627393
123 0.591764
124 0.663407
0 0.80863
1 0.181248
2 0.2
3 0.154545
4 0.00124778
5 0.027451
6 0.176471
7 0.283066
8 0.34902
9 0.316577
10 0.121569
11 0.0745098
12 0.0745098
13 0.0745098
14 0.0745098
15 0.6
16 0.6
17 0.157219
18 0.152941
19 0.317647
20 0.574332
21 0.471658
22 0.269162
23 0.25098
24 0.193226
25 0.125847
26 0.121569
27 0.121569
28 0.121569
29 0.121569
30 0.121569
31 0.557932
32 0.545811
33 0.472371
34 0.560784
35 0.999393
36 0.150458
37 0.164161
38 0.999956
39 0.040579
40 0.0776915
41 0.201445
42 0.0375312
43 0.0816279
44 0.348259
45 0.783091
46 0.0479061
47 0.0497464
48 0.0100347
49 0.220941
50 0.288281
51 0.0626417
52 0.0179527
53 0.027886
54 0.0272233
55 0.0661275
56 0.852567
57 0.972085
58 0.850405
59 0.677716
60 0.989204
61 0.984467
62 0.82335
63 0.817135
64 0.955078
65 0.959242
66 0.995458
67 0.818506
68 0.844669
69 0.999909
70 0.999877
71 0.999956
72 0.999788
73 0.998332
74 0.999186
75 0.441563
76 0.412927
77 0.922923
78 0.701953
79 0.784246
80 0.657109
81 0.218544
82 0.474946
83 0.498868
84 0.500917
85 0.856415
86 0.524836
87 0.446673
88 0.49265
89 0.28616
90 0.413785
91 0.782595
92 0.408637
93 0.607594
94 0.13984
95 0.410266
96 0.873173
97 0.998345
98 0.931135
99 0.999636
100 0.944549
101 0.992355
102 0.996747
103 0.66208
104 0.208493
105 0.466929
106 0.564121
107 0.909243
108 0.325178
109 0.441382
110 0.598438
111 0.679907
112 0.205357
113 0.57064
114 0.702849
115 0.127353
116 0.163762
117 0.312428
118 0.0910171
119 0.265092
120 0.209958
121 0.136984
122 0.0745051
123 0.610566
124 0.483583
0 0.822698
1 0.174166
2 0.215686
3 0.215686
4 0.14082
5 0.0980392
6 0.0734403
7 0.0693405
8 0.0980392
9 0.0980392
10 0.0980392
11 0.0980392
12 0.0980393
13 0.0980393
14 0.0980392
15 0.145098
16 0.145098
17 0.145098
18 0.145098
19 0.145098
20 0.120143
21 0.0595365
22 0.121569
23 0.121569
24 0.121569
25 0.121569
26 0.121569
27 0.121569
28 0.121569
29 0.121569
30 0.121569
31 0.82246
32 0.610695
33 0.572549
34 0.572549
35 0.995079
36 0.0759342
37 0.14098
38 0.999844
39 0.0131255
40 0.0162321
41 0.333762
42 0.0102273
43 0.00722885
44 0.0585267
45 0.265909
46 0.0068302
47 0.00911504
48 0.00129005
49 0.0264916
50 0.082586
51 0.0126031
52 0.00663378
53 0.0233867
54 0.00727917
55 0.0226962
56 0.733219
57 0.944513
58 0.843539
59 0.59667
60 0.98971
61 0.930874
62 0.730999
63 0.680576
64 0.910455
65 0.961852
66 0.986931
67 0.676189
68 0.723391
69 0.999448
70 0.999316
71 0.999757
72 0.999253
73 0.994994
74 0.997673
75 0.339213
76 0.398127
77 0.774501
78 0.403102
79 0.540393
80 0.531421
81 0.113644
82 0.327769
83 0.19105
84 0.303992
85 0.763556
86 0.422377
87 0.0686512
88 0.192525
89 0.177655
90 0.22894
91 0.34948
92 0.149661
93 0.389084
94 0.0854377
95 0.137586
96 0.707169
97 0.98778
98 0.759965
99 0.997966
100 0.787966
101 0.950852
102 0.987828
103 0.377921
104 0.0683127
105 0.343374
106 0.173694
107 0.780917
108 0.182911
109 0.299638
110 0.377072
111 0.569858
112 0.058897
113 0.356087
114 0.545192
115 0.0703322
116 0.0947262
117 0.357345
118 0.0398753
119 0.128853
120 0.136569
121 0.0805863
122 0.0372815
123 0.485618
124 0.37778
0 0.127261
1 0.16532
2 0.0745098
3 0.154724
4 0.172549
5 0.172549
6 0.172549
7 0.172549
8 0.172549
9 0.172549
10 0.172549
11 0.172549
12 0.172549
13 0.172549
14 0.172549
15 0.0431373
16 0.085918
17 0.121569
18 0.121569
19 0.121569
20 0.121569
21 0.121569
22 0.121569
23 0.121569
24 0.121569
25 0.121569
26 0.121569
27 0.121569
28 0.121569
29 0.121569
30 0.121569
31 0.807843
32 0.698039
33 0.698039
34 0.698039
35 0.991817
36 0.209257
37 0.106244
38 0.999719
39 0.00500886
40 0.0222824
41 0.153125
42 0.00343178
43 0.00257457
44 0.0132571
45 0.0391782
46 0.00104038
47 0.00419171
48 0.000151824
49 0.00633965
50 0.0304813
51 0.0019993
52 0.00154926
53 0.00301589
54 0.000655609
55 0.00125785
56 0.73015
57 0.893498
58 0.909075
59 0.653155
60 0.995705
61 0.652746
62 0.501144
63 0.421594
64 0.745825
65 0.879547
66 0.961585
67 0.267831
68 0.384135
69 0.995931
70 0.990248
71 0.998493
72 0.992562
73 0.94847
74 0.984387
75 0.577656
76 0.50427
77 0.855077
78 0.38823
79 0.622397
80 0.531641
81 0.199578
82 0.309676
83 0.249942
84 0.381072
85 0.852431
86 0.539147
87 0.0559031
88 0.074617
89 0.222436
90 0.252208
91 0.165799
92 0.0729239
93 0.419744
94 0.116459
95 0.0815698
96 0.278208
97 0.93587
98 0.368909
99 0.986029
100 0.365989
101 0.835918
102 0.920399
103 0.563803
104 0.0932785
105 0.490144
106 0.210715
107 0.767024
108 0.228321
109 0.25962
110 0.425372
111 0.425421
112 0.0699019
113 0.408629
114 0.184903
115 0.0315738
116 0.0280695
117 0.176364
118 0.0168036
119 0.0392823
120 0.0503535
121 0.0321811
122 0.0119731
123 0.166483
124 0.19011
0 0.293877
1 0.158541
2 0.376471
3 0.376471
4 0.376471
5 0.376471
6 0.376471
7 0.376471
8 0.376471
9 0.376471
10 0.376471
11 0.376471
12 0.376471
13 0.622995
14 0.419608
15 0.121569
16 0.121569
17 0.121569
18 0.121569
19 0.121569
20 0.121569
21 0.121569
22 0.121569
23 0.121569
24 0.121569
25 0.121569
26 0.121569
27 0.121569
28 0.241355
29 0.432799
30 0.0156863
31 0.658824
32 0.658824
33 0.658824
34 0.760784
35 0.989708
36 0.451217
37 0.0925599
38 0.999707
39 0.0167683
40 0.0425196
41 0.112284
42 0.0413331
43 0.0244835
44 0.156415
45 0.257568
46 0.00786547
47 0.0465564
48 0.00806092
49 0.0384255
50 0.0790007
51 0.00673933
52 0.00338062
53 0.00668415
54 0.00166293
55 0.00217815
56 0.767968
57 0.926721
58 0.964518
59 0.791748
60 0.997387
61 0.6661
62 0.414869
63 0.610198
64 0.879633
65 0.842826
66 0.968927
67 0.430705
68 0.723319
69 0.998873
70 0.995115
71 0.999448
72 0.99383
73 0.945214
74 0.986638
75 0.669809
76 0.552859
77 0.957772
78 0.672307
79 0.842104
80 0.637361
81 0.477781
82 0.51976
83 0.275079
84 0.727952
85 0.951905
86 0.676265
87 0.0949527
88 0.164173
89 0.134552
90 0.13922
91 0.209633
92 0.111488
93 0.397853
94 0.130085
95 0.0996665
96 0.304822
97 0.950289
98 0.301968
99 0.991902
100 0.386797
101 0.76223
102 0.92206
103 0.611541
104 0.289948
105 0.534427
106 0.397984
107 0.844954
108 0.400193
109 0.521489
110 0.589803
111 0.524199
112 0.141422
113 0.605379
114 0.464156
115 0.160435
116 0.151106
117 0.42093
118 0.0975619
119 0.137967
120 0.249204
121 0.068133
122 0.0382568
123 0.356184
124 0.38504
0 0.966217
1 0.151655
2 0.254902
3 0.254902
4 0.254902
5 0.254902
6 0.254902
7 0.254902
8 0.254902
9 0.254902
10 0.254902
11 0.312656
12 0.360784
13 0.360784
14 0.360784
15 0.121569
16 0.121569
17 0.121569
18 0.121569
19 0.121569
20 0.121569
21 0.121569
22 0.121569
23 0.121569
24 0.121569
25 0.121569
26 0.083066
27 0.0156863
28 0.0156863
29 0.0156863
30 0.0156863
31 0.588235
32 0.588235
33 0.616043
34 0.894118
35 0.966787
36 0.154795
37 0.196905
38 0.999762
39 0.0134797
40 0.00654471
41 0.285886
42 0.0599879
43 0.0409253
44 0.184912
45 0.29587
46 0.00788811
47 0.043489
48 0.00510621
49 0.0394779
50 0.116789
51 0.0122328
52 0.00809917
53 0.0302084
54 0.00383138
55 0.0070646
56 0.579596
57 0.934661
58 0.923055
59 0.767786
60 0.997481
61 0.764509
62 0.588597
63 0.7395
64 0.888854
65 0.962957
66 0.986341
67 0.675791
68 0.875669
69 0.999433
70 0.997606
71 0.999647
72 0.996361
73 0.985389
74 0.994303
75 0.426838
76 0.665689
77 0.93108
78 0.672377
79 0.664985
80 0.508237
81 0.180297
82 0.342898
83 0.14717
84 0.355409
85 0.926352
86 0.419363
87 0.024139
88 0.0840121
89 0.0405817
90 0.124797
91 0.096916
92 0.099614
93 0.479275
94 0.0738523
95 0.0596055
96 0.386278
97 0.943429
98 0.465919
99 0.992485
100 0.455828
101 0.695335
102 0.950001
103 0.569204
104 0.157125
105 0.509368
106 0.290236
107 0.748692
108 0.248062
109 0.228578
110 0.258666
111 0.536252
112 0.0403958
113 0.402295
114 0.575222
115 0.156713
116 0.364102
117 0.500605
118 0.0714383
119 0.114337
120 0.229532
121 0.0388317
122 0.0256029
123 0.331723
124 0.40005
0 0.237884
1 0.144815
2 0.0235294
3 0.0235294
4 0.0235294
5 0.0235294
6 0.257219
7 0.294118
8 0.294118
9 0.294118
10 0.294118
11 0.294118
12 0.294118
13 0.294118
14 0.294117
15 0.121569
16 0.121569
17 0.121569
18 0.121569
19 0.121569
20 0.0253119
21 0.0156863
22 0.0156863
23 0.0156863
24 0.0156863
25 0.0156863
26 0.0156863
27 0.0156863
28 0.0156863
29 0.0156863
30 0.0156863
31 0.658824
32 0.824242
33 0.886275
34 0.886275
35 0.979952
36 0.207052
37 0.0373417
38 0.99964
39 0.0207828
40 0.0272925
41 0.125267
42 0.00419
43 0.00424956
44 0.00714212
45 0.0488817
46 0.001682
47 0.00612195
48 0.000935663
49 0.0103959
50 0.0274675
51 0.00855539
52 0.00295555
53 0.00450069
54 0.00342998
55 0.00462401
56 0.494009
57 0.73221
58 0.836342
59 0.465974
60 0.987129
61 0.463197
62 0.432897
63 0.336808
64 0.542055
65 0.65349
66 0.942779
67 0.36972
68 0.441103
69 0.995024
70 0.982048
71 0.995443
72 0.9817
73 0.902661
74 0.976541
75 0.484401
76 0.364528
77 0.871184
78 0.58993
79 0.684411
80 0.598919
81 0.204102
82 0.253916
83 0.469502
84 0.409656
85 0.741788
86 0.515399
87 0.0223345
88 0.0346168
89 0.0356867
90 0.0643857
91 0.0461926
92 0.0400546
93 0.138914
94 0.0499645
95 0.0303349
96 0.279094
97 0.937725
98 0.421986
99 0.987587
100 0.436888
101 0.756273
102 0.935642
103 0.262834
104 0.0922721
105 0.212142
106 0.0620894
107 0.443941
108 0.231634
109 0.225914
110 0.270711
111 0.216264
112 0.0404271
113 0.251449
114 0.354232
115 0.0637235
116 0.0964589
117 0.243933
118 0.0526595
119 0.137792
120 0.167914
121 0.0663699
122 0.0360877
123 0.215019
124 0.306988
0 0.439289
1 0.137902
2 0.121569
3 0.121569
4 0.121569
5 0.121569
6 0.121569
7 0.121569
8 0.121569
9 0.121569
10 0.121569
11 0.121569
12 0.121569
13 0.121569
14 0.121569
15 0.121569
16 0.121569
17 0.121569
18 0.121569
19 0.121569
20 0.121569
21 0.121569
22 0.121569
23 0.121569
24 0.121569
25 0.121569
26 0.121569
27 0.121569
28 0.121569
29 0.121569
30 0.121569
31 0.235294
32 0.235294
33 0.235294
34 0.235294
35 0.975945
36 0.601335
37 0.0225647
38 0.99943
39 0.0290083
40 0.0189774
41 0.123969
42 0.0142138
43 0.0074262
44 0.0122803
45 0.0772712
46 0.00316628
47 0.00654236
48 0.00667369
49 0.0173728
50 0.017448
51 0.00923083
52 0.00395283
53 0.00786535
54 0.00299475
55 0.00199344
56 0.488206
57 0.756437
58 0.885411
59 0.454991
60 0.988044
61 0.625711
62 0.368935
63 0.366166
64 0.671703
65 0.58057
66 0.899931
67 0.318371
68 0.565446
69 0.99423
70 0.979788
71 0.994904
72 0.976504
73 0.912868
74 0.980782
75 0.444469
76 0.360094
77 0.74132
78 0.424274
79 0.625231
80 0.433544
81 0.235219
82 0.329583
83 0.220966
84 0.23857
85 0.709553
86 0.573195
87 0.0117711
88 0.0196145
89 0.0418611
90 0.0564408
91 0.0361111
92 0.0513191
93 0.222119
94 0.0738163
95 0.0304502
96 0.183954
97 0.790183
98 0.169228
99 0.946541
100 0.174545
101 0.358904
102 0.765099
103 0.40019
104 0.140599
105 0.323484
106 0.129461
107 0.339057
108 0.180524
109 0.269212
110 0.280722
111 0.321824
112 0.0680359
113 0.331356
114 0.449051
115 0.171532
116 0.230685
117 0.426399
118 0.133619
119 0.201771
120 0.228366
121 0.0918609
122 0.0600849
123 0.31876
124 0.360715
0 0.270692
1 0.131331
2 0.00784314
3 0.00784314
4 0.00784314
5 0.00784314
6 0.00784314
7 0.00784314
8 0.00784314
9 0.00784314
10 0.00784314
11 0.00784314
12 0.00784314
13 0.00784314
14 0.00784313
15 0.121569
16 0.121569
17 0.121569
18 0.121569
19 0.121569
20 0.121569
21 0.121569
22 0.121569
23 0.121569
24 0.121569
25 0.121569
26 0.121569
27 0.121569
28 0.121569
29 0.121569
30 0.121569
31 0.529412
32 0.529412
33 0.529412
34 0.529412
35 0.994686
36 0.934299
37 0.00259089
38 0.999932
39 0.0293953
40 0.415624
41 0.0573715
42 0.000261025
43 0.00184542
44 0.00567457
45 0.00807931
46 0.000453486
47 0.000913749
48 7.6512e-05
49 0.00797469
50 0.0121973
51 6.84413e-05
52 2.25562e-05
53 5.19378e-05
54 1.40677e-05
55 1.95791e-05
56 0.995078
57 0.998405
58 0.997295
59 0.982827
60 0.999842
61 0.821218
62 0.499779
63 0.391778
64 0.610968
65 0.886121
66 0.98732
67 0.496706
68 0.896087
69 0.999405
70 0.993596
71 0.999615
72 0.997249
73 0.958039
74 0.98649
75 0.866317
76 0.715349
77 0.954871
78 0.672454
79 0.817807
80 0.623671
81 0.291927
82 0.591586
83 0.734698
84 0.872401
85 0.99214
86 0.786721
87 0.612361
88 0.535558
89 0.774424
90 0.872835
91 0.69923
92 0.668734
93 0.930199
94 0.842153
95 0.750961
96 0.0315404
97 0.415445
98 0.0946387
99 0.82761
100 0.15656
101 0.271036
102 0.658335
103 0.930408
104 0.456563
105 0.978696
106 0.442949
107 0.968667
108 0.693624
109 0.199119
110 0.867753
111 0.913746
112 0.139737
113 0.726722
114 0.0115948
115 0.00424887
116 0.0125018
117 0.0415298
118 0.000704904
119 0.0124147
120 0.034766
121 0.00520671
122 0.00295447
123 0.101613
124 0.344424
0 0.103882
1 0.119527
2 0.603922
3 0.603922
4 0.603922
5 0.603921
6 0.603921
7 0.603922
8 0.603921
9 0.603921
10 0.603921
11 0.603921
12 0.603922
13 0.167558
14 0.0392157
15 0.603922
16 0.603922
17 0.603922
18 0.603922
19 0.603922
20 0.603922
21 0.603922
22 0.603922
23 0.603922
24 0.603922
25 0.603922
26 0.603922
27 0.603922
28 0.516221
29 0.121569
30 0.121569
31 0.603922
32 0.603922
33 0.603922
34 0.381462
35 0.998232
36 0.131727
37 0.936051
38 0.99997
39 0.0102729
40 0.380763
41 0.236343
42 0.226915
43 0.72656
44 0.99583
45 0.961281
46 0.266275
47 0.681085
48 0.0112834
49 0.819404
50 0.932719
51 0.0110287
52 0.00713823
53 0.0285004
54 0.00199779
55 0.01301
56 0.994343
57 0.999701
58 0.998489
59 0.998529
60 0.999922
61 0.971787
62 0.96343
63 0.939826
64 0.983315
65 0.999587
66 0.999742
67 0.896039
68 0.99251
69 0.999996
70 0.999954
71 0.999998
72 0.999947
73 0.997712
74 0.999519
75 0.766551
76 0.949664
77 0.996289
78 0.617192
79 0.92619
80 0.495811
81 0.474674
82 0.889483
83 0.443509
84 0.915134
85 0.998369
86 0.673809
87 0.959335
88 0.962911
89 0.818821
90 0.958236
91 0.975333
92 0.933794
93 0.991906
94 0.840696
95 0.981001
96 0.402976
97 0.993121
98 0.922437
99 0.999668
100 0.870883
101 0.986714
102 0.994418
103 0.952851
104 0.749286
105 0.977215
106 0.978412
107 0.998793
108 0.910759
109 0.706798
110 0.803524
111 0.770397
112 0.154275
113 0.939231
114 0.155652
115 0.101586
116 0.160477
117 0.454839
118 0.0242677
119 0.0385664
120 0.0432676
121 0.00697475
122 0.00656708
123 0.194193
124 0.517399
0 0.64401
1 0.107792
2 1
3 1
4 1
5 1
6 1
7 1
8 1
9 1
10 1
11 1
12 1
13 0.883066
14 0.356862
15 0.0156863
16 0.0156863
17 0.0156863
18 0.0156863
19 0.0156863
20 0.0156863
21 0.0156863
22 0.0156863
23 0.0156863
24 0.0156863
25 0.0156863
26 0.0156863
27 0.0156863
28 0.0156863
29 0.170766
30 0.356863
31 1
32 1
33 1
34 0.766132
35 0.999792
36 0.0162481
37 0.961709
38 0.999991
39 0.0389249
40 0.247513
41 0.904113
42 0.0874124
43 0.26599
44 0.909153
45 0.942912
46 0.364098
47 0.0621515
48 0.000652586
49 0.354938
50 0.864543
51 0.373345
52 0.0789872
53 0.231811
54 0.108878
55 0.551864
56 0.993199
57 0.999689
58 0.990482
59 0.992393
60 0.999778
61 0.995569
62 0.986754
63 0.977971
64 0.985517
65 0.999828
66 0.999931
67 0.911543
68 0.958872
69 0.999997
70 0.999991
71 0.999995
72 0.99999
73 0.999477
74 0.999956
75 0.728264
76 0.741616
77 0.94667
78 0.241365
79 0.567318
80 0.30455
81 0.0411857
82 0.607671
83 0.704054
84 0.440947
85 0.958113
86 0.706452
87 0.988775
88 0.994133
89 0.912418
90 0.98201
91 0.997164
92 0.973968
93 0.925496
94 0.588145
95 0.879242
96 0.938773
97 0.998582
98 0.994406
99 0.999671
100 0.996357
101 0.998503
102 0.999588
103 0.956467
104 0.600633
105 0.942761
106 0.979489
107 0.998607
108 0.756988
109 0.520159
110 0.820259
111 0.699222
112 0.305919
113 0.909726
114 0.670868
115 0.43223
116 0.499204
117 0.810298
118 0.140827
119 0.0629961
120 0.40978
121 0.11318
122 0.0270614
123 0.633385
124 0.524718
0 0.184802
1 0.0943629
2 1
3 1
4 1
5 1
6 1
7 1
8 1
9 1
10 1
11 0.668449
12 0.392157
13 0.392157
14 0.392157
15 0.0156863
16 0.0156863
17 0.0156863
18 0.0156863
19 0.0156863
20 0.0156863
21 0.0156863
22 0.0156863
23 0.0156863
24 0.0156863
25 0.0156863
26 0.152585
27 0.392157
28 0.392157
29 0.392157
30 0.392157
31 1
32 1
33 0.944742
34 0.392157
35 0.99994
36 0.142481
37 0.0382452
38 0.999997
39 0.120797
40 0.572906
41 0.390849
42 0.0076373
43 0.011264
44 0.307276
45 0.513396
46 0.0791064
47 0.0260595
48 0.000796663
49 0.204806
50 0.682638
51 0.0146876
52 0.00278233
53 0.0113977
54 0.0206694
55 0.0656936
56 0.974464
57 0.998398
58 0.949711
59 0.897813
60 0.998092
61 0.992248
62 0.978405
63 0.957644
64 0.997673
65 0.994141
66 0.99844
67 0.962563
68 0.959735
69 0.999997
70 0.999994
71 0.999996
72 0.999981
73 0.99941
74 0.999862
75 0.848387
76 0.334965
77 0.922042
78 0.679656
79 0.488411
80 0.793543
81 0.087635
82 0.630849
83 0.917662
84 0.76291
85 0.823992
86 0.595577
87 0.971236
88 0.979784
89 0.888743
90 0.985471
91 0.991911
92 0.861835
93 0.890595
94 0.665693
95 0.605462
96 0.943337
97 0.999566
98 0.977025
99 0.999923
100 0.997112
101 0.998726
102 0.999006
103 0.871832
104 0.0642597
105 0.879766
106 0.66257
107 0.990179
108 0.823909
109 0.620211
110 0.975075
111 0.862159
112 0.121305
113 0.767494
114 0.346138
115 0.0146944
116 0.0155742
117 0.361191
118 0.00506305
119 0.051075
120 0.125237
121 0.0408708
122 0.0335751
123 0.197083
124 0.584413
0 0.883612
1 0.0805184
2 0.155258
3 0.199644
4 0.878431
5 0.93369
6 0.13975
7 0.0194297
8 0.2
9 0.0987522
10 0.152941
11 0.137968
12 0.194831
13 0.538681
14 0.0745098
15 0.242424
16 0
17 0
18 0
19 0.636364
20 0.226381
21 0.136542
22 0.469519
23 0.62139
24 0.338324
25 0.500891
26 0.497326
27 0.497326
28 0.501604
29 0.087344
30 0.121569
31 0.636364
32 0.744742
33 0.387166
34 0.43779
35 0.999896
36 0.726465
37 0.0241884
38 0.999996
39 0.214415
40 0.507638
41 0.063667
42 0.00277825
43 0.0470223
44 0.288062
45 0.626517
46 0.141455
47 0.107009
48 0.00369232
49 0.112845
50 0.15226
51 0.00403624
52 0.000734214
53 0.00301236
54 0.00397607
55 0.00729538
56 0.962009
57 0.996681
58 0.96364
59 0.811897
60 0.996647
61 0.993882
62 0.818039
63 0.878678
64 0.943385
65 0.975597
66 0.998738
67 0.909598
68 0.928226
69 0.999992
70 0.999975
71 0.999994
72 0.999957
73 0.999627
74 0.999574
75 0.730043
76 0.358136
77 0.978567
78 0.634407
79 0.715218
80 0.868929
81 0.385519
82 0.609694
83 0.794872
84 0.966559
85 0.939697
86 0.588631
87 0.964883
88 0.973701
89 0.834149
90 0.941801
91 0.984993
92 0.83901
93 0.948987
94 0.831793
95 0.930167
96 0.871042
97 0.998971
98 0.988215
99 0.999291
100 0.981473
101 0.99317
102 0.995733
103 0.865862
104 0.401725
105 0.897841
106 0.750101
107 0.989994
108 0.815699
109 0.860903
110 0.966138
111 0.944244
112 0.748743
113 0.770312
114 0.217984
115 0.0104742
116 0.0403506
117 0.109791
118 0.0131696
119 0.209391
120 0.364104
121 0.0592791
122 0.0339428
123 0.491098
124 0.724861
0 0.950214
1 0.0678088
2 0.2
3 0.2
4 0.206774
5 0.34902
6 0.334759
7 0.333512
8 0.2
9 0.2
10 0.132264
11 0.267736
12 0.00909094
13 0.0349377
14 0.192157
15 0.6
16 0.6
17 0.6
18 0.473084
19 0.25098
20 0.582531
21 0.642781
22 0.6
23 0.6
24 0.6
25 0.362923
26 0.377897
27 0.255615
28 0.0588235
29 0.176471
30 0.317647
31 0.195365
32 0.153298
33 0.308378
34 0.921569
35 0.999752
36 0.752668
37 0.0580234
38 0.999991
39 0.244933
40 0.513267
41 0.120739
42 0.0333375
43 0.484188
44 0.873793
45 0.891152
46 0.204685
47 0.532889
48 0.00863361
49 0.34848
50 0.346097
51 0.00858381
52 0.0022907
53 0.00272145
54 0.00510765
55 0.00612095
56 0.945699
57 0.996583
58 0.971323
59 0.923074
60 0.996624
61 0.991342
62 0.802749
63 0.964405
64 0.937114
65 0.987449
66 0.99881
67 0.955911
68 0.96768
69 0.999995
70 0.999971
71 0.999992
72 0.999984
73 0.999682
74 0.999778
75 0.636495
76 0.614094
77 0.975045
78 0.746051
79 0.84093
80 0.87024
81 0.745569
82 0.481431
83 0.821884
84 0.868441
85 0.968745
86 0.429807
87 0.979743
88 0.983216
89 0.866538
90 0.942002
91 0.993133
92 0.904764
93 0.980438
94 0.934046
95 0.959034
96 0.876331
97 0.99896
98 0.989906
99 0.999815
100 0.97925
101 0.989483
102 0.994805
103 0.94741
104 0.689067
105 0.953973
106 0.851566
107 0.988106
108 0.928175
109 0.687429
110 0.929805
111 0.947975
112 0.670128
113 0.862701
114 0.277764
115 0.0643602
116 0.172578
117 0.268687
118 0.0143851
119 0.45682
120 0.243509
121 0.0178388
122 0.0728365
123 0.468031
124 0.802414
0 0.99287
1 0.0556407
2 0.2
3 0.167023
4 0.068271
5 0.281283
6 0.2
7 0.2
8 0.2
9 0.136364
10 0
11 0
12 0.171123
13 0.349554
14 0.2
15 0.6
16 0.6
17 0.368984
18 0.293405
19 0.473084
20 0.6
21 0.6
22 0.6
23 0.6
24 0.304813
25 0.0588235
26 0.125847
27 0.243137
28 0.409982
29 0.409626
30 0.6
31 0.429234
32 0.195365
33 0.700891
34 0.452763
35 0.999846
36 0.419019
37 0.108885
38 0.999993
39 0.195433
40 0.459636
41 0.508115
42 0.0165836
43 0.180203
44 0.85377
45 0.828702
46 0.208817
47 0.277405
48 0.0295743
49 0.37747
50 0.590345
51 0.0833177
52 0.0156682
53 0.0225718
54 0.0172501
55 0.0887944
56 0.972838
57 0.997909
58 0.949103
59 0.907783
60 0.997704
61 0.995601
62 0.95375
63 0.980977
64 0.977988
65 0.996151
66 0.999337
67 0.98254
68 0.963647
69 0.999997
70 0.999992
71 0.999998
72 0.999979
73 0.999799
74 0.999856
75 0.778361
76 0.667136
77 0.979001
78 0.862669
79 0.838989
80 0.923997
81 0.253704
82 0.392016
83 0.83038
84 0.832956
85 0.946746
86 0.517834
87 0.985666
88 0.989944
89 0.945937
90 0.973803
91 0.99128
92 0.966051
93 0.967367
94 0.949725
95 0.909862
96 0.944559
97 0.999401
98 0.994998
99 0.999915
100 0.996033
101 0.997795
102 0.999195
103 0.91854
104 0.696648
105 0.973148
106 0.827233
107 0.99227
108 0.803406
109 0.80388
110 0.916632
111 0.958741
112 0.442253
113 0.863551
114 0.707889
115 0.0777558
116 0.531667
117 0.389109
118 0.119292
119 0.475025
120 0.398319
121 0.0402301
122 0.133926
123 0.496364
124 0.880607
0 0.51118
1 0.0430981
2 0.2
3 0.0363636
4 0.0158646
5 0.261676
6 0.118895
7 0.247415
8 0.2
9 0.2
10 0.2
11 0.2
12 0.342246
13 0.286274
14 0.00392157
15 0.6
16 0.304813
17 0.0588235
18 0.128699
19 0.191087
20 0.059893
21 0.409626
22 0.6
23 0.6
24 0.6
25 0.6
26 0.6
27 0.377897
28 0.25098
29 0.366845
30 0.505882
31 0.623173
32 0.293761
33 0.2
34 0.461676
35 0.999861
36 0.115073
37 0.384877
38 0.999995
39 0.153089
40 0.118556
41 0.461373
42 0.0387886
43 0.10918
44 0.666724
45 0.923388
46 0.296651
47 0.180709
48 0.0229678
49 0.336116
50 0.687685
51 0.0896887
52 0.0246946
53 0.13536
54 0.11896
55 0.328425
56 0.944118
57 0.994446
58 0.89878
59 0.830622
60 0.992495
61 0.994763
62 0.978911
63 0.935121
64 0.984921
65 0.995749
66 0.999075
67 0.972558
68 0.97135
69 0.999993
70 0.999983
71 0.999994
72 0.999986
73 0.99993
74 0.999951
75 0.420266
76 0.271744
77 0.835235
78 0.739687
79 0.504666
80 0.813913
81 0.246799
82 0.414133
83 0.630875
84 0.399044
85 0.83705
86 0.232649
87 0.850174
88 0.920382
89 0.615109
90 0.788215
91 0.972467
92 0.886331
93 0.953825
94 0.750994
95 0.868406
96 0.970579
97 0.99973
98 0.998048
99 0.999962
100 0.998286
101 0.99746
102 0.99933
103 0.754816
104 0.190879
105 0.882266
106 0.614573
107 0.989391
108 0.551742
109 0.701949
110 0.850764
111 0.891047
112 0.348834
113 0.699109
114 0.762578
115 0.0626051
116 0.344615
117 0.457071
118 0.025049
119 0.41003
120 0.114132
121 0.0899019
122 0.0969007
123 0.44989
124 0.884628
0 0.331708
1 0.0317991
2 0.0588235
3 0.0454545
4 0.21533
5 0.2
6 0.181818
7 0.149376
8 0.00196078
9 0.196435
10 0.0335116
11 0.0631016
12 0.0349376
13 0.0552586
14 0.142781
15 0.0588235
16 0.0588235
17 0.0335116
18 0.377897
19 0.6
20 0.548663
21 0.283779
22 0.434225
23 0.0395722
24 0.0809269
25 0.028877
26 0.120143
27 0.209982
28 0.247059
29 0.200713
30 0.262032
31 0.739037
32 0.623529
33 0.271658
34 0.829947
35 0.99989
36 0.333106
37 0.0906459
38 0.999997
39 0.0978828
40 0.0705914
41 0.494998
42 0.0154432
43 0.0786974
44 0.414169
45 0.855238
46 0.104675
47 0.0642727
48 0.00147442
49 0.359916
50 0.405869
51 0.0239809
52 0.0170484
53 0.026289
54 0.0103761
55 0.193048
56 0.933156
57 0.991772
58 0.933045
59 0.842214
60 0.997354
61 0.989791
62 0.949076
63 0.959949
64 0.989385
65 0.995394
66 0.997961
67 0.941042
68 0.976235
69 0.999974
70 0.999954
71 0.999991
72 0.999978
73 0.999851
74 0.999697
75 0.639013
76 0.441919
77 0.926152
78 0.798371
79 0.624561
80 0.914739
81 0.420273
82 0.785582
83 0.563524
84 0.488592
85 0.923344
86 0.823395
87 0.783423
88 0.917521
89 0.805461
90 0.912236
91 0.986826
92 0.80005
93 0.939282
94 0.587574
95 0.859293
96 0.93905
97 0.999271
98 0.990295
99 0.999827
100 0.987657
101 0.998343
102 0.998958
103 0.835924
104 0.190331
105 0.889937
106 0.688919
107 0.988538
108 0.490844
109 0.696926
110 0.861646
111 0.936805
112 0.297453
113 0.548953
114 0.651128
115 0.0548253
116 0.222442
117 0.358531
118 0.01463
119 0.284485
120 0.210422
121 0.16113
122 0.0312543
123 0.414735
124 0.57165
0 0.29259
1 0.0202765
2 0.0919786
3 0.206417
4 0.00748663
5 0.0909091
6 0.0652406
7 0.0670232
8 0.00784314
9 0.0565063
10 0.12852
11 0.138681
12 0.934403
13 0.224064
14 0.00392157
15 0.276292
16 0.227094
17 0.458111
18 0.321925
19 0.381818
20 0.083779
21 0.127986
22 0.219251
23 0.247059
24 0.129412
25 0.124421
26 0.203565
27 0.730125
28 0.803565
29 0.0431373
30 0.0431373
31 0.752228
32 0.401426
33 0.785383
34 0.988592
35 0.999536
36 0.238585
37 0.40215
38 0.999988
39 0.071735
40 0.109281
41 0.431722
42 0.0543048
43 0.127529
44 0.703223
45 0.657598
46 0.0553222
47 0.14615
48 0.00111857
49 0.116621
50 0.4649
51 0.0128876
52 0.016322
53 0.0246295
54 0.00583951
55 0.053642
56 0.867711
57 0.993621
58 0.921209
59 0.889561
60 0.998322
61 0.986966
62 0.885242
63 0.938528
64 0.950358
65 0.997937
66 0.998262
67 0.940812
68 0.953048
69 0.99998
70 0.999976
71 0.999983
72 0.999984
73 0.99959
74 0.999824
75 0.485851
76 0.340562
77 0.919174
78 0.452779
79 0.593755
80 0.632715
81 0.22268
82 0.407819
83 0.250596
84 0.299813
85 0.924591
86 0.648439
87 0.79298
88 0.878254
89 0.485562
90 0.831021
91 0.973105
92 0.807642
93 0.94917
94 0.362624
95 0.500605
96 0.826639
97 0.999439
98 0.965372
99 0.999839
100 0.992878
101 0.995937
102 0.996034
103 0.749641
104 0.309498
105 0.673916
106 0.35146
107 0.950369
108 0.797008
109 0.531475
110 0.787316
111 0.893826
112 0.16732
113 0.736561
114 0.43883
115 0.0219252
116 0.139008
117 0.429862
118 0.0158661
119 0.142482
120 0.127222
121 0.162969
122 0.0286095
123 0.57176
124 0.395068
end fitness = 2.48413
