brainFunction 22882 37 21 426 24789 2-8 9-16 17-20
0 0.141296
1 0.162943
2 0.475758
3 0.348485
4 0.327986
5 0.382531
6 0.382709
7 0.361676
8 0.225134
9 0.586453
10 0.587879
11 0.684492
12 0.41426
13 0.637433
14 0.554011
15 0.792157
16 0.822816
17 0.725847
18 0.729412
19 0.300535
20 0.542959
21 0.36394
22 0.944457
23 0.21936
24 0.863902
25 0.154192
26 0.104302
27 0.694124
28 0.237711
29 0.435466
30 0.300844
31 0.142679
32 0.0546339
33 0.0715632
34 0.138168
35 0.0403401
36 0.121986
0 0.472982
1 0.337153
2 0.2
3 0.2
4 0.2
5 0.2
6 0.2
7 0.2
8 0.2
9 0.6
10 0.6
11 0.6
12 0.6
13 0.6
14 0.6
15 0.6
16 0.6
17 0.2
18 0.2
19 0.2
20 0.2
21 0.607321
22 0.890575
23 0.502558
24 0.820997
25 0.0607155
26 0.134037
27 0.571266
28 0.152368
29 0.12437
30 0.139623
31 0.19017
32 0.0692997
33 0.0907029
34 0.145808
35 0.0507339
36 0.158237
0 0.397943
1 0.366652
2 0.121569
3 0.121569
4 0.121569
5 0.121569
6 0.121569
7 0.121569
8 0.121569
9 0.121569
10 0.121569
11 0.121569
12 0.121569
13 0.121569
14 0.121569
15 0.121569
16 0.121569
17 0.121569
18 0.121569
19 0.121569
20 0.121569
21 0.498363
22 0.873037
23 0.370077
24 0.815277
25 0.129579
26 0.0856438
27 0.597939
28 0.199087
29 0.136641
30 0.180173
31 0.212079
32 0.0740509
33 0.0932138
34 0.173515
35 0.0617915
36 0.158211
0 0.260666
1 0.420363
2 0.25098
3 0.25098
4 0.25098
5 0.25098
6 0.25098
7 0.25098
8 0.25098
9 0.25098
10 0.25098
11 0.25098
12 0.25098
13 0.25098
14 0.25098
15 0.25098
16 0.25098
17 0.25098
18 0.25098
19 0.25098
20 0.25098
21 0.486313
22 0.887558
23 0.317124
24 0.779414
25 0.13849
26 0.106048
27 0.674926
28 0.227469
29 0.136546
30 0.145044
31 0.2262
32 0.138825
33 0.137795
34 0.192379
35 0.167639
36 0.24187
0 0.29683
1 0.413373
2 0.335116
3 0.0431373
4 0.109804
5 0.309804
6 0.0795009
7 0.590374
8 0.279144
9 0.25098
10 0.247415
11 0.22852
12 0.194296
13 0.0912656
14 0.238146
15 0.204991
16 0.234225
17 0.532264
18 0.647059
19 0.295187
20 0.810695
21 0.572846
22 0.8396
23 0.313809
24 0.782764
25 0.117367
26 0.0501934
27 0.673069
28 0.391457
29 0.127675
30 0.132548
31 0.301298
32 0.18098
33 0.142323
34 0.283382
35 0.116425
36 0.127092
0 0.421063
1 0.406498
2 0.068984
3 0.188057
4 0.353298
5 0.362567
6 0.115686
7 0.165062
8 0.0265597
9 0.117291
10 0.116578
11 0.0755793
12 0.36221
13 0.0345811
14 0.274866
15 0.497326
16 0.152941
17 0.650267
18 0.647415
19 0.604991
20 0.670588
21 0.657461
22 0.777635
23 0.349647
24 0.851251
25 0.308958
26 0.0541465
27 0.482212
28 0.297685
29 0.0795095
30 0.150103
31 0.386749
32 0.177263
33 0.180512
34 0.250726
35 0.0494582
36 0.0781124
0 0.022664
1 0.399775
2 0.614438
3 0.748663
4 0.0905526
5 0.18984
6 0.109626
7 0.028877
8 0.0846702
9 0.027451
10 0.0431373
11 0.0467023
12 0.309091
13 0.493048
14 0.163636
15 0.294474
16 0.235294
17 0.887344
18 0.597148
19 0.511586
20 0.488057
21 0.508555
22 0.912637
23 0.240927
24 0.707709
25 0.191191
26 0.0354685
27 0.61278
28 0.361511
29 0.205866
30 0.257318
31 0.263388
32 0.134559
33 0.140101
34 0.191298
35 0.127841
36 0.087238
0 0.0895564
1 0.392229
2 0.243137
3 0.0395722
4 0.2
5 0.164349
6 0.138503
7 0.0153298
8 0.117469
9 0.0812834
10 0.327273
11 0.551515
12 0.6
13 0.26631
14 0.197861
15 0.317647
16 0.183601
17 0.768984
18 0.272727
19 0.604278
20 0.641355
21 0.455605
22 0.937173
23 0.252846
24 0.782506
25 0.215978
26 0.0780019
27 0.633438
28 0.297002
29 0.238444
30 0.227439
31 0.176848
32 0.175536
33 0.0928207
34 0.215311
35 0.100918
36 0.109964
0 0.298322
1 0.384965
2 0.140998
3 0.195365
4 0.141176
5 0.179144
6 0.0156863
7 0.338146
8 0.333333
9 0.50303
10 0.386096
11 0.449198
12 0.144742
13 0.217825
14 0.441711
15 0.485561
16 0.25098
17 0.553654
18 0.31123
19 0.883779
20 0.478075
21 0.414078
22 0.900894
23 0.292737
24 0.721714
25 0.220934
26 0.125706
27 0.743581
28 0.259452
29 0.104115
30 0.0741393
31 0.165591
32 0.204443
33 0.121934
34 0.200788
35 0.188465
36 0.17643
0 0.954782
1 0.378199
2 0.163102
3 0.181462
4 0.123351
5 0.0338681
6 0.197683
7 0.94082
8 0.366132
9 0.202139
10 0.277718
11 0.0730838
12 0.147237
13 0.299465
14 0.123351
15 0.0509804
16 0.219251
17 0.733333
18 0.581462
19 0.655615
20 0.964349
21 0.570574
22 0.89968
23 0.245246
24 0.885974
25 0.19812
26 0.0508682
27 0.740336
28 0.404458
29 0.101203
30 0.156508
31 0.316169
32 0.231385
33 0.254864
34 0.275185
35 0.240088
36 0.107418
0 0.117958
1 0.371586
2 0.249198
3 0.170767
4 0.0666667
5 0.823173
6 0.456685
7 0.0730838
8 0.436364
9 0.26631
10 0.0823529
11 0.37041
12 0.220677
13 0.0509804
14 0.299822
15 0.38467
16 0.473797
17 0.563636
18 0.797504
19 0.944742
20 0.837077
21 0.3608
22 0.798436
23 0.212702
24 0.848522
25 0.283268
26 0.0457953
27 0.723085
28 0.504099
29 0.105613
30 0.0959105
31 0.350545
32 0.252919
33 0.0981816
34 0.332684
35 0.0949845
36 0.0668803
0 0.579066
1 0.364763
2 0.0754011
3 0.431016
4 0.867914
5 0.343494
6 0.0666667
7 0.330303
8 0.113725
9 0.253119
10 0.196791
11 0.0994652
12 0.219251
13 0.62139
14 0.35615
15 0.529055
16 0.245989
17 0.834225
18 0.949733
19 0.986809
20 0.813547
21 0.464685
22 0.845405
23 0.339237
24 0.820809
25 0.318994
26 0.0586924
27 0.689466
28 0.332662
29 0.148949
30 0.15702
31 0.331622
32 0.315258
33 0.209413
34 0.25068
35 0.0826337
36 0.0537869
0 0.125385
1 0.357996
2 0.653476
3 0.0983957
4 0.35918
5 0.0283422
6 0.322995
7 0.206239
8 0.317825
9 0.123708
10 0.298396
11 0.161141
12 0.191087
13 0.469519
14 0.311943
15 0.249554
16 0.248128
17 0.943672
18 0.797504
19 0.794652
20 0.367558
21 0.352747
22 0.922788
23 0.242156
24 0.831512
25 0.298436
26 0.0427315
27 0.687858
28 0.371988
29 0.117233
30 0.218481
31 0.26877
32 0.115853
33 0.144364
34 0.180911
35 0.122569
36 0.103491
0 0.445908
1 0.351348
2 0.0383244
3 0.477362
4 0.210517
5 0.637077
6 0.148485
7 0.34902
8 0.231729
9 0.282353
10 0.56328
11 0.33369
12 0.551872
13 0.534403
14 0.382531
15 0.282709
16 0.314795
17 0.783244
18 0.557219
19 0.606061
20 0.308734
21 0.33146
22 0.951373
23 0.321231
24 0.922913
25 0.300637
26 0.0524974
27 0.66454
28 0.316547
29 0.23566
30 0.218278
31 0.279421
32 0.151509
33 0.120901
34 0.181467
35 0.0586649
36 0.112095
0 0.379913
1 0.344626
2 0.0811052
3 0.617469
4 0.548663
5 0.21533
6 0.328699
7 0.306239
8 0.0748663
9 0.330125
10 0.447772
11 0.931194
12 0.245989
13 0.504813
14 0.314438
15 0.302674
16 0.0502674
17 0.714082
18 0.837433
19 0.172193
20 0.398217
21 0.534794
22 0.942194
23 0.472447
24 0.858848
25 0.408031
26 0.0472698
27 0.688922
28 0.0944419
29 0.269734
30 0.184866
31 0.194313
32 0.246715
33 0.151003
34 0.159226
35 0.0582762
36 0.0640404
0 0.65162
1 0.337855
2 1
3 0.3041
4 0.158111
5 0.321925
6 0.34902
7 0.208913
8 0
9 1
10 0.627807
11 0.264884
12 0.3918
13 0.25098
14 0.249554
15 0.115508
16 0
17 0.997861
18 0.522995
19 0.221747
20 0.121925
21 0.502674
22 0.9428
23 0.460009
24 0.845482
25 0.387982
26 0.0484045
27 0.671537
28 0.0992764
29 0.233967
30 0.18086
31 0.148489
32 0.178784
33 0.120864
34 0.127038
35 0.0674206
36 0.0565761
0 0.822289
1 0.331098
2 1
3 0.338146
4 0.254189
5 0.34902
6 0.329412
7 0.209448
8 0.00909087
9 1
10 0.555793
11 0.376827
12 0.346168
13 0.25098
14 0.246702
15 0.316578
16 0
17 0.915508
18 0.160428
19 0.366132
20 0.149376
21 0.511124
22 0.930647
23 0.41029
24 0.813121
25 0.146805
26 0.0643503
27 0.581204
28 0.193221
29 0.109784
30 0.135575
31 0.185665
32 0.0821112
33 0.107678
34 0.115289
35 0.0860631
36 0.0951156
0 0.650668
1 0.32444
2 0.0470588
3 0.288057
4 0.230303
5 0.301604
6 0.21836
7 0.126203
8 0.00499109
9 0.24492
10 0.296257
11 0.380036
12 0.25098
13 0.377897
14 0.140463
15 0.0877005
16 0.115508
17 0.435294
18 0.150802
19 0.277718
20 0.22139
21 0.49682
22 0.890971
23 0.367158
24 0.847912
25 0.120296
26 0.115623
27 0.522218
28 0.177357
29 0.143887
30 0.193881
31 0.188811
32 0.0670114
33 0.0788219
34 0.13298
35 0.0632441
36 0.150945
0 0.0385339
1 0.317945
2 0.302852
3 0.335472
4 0.267558
5 0.154011
6 0.0730838
7 0.269875
8 0.240463
9 0.233868
10 0.25098
11 0.377897
12 0.0684492
13 0.190731
14 0.123708
15 0.314438
16 0.169697
17 0.159002
18 0.1041
19 0.251337
20 0.433868
21 0.48263
22 0.871806
23 0.358988
24 0.798325
25 0.0880864
26 0.10764
27 0.612985
28 0.200188
29 0.160239
30 0.100915
31 0.157613
32 0.117044
33 0.104978
34 0.137722
35 0.0605614
36 0.133921
0 0.609763
1 0.311472
2 0.333155
3 0.0754011
4 0.129234
5 0.17451
6 0.400356
7 0.443137
8 0.196078
9 0.25098
10 0.0670232
11 0.195009
12 0.0374332
13 0.25098
14 0.382888
15 0.376827
16 0.184314
17 0.167201
18 0.307665
19 0.302317
20 0.321569
21 0.607305
22 0.854585
23 0.350756
24 0.840664
25 0.175877
26 0.0904741
27 0.450529
28 0.280071
29 0.0917369
30 0.15049
31 0.187717
32 0.158935
33 0.0911191
34 0.334601
35 0.0910639
36 0.119601
0 0.0411685
1 0.305131
2 0.0636364
3 0.241711
4 0.192692
5 0.0470588
6 0.0470588
7 0.0470588
8 0.0470588
9 0.218182
10 0.136898
11 0.222103
12 0.0816399
13 0.0313726
14 0.0313726
15 0.0313726
16 0.0313726
17 0.0770053
18 0.457754
19 0.898039
20 0.898039
21 0.713129
22 0.871867
23 0.355069
24 0.578781
25 0.163388
26 0.0310787
27 0.482492
28 0.349548
29 0.0707242
30 0.0520127
31 0.269709
32 0.343515
33 0.135078
34 0.316729
35 0.156211
36 0.0735728
0 0.891011
1 0.298766
2 0.0156863
3 0.0156863
4 0.0156863
5 0.0156863
6 0.0156863
7 0.0156863
8 0.0156863
9 0.0313726
10 0.0313726
11 0.0313726
12 0.0313726
13 0.0313726
14 0.0313726
15 0.0313726
16 0.0313726
17 0.831373
18 0.831373
19 0.831373
20 0.831373
21 0.555817
22 0.85167
23 0.287009
24 0.667347
25 0.226888
26 0.0410087
27 0.659084
28 0.312577
29 0.0855647
30 0.107728
31 0.260845
32 0.18783
33 0.0976048
34 0.202638
35 0.100207
36 0.040635
0 0.793271
1 0.2926
2 0.251693
3 0.195544
4 0.34902
5 0.215508
6 0.0745098
7 0.128164
8 0.265419
9 0.0313726
10 0.131194
11 0.25098
12 0.25098
13 0.106239
14 0.14902
15 0.144029
16 0.212478
17 0.690909
18 0.14902
19 0.957932
20 0.329768
21 0.519312
22 0.847569
23 0.285843
24 0.835524
25 0.206054
26 0.101921
27 0.491313
28 0.289621
29 0.0862222
30 0.0755054
31 0.206257
32 0.138645
33 0.0793298
34 0.239054
35 0.079502
36 0.0904473
0 0.837943
1 0.286495
2 0.254189
3 0.34902
4 0.133868
5 0.0320856
6 0.0925133
7 0.260963
8 0.2
9 0.178253
10 0.25098
11 0.151159
12 0.0741533
13 0.14902
14 0.153298
15 0.164349
16 0.145098
17 0.131194
18 0.734403
19 0.576827
20 0.772906
21 0.663201
22 0.883069
23 0.30846
24 0.728053
25 0.197854
26 0.0431751
27 0.465063
28 0.367732
29 0.0971293
30 0.105737
31 0.275128
32 0.235687
33 0.140162
34 0.295338
35 0.131859
36 0.113493
0 0.416639
1 0.280283
2 0.0627451
3 0.240285
4 0.0117647
5 0.0117647
6 0.0347593
7 0.0520499
8 0.0470588
9 0.0313726
10 0.151159
11 0.167558
12 0.14902
13 0.112656
14 0.0862745
15 0.145098
16 0.145098
17 0.725134
18 0.908378
19 0.585027
20 0.929412
21 0.661874
22 0.892372
23 0.317607
24 0.705256
25 0.213846
26 0.0281226
27 0.539294
28 0.35193
29 0.123574
30 0.148668
31 0.250275
32 0.340435
33 0.123191
34 0.272879
35 0.124721
36 0.102045
0 0.127755
1 0.274074
2 0.119073
3 0.0117647
4 0.0117647
5 0.0117647
6 0.0203208
7 0.027451
8 0.0524064
9 0.186096
10 0.14902
11 0.14902
12 0.14902
13 0.113725
14 0.088057
15 0.145098
16 0.088057
17 0.829234
18 0.980392
19 0.607487
20 0.593226
21 0.637439
22 0.90156
23 0.38993
24 0.628466
25 0.241242
26 0.032021
27 0.580759
28 0.375448
29 0.0960854
30 0.0841591
31 0.244571
32 0.395689
33 0.108602
34 0.280966
35 0.155401
36 0.0778646
0 0.878745
1 0.267731
2 0.00784314
3 0.00784314
4 0.00784314
5 0.00784314
6 0.0087344
7 0.0395722
8 0.483066
9 0.14902
10 0.14902
11 0.14902
12 0.14902
13 0.14902
14 0.0741533
15 0.0491979
16 0.101248
17 0.992157
18 0.992157
19 0.724777
20 0.247772
21 0.654607
22 0.894841
23 0.255696
24 0.655665
25 0.282275
26 0.024741
27 0.565983
28 0.448992
29 0.105664
30 0.103827
31 0.249328
32 0.455266
33 0.139231
34 0.32195
35 0.223654
36 0.0735998
0 0.593589
1 0.261383
2 0.00392157
3 0.00392157
4 0.00392157
5 0.00392157
6 0.00392157
7 0.00392157
8 0.00392157
9 0.14902
10 0.14902
11 0.14902
12 0.14902
13 0.14902
14 0.14902
15 0.14902
16 0.14902
17 0.996078
18 0.996078
19 0.996078
20 0.996078
21 0.604982
22 0.892687
23 0.22608
24 0.696549
25 0.252683
26 0.0278484
27 0.570659
28 0.332568
29 0.0931304
30 0.111891
31 0.208886
32 0.295615
33 0.0925366
34 0.215191
35 0.146926
36 0.0572749
0 0.4599
1 0.255128
2 0.176292
3 0.0668449
4 0.0368984
5 0.0588235
6 0.0438503
7 0.0313726
8 0.0313725
9 0.227451
10 0.257398
11 0.0317291
12 0.145098
13 0.145098
14 0.148663
15 0.14902
16 0.14902
17 0.71016
18 0.653119
19 0.911586
20 0.984314
21 0.587775
22 0.909742
23 0.260864
24 0.751032
25 0.315548
26 0.0293038
27 0.74608
28 0.420442
29 0.143248
30 0.179017
31 0.296315
32 0.31918
33 0.126733
34 0.274809
35 0.221544
36 0.0660568
0 0.372163
1 0.249015
2 0.0666667
3 0.0666667
4 0.438146
5 0.398574
6 0.0509804
7 0.0509804
8 0.0385027
9 0.247059
10 0.247059
11 0.354367
12 0.477718
13 0.145098
14 0.145098
15 0.145098
16 0.14795
17 0.996078
18 0.72656
19 0.882353
20 0.920856
21 0.417584
22 0.909049
23 0.271766
24 0.819219
25 0.27822
26 0.0372264
27 0.629121
28 0.321622
29 0.0899019
30 0.161003
31 0.261098
32 0.148672
33 0.0931995
34 0.187712
35 0.107485
36 0.0783989
0 0.491908
1 0.242795
2 0.0839572
3 0.462389
4 0.445455
5 0.0727272
6 0.154724
7 0.231373
8 0.231373
9 0.0417112
10 0.485205
11 0.244563
12 0.218182
13 0.234225
14 0.137255
15 0.145098
16 0.145098
17 0.811052
18 0.483066
19 0.577897
20 0.796078
21 0.533026
22 0.875792
23 0.214662
24 0.788047
25 0.212029
26 0.0811937
27 0.562571
28 0.401228
29 0.173868
30 0.224072
31 0.249027
32 0.140094
33 0.146728
34 0.242813
35 0.0968343
36 0.069485
0 0.19597
1 0.236063
2 0.365954
3 0.258645
4 0.139572
5 0.0406417
6 0.0737968
7 0.109269
8 0.430838
9 0.00427807
10 0.243137
11 0.381818
12 0.26631
13 0.129412
14 0.317647
15 0.417469
16 0.564349
17 0.617825
18 0.310517
19 0.988592
20 0.664171
21 0.531148
22 0.897488
23 0.26301
24 0.753784
25 0.181261
26 0.0711222
27 0.666524
28 0.365675
29 0.24609
30 0.200071
31 0.165503
32 0.314203
33 0.12009
34 0.240453
35 0.0994839
36 0.1454
0 0.0287008
1 0.229987
2 0.129768
3 0
4 0.0231729
5 0.0980392
6 0.137611
7 0.5041
8 0.12549
9 0.381818
10 0.108021
11 0.0559715
12 0.238503
13 0.267736
14 0.46738
15 0.408913
16 0.293405
17 0.698396
18 0.812478
19 0.709091
20 0.47451
21 0.583699
22 0.902502
23 0.25738
24 0.806607
25 0.233588
26 0.0371267
27 0.69147
28 0.411534
29 0.115742
30 0.212235
31 0.266599
32 0.214981
33 0.154726
34 0.26439
35 0.195531
36 0.0939908
0 0.258099
1 0.223997
2 0.0506239
3 0.103743
4 0.118717
5 0.48164
6 0.135829
7 0.0313726
8 0.0313725
9 0.103743
10 0.317647
11 0.224955
12 0.501604
13 0.176114
14 0.157576
15 0.14902
16 0.14902
17 0.64492
18 0.556506
19 0.830303
20 0.984314
21 0.553234
22 0.871975
23 0.216485
24 0.824335
25 0.188591
26 0.0485123
27 0.529425
28 0.498811
29 0.137297
30 0.168576
31 0.226004
32 0.234527
33 0.109414
34 0.322765
35 0.102708
36 0.0873976
0 0.156903
1 0.217865
2 0.0500891
3 0.0857397
4 0.0762923
5 0.054902
6 0.054902
7 0.0967915
8 0.0516934
9 0.108734
10 0.197148
11 0.265241
12 0.14902
13 0.14902
14 0.14902
15 0.382531
16 0.371836
17 0.407487
18 0.904456
19 0.980392
20 0.836364
21 0.567161
22 0.86144
23 0.256346
24 0.805946
25 0.254971
26 0.0419337
27 0.605706
28 0.341844
29 0.116916
30 0.0850293
31 0.351284
32 0.286651
33 0.115946
34 0.261359
35 0.0832472
36 0.0582714
0 0.822779
1 0.211846
2 0.447059
3 0.447059
4 0.447059
5 0.124421
6 0.156863
7 0.0912656
8 0.108021
9 0.14902
10 0.14902
11 0.14902
12 0.0948307
13 0.163636
14 0.343316
15 0.373262
16 0.207843
17 0.956863
18 0.936898
19 0.533333
20 0.990374
21 0.428154
22 0.872285
23 0.242398
24 0.76897
25 0.190093
26 0.0666364
27 0.607931
28 0.358594
29 0.158124
30 0.151119
31 0.192523
32 0.115026
33 0.0923812
34 0.18229
35 0.0771874
36 0.0778474
0 0.842017
1 0.205835
2 0.480036
3 0.317291
4 0.103387
5 0.152941
6 0.136185
7 0.425847
8 0.333333
9 0.14902
10 0.474866
11 0.123351
12 0.436364
13 0.113725
14 0.217112
15 0.573262
16 0.25098
17 0.536185
18 0.367914
19 0.617825
20 0.535829
21 0.474726
22 0.905798
23 0.185401
24 0.870093
25 0.303855
26 0.0489453
27 0.587319
28 0.310558
29 0.198491
30 0.0837205
31 0.14474
32 0.309821
33 0.111941
34 0.22519
35 0.0632208
36 0.0363129
0 0.928263
1 0.199841
2 0.200357
3 0.280927
4 0.0629234
5 0.250267
6 0.681818
7 0.0909094
8 0.0124777
9 0.6
10 0.267023
11 0.153654
12 0.0431373
13 0.617112
14 0.817469
15 0.243137
16 0.0663102
17 0.187522
18 0.725847
19 0.993583
20 0.940107
21 0.601828
22 0.868514
23 0.340583
24 0.834242
25 0.295792
26 0.0653713
27 0.762229
28 0.416734
29 0.114265
30 0.200488
31 0.286153
32 0.24103
33 0.160495
34 0.222978
35 0.143157
36 0.0567102
0 0.0392923
1 0.193852
2 0.276292
3 0.0976827
4 0.236542
5 0.818182
6 0.016934
7 0.151159
8 0.0203208
9 0.269162
10 0.167914
11 0.0823529
12 0.762567
13 0.51836
14 0.127629
15 0.0969697
16 0.00855615
17 0.619608
18 0.618182
19 0.928342
20 0.443494
21 0.442678
22 0.962836
23 0.340754
24 0.916854
25 0.75033
26 0.021749
27 0.428964
28 0.211046
29 0.124082
30 0.256023
31 0.267731
32 0.161748
33 0.0917441
34 0.292516
35 0.0405307
36 0.0415237
0 0.765005
1 0.247858
2 0.713012
3 1
4 0.227273
5 0.206774
6 0.0846702
7 0.0117647
8 0.0324421
9 0.751872
10 1
11 0.655971
12 0.245989
13 0.238146
14 0.00285205
15 0.00427807
16 0.105526
17 0.998574
18 0.817469
19 0.5918
20 0.402139
21 0.22762
22 0.948981
23 0.0493899
24 0.736369
25 0.174114
26 0.0853154
27 0.842198
28 0.655053
29 0.353764
30 0.118511
31 0.116256
32 0.244635
33 0.245868
34 0.108851
35 0.315991
36 0.117196
0 0.920295
1 0.285548
2 0.00392157
3 0.00392157
4 0.00392157
5 0.185027
6 1
7 1
8 1
9 0.243137
10 0.243137
11 0.243137
12 0.243137
13 0.724777
14 1
15 1
16 1
17 0.941176
18 0.941176
19 0.989305
20 1
21 0.698503
22 0.912255
23 0.455705
24 0.858633
25 0.183641
26 0.0850492
27 0.708197
28 0.178993
29 0.113593
30 0.172163
31 0.332193
32 0.216835
33 0.22288
34 0.170695
35 0.111109
36 0.0804814
0 0.134109
1 0.279764
2 0.45098
3 0.417469
4 0.101248
5 0.31943
6 0.203209
7 0.0185383
8 0.22852
9 0.0431373
10 0.0431373
11 0.0484848
12 0.324421
13 0.11123
14 0.00285205
15 0.00142602
16 0.186809
17 0.964706
18 0.263102
19 0.32656
20 0.395009
21 0.390819
22 0.893842
23 0.260381
24 0.844922
25 0.168522
26 0.0560467
27 0.564838
28 0.2973
29 0.142344
30 0.227587
31 0.200019
32 0.100462
33 0.0866895
34 0.151396
35 0.118906
36 0.111234
0 0.025802
1 0.273516
2 0.0620321
3 0.158289
4 0.314082
5 0.225668
6 0.160784
7 0.115152
8 0.375223
9 0.0666667
10 0.214973
11 0.441355
12 0.298039
13 0.6
14 0.272727
15 0.0941176
16 0.0313726
17 0.336898
18 0.292692
19 0.40107
20 0.738324
21 0.480039
22 0.946674
23 0.273055
24 0.830563
25 0.251877
26 0.0878277
27 0.625925
28 0.220795
29 0.308173
30 0.303888
31 0.140277
32 0.0963956
33 0.0628495
34 0.216373
35 0.0858448
36 0.097086
0 0.428741
1 0.267404
2 0.2
3 0.2
4 0.2
5 0.163458
6 0.057754
7 0.234759
8 0.350267
9 0.6
10 0.6
11 0.6
12 0.6
13 0.0912656
14 0.00641711
15 0.0520499
16 0.25098
17 0.2
18 0.2
19 0.532977
20 0.389661
21 0.666188
22 0.912966
23 0.305091
24 0.783395
25 0.134951
26 0.0833903
27 0.565929
28 0.135976
29 0.167332
30 0.176926
31 0.140368
32 0.0866498
33 0.0676138
34 0.187606
35 0.0925693
36 0.0937406
0 0.299359
1 0.261097
2 0.2
3 0.0545455
4 0.158645
5 0.180392
6 0.0187166
7 0.00392157
8 0.0413547
9 0.6
10 0.272727
11 0.0228164
12 0.25098
13 0
14 0.0163993
15 0.0495544
16 0.505882
17 0.145455
18 0.0812834
19 0.500178
20 0.523708
21 0.436827
22 0.895464
23 0.11093
24 0.837792
25 0.347076
26 0.0706057
27 0.651442
28 0.671843
29 0.245659
30 0.30517
31 0.256337
32 0.12473
33 0.122512
34 0.375361
35 0.150795
36 0.100995
0 0.523712
1 0.321512
2 0.00766488
3 0.168627
4 0.168627
5 0.168627
6 0.168627
7 0.168628
8 0.681462
9 0
10 0.459893
11 0.505882
12 0.505882
13 0.505882
14 0.505882
15 0.505882
16 0.631373
17 0.42959
18 0.945098
19 0.945098
20 0.898039
21 0.475282
22 0.949285
23 0.143485
24 0.853997
25 0.17692
26 0.120403
27 0.683613
28 0.226054
29 0.257839
30 0.153147
31 0.246565
32 0.123268
33 0.115735
34 0.132888
35 0.137433
36 0.139409
0 0.483767
1 0.358279
2 0.576471
3 0.411052
4 0.0884136
5 0.180392
6 0.34902
7 0.468449
8 0.960784
9 0.505882
10 0.366845
11 0.136898
12 0
13 0.25098
14 0.25098
15 0.700535
16 0.960784
17 0.76221
18 0.708021
19 0.14902
20 0.748663
21 0.286014
22 0.855143
23 0.152742
24 0.91876
25 0.292142
26 0.191233
27 0.93985
28 0.590983
29 0.220868
30 0.114046
31 0.216019
32 0.236275
33 0.232141
34 0.225081
35 0.24491
36 0.0933688
0 0.885774
1 0.35173
2 0.355258
3 0.135472
4 0.433512
5 0.949019
6 0.974688
7 0.996079
8 0.996078
9 0.25098
10 0.0342246
11 0.0862745
12 0.94902
13 0.94902
14 0.446346
15 0.396078
16 0.396078
17 0.484848
18 0.945455
19 0.847415
20 0.72549
21 0.16826
22 0.912066
23 0.219386
24 0.976267
25 0.512795
26 0.198357
27 0.913849
28 0.357229
29 0.098685
30 0.126517
31 0.381494
32 0.179243
33 0.249542
34 0.242792
35 0.122373
36 0.0536979
0 0.922095
1 0.343279
2 0.992157
3 0.992157
4 0.992157
5 0.992157
6 0.992157
7 0.992157
8 0.992157
9 0.396078
10 0.396078
11 0.396078
12 0.396078
13 0.396078
14 0.396078
15 0.396078
16 0.396078
17 0.839216
18 0.839216
19 0.839216
20 0.839216
21 0.543479
22 0.900423
23 0.244471
24 0.829834
25 0.0763699
26 0.0620474
27 0.580588
28 0.346173
29 0.217158
30 0.110351
31 0.251883
32 0.169109
33 0.230622
34 0.161964
35 0.150297
36 0.0687009
0 0.269058
1 0.334744
2 0.21533
3 0.0502674
4 0.057754
5 0.254189
6 0.27148
7 0.00784314
8 0.0115865
9 0.11123
10 0.0142602
11 0
12 0.309447
13 0.377897
14 0.390018
15 0.485561
16 0.282353
17 0.630303
18 0.662389
19 0.37861
20 0.91836
21 0.503796
22 0.912641
23 0.170472
24 0.800979
25 0.218222
26 0.0502509
27 0.590764
28 0.250003
29 0.25069
30 0.206753
31 0.178199
32 0.153043
33 0.0695939
34 0.220695
35 0.0961833
36 0.0552769
0 0.400585
1 0.326128
2 0.2
3 0.17861
4 0.34902
5 0.285561
6 0
7 0.0395722
8 0.00784314
9 0.6
10 0.28984
11 0.211052
12 0.25098
13 0.413191
14 0.458824
15 0.275936
16 0.282353
17 0.4
18 0.220321
19 0.836007
20 0.935116
21 0.53539
22 0.851915
23 0.238462
24 0.857985
25 0.325402
26 0.12217
27 0.563289
28 0.374195
29 0.176443
30 0.171114
31 0.205067
32 0.136869
33 0.0778411
34 0.300917
35 0.0517706
36 0.0430297
0 0.602847
1 0.320128
2 0.34902
3 0.34902
4 0.301961
5 0.00392157
6 0.0311943
7 0.111587
8 0.222103
9 0.25098
10 0.25098
11 0.25098
12 0.436364
13 0.435294
14 0.279144
15 0.173619
16 0.117291
17 0.14902
18 0.455615
19 0.967201
20 0.672014
21 0.558149
22 0.878221
23 0.270452
24 0.861753
25 0.34835
26 0.114486
27 0.49896
28 0.420327
29 0.182664
30 0.162962
31 0.233548
32 0.161578
33 0.0990659
34 0.339638
35 0.0395184
36 0.0421705
0 0.685929
1 0.313905
2 0.34902
3 0.34902
4 0.0793227
5 0.00998217
6 0.054902
7 0.104813
8 0.112299
9 0.25098
10 0.25098
11 0.366845
12 0.505882
13 0.363636
14 0.25098
15 0.109804
16 0.135472
17 0.14902
18 0.76221
19 0.886275
20 0.315152
21 0.548413
22 0.907593
23 0.227657
24 0.884105
25 0.281918
26 0.090055
27 0.55371
28 0.407259
29 0.208613
30 0.236042
31 0.245458
32 0.173814
33 0.124221
34 0.304522
35 0.0844801
36 0.0864966
0 0.26497
1 0.307441
2 0.34902
3 0.211052
4 0.0117647
5 0.0843137
6 0.136542
7 0.133333
8 0.133333
9 0.25098
10 0.297326
11 0.505882
12 0.505882
13 0.153654
14 0.145098
15 0.145098
16 0.145098
17 0.226025
18 0.996078
19 0.536185
20 0.752941
21 0.545942
22 0.891954
23 0.301647
24 0.826727
25 0.268168
26 0.0572728
27 0.666429
28 0.36803
29 0.0906732
30 0.111391
31 0.299711
32 0.293558
33 0.174693
34 0.282168
35 0.153997
36 0.0693779
0 0.523099
1 0.300915
2 0.286274
3 0.286275
4 0.286275
5 0.286274
6 0.286274
7 0.286275
8 0.286274
9 0.145098
10 0.145098
11 0.145098
12 0.145098
13 0.145098
14 0.145098
15 0.145098
16 0.145098
17 0.854902
18 0.854902
19 0.854902
20 0.854902
21 0.466491
22 0.925215
23 0.232592
24 0.778838
25 0.169388
26 0.0424529
27 0.647104
28 0.288179
29 0.162796
30 0.163244
31 0.1966
32 0.178127
33 0.135262
34 0.168537
35 0.112143
36 0.0640753
0 0.616395
1 0.294355
2 0.243137
3 0.215865
4 0.142781
5 0.129412
6 0.363636
7 0.303565
8 0.145098
9 0.145098
10 0.159358
11 0.416043
12 0.321925
13 0.00285205
14 0.332977
15 0.170766
16 0.403209
17 0.776114
18 0.344742
19 0.585027
20 0.634938
21 0.632129
22 0.899459
23 0.3666
24 0.83115
25 0.14024
26 0.0667622
27 0.592691
28 0.247218
29 0.138502
30 0.0887208
31 0.178575
32 0.256158
33 0.119122
34 0.169754
35 0.132813
36 0.0781099
0 0.42136
1 0.288105
2 0.217112
3 0.0864528
4 0.00213904
5 0.435651
6 0.234403
7 0.150802
8 0.0862745
9 0.482353
10 0.0552585
11 0.0057041
12 0.0057041
13 0.334759
14 0.110873
15 0.346881
16 0.0431373
17 0.36328
18 0.624955
19 0.593583
20 0.565062
21 0.536964
22 0.854385
23 0.320353
24 0.852635
25 0.189285
26 0.0726786
27 0.498721
28 0.351992
29 0.0716358
30 0.118945
31 0.253978
32 0.122441
33 0.0792937
34 0.254129
35 0.081212
36 0.0685291
0 0.59353
1 0.281895
2 0
3 0.397504
4 0.379679
5 0.167736
6 0.0431372
7 0.0431373
8 0.0431372
9 0
10 0.114795
11 0.29697
12 0.229947
13 0.245633
14 0.0431373
15 0.0431373
16 0.0431373
17 0.187879
18 0.528699
19 0.642781
20 0.741176
21 0.67113
22 0.872235
23 0.303002
24 0.642784
25 0.153471
26 0.0747183
27 0.520444
28 0.351151
29 0.102805
30 0.0748052
31 0.274906
32 0.286811
33 0.115687
34 0.29089
35 0.304085
36 0.0929764
0 0.74637
1 0.275663
2 0.0196078
3 0.0196078
4 0.0196078
5 0.0196078
6 0.0196078
7 0.0196079
8 0.955437
9 0.0431373
10 0.0431373
11 0.0431373
12 0.0431373
13 0.0431373
14 0.0431373
15 0.130125
16 0.309804
17 0.768627
18 0.768627
19 0.768627
20 0.894831
21 0.434598
22 0.912588
23 0.197691
24 0.797682
25 0.218338
26 0.022695
27 0.851273
28 0.46753
29 0.116754
30 0.14472
31 0.186356
32 0.332548
33 0.233697
34 0.154109
35 0.262949
36 0.0589839
0 0.36954
1 0.269619
2 0.0156863
3 0.0395722
4 0.138681
5 0.594296
6 1
7 0.544207
8 0.330303
9 0.0431373
10 0.19287
11 0.106239
12 0.397861
13 0.396078
14 0.22139
15 0.274866
16 0.0431373
17 0.73975
18 0.433155
19 0.99893
20 0.780749
21 0.453091
22 0.889436
23 0.34223
24 0.90742
25 0.23412
26 0.0479939
27 0.806914
28 0.465831
29 0.120742
30 0.147167
31 0.372896
32 0.309965
33 0.116979
34 0.331068
35 0.140772
36 0.0368723
0 0.556315
1 0.262708
2 0.0538324
3 0.181818
4 1
5 0.567201
6 0.179323
7 0.0053476
8 0.116221
9 0.202139
10 0.135116
11 0.397504
12 0.396078
13 0.118717
14 0.156506
15 0.136185
16 0.0962567
17 0.735116
18 0.999644
19 0.834938
20 0.482709
21 0.420516
22 0.86136
23 0.246539
24 0.901118
25 0.432542
26 0.0647384
27 0.616598
28 0.333995
29 0.0762077
30 0.10787
31 0.510597
32 0.18847
33 0.205863
34 0.24735
35 0.0932454
36 0.0155348
0 0.915386
1 0.25555
2 1
3 0.41836
4 0.605704
5 0.571123
6 0.0370766
7 0.0206774
8 0.326738
9 0.0509804
10 0.247772
11 0.573619
12 0.0431373
13 0.504456
14 0.225668
15 0.0919786
16 0.458467
17 0.908734
18 0.741889
19 0.96328
20 0.634581
21 0.32312
22 0.829172
23 0.167807
24 0.932167
25 0.245124
26 0.0855297
27 0.402013
28 0.347882
29 0.0990895
30 0.128146
31 0.209329
32 0.100887
33 0.0616833
34 0.2617
35 0.0296945
36 0.0486963
0 0.408902
1 0.248745
2 0.360606
3 0.94082
4 0.641711
5 0.0524064
6 0.101426
7 0.352407
8 0
9 0.417469
10 0.29697
11 0.083779
12 0.0459893
13 0.214973
14 0.416756
15 0.432799
16 0.14902
17 0.155437
18 0.867736
19 0.802139
20 0.959715
21 0.547481
22 0.914142
23 0.160642
24 0.734667
25 0.268342
26 0.0284967
27 0.715775
28 0.542542
29 0.235675
30 0.0799906
31 0.298038
32 0.440726
33 0.339073
34 0.189894
35 0.171398
36 0.0219811
0 0.995344
1 0.242102
2 0.117291
3 0.00142602
4 0.0156863
5 0.505882
6 0.693761
7 0.0909094
8 0
9 0.0431373
10 0.0431373
11 0.267736
12 0.311943
13 0.862389
14 0.817469
15 0.243137
16 0.174688
17 0.982888
18 0.967914
19 0.942246
20 0.968627
21 0.284636
22 0.913302
23 0.205887
24 0.893625
25 0.257839
26 0.0548805
27 0.831352
28 0.501044
29 0.313249
30 0.277193
31 0.249543
32 0.311187
33 0.124037
34 0.234991
35 0.109375
36 0.0669196
0 0.528392
1 0.235586
2 0.305882
3 0.109447
4 0.864171
5 0.00392157
6 0.301961
7 0.468093
8 0.00909087
9 0.0431373
10 0.135116
11 0.818182
12 0.449554
13 0.245276
14 0.314438
15 0.346524
16 0.14902
17 0.973619
18 0.975045
19 0.445989
20 0.781818
21 0.522851
22 0.938707
23 0.344326
24 0.831165
25 0.191096
26 0.0403808
27 0.754334
28 0.344045
29 0.26762
30 0.172488
31 0.264965
32 0.320998
33 0.172333
34 0.221138
35 0.185572
36 0.0722929
0 0.725026
1 0.228936
2 0.00392157
3 0.0060606
4 0.374332
5 0.258467
6 0.268984
7 0.0506239
8 0.0433155
9 0.243137
10 0.243137
11 0.360428
12 0.54795
13 0.377897
14 0.179679
15 0.056328
16 0.14902
17 0.968627
18 0.840285
19 0.262389
20 0.548307
21 0.540593
22 0.942556
23 0.372354
24 0.860233
25 0.22628
26 0.0336977
27 0.634757
28 0.109378
29 0.209783
30 0.231768
31 0.187839
32 0.167524
33 0.0909219
34 0.141393
35 0.0968732
36 0.074016
0 0.36841
1 0.222233
2 0.642603
3 0.253832
4 0.328699
5 0.401604
6 0.0941176
7 0.0684492
8 0
9 0.746168
10 0.411765
11 0.25098
12 0.292335
13 0.0941176
14 0.0941176
15 0.119073
16 0.14902
17 0.767201
18 0.313012
19 0.0941176
20 0.387879
21 0.604888
22 0.877107
23 0.498145
24 0.815715
25 0.0857541
26 0.0887055
27 0.477805
28 0.13545
29 0.117009
30 0.149218
31 0.148834
32 0.0964538
33 0.0916619
34 0.115961
35 0.060307
36 0.116583
0 0.180541
1 0.215466
2 0.256328
3 0.0941176
4 0.0941177
5 0.0941176
6 0.0941176
7 0.0941177
8 0.00802137
9 0.2082
10 0.0941176
11 0.0941176
12 0.0941176
13 0.0941176
14 0.0941176
15 0.085918
16 0.00392157
17 0.114082
18 0.0941176
19 0.0941176
20 0.0449198
21 0.618846
22 0.816732
23 0.319115
24 0.827687
25 0.353663
26 0.0636057
27 0.519369
28 0.343993
29 0.0798203
30 0.107624
31 0.329422
32 0.21314
33 0.140173
34 0.381386
35 0.101573
36 0.0465975
0 0.86949
1 0.207932
2 0.505882
3 0.505882
4 0.505882
5 0.276471
6 0.0470588
7 0.0470588
8 0.0470588
9 0.156863
10 0.156863
11 0.156863
12 0.156863
13 0.14902
14 0.14902
15 0.14902
16 0.14902
17 0.690196
18 0.690196
19 0.952941
20 0.952941
21 0.491848
22 0.880352
23 0.214474
24 0.77308
25 0.157617
26 0.0503603
27 0.592542
28 0.45398
29 0.134424
30 0.120828
31 0.240518
32 0.235694
33 0.131118
34 0.212875
35 0.172734
36 0.079291
0 0.570769
1 0.200772
2 0.177184
3 0.164706
4 0.164706
5 0.164706
6 0.265241
7 0.288414
8 0.644207
9 0.0509804
10 0.145098
11 0.145098
12 0.145098
13 0.145098
14 0.287701
15 0.459893
16 0.288057
17 0.728342
18 0.905882
19 0.638503
20 0.683422
21 0.536109
22 0.930892
23 0.269218
24 0.708319
25 0.150899
26 0.0448689
27 0.718393
28 0.289735
29 0.181635
30 0.132325
31 0.218634
32 0.268482
33 0.130915
34 0.155159
35 0.263835
36 0.0872939
0 0.716405
1 0.19358
2 0.0352941
3 0.0352941
4 0.230303
5 0.296257
6 0.204278
7 0.32549
8 0.32549
9 0.145098
10 0.145098
11 0.320143
12 0.25098
13 0.128699
14 0.158645
15 0.168627
16 0.168627
17 0.921569
18 0.368984
19 0.501248
20 0.996078
21 0.510391
22 0.874736
23 0.310756
24 0.884115
25 0.389013
26 0.0452215
27 0.72339
28 0.424926
29 0.0913171
30 0.165222
31 0.259099
32 0.3633
33 0.181383
34 0.311191
35 0.158047
36 0.0621625
0 0.383247
1 0.185639
2 0.368627
3 0.368627
4 0.368628
5 0.368627
6 0.368627
7 0.368628
8 0.35615
9 0.168627
10 0.168627
11 0.168627
12 0.168627
13 0.168627
14 0.168627
15 0.168627
16 0.22852
17 0.996078
18 0.996078
19 0.996078
20 0.688057
21 0.196958
22 0.921806
23 0.039219
24 0.887678
25 0.236745
26 0.0841817
27 0.921339
28 0.761935
29 0.377715
30 0.209863
31 0.214338
32 0.217378
33 0.257653
34 0.115389
35 0.274712
36 0.0523197
0 0.888951
1 0.171561
2 0.321569
3 0.321569
4 0.37754
5 0.988235
6 0.988235
7 0.988236
8 0.988235
9 0.168627
10 0.168627
11 0.229234
12 0.856685
13 0.988235
14 0.988235
15 0.988235
16 0.988235
17 0.996078
18 0.836364
19 0.988235
20 0.988235
21 0.167921
22 0.923924
23 0.229315
24 0.983445
25 0.315153
26 0.320339
27 0.917401
28 0.246162
29 0.144655
30 0.213553
31 0.287093
32 0.104334
33 0.183055
34 0.122073
35 0.0678838
36 0.0636537
0 0.640997
1 0.158118
2 0.996078
3 0.996078
4 0.996078
5 0.996078
6 0.996078
7 0.996079
8 0.996078
9 0.396078
10 0.396078
11 0.396078
12 0.396078
13 0.396078
14 0.396078
15 0.396078
16 0.396078
17 0.45098
18 0.45098
19 0.45098
20 0.45098
21 0.403377
22 0.900589
23 0.379711
24 0.925208
25 0.154143
26 0.145654
27 0.587159
28 0.325283
29 0.307338
30 0.1636
31 0.156394
32 0.103897
33 0.131186
34 0.251304
35 0.0520158
36 0.102925
0 0.979481
1 0.145746
2 0.34902
3 0.325134
4 0.0862745
5 0.110339
6 0.34902
7 0.34902
8 0.34902
9 0.25098
10 0.25098
11 0.459537
12 0.505882
13 0.163993
14 0.25098
15 0.25098
16 0.25098
17 0.14902
18 0.865597
19 0.124064
20 0.14902
21 0.43365
22 0.944194
23 0.358201
24 0.909658
25 0.381058
26 0.0483269
27 0.656562
28 0.199447
29 0.246868
30 0.287418
31 0.242727
32 0.182088
33 0.154003
34 0.222634
35 0.057013
36 0.0858642
0 0.508897
1 0.137377
2 0.662745
3 0.662745
4 0.572906
5 0.286274
6 0.34902
7 0.34902
8 0.0383244
9 0.505882
10 0.505882
11 0.505882
12 0.23066
13 0.25098
14 0.25098
15 0.232442
16 0.121212
17 0.972549
18 0.646702
19 0.14902
20 0.438503
21 0.477854
22 0.942131
23 0.261801
24 0.913184
25 0.365785
26 0.0269706
27 0.663362
28 0.276117
29 0.222458
30 0.238404
31 0.24285
32 0.19094
33 0.153419
34 0.233763
35 0.114742
36 0.0661781
0 0.722448
1 0.130444
2 0.541176
3 0.541176
4 0.541177
5 0.334046
6 0.34902
7 0.051337
8 0.00784314
9 0.505882
10 0.505882
11 0.505882
12 0.505882
13 0.159715
14 0.211765
15 0.163993
16 0.14902
17 0.988235
18 0.988235
19 0.111586
20 0.909447
21 0.502608
22 0.940335
23 0.197384
24 0.868714
25 0.488463
26 0.0197761
27 0.649878
28 0.44725
29 0.263491
30 0.209863
31 0.217369
32 0.308837
33 0.148322
34 0.283888
35 0.143968
36 0.0318144
0 0.877733
1 0.123155
2 0.317647
3 0.317647
4 0.317647
5 0.317647
6 0.245455
7 0
8 0
9 0.505882
10 0.505882
11 0.505882
12 0.505882
13 0.505882
14 0.257041
15 0.14902
16 0.14902
17 0.992157
18 0.992157
19 0.812478
20 1
21 0.348505
22 0.885901
23 0.0926103
24 0.935628
25 0.315788
26 0.0990071
27 0.716555
28 0.621484
29 0.247155
30 0.246472
31 0.202681
32 0.166362
33 0.122601
34 0.230868
35 0.0968696
36 0.0412948
0 0.646255
1 0.115899
2 0.34902
3 0.345811
4 0.341177
5 0.341176
6 0.341176
7 0.341177
8 0.341176
9 0.25098
10 0.297326
11 0.505882
12 0.505882
13 0.505882
14 0.505882
15 0.505882
16 0.505882
17 0.225668
18 0.992157
19 0.992157
20 0.992157
21 0.450023
22 0.864897
23 0.134044
24 0.914109
25 0.255577
26 0.144637
27 0.650227
28 0.563526
29 0.285418
30 0.158358
31 0.22251
32 0.191859
33 0.133073
34 0.273205
35 0.0797112
36 0.0407333
0 0.975322
1 0.108709
2 0.34902
3 0.324421
4 0.108378
5 0.298039
6 0.298039
7 0.298039
8 0.298039
9 0.25098
10 0.25098
11 0.247772
12 0.435294
13 0.505882
14 0.505882
15 0.505882
16 0.505882
17 0.14902
18 0.917647
19 0.992157
20 0.992157
21 0.571373
22 0.909819
23 0.233967
24 0.814479
25 0.260722
26 0.0537752
27 0.560919
28 0.406601
29 0.194055
30 0.208088
31 0.224911
32 0.236182
33 0.114927
34 0.314088
35 0.132744
36 0.0593441
0 0.52584
1 0.101576
2 0.105882
3 0.282709
4 0.220677
5 0.0666667
6 0.0666667
7 0.105169
8 0.207843
9 0.247059
10 0.249198
11 0.241711
12 0.14902
13 0.14902
14 0.14902
15 0.31123
16 0.505882
17 0.765062
18 0.611052
19 0.996078
20 0.961854
21 0.605063
22 0.897323
23 0.210264
24 0.738321
25 0.234818
26 0.0255716
27 0.62722
28 0.463433
29 0.177951
30 0.116951
31 0.203667
32 0.35826
33 0.14517
34 0.261755
35 0.179967
36 0.0549546
0 0.92785
1 0.0946098
2 0.0627451
3 0.0627451
4 0.0627451
5 0.0627451
6 0.294831
7 0.13262
8 0.2
9 0.14902
10 0.14902
11 0.14902
12 0.14902
13 0.175758
14 0.268449
15 0.309091
16 0.505882
17 0.992157
18 0.992157
19 0.808913
20 0.900178
21 0.464452
22 0.919304
23 0.151757
24 0.779955
25 0.227951
26 0.0338072
27 0.727666
28 0.464522
29 0.240009
30 0.231572
31 0.151662
32 0.337329
33 0.138551
34 0.133896
35 0.207583
36 0.0787609
0 0.101944
1 0.0876786
2 0.027451
3 0.0367201
4 0.0729055
5 0.172905
6 0.435294
7 0.435294
8 0.435294
9 0.14902
10 0.14902
11 0.125134
12 0.10303
13 0.540107
14 0.505882
15 0.505882
16 0.505882
17 0.996078
18 0.618182
19 0.828877
20 0.968627
21 0.328661
22 0.893837
23 0.162573
24 0.918903
25 0.203207
26 0.0737372
27 0.894498
28 0.63776
29 0.199053
30 0.166926
31 0.211695
32 0.30877
33 0.196831
34 0.183905
35 0.192837
36 0.0483725
0 0.753321
1 0.0805871
2 0.0117647
3 0.11123
4 0.633333
5 0.760784
6 0.760784
7 0.59394
8 0.14902
9 0.0431373
10 0.0203209
11 0.448841
12 0.505882
13 0.505882
14 0.505882
15 0.420321
16 0.317647
17 0.551515
18 0.844563
19 0.988235
20 0.996791
21 0.316711
22 0.933072
23 0.230385
24 0.946595
25 0.478149
26 0.078187
27 0.719993
28 0.300449
29 0.279546
30 0.392319
31 0.20748
32 0.216229
33 0.098716
34 0.257136
35 0.0537515
36 0.06947
0 0.259697
1 0.0734287
2 0.666667
3 0.666667
4 0.666667
5 0.134759
6 0.183957
7 0.658111
8 0.068984
9 0.505882
10 0.505882
11 0.505882
12 0.374688
13 0.177897
14 0.294831
15 0.190731
16 0.531551
17 0.980392
18 0.935472
19 0.498039
20 0.843137
21 0.545469
22 0.884397
23 0.337396
24 0.791012
25 0.195445
26 0.102071
27 0.556036
28 0.321902
29 0.148819
30 0.0920812
31 0.150118
32 0.245769
33 0.132245
34 0.19672
35 0.168623
36 0.07641
0 0.882105
1 0.0661863
2 0.136542
3 0.0117647
4 0.0117647
5 0.0137255
6 0.0192513
7 0.295544
8 0.383601
9 0.190731
10 0.145098
11 0.145098
12 0.145098
13 0.317647
14 0.161497
15 0.0402852
16 0.233512
17 0.557219
18 0.756863
19 0.71016
20 0.703743
21 0.603675
22 0.899276
23 0.196904
24 0.737248
25 0.345619
26 0.0230756
27 0.561467
28 0.545059
29 0.276201
30 0.198532
31 0.19606
32 0.353372
33 0.132538
34 0.329194
35 0.161215
36 0.0445538
0 0.924354
1 0.0594676
2 0.105882
3 0.0235294
4 0.0235294
5 0.0235294
6 0.0235294
7 0.0235294
8 0.0235294
9 0.192157
10 0.317647
11 0.317647
12 0.317647
13 0.317647
14 0.317647
15 0.317647
16 0.317647
17 0.912656
18 0.972549
19 0.972549
20 0.972549
21 0.600047
22 0.924643
23 0.165565
24 0.737898
25 0.348745
26 0.0197252
27 0.617554
28 0.529091
29 0.28414
30 0.192786
31 0.183476
32 0.409689
33 0.10653
34 0.268139
35 0.170203
36 0.0399104
0 0.93033
1 0.0531392
2 0.0235294
3 0.0235294
4 0.0235294
5 0.0235294
6 0.0235294
7 0.0235294
8 0.0235294
9 0.317647
10 0.317647
11 0.317647
12 0.317647
13 0.317647
14 0.317647
15 0.317647
16 0.317647
17 0.972549
18 0.972549
19 0.972549
20 0.972549
21 0.485156
22 0.942636
23 0.184708
24 0.850528
25 0.221165
26 0.0279674
27 0.756342
28 0.363382
29 0.141721
30 0.239442
31 0.179045
32 0.214975
33 0.155555
34 0.094091
35 0.196999
36 0.0681633
0 0.0646801
1 0.0466246
2 0.0663102
3 0.138859
4 0.190374
5 0.402495
6 0.595366
7 0.228521
8 0.328342
9 0.129412
10 0.270588
11 0.193226
12 0.0912656
13 0.460963
14 0.247772
15 0.366845
16 0.554367
17 0.865954
18 0.48877
19 0.573975
20 0.734403
21 0.522587
22 0.870115
23 0.147978
24 0.899287
25 0.188322
26 0.0832161
27 0.769808
28 0.46477
29 0.166713
30 0.216321
31 0.226002
32 0.109316
33 0.100423
34 0.222262
35 0.201319
36 0.0589932
0 0.664139
1 0.0399096
2 0.110695
3 0.206239
4 0.348485
5 0.670766
6 0.241711
7 0.100535
8 0.664884
9 0.165419
10 0.189661
11 0.138324
12 0.795722
13 0.270945
14 0.248841
15 0.145098
16 0.766845
17 0.314795
18 0.697683
19 0.656685
20 0.882709
21 0.31101
22 0.902291
23 0.258142
24 0.93713
25 0.33534
26 0.0764012
27 0.602782
28 0.564948
29 0.179029
30 0.361154
31 0.228694
32 0.200402
33 0.0844345
34 0.313071
35 0.0447171
36 0.0728652
0 0.308763
1 0.0331408
2 0.0101604
3 0.786988
4 0.591266
5 0.0791444
6 0.255793
7 0.504278
8 0.408913
9 0
10 0.360071
11 0.609982
12 0.209269
13 0.0709447
14 0.611408
15 0.364349
16 0.0313726
17 0.63779
18 0.823886
19 0.934403
20 0.753298
21 0.438111
22 0.93322
23 0.208699
24 0.934363
25 0.563237
26 0.0611613
27 0.694358
28 0.337616
29 0.311051
30 0.27563
31 0.20198
32 0.424193
33 0.211189
34 0.19289
35 0.0545056
36 0.0314192
0 0.285585
1 0.0261055
2 1
3 0.730303
4 0.0240642
5 0.668449
6 0.565775
7 0.521747
8 0.277897
9 0.741176
10 0.442424
11 0.0909091
12 0.485205
13 0.445633
14 0.931194
15 0.328699
16 0.0313726
17 0.995722
18 0.984314
19 0.94795
20 0.743316
21 0.50493
22 0.881427
23 0.169926
24 0.933433
25 0.510675
26 0.0615651
27 0.401995
28 0.426742
29 0.0653818
30 0.172847
31 0.21457
32 0.112674
33 0.110527
34 0.208912
35 0.0709781
36 0.0307449
0 0.616371
1 0.0189298
2 0.57451
3 0.914082
4 0.0543672
5 0.345811
6 0.00160428
7 0
8 0.318182
9 0.315152
10 0.415686
11 0.0445633
12 0.231373
13 0.613904
14 0.243137
15 0.243137
16 0.51836
17 0.582888
18 0.990018
19 0.965062
20 0.95508
21 0.550987
22 0.898745
23 0.195191
24 0.792802
25 0.389378
26 0.0623824
27 0.750988
28 0.598436
29 0.51964
30 0.203136
31 0.251935
32 0.390527
33 0.08755
34 0.295171
35 0.0786235
36 0.01476
0 0.935613
1 0.0119516
2 0.363636
3 0.0613191
4 0.77451
5 0.185027
6 0.00392157
7 0.0188948
8 0.229768
9 0.391087
10 0.0431373
11 0.572192
12 0.820321
13 0.505882
14 0.505882
15 0.293048
16 0.186809
17 0.974332
18 0.996435
19 1
20 0.396791
21 0.49502
22 0.956715
23 0.333968
24 0.848498
25 0.376672
26 0.0359103
27 0.708765
28 0.463657
29 0.382094
30 0.384202
31 0.129619
32 0.40674
33 0.110797
34 0.274312
35 0.177943
36 0.121449
end fitness = 2.94522
