brainFunction 22887 30 23 189 24794 2-5 6-21 22-22
0 0.981977
1 0.574941
2 0.618895
3 0.566132
4 0.691266
5 0.42246
6 0.224599
7 0.735829
8 0.9041
9 0.586809
10 0.891266
11 0.231016
12 0.826025
13 0.639929
14 0.478788
15 0.33262
16 0.433512
17 0.586096
18 0.636007
19 0.168984
20 0.54795
21 0.190018
22 0.542602
23 0.999325
24 0.897239
25 0.00489055
26 0.996536
27 0.998006
28 0.998618
29 0.000709513
0 0.362139
1 0.683623
2 1
3 1
4 1
5 1
6 1
7 1
8 1
9 1
10 1
11 1
12 1
13 1
14 1
15 1
16 1
17 1
18 1
19 1
20 1
21 1
22 1
23 0.987195
24 0.886355
25 0.0299127
26 0.98558
27 0.986319
28 0.991327
29 0.011519
0 0.777502
1 0.674575
2 0
3 0.181818
4 0.2
5 0.2
6 0
7 0
8 0
9 0
10 0.381818
11 0.6
12 0.6
13 0.6
14 0.6
15 0.6
16 0.6
17 0.6
18 0.6
19 0.6
20 0.6
21 0.6
22 0.145455
23 0.988224
24 0.865959
25 0.150358
26 0.998273
27 0.920713
28 0.83981
29 0.105856
0 0.433701
1 0.666043
2 0.2
3 0.127273
4 0
5 0
6 0.6
7 0.6
8 0.6
9 0.6
10 0.6
11 0.6
12 0.327273
13 0
14 0
15 0
16 0
17 0
18 0
19 0
20 0
21 0
22 0.0818182
23 0.993111
24 0.839472
25 0.0321623
26 0.995923
27 0.993687
28 0.99099
29 0.00750023
0 0.120516
1 0.766458
2 0.2
3 0.2
4 0.2
5 0.2
6 0.6
7 0.6
8 0.6
9 0.6
10 0.6
11 0.6
12 0.6
13 0.6
14 0.6
15 0.6
16 0.6
17 0.6
18 0.6
19 0.6
20 0.6
21 0.6
22 0.2
23 0.993466
24 0.839768
25 0.0287403
26 0.996341
27 0.993193
28 0.990543
29 0.00776478
0 0.258586
1 0.867602
2 0.2
3 0.2
4 0.2
5 0.2
6 0.6
7 0.6
8 0.6
9 0.6
10 0.6
11 0.6
12 0.6
13 0.6
14 0.6
15 0.6
16 0.6
17 0.6
18 0.6
19 0.6
20 0.6
21 0.6
22 0.2
23 0.99339
24 0.842119
25 0.0281898
26 0.99636
27 0.992889
28 0.990258
29 0.0075552
0 0.332109
1 0.890826
2 0.2
3 0.2
4 0.2
5 0.2
6 0.6
7 0.6
8 0.6
9 0.6
10 0.6
11 0.6
12 0.6
13 0.6
14 0.6
15 0.6
16 0.6
17 0.6
18 0.6
19 0.6
20 0.6
21 0.6
22 0.2
23 0.994912
24 0.842327
25 0.0458727
26 0.997275
27 0.982097
28 0.965984
29 0.0171978
0 0.624651
1 0.991938
2 0.182888
3 0.2
4 0.420321
5 0.907308
6 0.163636
7 0.6
8 0.6
9 0.6
10 0.6
11 0.6
12 0.6
13 0.6
14 0.580749
15 0.386096
16 0.244207
17 0.0196078
18 0.0196078
19 0.0609626
20 0.589305
21 1
22 0.584492
23 0.998134
24 0.919098
25 0.00589709
26 0.997934
27 0.993276
28 0.992211
29 0.00396031
0 0.445119
1 1
2 1
3 1
4 0.952941
5 0.55508
6 1
7 1
8 1
9 1
10 1
11 1
12 1
13 1
14 1
15 1
16 0.984314
17 0.827451
18 0.827451
19 0.802496
20 0
21 0
22 0.960963
23 0.987103
24 0.919024
25 0.054888
26 0.996962
27 0.931611
28 0.887927
29 0.0570628
0 0.977091
1 0.98782
2 0.235294
3 0.235294
4 0.235294
5 0.235294
6 0.247059
7 0.247059
8 0.247059
9 0.247059
10 0.247059
11 0.247059
12 0.247059
13 0.247059
14 0.247059
15 0.247059
16 0.247059
17 0.247059
18 0.247059
19 0.247059
20 0.247059
21 0.247059
22 1
23 0.997309
24 0.83589
25 0.0169629
26 0.999029
27 0.989593
28 0.970093
29 0.00701417
0 0.870737
1 0.974748
2 0.914795
3 0.141176
4 0.141176
5 0.141176
6 0.992157
7 0.992157
8 0.992157
9 0.832442
10 0.552941
11 0.552941
12 0.552941
13 0.552941
14 0.552941
15 0.552941
16 0.552941
17 0.552941
18 0.552941
19 0.552941
20 0.552941
21 0.552941
22 0.955793
23 0.996608
24 0.942105
25 0.0308481
26 0.99543
27 0.985026
28 0.985295
29 0.0158365
0 0.303766
1 0.966191
2 0.811765
3 0.811765
4 0.811765
5 0.811765
6 0.552941
7 0.552941
8 0.552941
9 0.552941
10 0.552941
11 0.552941
12 0.552941
13 0.552941
14 0.552941
15 0.552941
16 0.552941
17 0.552941
18 0.552941
19 0.552941
20 0.552941
21 0.552941
22 0.917647
23 0.999298
24 0.909626
25 0.00606286
26 0.997303
27 0.998502
28 0.999016
29 0.00115609
0 0.0154455
1 0.95756
2 1
3 1
4 1
5 1
6 1
7 1
8 1
9 1
10 1
11 1
12 1
13 1
14 1
15 1
16 1
17 1
18 1
19 1
20 1
21 1
22 1
23 0.99404
24 0.910517
25 0.0821242
26 0.998591
27 0.974152
28 0.923153
29 0.0544184
0 0.121274
1 0.948238
2 0.899822
3 0.27451
4 0.34902
5 0.34902
6 0.964706
7 0.964706
8 0.990374
9 0.639572
10 0.387522
11 0.536542
12 0.25098
13 0.25098
14 0.25098
15 0.25098
16 0.25098
17 0.25098
18 0.25098
19 0.25098
20 0.25098
21 0.25098
22 0.377184
23 0.991612
24 0.969203
25 0.093305
26 0.989816
27 0.918951
28 0.923721
29 0.114518
0 0.552777
1 0.940955
2 0.935116
3 0.788235
4 0.788235
5 0.788235
6 0.14902
7 0.14902
8 0.0520499
9 0.18467
10 0.247059
11 0.247059
12 0.247059
13 0.247059
14 0.247059
15 0.247059
16 0.247059
17 0.247059
18 0.247059
19 0.247059
20 0.247059
21 0.247059
22 0.839394
23 0.983581
24 0.961559
25 0.137268
26 0.990114
27 0.896657
28 0.914706
29 0.111844
0 0.513321
1 0.933579
2 0.249198
3 0.56934
4 0.964349
5 0.656328
6 0
7 0
8 0.202139
9 0.247059
10 0.247059
11 0.247059
12 0.247059
13 0.175758
14 0.14902
15 0.14902
16 0.14902
17 0.100535
18 0.0156863
19 0.0349376
20 0.121569
21 0.760428
22 0.632264
23 0.966724
24 0.918154
25 0.207047
26 0.99461
27 0.92845
28 0.854733
29 0.174271
0 0.103645
1 0.926566
2 0.0363636
3 0
4 0.0249554
5 0.370766
6 0
7 0.327273
8 0.109091
9 0
10 0
11 0
12 0
13 0
14 0
15 0
16 0
17 0
18 0.157219
19 0.247059
20 0.247059
21 0.247059
22 0.416399
23 0.940973
24 0.930597
25 0.245946
26 0.991534
27 0.907147
28 0.825953
29 0.21001
0 0.1962
1 0.913341
2 0
3 0
4 0.0363636
5 0
6 0
7 0
8 0
9 0
10 0
11 0
12 0
13 0
14 0
15 0.327273
16 0.109091
17 0
18 0
19 0
20 0
21 0
22 0.00909091
23 0.963776
24 0.940077
25 0.187063
26 0.995539
27 0.845448
28 0.72322
29 0.219351
0 0.564996
1 0.904154
2 0.0980392
3 0.0980392
4 0.0980392
5 0.0980392
6 0
7 0
8 0
9 0
10 0
11 0
12 0
13 0
14 0
15 0
16 0
17 0
18 0
19 0
20 0
21 0
22 0.937255
23 0.981738
24 0.979761
25 0.0799703
26 0.9879
27 0.909628
28 0.885676
29 0.116416
0 0.384353
1 0.897264
2 0.984314
3 0.984314
4 0.724421
5 0.100535
6 0
7 0
8 0
9 0
10 0
11 0
12 0
13 0
14 0.272727
15 1
16 0.909091
17 0
18 0
19 0
20 0
21 0
22 0.81016
23 0.945526
24 0.932682
25 0.24314
26 0.992412
27 0.864383
28 0.807731
29 0.215641
0 0.48396
1 0.890363
2 0
3 0
4 0
5 0.114082
6 0
7 0
8 0
9 0
10 0
11 0
12 0
13 0
14 0
15 0
16 0
17 0
18 0
19 0
20 0
21 0.179679
22 0.0454545
23 0.940343
24 0.932413
25 0.285979
26 0.990927
27 0.876382
28 0.798853
29 0.230156
0 0.288008
1 0.877293
2 0
3 0
4 0
5 0
6 0
7 0
8 0
9 0
10 0
11 0
12 0
13 0
14 0
15 0
16 0
17 0
18 0
19 0
20 0
21 0
22 0
23 0.93834
24 0.931564
25 0.303972
26 0.990858
27 0.888006
28 0.814613
29 0.243385
0 0.117885
1 0.86933
2 0
3 0
4 0
5 0
6 0
7 0
8 0
9 0
10 0
11 0
12 0
13 0
14 0
15 0
16 0
17 0
18 0
19 0
20 0
21 0
22 0
23 0.937103
24 0.931398
25 0.290644
26 0.990894
27 0.876672
28 0.802781
29 0.225327
0 0.27753
1 0.862169
2 0
3 0
4 0
5 0
6 0
7 0
8 0
9 0
10 0
11 0
12 0
13 0
14 0
15 0
16 0
17 0
18 0
19 0
20 0
21 0
22 0
23 0.944253
24 0.928265
25 0.255814
26 0.991322
27 0.857337
28 0.764237
29 0.201077
0 0.563066
1 0.855162
2 0.0691622
3 0
4 0
5 0
6 0.00534759
7 0.0602496
8 0.0217469
9 0.0324421
10 0
11 0
12 0
13 0
14 0
15 0
16 0
17 0
18 0
19 0
20 0
21 0
22 0.0536542
23 0.969605
24 0.921463
25 0.203852
26 0.997086
27 0.882227
28 0.824441
29 0.118657
0 0.490163
1 0.848203
2 0.152941
3 0.0645276
4 0.0698752
5 0
6 0.6
7 0.324064
8 0.477718
9 0.387879
10 0.6
11 0.0545455
12 0.0249554
13 0.0149733
14 0.0370766
15 0
16 0
17 0
18 0
19 0
20 0
21 0
22 0.117291
23 0.987238
24 0.936516
25 0.0635824
26 0.993788
27 0.973795
28 0.971332
29 0.0397346
0 0.0915443
1 0.841203
2 0.0909091
3 0.179323
4 0.181818
5 0.0983957
6 0.436364
7 0
8 0.0545455
9 0.6
10 0.6
11 0.6
12 0.386096
13 0.229234
14 0.6
15 0.6
16 0.6
17 0.381818
18 0
19 0.0442068
20 0.0987522
21 0.0424242
22 0.239216
23 0.961458
24 0.931944
25 0.0889522
26 0.993497
27 0.937794
28 0.898513
29 0.0677335
0 0.822135
1 0.834402
2 0
3 0.0513369
4 0.109091
5 0.0912656
6 0.0370766
7 0
8 0
9 0
10 0
11 0
12 0
13 0
14 0.6
15 0.6
16 0.109091
17 0
18 0
19 0
20 0.272727
21 0.6
22 0.36328
23 0.99696
24 0.937307
25 0.104416
26 0.9991
27 0.84857
28 0.899275
29 0.0379271
0 0.810181
1 0.827672
2 0.796078
3 0.71836
4 0.0313726
5 0.0520499
6 0.708021
7 0.587522
8 0.863102
9 1
10 1
11 0.863102
12 0.247059
13 0.11016
14 0.0588235
15 0.0545455
16 0.0509804
17 0.0324421
18 0
19 0
20 0
21 0.385027
22 0.735472
23 0.990816
24 0.928687
25 0.0478167
26 0.990339
27 0.973094
28 0.99102
29 0.00668935
0 0.562876
1 0.820922
2 0.169697
3 0.288057
4 0.44385
5 1
6 0.145098
7 0.145098
8 0.145098
9 0.186453
10 0.258824
11 0.13262
12 0.327273
13 0.724421
14 0.247059
15 0.247059
16 0.247059
17 0.520856
18 1
19 1
20 1
21 1
22 0.738324
23 0.976468
24 0.952683
25 0.0798541
26 0.997755
27 0.914407
28 0.809797
29 0.0763594
0 0.582847
1 0.814206
2 0.734403
3 0.280214
4 0.0670232
5 0.0627451
6 1
7 1
8 0.197861
9 0.0196078
10 0.0196078
11 0.00178253
12 0
13 0
14 0.231373
15 0.231373
16 0.231373
17 0.231373
18 0.231373
19 0.231373
20 0.129768
21 0.00784314
22 0.831194
23 0.990233
24 0.920788
25 0.0336134
26 0.992302
27 0.972893
28 0.984086
29 0.0124029
0 0.686638
1 0.807037
2 0.58574
3 0.286275
4 0.25098
5 0.25098
6 0.145098
7 0.202852
8 0.25098
9 0.25098
10 0.25098
11 0.314438
12 0.57861
13 0.552941
14 0.552941
15 0.552941
16 0.552941
17 0.552941
18 0.552941
19 0.552941
20 0.552941
21 0.552941
22 0.634403
23 0.981604
24 0.952791
25 0.0727712
26 0.99415
27 0.948704
28 0.946144
29 0.0551331
0 0.229212
1 0.800334
2 0.231729
3 0.509804
4 0.647059
5 0.76328
6 0.247059
7 0.247059
8 0.247059
9 0.247059
10 0.247059
11 0.247059
12 0.247059
13 0.247059
14 0.503743
15 0.657754
16 0.37754
17 0.145098
18 0.145098
19 0.145098
20 0.193226
21 0.25098
22 0.643494
23 0.990227
24 0.892021
25 0.0842744
26 0.99664
27 0.951043
28 0.923349
29 0.0577802
0 0.505045
1 0.792837
2 0.438859
3 0.0352941
4 0.0638146
5 0.34902
6 0.25098
7 0.25098
8 0.319073
9 0.726203
10 0.247059
11 0.247059
12 0.247059
13 0.247059
14 0.247059
15 0.247059
16 0.247059
17 0.248485
18 0.25098
19 0.25098
20 0.25098
21 0.25098
22 0.613191
23 0.995533
24 0.898229
25 0.0516326
26 0.998214
27 0.962595
28 0.972722
29 0.0267926
0 0.445754
1 0.785318
2 0.528699
3 0.326916
4 0.149376
5 0.409626
6 0.40107
7 0.121569
8 0.654902
9 1
10 1
11 0.368984
12 0.305882
13 0.305882
14 0.305882
15 0.305882
16 0.300891
17 0.25098
18 0.25098
19 0.795009
20 0.247059
21 0.247059
22 0.776114
23 0.959754
24 0.932373
25 0.183189
26 0.994779
27 0.828028
28 0.758364
29 0.191571
0 0.847035
1 0.777466
2 0.0784314
3 0.0784314
4 0.0784314
5 0.0784314
6 0.0156863
7 0.0156863
8 0.0156863
9 0.0156863
10 0.0156863
11 0.0156863
12 0.0156863
13 0.0156863
14 0.0156863
15 0.0156863
16 0.0156863
17 0.0156863
18 0.0156863
19 0.0156863
20 0.0156863
21 0.0156863
22 0.619608
23 0.96213
24 0.938082
25 0.191081
26 0.99169
27 0.88874
28 0.874378
29 0.106765
0 0.676238
1 0.770256
2 0
3 0.0171123
4 0.22959
5 0.0905526
6 0
7 0
8 0
9 0
10 0
11 0
12 0
13 0
14 0
15 0
16 0.0160428
17 0.0196078
18 0.219251
19 0.333333
20 0.333333
21 0.333333
22 0.499465
23 0.940452
24 0.927971
25 0.279584
26 0.991249
27 0.861653
28 0.803583
29 0.213528
0 0.405163
1 0.763399
2 0
3 0
4 0
5 0.00926916
6 0
7 0
8 0
9 0
10 0
11 0
12 0
13 0
14 0
15 0
16 0
17 0
18 0
19 0
20 0
21 0
22 0.0454545
23 0.933753
24 0.930641
25 0.286946
26 0.990305
27 0.847803
28 0.789342
29 0.182324
0 0.553086
1 0.75648
2 0
3 0
4 0
5 0
6 0
7 0
8 0
9 0
10 0
11 0
12 0
13 0
14 0
15 0
16 0
17 0
18 0
19 0
20 0
21 0
22 0
23 0.93551
24 0.929294
25 0.294316
26 0.990009
27 0.857482
28 0.797284
29 0.189433
0 0.430867
1 0.748916
2 0
3 0
4 0
5 0
6 0
7 0
8 0
9 0
10 0
11 0
12 0
13 0
14 0
15 0
16 0
17 0
18 0
19 0
20 0
21 0
22 0
23 0.934073
24 0.928984
25 0.275367
26 0.990096
27 0.837408
28 0.77833
29 0.169583
0 0.655
1 0.741854
2 0
3 0
4 0
5 0
6 0
7 0
8 0
9 0
10 0
11 0
12 0
13 0
14 0
15 0
16 0
17 0
18 0
19 0
20 0
21 0
22 0
23 0.936251
24 0.929181
25 0.322224
26 0.989864
27 0.879558
28 0.822275
29 0.214158
0 0.143806
1 0.734891
2 0
3 0
4 0
5 0
6 0
7 0
8 0
9 0
10 0
11 0
12 0
13 0
14 0
15 0
16 0
17 0
18 0
19 0
20 0
21 0
22 0
23 0.931813
24 0.928308
25 0.298628
26 0.990277
27 0.855796
28 0.801755
29 0.183692
0 0.452381
1 0.72792
2 0
3 0
4 0
5 0
6 0
7 0
8 0
9 0
10 0
11 0
12 0
13 0
14 0
15 0
16 0
17 0
18 0
19 0
20 0
21 0
22 0
23 0.934302
24 0.928287
25 0.31232
26 0.989994
27 0.869558
28 0.814349
29 0.198641
0 0.275984
1 0.721121
2 0
3 0
4 0
5 0
6 0
7 0
8 0
9 0
10 0
11 0
12 0
13 0
14 0
15 0
16 0
17 0
18 0
19 0
20 0
21 0
22 0
23 0.932647
24 0.927975
25 0.308962
26 0.990139
27 0.864963
28 0.811799
29 0.19174
0 0.338047
1 0.714366
2 0
3 0
4 0
5 0
6 0
7 0
8 0
9 0
10 0
11 0
12 0
13 0
14 0
15 0
16 0
17 0
18 0
19 0
20 0
21 0
22 0
23 0.933136
24 0.92777
25 0.330108
26 0.99007
27 0.880922
28 0.829528
29 0.210777
0 0.122356
1 0.707485
2 0
3 0
4 0
5 0
6 0
7 0
8 0
9 0
10 0
11 0
12 0
13 0
14 0
15 0
16 0
17 0
18 0
19 0
20 0
21 0
22 0
23 0.934097
24 0.944755
25 0.27307
26 0.993854
27 0.865465
28 0.792478
29 0.12446
0 0.410105
1 0.700571
2 0.146881
3 0
4 0
5 0
6 0.6
7 0.272727
8 0.0370766
9 0
10 0
11 0
12 0
13 0
14 0
15 0
16 0
17 0
18 0
19 0
20 0
21 0
22 0.0413547
23 0.976678
24 0.940251
25 0.178348
26 0.996735
27 0.838696
28 0.797999
29 0.0470922
0 0.761595
1 0.693653
2 0.190374
3 0.20107
4 0.0705882
5 0
6 0.6
7 0.6
8 0.6
9 0.416043
10 0.12656
11 0.558645
12 0.327273
13 0
14 0.0370766
15 0
16 0
17 0
18 0
19 0
20 0
21 0
22 0.166132
23 0.991973
24 0.926781
25 0.0402934
26 0.996839
27 0.969417
28 0.982022
29 0.00459098
0 0.309923
1 0.686642
2 0.2
3 0.2
4 0.167914
5 0.225668
6 0.6
7 0.6
8 0.6
9 0.6
10 0.6
11 0.6
12 0.6
13 0.6
14 0.6
15 0.6
16 0.547237
17 0.0966132
18 0.231373
19 0.298396
20 0.6
21 0.269162
22 0.256684
23 0.972989
24 0.933623
25 0.136869
26 0.991495
27 0.917897
28 0.976323
29 0.0326036
0 0.447219
1 0.679665
2 0
3 0.188948
4 0.130125
5 0.272727
6 0
7 0
8 0
9 0
10 0
11 0.181818
12 0.545455
13 0
14 0
15 0
16 0.0481283
17 0.40107
18 0.745455
19 0.6
20 0.6
21 0.6
22 0.454545
23 0.98703
24 0.967002
25 0.14816
26 0.993316
27 0.686812
28 0.945643
29 0.0267851
0 0.966961
1 0.672571
2 0.340463
3 0.922995
4 0.112656
5 0
6 0
7 0
8 0.0160428
9 0.0124777
10 0.626381
11 0.984314
12 0.984314
13 0.984314
14 0
15 0
16 0
17 0
18 0
19 0
20 0
21 0
22 0.448128
23 0.969795
24 0.963585
25 0.0257716
26 0.986956
27 0.943974
28 0.957311
29 0.0117292
0 0.751184
1 0.665699
2 0.366488
3 0
4 0.625312
5 0.307308
6 1
7 0.454545
8 0
9 0
10 0
11 0
12 0
13 0
14 0.572549
15 0.795009
16 0.980392
17 0.980392
18 0.980392
19 0.0891266
20 0
21 0
22 0.676292
23 0.98625
24 0.929541
25 0.0355965
26 0.996561
27 0.951957
28 0.98355
29 0.00738032
0 0.292686
1 0.658892
2 0.2
3 0.2
4 0.2
5 0.385383
6 0.6
7 0.6
8 0.6
9 0.6
10 0.6
11 0.6
12 0.6
13 0.6
14 0.6
15 0.6
16 0.6
17 0.6
18 0.854545
19 0.0909091
20 0
21 0
22 0.379679
23 0.991874
24 0.937245
25 0.023637
26 0.994475
27 0.958097
28 0.992478
29 0.00236522
0 0.969767
1 0.652066
2 0.268449
3 0.2
4 0.2
5 0.2
6 0.504813
7 0.25098
8 0.279857
9 0.6
10 0.6
11 0.6
12 0.6
13 0.6
14 0.6
15 0.6
16 0.6
17 0.6
18 0.6
19 0.6
20 0.6
21 0.6
22 0.231551
23 0.986338
24 0.943059
25 0.118853
26 0.995705
27 0.908798
28 0.948344
29 0.0367661
0 0.541703
1 0.645247
2 0.394296
3 0.247415
4 0.366132
5 0.267736
6 0.454189
7 0.587522
8 0.247059
9 0.247059
10 0.247059
11 0.247059
12 0.143672
13 0.0196078
14 0.0196078
15 0.0196078
16 0.200357
17 0.211052
18 0.25098
19 0.314438
20 0.6
21 0.6
22 0.701961
23 0.979063
24 0.942492
25 0.102818
26 0.992872
27 0.898351
28 0.960749
29 0.0281007
0 0.596205
1 0.638306
2 0.34902
3 0.34902
4 0.34902
5 0.245633
6 0.25098
7 0.25098
8 0.25098
9 0.25098
10 0.25098
11 0.25098
12 0.25098
13 0.25098
14 0.25098
15 0.25098
16 0.25098
17 0.25098
18 0.720143
19 0.314438
20 0.247059
21 0.247059
22 0.341889
23 0.979892
24 0.960724
25 0.0988236
26 0.995217
27 0.895883
28 0.937324
29 0.0210091
0 0.675952
1 0.631258
2 0.58574
3 0.34902
4 0.34902
5 0.34902
6 1
7 0.591444
8 0.25098
9 0.25098
10 0.25098
11 0.25098
12 0.25098
13 0.25098
14 0.25098
15 0.25098
16 0.25098
17 0.25098
18 0.25098
19 0.25098
20 0.25098
21 0.25098
22 0.226381
23 0.990595
24 0.93516
25 0.0260492
26 0.995718
27 0.931813
28 0.981124
29 0.00392643
0 0.974613
1 0.624011
2 0.277005
3 0.421034
4 0.44492
5 0.435651
6 0.247059
7 0.249198
8 0.536542
9 0.6
10 0.6
11 0.6
12 0.694474
13 0.807843
14 0.807843
15 0.807843
16 0.34902
17 0.157219
18 0.636364
19 0.319073
20 0.25098
21 0.25098
22 0.539394
23 0.975839
24 0.929494
25 0.0700466
26 0.994883
27 0.894123
28 0.965308
29 0.0229824
0 0.849587
1 0.616809
2 0.0431373
3 0.262032
4 0.176471
5 0.274866
6 0.121569
7 0.121569
8 0.121569
9 0.121569
10 0.580749
11 0.18574
12 0.6
13 0.343316
14 0.247059
15 0.247059
16 0.247059
17 0.247059
18 0.247059
19 0.504456
20 0.25098
21 0.25098
22 0.640642
23 0.976929
24 0.935266
25 0.0747041
26 0.995773
27 0.86858
28 0.909995
29 0.0244895
0 0.974499
1 0.609594
2 0.137255
3 0.37041
4 0.241711
5 0.0470588
6 0.247059
7 0.247059
8 0.247059
9 0.247059
10 0.247059
11 0.304813
12 0.564706
13 0.564706
14 0.564706
15 0.265241
16 0.0156863
17 0.0541889
18 0.121569
19 0.121569
20 0.121569
21 0.121569
22 0.692335
23 0.962318
24 0.928946
25 0.157208
26 0.993462
27 0.865938
28 0.879211
29 0.0758872
0 0.744693
1 0.602393
2 0.109804
3 0.0855615
4 0.0431373
5 0.0581105
6 0
7 0
8 0
9 0
10 0
11 0
12 0.0552585
13 0.121569
14 0.121569
15 0.121569
16 0.121569
17 0.121569
18 0.121569
19 0.144385
20 0.247059
21 0.247059
22 0.628164
23 0.937311
24 0.931427
25 0.264518
26 0.992163
27 0.815248
28 0.783362
29 0.151754
0 0.800125
1 0.700144
2 0
3 0
4 0
5 0.0741533
6 0
7 0
8 0
9 0
10 0
11 0
12 0
13 0
14 0
15 0
16 0
17 0
18 0
19 0
20 0
21 0
22 0.181818
23 0.930782
24 0.937855
25 0.307828
26 0.990153
27 0.828554
28 0.795171
29 0.143181
0 0.645138
1 0.795101
2 0
3 0
4 0
5 0
6 0
7 0
8 0
9 0
10 0
11 0
12 0
13 0
14 0
15 0
16 0
17 0
18 0
19 0
20 0
21 0
22 0
23 0.928839
24 0.935766
25 0.287403
26 0.990132
27 0.801908
28 0.77312
29 0.125559
0 0.867376
1 0.787647
2 0
3 0
4 0
5 0
6 0
7 0
8 0
9 0
10 0
11 0
12 0
13 0
14 0
15 0
16 0
17 0
18 0
19 0
20 0
21 0
22 0
23 0.932369
24 0.936441
25 0.315701
26 0.989818
27 0.839852
28 0.804282
29 0.14691
0 0.51867
1 0.780232
2 0
3 0
4 0
5 0
6 0
7 0
8 0
9 0
10 0
11 0
12 0
13 0
14 0
15 0
16 0
17 0
18 0
19 0
20 0
21 0
22 0
23 0.927282
24 0.935106
25 0.295499
26 0.990263
27 0.808271
28 0.782237
29 0.129181
0 0.803432
1 0.772562
2 0
3 0
4 0
5 0
6 0
7 0
8 0
9 0
10 0
11 0
12 0
13 0
14 0
15 0
16 0
17 0
18 0
19 0
20 0
21 0
22 0
23 0.933241
24 0.935895
25 0.349586
26 0.989873
27 0.873465
28 0.836837
29 0.170795
0 0.163527
1 0.765001
2 0
3 0
4 0
5 0
6 0
7 0
8 0
9 0
10 0
11 0
12 0
13 0
14 0
15 0
16 0
17 0
18 0
19 0
20 0
21 0
22 0
23 0.924159
24 0.933621
25 0.308299
26 0.990603
27 0.819678
28 0.796398
29 0.132868
0 0.714897
1 0.757474
2 0
3 0
4 0
5 0
6 0
7 0
8 0
9 0
10 0
11 0
12 0
13 0
14 0
15 0
16 0
17 0
18 0
19 0
20 0
21 0
22 0
23 0.932945
24 0.935032
25 0.365949
26 0.989973
27 0.886616
28 0.850966
29 0.181361
0 0.00738662
1 0.750226
2 0
3 0
4 0
5 0
6 0
7 0
8 0
9 0
10 0
11 0
12 0
13 0
14 0
15 0
16 0
17 0
18 0
19 0
20 0
21 0
22 0
23 0.931921
24 0.936206
25 0.327766
26 0.990887
27 0.847819
28 0.81751
29 0.155828
0 0.484328
1 0.742873
2 0.178253
3 0
4 0
5 0
6 0.0509804
7 0.0231729
8 0
9 0
10 0
11 0
12 0
13 0
14 0
15 0
16 0
17 0
18 0
19 0
20 0
21 0
22 0.0516934
23 0.946542
24 0.957078
25 0.295978
26 0.994494
27 0.866777
28 0.850588
29 0.0875472
0 0.137422
1 0.735652
2 0.115508
3 0.149733
4 0
5 0
6 0.6
7 0.272727
8 0.0160428
9 0.0196078
10 0.0196078
11 0.16934
12 0.123708
13 0.0139037
14 0
15 0
16 0
17 0
18 0
19 0
20 0
21 0
22 0.275401
23 0.987707
24 0.956285
25 0.123975
26 0.992493
27 0.888439
28 0.966121
29 0.021665
0 0.298291
1 0.728308
2 0.238503
3 0.2
4 0.381818
5 0.202852
6 0.475936
7 0.145098
8 0.186453
9 0.6
10 0.6
11 0.6
12 0.6
13 0.6
14 0.0196078
15 0.0196078
16 0.107665
17 0.650267
18 0.191087
19 0.305882
20 0.192157
21 0.0139037
22 0.523886
23 0.977487
24 0.957692
25 0.0705138
26 0.994299
27 0.93827
28 0.977141
29 0.00651177
0 0.346566
1 0.721045
2 0.276649
3 0.337968
4 0.194296
5 0.163636
6 0.490909
7 0.2
8 0.15508
9 0.145098
10 0.145098
11 0.145098
12 0.145098
13 0.475936
14 0.6
15 0.6
16 0.214617
17 0.218182
18 0.218182
19 0.545455
20 0.6
21 0.6
22 0.342959
23 0.985817
24 0.953366
25 0.0611635
26 0.996812
27 0.889971
28 0.956167
29 0.00881689
0 0.846837
1 0.713861
2 0.2
3 0.2
4 0.352228
5 0.494118
6 0.6
7 0.6
8 0.6
9 0.6
10 0.6
11 0.6
12 0.6
13 0.6
14 0.504813
15 0.25098
16 0.164349
17 0.145098
18 0.145098
19 0.145098
20 0.145098
21 0.145098
22 0.358645
23 0.984431
24 0.960158
25 0.164035
26 0.99465
27 0.916024
28 0.978864
29 0.0208919
0 0.298977
1 0.706588
2 0.282353
3 0.114082
4 0
5 0.181818
6 0.284848
7 0.45098
8 0.0160428
9 0.0196078
10 0.388948
11 0.6
12 0.327273
13 0
14 0
15 0
16 0
17 0
18 0.381818
19 0.6
20 0.6
21 0.6
22 0.306061
23 0.984309
24 0.951707
25 0.143409
26 0.99673
27 0.853677
28 0.927354
29 0.0280767
0 0.611039
1 0.699131
2 0.2
3 0.163636
4 0.254545
5 0.147594
6 0.6
7 0.6
8 0.6
9 0.6
10 0.6
11 0.6
12 0.6
13 0.163636
14 0
15 0
16 0.189305
17 0.147237
18 0
19 0.00356506
20 0.0196078
21 0.0196078
22 0.293939
23 0.991089
24 0.946042
25 0.0448806
26 0.994339
27 0.922653
28 0.990382
29 0.00186971
0 0.770506
1 0.69174
2 0.222816
3 0.166488
4 0.166488
5 0.2
6 0.233868
7 0.412834
8 0.6
9 0.6
10 0.6
11 0.6
12 0.6
13 0.163636
14 0.163636
15 0.6
16 0.6
17 0.6
18 0.6
19 0.6
20 0.6
21 0.6
22 0.263815
23 0.94498
24 0.936468
25 0.269873
26 0.993263
27 0.891978
28 0.902319
29 0.194262
0 0.0147053
1 0.684326
2 0.0117647
3 0.0174688
4 0.100891
5 0.0951872
6 0.0196078
7 0.0196078
8 0.0196078
9 0.0196078
10 0.0196078
11 0.0196078
12 0.0196078
13 0.0196078
14 0.0142602
15 0
16 0.0228164
17 0.25098
18 0.25098
19 0.0228164
20 0
21 0
22 0.459358
23 0.964089
24 0.951897
25 0.153392
26 0.993539
27 0.811953
28 0.88456
29 0.037526
0 0.943131
1 0.676791
2 0.34902
3 0.34902
4 0.254902
5 0.00392157
6 0.25098
7 0.25098
8 0.25098
9 0.25098
10 0.25098
11 0.25098
12 0.25098
13 0.25098
14 0.25098
15 0.25098
16 0.229947
17 0.0196078
18 0.0196078
19 0.0196078
20 0.0196078
21 0.0196078
22 0.251337
23 0.975995
24 0.953309
25 0.146404
26 0.991115
27 0.892708
28 0.957765
29 0.0270936
0 0.303118
1 0.669757
2 0.34902
3 0.34902
4 0.34902
5 0.34902
6 0.25098
7 0.25098
8 0.25098
9 0.25098
10 0.25098
11 0.25098
12 0.25098
13 0.25098
14 0.25098
15 0.25098
16 0.25098
17 0.25098
18 0.25098
19 0.25098
20 0.25098
21 0.25098
22 0.14902
23 0.966933
24 0.959619
25 0.129863
26 0.994991
27 0.890662
28 0.961182
29 0.0154755
0 0.319407
1 0.662738
2 0.120856
3 0.34902
4 0.34902
5 0.34902
6 0.572549
7 0.32656
8 0.458467
9 0.0912656
10 0.25098
11 0.25098
12 0.25098
13 0.25098
14 0.25098
15 0.25098
16 0.25098
17 0.25098
18 0.25098
19 0.25098
20 0.25098
21 0.25098
22 0.255437
23 0.977415
24 0.934027
25 0.124447
26 0.995031
27 0.93901
28 0.981957
29 0.0128682
0 0.20804
1 0.6558
2 0.0156863
3 0.0156863
4 0.0156863
5 0.874866
6 0.0156863
7 0.0156863
8 0.0156863
9 0.0156863
10 0.0156863
11 0.0156863
12 0.0156863
13 0.0156863
14 0.0156863
15 0.0156863
16 0.0156863
17 0.0156863
18 0.617112
19 0.960784
20 0.960784
21 0.960784
22 0.800178
23 0.981709
24 0.932743
25 0.0258349
26 0.993246
27 0.950192
28 0.98964
29 0.00221671
0 0.762118
1 0.648766
2 0.00641711
3 0.00784314
4 0.252763
5 0.650624
6 0.0673797
7 0.247059
8 0.247059
9 0.247059
10 0.247059
11 0.247059
12 0.247059
13 0.247059
14 0.6
15 0.6
16 0.6
17 0.665597
18 0.361141
19 0.731194
20 0.792157
21 0.792157
22 0.654189
23 0.946936
24 0.943073
25 0.0543991
26 0.994834
27 0.900475
28 0.944102
29 0.011014
0 0.870134
1 0.641619
2 0.173262
3 0.109091
4 0.145455
5 0.101248
6 0.333333
7 0.333333
8 0.0606061
9 0
10 0
11 0.109091
12 0.6
13 0.6
14 0.6
15 0.6
16 0.545455
17 0
18 0
19 0
20 0.112299
21 0.247059
22 0.286631
23 0.964607
24 0.950011
25 0.172556
26 0.994575
27 0.815239
28 0.908623
29 0.0789235
0 0.694121
1 0.63428
2 0.0566845
3 0.309804
4 0.056328
5 0
6 0
7 0
8 0
9 0.121212
10 0.333333
11 0.333333
12 0.333333
13 0.333333
14 0.242424
15 0
16 0
17 0
18 0
19 0
20 0
21 0
22 0.545455
23 0.978186
24 0.950183
25 0.227161
26 0.996424
27 0.874729
28 0.870536
29 0.117452
0 0.025029
1 0.626825
2 0.258824
3 0.218182
4 0.184314
5 0.184314
6 0.333333
7 0.333333
8 0.333333
9 0.333333
10 0.333333
11 0.272727
12 0
13 0
14 0
15 0
16 0
17 0
18 0
19 0
20 0
21 0
22 1
23 0.981207
24 0.945981
25 0.0684095
26 0.993751
27 0.883978
28 0.966736
29 0.0121854
0 0.751216
1 0.726032
2 0.119073
3 0.203922
4 0.203922
5 0.203922
6 0
7 0
8 0.0502674
9 0.473084
10 0.333333
11 0.333333
12 0.333333
13 0.333333
14 0.333333
15 0.333333
16 0.333333
17 0.333333
18 0.333333
19 0.333333
20 0.333333
21 0.333333
22 0.797861
23 0.985579
24 0.949314
25 0.065337
26 0.994157
27 0.870478
28 0.973989
29 0.0144738
0 0.776429
1 0.718559
2 0.147594
3 0.327273
4 0.247059
5 0.247059
6 0
7 0
8 0.0491979
9 0.541176
10 0.541176
11 0.352228
12 0.333333
13 0.333333
14 0.333333
15 0.333333
16 0.333333
17 0.333333
18 0.333333
19 0.333333
20 0.333333
21 0.333333
22 0.755615
23 0.932822
24 0.940801
25 0.30929
26 0.992699
27 0.840177
28 0.845985
29 0.171518
0 0.608614
1 0.711231
2 0
3 0
4 0
5 0
6 0
7 0
8 0
9 0
10 0
11 0
12 0
13 0
14 0
15 0
16 0
17 0
18 0
19 0
20 0
21 0
22 0
23 0.988514
24 0.957326
25 0.0249877
26 0.994729
27 0.9171
28 0.991705
29 0.000343961
0 0.985518
1 0.703697
2 0.2
3 0.2
4 0.2
5 0.2
6 0.6
7 0.6
8 0.6
9 0.6
10 0.6
11 0.6
12 0.6
13 0.6
14 0.6
15 0.6
16 0.6
17 0.6
18 0.6
19 0.6
20 0.6
21 0.6
22 0.2
23 0.928594
24 0.945971
25 0.315808
26 0.993523
27 0.847439
28 0.861807
29 0.191328
0 0.525185
1 0.804392
2 0
3 0
4 0
5 0
6 0
7 0
8 0
9 0
10 0
11 0
12 0
13 0
14 0
15 0
16 0
17 0
18 0
19 0
20 0
21 0
22 0
23 0.920127
24 0.949029
25 0.318137
26 0.991497
27 0.801929
28 0.804965
29 0.11353
0 0.895292
1 0.898388
2 0
3 0
4 0
5 0
6 0
7 0
8 0
9 0
10 0
11 0
12 0
13 0
14 0
15 0
16 0
17 0
18 0
19 0
20 0
21 0
22 0
23 0.934083
24 0.962752
25 0.310536
26 0.993399
27 0.851423
28 0.826597
29 0.0889126
0 0.481053
1 0.991493
2 0.199643
3 0
4 0
5 0
6 0.54902
7 0.249554
8 0
9 0
10 0
11 0
12 0
13 0
14 0
15 0
16 0
17 0
18 0
19 0
20 0
21 0
22 0.0499109
23 0.962537
24 0.967004
25 0.0723167
26 0.993358
27 0.832657
28 0.938869
29 0.010529
0 0.893556
1 0.984081
2 0.10303
3 0.263458
4 0.427451
5 0.0388592
6 0.452406
7 0.172193
8 0.266667
9 0.266667
10 0.266667
11 0.2959
12 0.427451
13 0.427451
14 0.427451
15 0.427451
16 0.427451
17 0.427451
18 0.155437
19 0
20 0
21 0
22 0.47861
23 0.988854
24 0.970928
25 0.0752767
26 0.997241
27 0.922411
28 0.980781
29 0.00443535
0 0.0393468
1 0.976907
2 0.2
3 0.2
4 0.0666667
5 0.0666667
6 0.6
7 0.6
8 0.6
9 0.6
10 0.6
11 0.6
12 0.6
13 0.6
14 0.266667
15 0.266667
16 0.266667
17 0.266667
18 0.266667
19 0.266667
20 0.266667
21 0.266667
22 0.57451
23 0.966407
24 0.933778
25 0.12293
26 0.994873
27 0.914637
28 0.971427
29 0.0146976
0 0.33765
1 0.451748
2 0
3 0
4 0
5 0
6 0.266667
7 0.266667
8 0.266667
9 0.266667
10 0.266667
11 0.266667
12 0.266667
13 0.266667
14 0.266667
15 0.266667
16 0.266667
17 0.266667
18 0.266667
19 0.266667
20 0.266667
21 0.266667
22 0
23 0.985989
24 0.940189
25 0.0169938
26 0.991069
27 0.897756
28 0.991845
29 0.00263895
0 0.831845
1 0.442688
2 0.610695
3 0.2
4 0.819251
5 0.805704
6 0.0196078
7 0.0196078
8 0.785383
9 0.6
10 0.6
11 0.6
12 0.6
13 0.6
14 0.697326
15 0.956863
16 0.956863
17 0.956863
18 0.956863
19 0.101248
20 0.0156863
21 0.0156863
22 0.697326
23 0.941967
24 0.92713
25 0.251049
26 0.99438
27 0.882607
28 0.897145
29 0.151925
0 0.255914
1 0.434177
2 0
3 0.0185383
4 0.0509804
5 0.0509804
6 0.0156863
7 0.0156863
8 0.0156863
9 0.0156863
10 0.0156863
11 0.0156863
12 0.0317291
13 0.0509804
14 0.0509804
15 0.0509804
16 0.0509804
17 0.0509804
18 0.0509804
19 0.0509804
20 0.0509804
21 0.0509804
22 0.431194
23 0.939668
24 0.929698
25 0.22373
26 0.995246
27 0.847991
28 0.827515
29 0.121909
0 0.56302
1 0.529126
2 0
3 0
4 0
5 0
6 0.0156863
7 0.0156863
8 0.0156863
9 0.0156863
10 0.0156863
11 0.0156863
12 0.0156863
13 0.0156863
14 0.0156863
15 0.0156863
16 0.0156863
17 0.0156863
18 0.0156863
19 0.0156863
20 0.0156863
21 0.0156863
22 0.937255
23 0.983187
24 0.939354
25 0.00623907
26 0.989921
27 0.939368
28 0.997017
29 8.95242e-05
0 0.875709
1 0.623992
2 0.181462
3 0.374688
4 0.980392
5 0.980392
6 0.247059
7 0.439572
8 0.568271
9 0.377897
10 0.250624
11 0.0509804
12 0.47344
13 0.980392
14 0.980392
15 0.980392
16 0.980392
17 0.980392
18 0.980392
19 0.980392
20 0.980392
21 0.980392
22 0.838859
23 0.951659
24 0.951118
25 0.26458
26 0.99528
27 0.850134
28 0.878137
29 0.275905
0 0.163479
1 0.72403
2 0.337255
3 0.337255
4 0.337255
5 0.337255
6 0.0156863
7 0.0156863
8 0.0156863
9 0.0156863
10 0.0156863
11 0.0156863
12 0.0156863
13 0.0156863
14 0.0156863
15 0.0156863
16 0.0156863
17 0.0156863
18 0.0156863
19 0.0156863
20 0.0156863
21 0.0156863
22 1
23 0.977337
24 0.961279
25 0.146551
26 0.994706
27 0.895285
28 0.980782
29 0.0055173
0 0.353642
1 0.818282
2 0.34902
3 0.299109
4 0.0745098
5 0.361141
6 0.25098
7 0.25098
8 0.25098
9 0.25098
10 0.25098
11 0.25098
12 0.25098
13 0.248128
14 0.247059
15 0.247059
16 0.247059
17 0.247059
18 0.471658
19 0.163636
20 0.6
21 0.8082
22 0.495722
23 0.970285
24 0.959569
25 0.144042
26 0.993267
27 0.87069
28 0.965683
29 0.0211885
0 0.45282
1 0.81139
2 0.34902
3 0.34902
4 0.34902
5 0.34902
6 0.25098
7 0.25098
8 0.25098
9 0.25098
10 0.25098
11 0.25098
12 0.25098
13 0.25098
14 0.25098
15 0.25098
16 0.25098
17 0.25098
18 0.25098
19 0.25098
20 0.25098
21 0.25098
22 0.14902
23 0.952068
24 0.950918
25 0.191814
26 0.991568
27 0.89556
28 0.951613
29 0.0581438
0 0.256303
1 0.804521
2 0.160784
3 0.118004
4 0.293405
5 0.34902
6 0.0196078
7 0.0196078
8 0.0196078
9 0.0196078
10 0.0196078
11 0.0196078
12 0.030303
13 0.0431373
14 0.0998217
15 0.25098
16 0.25098
17 0.25098
18 0.25098
19 0.25098
20 0.25098
21 0.25098
22 0.275758
23 0.984322
24 0.969004
25 0.207777
26 0.99776
27 0.81141
28 0.940902
29 0.0166404
0 0.369764
1 0.797456
2 0.00784314
3 0.54902
4 0.180036
5 0.0951872
6 0.745098
7 0.745098
8 0.745098
9 0.745098
10 0.745098
11 0.612478
12 0.0156863
13 0.0156863
14 0.0342246
15 0
16 0
17 0.0912656
18 0.25098
19 0.0406417
20 0.0196078
21 0.0196078
22 0.401961
23 0.989583
24 0.966264
25 0.0253802
26 0.99735
27 0.937476
28 0.980797
29 0.0015216
0 0.287206
1 0.790433
2 0.259537
3 0
4 0.272727
5 1
6 0.713726
7 0.730838
8 0.745098
9 0.745098
10 0.745098
11 0.745098
12 0.745098
13 0.745098
14 0.745098
15 0.745098
16 0.678788
17 0.0156863
18 0.0156863
19 0.0156863
20 0.0156863
21 0.0156863
22 0.526738
23 0.984663
24 0.957512
25 0.039564
26 0.995083
27 0.935235
28 0.995696
29 0.00151826
0 0.355859
1 0.783356
2 0.101961
3 0.101961
4 0.336185
5 0.960784
6 0.247059
7 0.247059
8 0.247059
9 0.247059
10 0.247059
11 0.247059
12 0.247059
13 0.247059
14 0.247059
15 0.247059
16 0.311943
17 0.960784
18 0.960784
19 0.960784
20 0.960784
21 0.960784
22 0.987522
23 0.922712
24 0.952293
25 0.307472
26 0.994727
27 0.839825
28 0.873366
29 0.15375
0 0.677378
1 0.776203
2 0.0370766
3 0
4 0
5 0
6 0.148307
7 0
8 0
9 0
10 0
11 0
12 0
13 0
14 0
15 0
16 0
17 0
18 0
19 0
20 0
21 0
22 0.00926916
23 0.969828
24 0.959728
25 0.143453
26 0.993072
27 0.837175
28 0.952875
29 0.0429858
0 0.609077
1 0.768869
2 0.568271
3 0.296613
4 0.105882
5 0.00962567
6 0
7 0
8 0.0481283
9 0.0588235
10 0.645276
11 0.331551
12 0.266667
13 0.266667
14 0.266667
15 0.266667
16 0.266667
17 0.266667
18 0.0969697
19 0
20 0
21 0
22 0.754189
23 0.960038
24 0.963189
25 0.309179
26 0.992535
27 0.791415
28 0.87799
29 0.260332
0 0.281571
1 0.867604
2 0.694118
3 0.694118
4 0.606774
5 0.556863
6 0
7 0
8 0
9 0
10 0
11 0
12 0
13 0
14 0
15 0.0320856
16 0.0588235
17 0.0588235
18 0.0588235
19 0.0588235
20 0.0588235
21 0.0588235
22 0.982175
23 0.936517
24 0.955267
25 0.31794
26 0.988143
27 0.869326
28 0.85893
29 0.229662
0 0.356166
1 0.860171
2 0
3 0
4 0.886275
5 0.886275
6 0
7 0
8 0
9 0
10 0
11 0
12 0
13 0
14 0.0156863
15 0.0156863
16 0.0156863
17 0.0156863
18 0.0156863
19 0.0156863
20 0.0156863
21 0.0156863
22 0.498039
23 0.911376
24 0.952244
25 0.33767
26 0.992664
27 0.813365
28 0.836939
29 0.104968
0 0.887744
1 0.852742
2 0
3 0
4 0
5 0
6 0
7 0
8 0
9 0
10 0
11 0
12 0
13 0
14 0
15 0
16 0
17 0
18 0
19 0
20 0
21 0
22 0
23 0.925205
24 0.955941
25 0.356161
26 0.991822
27 0.862865
28 0.863938
29 0.124215
0 0.390175
1 0.940923
2 0
3 0
4 0
5 0
6 0
7 0
8 0
9 0
10 0
11 0
12 0
13 0
14 0
15 0
16 0
17 0
18 0
19 0
20 0
21 0
22 0
23 0.919218
24 0.955776
25 0.361311
26 0.992527
27 0.864618
28 0.871859
29 0.126058
0 0.383361
1 0.953506
2 0
3 0
4 0
5 0
6 0
7 0
8 0
9 0
10 0
11 0
12 0
13 0
14 0
15 0
16 0
17 0
18 0
19 0
20 0
21 0
22 0
23 0.920527
24 0.955643
25 0.381984
26 0.992514
27 0.884028
28 0.886453
29 0.138683
0 0.157713
1 0.946037
2 0
3 0
4 0
5 0
6 0
7 0
8 0
9 0
10 0
11 0
12 0
13 0
14 0
15 0
16 0
17 0
18 0
19 0
20 0
21 0
22 0
23 0.95354
24 0.960089
25 0.159239
26 0.994849
27 0.852733
28 0.92109
29 0.0261128
0 0.673924
1 0.9384
2 0.109804
3 0.109804
4 0.109804
5 0.109804
6 0.145098
7 0.145098
8 0.145098
9 0.145098
10 0.145098
11 0.145098
12 0.145098
13 0.145098
14 0.145098
15 0.145098
16 0.145098
17 0.145098
18 0.145098
19 0.145098
20 0.145098
21 0.145098
22 0.635294
23 0.962543
24 0.963714
25 0.139381
26 0.995868
27 0.86996
28 0.928586
29 0.0372725
0 0.487081
1 0.931129
2 0.109804
3 0.109804
4 0.109804
5 0.109804
6 0.145098
7 0.145098
8 0.145098
9 0.145098
10 0.145098
11 0.145098
12 0.145098
13 0.145098
14 0.145098
15 0.145098
16 0.145098
17 0.145098
18 0.145098
19 0.145098
20 0.145098
21 0.145098
22 0.886275
23 0.962185
24 0.966184
25 0.117907
26 0.996508
27 0.864929
28 0.924487
29 0.0235869
0 0.652016
1 0.923729
2 0.054902
3 0.054902
4 0.0399287
5 0
6 0.266667
7 0.266667
8 0.266667
9 0.266667
10 0.266667
11 0.266667
12 0.266667
13 0.266667
14 0.266667
15 0.266667
16 0.242424
17 0
18 0
19 0
20 0
21 0
22 0.564171
23 0.971627
24 0.966182
25 0.0735713
26 0.996658
27 0.885746
28 0.968372
29 0.006059
0 0.622407
1 0.916286
2 0.0156863
3 0.0156863
4 0.0156863
5 0.0491979
6 0.266667
7 0.266667
8 0.266667
9 0.266667
10 0.266667
11 0.266667
12 0.266667
13 0.266667
14 0.266667
15 0.266667
16 0.266667
17 0.266667
18 0.266667
19 0.266667
20 0.266667
21 0.509091
22 0.81016
23 0.972882
24 0.969764
25 0.0782915
26 0.997103
27 0.889401
28 0.967797
29 0.00807709
0 0.535704
1 0.908869
2 0.147594
3 0.054902
4 0.054902
5 0.054902
6 0.483422
7 0.266667
8 0.266667
9 0.266667
10 0.266667
11 0.266667
12 0.266667
13 0.266667
14 0.266667
15 0.266667
16 0.266667
17 0.266667
18 0.266667
19 0.266667
20 0.266667
21 0.266667
22 0.826738
23 0.974938
24 0.970957
25 0.0634895
26 0.997743
27 0.87988
28 0.955061
29 0.00461772
0 0.763621
1 0.901378
2 0.478788
3 0.0509804
4 0.0509804
5 0.0509804
6 0.835294
7 0.835294
8 0.370053
9 0.266667
10 0.266667
11 0.266667
12 0.266667
13 0.266667
14 0.266667
15 0.266667
16 0.266667
17 0.266667
18 0.266667
19 0.266667
20 0.266667
21 0.266667
22 0.930125
23 0.97509
24 0.973323
25 0.0722216
26 0.997833
27 0.905075
28 0.968037
29 0.00574786
0 0.393598
1 0.893707
2 0.334759
3 0.0196078
4 0.0196078
5 0.0196078
6 0.886275
7 0.548307
8 0.266667
9 0.266667
10 0.266667
11 0.266667
12 0.266667
13 0.266667
14 0.266667
15 0.266667
16 0.266667
17 0.266667
18 0.266667
19 0.266667
20 0.266667
21 0.266667
22 0.943316
23 0.971431
24 0.966992
25 0.0701635
26 0.997042
27 0.845453
28 0.959084
29 0.00811583
0 0.947942
1 0.886009
2 0.113725
3 0.113725
4 0.113725
5 0.113725
6 0.266667
7 0.266667
8 0.266667
9 0.266667
10 0.266667
11 0.266667
12 0.266667
13 0.266667
14 0.266667
15 0.266667
16 0.266667
17 0.266667
18 0.266667
19 0.266667
20 0.266667
21 0.266667
22 0.909804
23 0.971759
24 0.968503
25 0.202304
26 0.994644
27 0.80246
28 0.956013
29 0.051701
0 0.374609
1 0.878492
2 0.819608
3 0.819608
4 0.331907
5 0.269875
6 0.0588235
7 0.0588235
8 0.0588235
9 0.0588235
10 0.0588235
11 0.0588235
12 0.0588235
13 0.0588235
14 0.11016
15 0.247059
16 0.247059
17 0.247059
18 0.247059
19 0.343316
20 0.427094
21 0.18467
22 0.942424
23 0.983377
24 0.954243
25 0.122904
26 0.995756
27 0.866436
28 0.976032
29 0.00452559
0 0.470387
1 0.405791
2 0.501961
3 0.31943
4 0
5 0
6 0.501961
7 0.501961
8 0.501961
9 0.501961
10 0.501961
11 0.501961
12 0.386096
13 0.247059
14 0.247059
15 0.247059
16 0.247059
17 0.247059
18 0.247059
19 0.247059
20 0.247059
21 0.247059
22 0.205348
23 0.976072
24 0.945876
25 0.136702
26 0.994013
27 0.847391
28 0.971253
29 0.0189815
0 0.574808
1 0.39615
2 0.695544
3 0.376827
4 0.34902
5 0.34902
6 0.291266
7 0.231373
8 0.231373
9 0.385383
10 0.397861
11 0.25098
12 0.25098
13 0.25098
14 0.25098
15 0.25098
16 0.25098
17 0.25098
18 0.25098
19 0.25098
20 0.25098
21 0.25098
22 0.33066
23 0.971914
24 0.945632
25 0.102086
26 0.994648
27 0.818521
28 0.962149
29 0.00979718
0 0.935522
1 0.388093
2 0.462745
3 0.325847
4 0.27451
5 0.27451
6 0.239216
7 0.239216
8 0.239216
9 0.239216
10 0.239216
11 0.271301
12 0.27451
13 0.27451
14 0.27451
15 0.27451
16 0.27451
17 0.27451
18 0.27451
19 0.27451
20 0.27451
21 0.27451
22 0.5041
23 0.971041
24 0.956229
25 0.111903
26 0.995829
27 0.895699
28 0.974902
29 0.00543157
0 0.178747
1 0.380024
2 0.572906
3 0.34902
4 0.34902
5 0.299109
6 0.992157
7 0.992157
8 0.180392
9 0.0912656
10 0.25098
11 0.25098
12 0.25098
13 0.25098
14 0.25098
15 0.25098
16 0.25098
17 0.25098
18 0.597861
19 0.29697
20 0.247059
21 0.247059
22 0.479857
23 0.969692
24 0.945737
25 0.0684791
26 0.997576
27 0.854076
28 0.956151
29 0.00591765
0 0.948832
1 0.372832
2 0.0427807
3 0.00784314
4 0.00784314
5 0.00784314
6 0.503743
7 0.247059
8 0.247059
9 0.247059
10 0.247059
11 0.247059
12 0.247059
13 0.247059
14 0.247059
15 0.247059
16 0.247059
17 0.247059
18 0.247059
19 0.247059
20 0.247059
21 0.247059
22 0.963636
23 0.993255
24 0.958149
25 0.0335278
26 0.99766
27 0.932029
28 0.996063
29 0.000185808
0 0.440319
1 0.365644
2 0.00392157
3 0.00392157
4 0.298039
5 0.798574
6 0.745098
7 0.745098
8 0.745098
9 0.745098
10 0.745098
11 0.745098
12 0.745098
13 0.745098
14 0.541889
15 0
16 0
17 0
18 0.559002
19 0.878431
20 0.878431
21 0.878431
22 0.451515
23 0.992878
24 0.956222
25 0.00846629
26 0.998364
27 0.949962
28 0.998163
29 4.85072e-05
0 0.199082
1 0.358364
2 0.0196078
3 0.0196078
4 0.0196078
5 0.0188948
6 0.745098
7 0.745098
8 0.745098
9 0.745098
10 0.745098
11 0.745098
12 0.745098
13 0.745098
14 0.745098
15 0.745098
16 0.745098
17 0.745098
18 0.745098
19 0.745098
20 0.745098
21 0.382888
22 0.920143
23 0.991404
24 0.955053
25 0.0098092
26 0.998032
27 0.950835
28 0.998705
29 3.26289e-05
0 0.257489
1 0.351228
2 0
3 0
4 0
5 0
6 0.745098
7 0.745098
8 0.745098
9 0.745098
10 0.745098
11 0.745098
12 0.745098
13 0.745098
14 0.745098
15 0.745098
16 0.745098
17 0.745098
18 0.745098
19 0.745098
20 0.745098
21 0.745098
22 0.470588
23 0.991022
24 0.953901
25 0.00849119
26 0.998054
27 0.935681
28 0.998342
29 2.69554e-05
0 0.687492
1 0.344023
2 0
3 0
4 0
5 0
6 0.745098
7 0.745098
8 0.745098
9 0.745098
10 0.745098
11 0.745098
12 0.745098
13 0.745098
14 0.745098
15 0.745098
16 0.745098
17 0.745098
18 0.745098
19 0.745098
20 0.745098
21 0.745098
22 0.470588
23 0.93853
24 0.931633
25 0.258541
26 0.996604
27 0.791606
28 0.856308
29 0.218019
0 0.85274
1 0.33616
2 0.262745
3 0.262745
4 0.262745
5 0.262745
6 0
7 0
8 0
9 0
10 0
11 0
12 0
13 0
14 0
15 0
16 0
17 0
18 0
19 0
20 0
21 0
22 0.984314
23 0.924899
24 0.928123
25 0.248947
26 0.990782
27 0.893718
28 0.969873
29 0.0231777
0 0.215712
1 0.32794
2 0
3 0
4 0.0545455
5 0.269875
6 0
7 0
8 0
9 0
10 0
11 0
12 0
13 0
14 0
15 0
16 0.0545455
17 0.6
18 0.6
19 0.490909
20 0
21 0.715865
22 0.0811052
23 0.914817
24 0.920359
25 0.306188
26 0.993773
27 0.817086
28 0.859601
29 0.101311
0 0.984098
1 0.317177
2 0
3 0
4 0
5 0
6 0
7 0
8 0
9 0
10 0
11 0
12 0
13 0
14 0
15 0
16 0
17 0
18 0
19 0
20 0
21 0
22 0
23 0.922332
24 0.921847
25 0.388082
26 0.992649
27 0.889511
28 0.897286
29 0.126947
0 0.192314
1 0.304587
2 0
3 0
4 0
5 0
6 0
7 0
8 0
9 0
10 0
11 0
12 0
13 0
14 0
15 0
16 0
17 0
18 0
19 0
20 0
21 0
22 0
23 0.909424
24 0.915764
25 0.360834
26 0.993353
27 0.858052
28 0.881723
29 0.100168
0 0.579456
1 0.293984
2 0
3 0
4 0
5 0
6 0
7 0
8 0
9 0
10 0
11 0
12 0
13 0
14 0
15 0
16 0
17 0
18 0
19 0
20 0
21 0
22 0
23 0.913838
24 0.916878
25 0.350991
26 0.992999
27 0.854075
28 0.875342
29 0.0994794
0 0.62086
1 0.28659
2 0
3 0
4 0
5 0
6 0
7 0
8 0
9 0
10 0
11 0
12 0
13 0
14 0
15 0
16 0
17 0
18 0
19 0
20 0
21 0
22 0
23 0.954196
24 0.951349
25 0.162517
26 0.994815
27 0.856633
28 0.959081
29 0.0108355
0 0.300728
1 0.279208
2 0.302674
3 0.530838
4 0.221034
5 0
6 0.440642
7 0.0156863
8 0.0156863
9 0.0156863
10 0.0156863
11 0.554011
12 0.607843
13 0.607843
14 0.607843
15 0.276292
16 0
17 0
18 0
19 0
20 0
21 0
22 0.409091
23 0.983304
24 0.94517
25 0.0993071
26 0.997029
27 0.882759
28 0.977826
29 0.00332364
0 0.629662
1 0.271931
2 0.403209
3 0.163636
4 0.0438503
5 0.314082
6 0.501961
7 0.501961
8 0.582175
9 0.6
10 0.6
11 0.490909
12 0.272727
13 0.6
14 0.436364
15 0
16 0
17 0.0057041
18 0.220321
19 0.337255
20 0.337255
21 0.337255
22 0.325134
23 0.984131
24 0.942906
25 0.101649
26 0.995779
27 0.844396
28 0.987717
29 0.00430503
0 0.671293
1 0.264694
2 0.141533
3 0.2
4 0.086631
5 0.238503
6 0.0509804
7 0.0509804
8 0.263815
9 0.642424
10 0.6
11 0.6
12 0.6
13 0.6
14 0
15 0
16 0.0456328
17 0.501961
18 0.501961
19 0.501961
20 0.273797
21 0.436364
22 0.491087
23 0.991958
24 0.96855
25 0.161453
26 0.997796
27 0.810983
28 0.992849
29 0.0027252
0 0.0491969
1 0.25755
2 0.330481
3 1
4 0.027451
5 0.181462
6 0.647415
7 0
8 0.193939
9 0.363636
10 1
11 1
12 1
13 1
14 0.0509804
15 0.0509804
16 0.0509804
17 0.0509804
18 0.0509804
19 0.192157
20 0.451337
21 0
22 0.920677
23 0.975
24 0.934708
25 0.0317604
26 0.994562
27 0.777226
28 0.985199
29 0.00240545
0 0.975063
1 0.250437
2 0.531551
3 0.46738
4 0.794652
5 0.514439
6 0.494118
7 0.526203
8 0.552941
9 0.552941
10 0.552941
11 0.0502674
12 0
13 0
14 0
15 0.545455
16 1
17 1
18 1
19 0.827451
20 0.0509804
21 0.0509804
22 0.803743
23 0.987449
24 0.955463
25 0.0281321
26 0.99407
27 0.812852
28 0.996727
29 0.000147715
0 0.955425
1 0.243611
2 0.211765
3 0.665241
4 0.419608
5 0.947237
6 0
7 0
8 0
9 0
10 0
11 0.759358
12 0.835294
13 0.835294
14 0.419608
15 0.419608
16 0.419608
17 0.419608
18 0.788948
19 1
20 1
21 1
22 0.811765
23 0.969556
24 0.937683
25 0.106986
26 0.996301
27 0.847961
28 0.974238
29 0.00652666
0 0.404352
1 0.236693
2 0.309804
3 0.480927
4 0.457041
5 0.447772
6 0.505882
7 0.505882
8 0.505882
9 0.505882
10 0.196435
11 0.0196078
12 0.0196078
13 0.0196078
14 0.284848
15 0.45098
16 0.0791444
17 0.870588
18 0.870588
19 0.0934046
20 0.00855615
21 0.727273
22 0.858289
23 0.974759
24 0.926816
25 0.0203779
26 0.993247
27 0.878213
28 0.995669
29 0.000410567
0 0.894632
1 0.229742
2 0.215686
3 0.288414
4 0.650624
5 1
6 0.027451
7 0.027451
8 0.027451
9 0.027451
10 0.027451
11 0.027451
12 0.027451
13 0.455258
14 0.615686
15 0.615686
16 0.615686
17 0.755437
18 1
19 1
20 1
21 1
22 0.877362
23 0.96489
24 0.929861
25 0.10225
26 0.996778
27 0.811991
28 0.974574
29 0.0206322
0 0.842435
1 0.220778
2 0.057041
3 0.312299
4 0.286988
5 0.886631
6 0.113012
7 0.247059
8 0.247059
9 0.247059
10 0.613904
11 0.0998217
12 0.027451
13 0.027451
14 0.027451
15 0.027451
16 0.027451
17 0.381105
18 1
19 0.827451
20 0.0509804
21 0.0509804
22 0.968093
23 0.957117
24 0.925533
25 0.223384
26 0.996843
27 0.909432
28 0.920854
29 0.0990785
0 0.0640145
1 0.213224
2 0
3 0
4 0
5 0
6 0.0509804
7 0.0509804
8 0.0509804
9 0.0509804
10 0.0509804
11 0.0509804
12 0.0509804
13 0.0509804
14 0.0509804
15 0.0509804
16 0.0509804
17 0.0509804
18 0.0509804
19 0.0509804
20 0.0509804
21 0.0509804
22 1
23 0.959788
24 0.931596
25 0.251188
26 0.996602
27 0.888161
28 0.959307
29 0.0358429
0 0.0817151
1 0.20573
2 0.34902
3 0.34902
4 0.0891266
5 0.149733
6 0.25098
7 0.25098
8 0.25098
9 0.25098
10 0.25098
11 0.25098
12 0.25098
13 0.25098
14 0.182531
15 0
16 0
17 0
18 0
19 0.228164
20 0.165419
21 0.0627451
22 0.455258
23 0.960401
24 0.925362
25 0.139086
26 0.995077
27 0.896652
28 0.973232
29 0.0238025
0 0.379515
1 0.19581
2 0.607843
3 0.0552585
4 0.172906
5 0.34902
6 0.0588235
7 0.0588235
8 0.0588235
9 0.0588235
10 0.17861
11 0.247059
12 0.247059
13 0.247059
14 0.247059
15 0.15508
16 0.219608
17 0.25098
18 0.25098
19 0.25098
20 0.25098
21 0.25098
22 0.627451
23 0.980624
24 0.937783
25 0.148359
26 0.997196
27 0.770133
28 0.946797
29 0.00926513
0 0.962745
1 0.188505
2 0.100178
3 0.571479
4 0.709804
5 0.513012
6 0.438146
7 0.74902
8 0.74902
9 0.74902
10 0.432086
11 0.387166
12 0.572192
13 0.0588235
14 0.0588235
15 0.0588235
16 0.0588235
17 0.0588235
18 0.0588235
19 0.0937611
20 0.25098
21 0.25098
22 0.664349
23 0.970452
24 0.94134
25 0.0411982
26 0.996732
27 0.849003
28 0.97469
29 0.00280388
0 0.983738
1 0.288226
2 0.0117647
3 0.0117647
4 0.100891
5 0.667023
6 0.247059
7 0.247059
8 0.247059
9 0.247059
10 0.247059
11 0.247059
12 0.247059
13 0.247059
14 0.247059
15 0.247059
16 0.247059
17 0.518004
18 0.992157
19 0.82246
20 0.0588235
21 0.0588235
22 0.99893
23 0.966829
24 0.941318
25 0.0486585
26 0.996737
27 0.867278
28 0.989363
29 0.0014894
0 0.714832
1 0.387517
2 0.270232
3 0.117647
4 0.0538324
5 0.00392157
6 0.0470588
7 0.0470588
8 0.698396
9 0.121569
10 0.121569
11 0.121569
12 0.121569
13 0.121569
14 0.133333
15 0.483422
16 0.74902
17 0.74902
18 0.74902
19 0.74902
20 0.520856
21 0.247059
22 0.602674
23 0.9695
24 0.951507
25 0.0781509
26 0.997674
27 0.844222
28 0.959293
29 0.0084089
0 0.937796
1 0.486525
2 0.0823529
3 0.0823529
4 0.0823529
5 0.0823529
6 0.239216
7 0.239216
8 0.239216
9 0.239216
10 0.239216
11 0.239216
12 0.239216
13 0.239216
14 0.239216
15 0.239216
16 0.239216
17 0.239216
18 0.239216
19 0.239216
20 0.239216
21 0.239216
22 1
23 0.944113
24 0.949584
25 0.260105
26 0.996714
27 0.86846
28 0.932279
29 0.0747548
0 0.309589
1 0.585394
2 0.0745098
3 0.203565
4 0
5 0.196791
6 0.0156863
7 0.0156863
8 0.0156863
9 0.0156863
10 0.0156863
11 0.0156863
12 0.39893
13 0.245633
14 0.0156863
15 0.0156863
16 0.0156863
17 0.0156863
18 0.0156863
19 0.0156863
20 0.0745098
21 0.145098
22 0.632799
23 0.921327
24 0.943189
25 0.369964
26 0.994927
27 0.903257
28 0.924124
29 0.140117
0 0.100276
1 0.578481
2 0
3 0
4 0
5 0.0499109
6 0
7 0
8 0
9 0
10 0
11 0
12 0
13 0
14 0
15 0
16 0
17 0
18 0.00998217
19 0.0156863
20 0.0156863
21 0.0156863
22 0.0659537
23 0.909938
24 0.939192
25 0.395056
26 0.994636
27 0.903519
28 0.922942
29 0.128153
0 0.0974446
1 0.571641
2 0
3 0
4 0
5 0
6 0
7 0
8 0
9 0
10 0
11 0
12 0
13 0
14 0
15 0
16 0
17 0
18 0
19 0
20 0
21 0
22 0
23 0.909299
24 0.938059
25 0.386428
26 0.994517
27 0.899351
28 0.919178
29 0.119664
0 0.164769
1 0.564777
2 0
3 0
4 0
5 0
6 0
7 0
8 0
9 0
10 0
11 0
12 0
13 0
14 0
15 0
16 0
17 0
18 0
19 0
20 0
21 0
22 0
23 0.909555
24 0.938051
25 0.381323
26 0.994517
27 0.897189
28 0.917736
29 0.118611
0 0.201274
1 0.55765
2 0
3 0
4 0
5 0
6 0
7 0
8 0
9 0
10 0
11 0
12 0
13 0
14 0
15 0
16 0
17 0
18 0
19 0
20 0
21 0
22 0
23 0.905792
24 0.937961
25 0.348097
26 0.994535
27 0.862433
28 0.896079
29 0.0976777
0 0.633916
1 0.550804
2 0
3 0
4 0
5 0
6 0
7 0
8 0
9 0
10 0
11 0
12 0
13 0
14 0
15 0
16 0
17 0
18 0
19 0
20 0
21 0
22 0
23 0.911993
24 0.94377
25 0.319719
26 0.995014
27 0.852002
28 0.883459
29 0.0760286
0 0.754781
1 0.543882
2 0.11836
3 0
4 0
5 0
6 0.247059
7 0.112299
8 0
9 0
10 0
11 0
12 0
13 0
14 0
15 0
16 0
17 0
18 0
19 0
20 0
21 0
22 0.0869875
23 0.955544
24 0.950261
25 0.19348
26 0.996707
27 0.880906
28 0.935975
29 0.0246783
0 0.382069
1 0.536661
2 0.145098
3 0.145098
4 0.00142602
5 0
6 0.247059
7 0.247059
8 0.247059
9 0.247059
10 0.247059
11 0.247059
12 0.247059
13 0.247059
14 0.247059
15 0.112299
16 0
17 0
18 0
19 0
20 0
21 0
22 0.575223
23 0.966681
24 0.952174
25 0.0739091
26 0.997629
27 0.845312
28 0.96236
29 0.00477642
0 0.969446
1 0.529469
2 0.184314
3 0.0559715
4 0.00784314
5 0.00784314
6 0.266667
7 0.266667
8 0.266667
9 0.266667
10 0.266667
11 0.248841
12 0.247059
13 0.247059
14 0.247059
15 0.247059
16 0.247059
17 0.247059
18 0.247059
19 0.247059
20 0.247059
21 0.247059
22 0.975045
23 0.970912
24 0.940237
25 0.0690236
26 0.997484
27 0.845113
28 0.966995
29 0.0046442
0 0.924413
1 0.243084
2 0.0980392
3 0.0980392
4 0.0980392
5 0.0980392
6 0.266667
7 0.266667
8 0.266667
9 0.266667
10 0.266667
11 0.266667
12 0.266667
13 0.266667
14 0.266667
15 0.266667
16 0.266667
17 0.266667
18 0.266667
19 0.266667
20 0.266667
21 0.266667
22 0.956863
23 0.970438
24 0.936009
25 0.075186
26 0.99718
27 0.856132
28 0.968099
29 0.00602719
0 0.838367
1 0.235904
2 0.107308
3 0.0745098
4 0.0745098
5 0.0745098
6 0.0727273
7 0.266667
8 0.266667
9 0.266667
10 0.266667
11 0.266667
12 0.266667
13 0.266667
14 0.266667
15 0.266667
16 0.266667
17 0.266667
18 0.266667
19 0.266667
20 0.266667
21 0.266667
22 0.868627
23 0.970478
24 0.957688
25 0.0885883
26 0.997597
27 0.804194
28 0.979446
29 0.00310114
0 0.848815
1 0.228776
2 0.470232
3 0.400357
4 0.0705882
5 0.0705882
6 0.687344
7 0
8 0
9 0
10 0
11 0.688057
12 0.534046
13 0.266667
14 0.266667
15 0.266667
16 0.266667
17 0.266667
18 0.266667
19 0.266667
20 0.266667
21 0.266667
22 0.912834
23 0.96262
24 0.933147
25 0.121666
26 0.996175
27 0.855819
28 0.97964
29 0.00737661
0 0.153162
1 0.221539
2 0.419608
3 0.605704
4 0.164706
5 0.164706
6 0
7 0
8 0
9 0
10 0
11 0.138324
12 0.760784
13 0.760784
14 0.266667
15 0.266667
16 0.266667
17 0.266667
18 0.266667
19 0.266667
20 0.266667
21 0.266667
22 0.834581
23 0.958059
24 0.924661
25 0.0632525
26 0.99503
27 0.899266
28 0.987299
29 0.00810381
0 0.306822
1 0.213563
2 0.235294
3 0.235294
4 0.491266
5 0.486275
6 0
7 0
8 0
9 0
10 0
11 0
12 0
13 0
14 0.628877
15 0.386453
16 0.486275
17 0.486275
18 0.486275
19 0.486275
20 0.486275
21 0.486275
22 0.696791
23 0.966879
24 0.935501
25 0.0710488
26 0.99797
27 0.855501
28 0.965565
29 0.00516918
0 0.916388
1 0.206285
2 0.0156863
3 0.0156863
4 0
5 0
6 0.247059
7 0.247059
8 0.247059
9 0.247059
10 0.247059
11 0.247059
12 0.247059
13 0.247059
14 0.247059
15 0.247059
16 0.247059
17 0.247059
18 0.247059
19 0.247059
20 0.247059
21 0.247059
22 0.988235
23 0.970905
24 0.937344
25 0.0915658
26 0.997603
27 0.869737
28 0.971544
29 0.00749354
0 0.521909
1 0.199028
2 0.0966132
3 0.207843
4 0.207843
5 0.207843
6 0.266667
7 0.266667
8 0.264884
9 0.247059
10 0.247059
11 0.247059
12 0.247059
13 0.247059
14 0.247059
15 0.247059
16 0.247059
17 0.247059
18 0.247059
19 0.247059
20 0.247059
21 0.247059
22 0.974688
23 0.981722
24 0.95035
25 0.0543668
26 0.996712
27 0.880729
28 0.995559
29 0.000802646
0 0.329976
1 0.191463
2 0.223173
3 0.367201
4 0.370053
5 0.587522
6 0.6
7 0.6
8 0.31123
9 0.247059
10 0.596435
11 0.617825
12 0.441355
13 0.25098
14 0.25098
15 0.25098
16 0.282709
17 0.701248
18 0.878431
19 0.878431
20 0.507665
21 0.0627451
22 0.505882
23 0.968441
24 0.93616
25 0.0356199
26 0.995837
27 0.833784
28 0.993642
29 0.000473147
0 0.929016
1 0.183756
2 0.34902
3 0.34902
4 0.2
5 0.2
6 0.25098
7 0.25098
8 0.25098
9 0.25098
10 0.25098
11 0.25098
12 0.25098
13 0.25098
14 0.6
15 0.6
16 0.6
17 0.6
18 0.6
19 0.6
20 0.6
21 0.6
22 0.17451
23 0.967746
24 0.93918
25 0.0447312
26 0.996065
27 0.886281
28 0.988642
29 0.00138684
0 0.421055
1 0.175771
2 0.201426
3 0.267736
4 0.240642
5 0.34902
6 0.247059
7 0.247059
8 0.250267
9 0.25098
10 0.25098
11 0.314438
12 0.6
13 0.6
14 0.6
15 0.6
16 0.568271
17 0.25098
18 0.25098
19 0.25098
20 0.25098
21 0.25098
22 0.281283
23 0.974828
24 0.943436
25 0.100856
26 0.997393
27 0.906285
28 0.98761
29 0.00485572
0 0.0950867
1 0.168193
2 0.34902
3 0.205704
4 0.00784314
5 0.00784314
6 0.25098
7 0.25098
8 0.25098
9 0.25098
10 0.25098
11 0.568271
12 0.6
13 0.343316
14 0.247059
15 0.247059
16 0.247059
17 0.247059
18 0.247059
19 0.247059
20 0.247059
21 0.247059
22 0.620143
23 0.951435
24 0.930502
25 0.134822
26 0.995616
27 0.849103
28 0.979335
29 0.0113773
0 0.592171
1 0.160615
2 0.0627451
3 0.322995
4 0.34902
5 0.34902
6 0.121569
7 0.121569
8 0.121569
9 0.121569
10 0.203922
11 0.25098
12 0.25098
13 0.25098
14 0.25098
15 0.25098
16 0.25098
17 0.25098
18 0.25098
19 0.25098
20 0.25098
21 0.25098
22 0.136185
23 0.948035
24 0.924461
25 0.132644
26 0.996527
27 0.903275
28 0.9754
29 0.0171631
0 0.214478
1 0.153438
2 0.239216
3 0.0352941
4 0.0352941
5 0.485205
6 0
7 0.0791444
8 0.445276
9 0.121569
10 0.121569
11 0.121569
12 0.121569
13 0.121569
14 0.121569
15 0.121569
16 0.121569
17 0.121569
18 0.648128
19 0.780036
20 0.0196078
21 0.0196078
22 0.367201
23 0.987336
24 0.949691
25 0.200482
26 0.998183
27 0.802215
28 0.965541
29 0.00853213
0 0.848996
1 0.14629
2 0.671658
3 0.46631
4 0.0356506
5 0.232442
6 0.6
7 0.786096
8 0.941176
9 0.941176
10 0.941176
11 0.772906
12 0.0156863
13 0.0156863
14 0.0427807
15 0
16 0
17 0
18 0
19 0.0221034
20 0.121569
21 0.121569
22 0.491087
23 0.94003
24 0.92138
25 0.0342509
26 0.992956
27 0.89021
28 0.97896
29 0.0043671
0 0.435288
1 0.139014
2 0
3 0.174688
4 0.760784
5 0.101248
6 0
7 0
8 0
9 0
10 0
11 0
12 0.272727
13 0.716934
14 0.760784
15 0.760784
16 0.760784
17 0.760784
18 0.286631
19 0.0156863
20 0.0156863
21 0.0156863
22 0.46328
23 0.94161
24 0.931578
25 0.250141
26 0.996961
27 0.904475
28 0.964732
29 0.0117471
0 0.368734
1 0.131839
2 0.109091
3 0
4 0
5 0.346524
6 0.6
7 0.6
8 0.109091
9 0
10 0
11 0
12 0
13 0
14 0
15 0
16 0
17 0
18 0
19 0
20 0.433155
21 0.952941
22 0.113904
23 0.97566
24 0.929995
25 0.0169912
26 0.996418
27 0.906551
28 0.997381
29 7.1198e-05
0 0.0776568
1 0.12451
2 0
3 0.464171
4 0.43672
5 0.2
6 0.247059
7 0.247059
8 0.247059
9 0.247059
10 0.247059
11 0.356863
12 0.85098
13 0.85098
14 0.85098
15 0.714082
16 0.6
17 0.6
18 0.6
19 0.6
20 0.6
21 0.6
22 0.623173
23 0.966422
24 0.932218
25 0.0683994
26 0.998098
27 0.863668
28 0.970281
29 0.00526369
0 0.8733
1 0.117468
2 0.0196078
3 0.0196078
4 0.0196078
5 0.0196078
6 0.247059
7 0.247059
8 0.247059
9 0.247059
10 0.247059
11 0.247059
12 0.247059
13 0.247059
14 0.247059
15 0.247059
16 0.247059
17 0.247059
18 0.247059
19 0.247059
20 0.247059
21 0.247059
22 0.94902
23 0.91902
24 0.920008
25 0.322102
26 0.995603
27 0.880716
28 0.920164
29 0.157413
0 0.494142
1 0.110408
2 0
3 0
4 0
5 0
6 0
7 0
8 0
9 0
10 0
11 0
12 0
13 0
14 0
15 0
16 0
17 0
18 0
19 0
20 0
21 0
22 0
23 0.971016
24 0.930148
25 0.0271257
26 0.994863
27 0.856836
28 0.996347
29 0.000148071
0 0.798028
1 0.102965
2 0.136898
3 0.227451
4 0.2
5 0.2
6 0.00392157
7 0.00392157
8 0.00356506
9 0
10 0.381818
11 0.6
12 0.6
13 0.6
14 0.6
15 0.6
16 0.6
17 0.6
18 0.6
19 0.6
20 0.6
21 0.6
22 0.405704
23 0.940105
24 0.928259
25 0.255873
26 0.997322
27 0.881742
28 0.907393
29 0.167264
0 0.474568
1 0.201927
2 0.0146168
3 0.0146168
4 0
5 0
6 0
7 0
8 0
9 0
10 0.00249554
11 0.00392157
12 0.00392157
13 0.00392157
14 0.00392157
15 0.00392157
16 0.00392157
17 0.00392157
18 0.00392157
19 0.00392157
20 0.00392157
21 0.00392157
22 0.766132
23 0.950601
24 0.939147
25 0.319379
26 0.996943
27 0.884071
28 0.947668
29 0.0510783
0 0.224078
1 0.297211
2 0.266667
3 0.218182
4 0
5 0
6 0.247059
7 0.247059
8 0.247059
9 0.247059
10 0.247059
11 0.247059
12 0.247059
13 0.0673797
14 0
15 0
16 0
17 0
18 0
19 0
20 0
21 0
22 0.383244
23 0.984652
24 0.949396
25 0.0961259
26 0.998268
27 0.896162
28 0.978987
29 0.00156113
0 0.13276
1 0.289898
2 0.996078
3 0.397148
4 0.337255
5 0.337255
6 0.996078
7 0.996078
8 0.996078
9 0.996078
10 0.51943
11 0.247059
12 0.247059
13 0.247059
14 0.247059
15 0.247059
16 0.247059
17 0.247059
18 0.247059
19 0.247059
20 0.247059
21 0.247059
22 0.887701
23 0.985043
24 0.951268
25 0.0219314
26 0.998373
27 0.911486
28 0.995194
29 0.000170342
0 0.302366
1 0.282785
2 0.113725
3 0.113725
4 0.113725
5 0.113725
6 0.501961
7 0.501961
8 0.501961
9 0.501961
10 0.501961
11 0.501961
12 0.501961
13 0.501961
14 0.501961
15 0.501961
16 0.501961
17 0.501961
18 0.501961
19 0.501961
20 0.501961
21 0.501961
22 0.996078
23 0.988509
24 0.958076
25 0.057096
26 0.997906
27 0.808006
28 0.997417
29 0.000282209
0 0.323924
1 0.275261
2 0.12549
3 0.920499
4 0.454902
5 0.551159
6 0.247059
7 0.247059
8 0.247059
9 0.247059
10 0.726203
11 1
12 1
13 1
14 0.247059
15 0.247059
16 0.247059
17 0.247059
18 0.446702
19 0.560784
20 0.560784
21 0.560784
22 0.893761
23 0.976618
24 0.940942
25 0.0997991
26 0.997401
27 0.922502
28 0.981431
29 0.0157323
0 0.00772214
1 0.268384
2 0.209626
3 0.0313726
4 0.0313726
5 0.0313726
6 0
7 0
8 0.0823529
9 0.247059
10 0.247059
11 0.247059
12 0.247059
13 0.247059
14 0.247059
15 0.247059
16 0.247059
17 0.247059
18 0.247059
19 0.247059
20 0.247059
21 0.247059
22 0.954011
23 0.976087
24 0.943438
25 0.188594
26 0.996805
27 0.897339
28 0.985149
29 0.0225153
0 0.0491684
1 0.261317
2 0.530838
3 0.227807
4 0.0181818
5 0.113012
6 0
7 0
8 0.0848485
9 0.690909
10 0.266667
11 0.569697
12 0.6
13 0.6
14 0.0114082
15 0
16 0
17 0.218182
18 0.6
19 0.0545455
20 0.0463458
21 0.101961
22 0.383601
23 0.955004
24 0.938566
25 0.0555403
26 0.996319
27 0.804528
28 0.970337
29 0.00604649
0 0.87878
1 0.254184
2 0.521569
3 0.521569
4 0.754724
5 0.47451
6 0.247059
7 0.247059
8 0.247059
9 0.247059
10 0.247059
11 0.247059
12 0.247059
13 0.247059
14 0.44492
15 0.972549
16 0.884135
17 0
18 0
19 0
20 0
21 0
22 0.534403
23 0.965129
24 0.947228
25 0.28703
26 0.996553
27 0.848469
28 0.958841
29 0.0660566
0 0.0712529
1 0.247077
2 0.868449
3 0.760071
4 0.757932
5 0.0862745
6 0.823529
7 0.500535
8 0.231373
9 0.231373
10 0.0966132
11 0.0196078
12 0.0196078
13 0.0196078
14 0.0196078
15 0.0196078
16 0.108378
17 0.633868
18 0
19 0.228164
20 0.160071
21 0.193583
22 0.788057
23 0.977879
24 0.937941
25 0.0782259
26 0.997548
27 0.885612
28 0.982802
29 0.0018684
0 0.630735
1 0.239742
2 0
3 0.0178253
4 0.0723708
5 0.597148
6 0.247059
7 0.247059
8 0.247059
9 0.247059
10 0.247059
11 0.247059
12 0.247059
13 0.138681
14 0.0980392
15 0.0980392
16 0.0948307
17 0.0627451
18 0.344742
19 0.95508
20 0.666667
21 0.266667
22 0.761854
23 0.974197
24 0.940449
25 0.0715434
26 0.998179
27 0.906722
28 0.984513
29 0.00257387
0 0.379325
1 0.232723
2 0.00392157
3 0.00392157
4 0.00392157
5 0.0752228
6 0.247059
7 0.247059
8 0.247059
9 0.247059
10 0.247059
11 0.247059
12 0.247059
13 0.247059
14 0.247059
15 0.247059
16 0.247059
17 0.247059
18 0.247059
19 0.247059
20 0.407487
21 0.6
22 0.927273
23 0.971219
24 0.939453
25 0.0802235
26 0.998357
27 0.920925
28 0.981813
29 0.00586111
0 0.123669
1 0.225302
2 0
3 0
4 0
5 0
6 0.247059
7 0.247059
8 0.247059
9 0.247059
10 0.247059
11 0.247059
12 0.247059
13 0.247059
14 0.247059
15 0.247059
16 0.247059
17 0.247059
18 0.247059
19 0.247059
20 0.247059
21 0.247059
22 1
23 0.984593
24 0.948037
25 0.020767
26 0.998462
27 0.877033
28 0.994338
29 0.000145568
0 0.698091
1 0.217854
2 0.203922
3 0.203922
4 0.203922
5 0.203922
6 0.501961
7 0.501961
8 0.501961
9 0.501961
10 0.501961
11 0.501961
12 0.501961
13 0.501961
14 0.501961
15 0.501961
16 0.501961
17 0.501961
18 0.501961
19 0.501961
20 0.501961
21 0.501961
22 1
23 0.971626
24 0.941061
25 0.0649213
26 0.998327
27 0.855836
28 0.969667
29 0.00434751
0 0.981623
1 0.210155
2 0.0431373
3 0.0431373
4 0.0431373
5 0.0431373
6 0.247059
7 0.247059
8 0.247059
9 0.247059
10 0.247059
11 0.247059
12 0.247059
13 0.247059
14 0.247059
15 0.247059
16 0.247059
17 0.247059
18 0.247059
19 0.247059
20 0.247059
21 0.247059
22 1
23 0.996543
24 0.96373
25 0.00309148
26 0.997969
27 0.793024
28 0.999624
29 5.09976e-07
0 0.799216
1 0.201833
2 0.988235
3 0.988235
4 0.988235
5 0.988235
6 0.988235
7 0.988235
8 0.988235
9 0.988235
10 0.988235
11 0.988235
12 0.988235
13 0.988235
14 0.988235
15 0.988235
16 0.988235
17 0.988235
18 0.988235
19 0.988235
20 0.988235
21 0.988235
22 0.988235
23 0.9973
24 0.96527
25 0.00314881
26 0.9979
27 0.819025
28 0.999663
29 5.57314e-07
0 0.6477
1 0.194017
2 1
3 1
4 1
5 1
6 1
7 1
8 1
9 1
10 1
11 1
12 1
13 1
14 1
15 1
16 1
17 1
18 1
19 1
20 1
21 1
22 1
23 0.984474
24 0.942454
25 0.0535446
26 0.99691
27 0.882889
28 0.995266
29 0.000757071
0 0.480794
1 0.18597
2 0.270588
3 0.22852
4 0.338324
5 0.56221
6 0.270588
7 0.270588
8 0.270588
9 0.270588
10 0.270588
11 0.270588
12 0.270588
13 0.102317
14 0.0360071
15 0.425312
16 0.690553
17 0.288414
18 0.745098
19 0.787166
20 0.976471
21 0.354724
22 0.468627
23 0.945285
24 0.928337
25 0.218019
26 0.998151
27 0.849558
28 0.887952
29 0.130725
0 0.91676
1 0.178377
2 0
3 0
4 0
5 0
6 0.00392157
7 0.00392157
8 0.00392157
9 0.00392157
10 0.00392157
11 0.00392157
12 0.00392157
13 0.00392157
14 0.00392157
15 0.00392157
16 0.00392157
17 0.00392157
18 0.00392157
19 0.00392157
20 0.00392157
21 0.00392157
22 0.992157
23 0.986091
24 0.945331
25 0.0379794
26 0.997754
27 0.86492
28 0.994358
29 0.000248984
0 0.41432
1 0.170474
2 0.513726
3 0.513726
4 0.513726
5 0.513726
6 0.501961
7 0.501961
8 0.501961
9 0.501961
10 0.501961
11 0.501961
12 0.501961
13 0.501961
14 0.501961
15 0.501961
16 0.501961
17 0.501961
18 0.501961
19 0.501961
20 0.501961
21 0.501961
22 1
23 0.939657
24 0.929105
25 0.245075
26 0.997384
27 0.862044
28 0.913185
29 0.130565
0 0.755276
1 0.162648
2 0.00178253
3 0.0196078
4 0.0196078
5 0.0196078
6 0
7 0
8 0
9 0.0057041
10 0.0156863
11 0.0156863
12 0.0156863
13 0.0156863
14 0.0156863
15 0.0156863
16 0.0156863
17 0.0156863
18 0.0156863
19 0.0156863
20 0.0156863
21 0.0156863
22 0.548485
23 0.926238
24 0.922886
25 0.317027
26 0.996351
27 0.884611
28 0.91598
29 0.113967
0 0.48899
1 0.15493
2 0.00392157
3 0.00392157
4 0.000713012
5 0
6 0.00392157
7 0.00392157
8 0.00392157
9 0.00392157
10 0.00392157
11 0.00392157
12 0.00392157
13 0.00392157
14 0.00285205
15 0
16 0
17 0
18 0
19 0
20 0
21 0
22 0.314082
23 0.934722
24 0.919267
25 0.250147
26 0.997537
27 0.840411
28 0.872284
29 0.0824961
0 0.980648
1 0.147355
2 0.00142602
3 0
4 0
5 0
6 0.00392157
7 0.00178253
8 0
9 0
10 0
11 0
12 0
13 0
14 0
15 0
16 0
17 0
18 0
19 0
20 0
21 0
22 0.859537
23 0.943149
24 0.922769
25 0.254167
26 0.997628
27 0.864427
28 0.88173
29 0.103112
0 0.70947
1 0.140075
2 0
3 0
4 0
5 0
6 0
7 0
8 0
9 0
10 0
11 0
12 0
13 0
14 0
15 0
16 0
17 0
18 0
19 0
20 0
21 0
22 0.964706
23 0.973632
24 0.932719
25 0.0873389
26 0.997616
27 0.859142
28 0.983809
29 0.00199506
0 0.604497
1 0.132756
2 0.258824
3 0.258824
4 0.258824
5 0.451337
6 0.247059
7 0.247059
8 0.247059
9 0.247059
10 0.247059
11 0.247059
12 0.247059
13 0.247059
14 0.247059
15 0.247059
16 0.247059
17 0.247059
18 0.389305
19 0.470588
20 0.470588
21 0.470588
22 0.867558
23 0.986582
24 0.948989
25 0.236342
26 0.997826
27 0.834091
28 0.983043
29 0.0108752
0 0.289729
1 0.125398
2 0.455258
3 0.657754
4 0
5 0
6 0.266667
7 0.266667
8 0.706239
9 0.803922
10 0.803922
11 0.803922
12 0.803922
13 0.219251
14 0
15 0
16 0
17 0
18 0
19 0
20 0
21 0
22 0.342424
23 0.974901
24 0.935284
25 0.0690413
26 0.997919
27 0.842624
28 0.970396
29 0.00232642
0 0.970715
1 0.116695
2 0.180749
3 0.0980392
4 0.0980392
5 0.0980392
6 0.266667
7 0.266667
8 0.266667
9 0.266667
10 0.266667
11 0.266667
12 0.266667
13 0.266667
14 0.266667
15 0.266667
16 0.266667
17 0.266667
18 0.266667
19 0.266667
20 0.266667
21 0.266667
22 0.891622
23 0.976852
24 0.936776
25 0.0814762
26 0.998331
27 0.916271
28 0.979949
29 0.00484937
0 0.17872
1 0.108321
2 0.00784314
3 0.00784314
4 0.00784314
5 0.00784314
6 0.247059
7 0.247059
8 0.247059
9 0.247059
10 0.247059
11 0.247059
12 0.247059
13 0.247059
14 0.247059
15 0.247059
16 0.247059
17 0.247059
18 0.247059
19 0.247059
20 0.247059
21 0.247059
22 1
23 0.978074
24 0.929495
25 0.0910832
26 0.998359
27 0.896412
28 0.982181
29 0.00758512
0 0.311146
1 0.101152
2 0.204635
3 0.106239
4 0.0705882
5 0.0705882
6 0
7 0
8 0.490909
9 0.550089
10 0.32549
11 0.247059
12 0.247059
13 0.247059
14 0.247059
15 0.247059
16 0.247059
17 0.247059
18 0.247059
19 0.247059
20 0.247059
21 0.247059
22 0.885918
23 0.984509
24 0.948948
25 0.00764526
26 0.997692
27 0.854232
28 0.998197
29 2.71259e-05
0 0.288807
1 0.0942458
2 0
3 0.727273
4 0.844563
5 0.462389
6 0.247059
7 0.247059
8 0.247059
9 0.247059
10 0.247059
11 0.931551
12 1
13 1
14 1
15 1
16 0.963636
17 0.705526
18 0.890196
19 0.305526
20 0.247059
21 0.247059
22 0.942246
23 0.99328
24 0.950313
25 0.155192
26 0.998395
27 0.798796
28 0.990238
29 0.00299917
0 0.474278
1 0.0875155
2 0.613904
3 0.84492
4 0.429947
5 0.00784314
6 0.247059
7 0.604278
8 0.901961
9 0.901961
10 0.901961
11 0.901961
12 0.901961
13 0.245989
14 0
15 0
16 0.0224599
17 0.247059
18 0.247059
19 0.247059
20 0.247059
21 0.247059
22 0.889305
23 0.968527
24 0.936028
25 0.165373
26 0.997181
27 0.829465
28 0.930091
29 0.0323531
0 0.928804
1 0.0806184
2 0.235294
3 0.235294
4 0.380036
5 0.462745
6 0.247059
7 0.247059
8 0.247059
9 0.247059
10 0.247059
11 0.247059
12 0.247059
13 0.247059
14 0.247059
15 0.112299
16 0
17 0
18 0
19 0
20 0
21 0
22 0.636007
23 0.987531
24 0.927745
25 0.253292
26 0.997864
27 0.827005
28 0.962143
29 0.00902527
0 0.590326
1 0.0736196
2 0.630303
3 0.54902
4 0.509804
5 0.623173
6 0.247059
7 0.625668
8 0.941176
9 0.941176
10 0.342246
11 0
12 0
13 0
14 0
15 0
16 0
17 0
18 0
19 0.130481
20 0.717647
21 0.717647
22 0.741711
23 0.977317
24 0.94112
25 0.0899297
26 0.998599
27 0.902336
28 0.974585
29 0.000911388
0 0.362187
1 0.0666113
2 0.667736
3 0.137255
4 0.137255
5 0.137255
6 0.866667
7 0.866667
8 0.810339
9 0.247059
10 0.247059
11 0.247059
12 0.247059
13 0.247059
14 0.247059
15 0.247059
16 0.247059
17 0.247059
18 0.247059
19 0.247059
20 0.247059
21 0.247059
22 0.940463
23 0.97448
24 0.932153
25 0.0784892
26 0.998606
27 0.907182
28 0.980299
29 0.00418095
0 0.330059
1 0.0596207
2 0.00784314
3 0.00784314
4 0.00784314
5 0.00784314
6 0.247059
7 0.247059
8 0.247059
9 0.247059
10 0.247059
11 0.247059
12 0.247059
13 0.247059
14 0.247059
15 0.247059
16 0.247059
17 0.247059
18 0.247059
19 0.247059
20 0.247059
21 0.247059
22 1
23 0.995157
24 0.945312
25 0.0714054
26 0.998435
27 0.799452
28 0.996345
29 0.000359844
0 0.317067
1 0.0529184
2 0.536185
3 0.988235
4 0.495544
5 0.624599
6 0
7 0.4
8 0.756506
9 0.988235
10 0.988235
11 0.988235
12 0.988235
13 0.988235
14 0.231373
15 0.239929
16 0.247059
17 0.247059
18 0.247059
19 0.294118
20 0.505882
21 0.505882
22 0.967023
23 0.988257
24 0.936361
25 0.0335115
26 0.997987
27 0.866132
28 0.995863
29 0.000136455
0 0.753489
1 0.0462157
2 0.129412
3 0.129412
4 0.2082
5 0.993226
6 0.247059
7 0.247059
8 0.247059
9 0.247059
10 0.247059
11 0.247059
12 0.247059
13 0.247059
14 0.247059
15 0.247059
16 0.247059
17 0.51943
18 0.996078
19 0.996078
20 0.992513
21 0.988235
22 0.912656
23 0.972695
24 0.934242
25 0.0835076
26 0.998123
27 0.8713
28 0.97694
29 0.00403662
0 0.708376
1 0.0396232
2 0.12549
3 0.0976827
4 0.0313726
5 0.0313726
6 0.266667
7 0.266667
8 0.266667
9 0.266667
10 0.256684
11 0.247415
12 0.247059
13 0.247059
14 0.247059
15 0.247059
16 0.247059
17 0.247059
18 0.247059
19 0.247059
20 0.247059
21 0.247059
22 0.66934
23 0.987341
24 0.940872
25 0.0267514
26 0.997315
27 0.904797
28 0.996023
29 0.000273197
0 0.239234
1 0.0331057
2 0.281283
3 0.2
4 0.196078
5 0.454902
6 0.25098
7 0.25098
8 0.536542
9 0.6
10 0.6
11 0.6
12 0.6
13 0.6
14 0.6
15 0.6
16 0.6
17 0.478788
18 0.266667
19 0.399287
20 0.566488
21 0.0509804
22 0.320499
23 0.969195
24 0.932352
25 0.124667
26 0.99762
27 0.829837
28 0.980128
29 0.0116131
0 0.622922
1 0.0265876
2 0.34902
3 0.508734
4 0.568627
5 0.528699
6 0.25098
7 0.25098
8 0.25098
9 0.25098
10 0.25098
11 0.247415
12 0.247059
13 0.247059
14 0.247059
15 0.247059
16 0.247059
17 0.247059
18 0.247059
19 0.247059
20 0.247059
21 0.249911
22 0.610695
23 0.95591
24 0.928232
25 0.0398698
26 0.996015
27 0.869004
28 0.98094
29 0.001004
0 0.730617
1 0.0199659
2 0
3 0.163993
4 0.158645
5 0.34902
6 0.121569
7 0.121569
8 0.121569
9 0.121569
10 0.121569
11 0.121569
12 0.121569
13 0.689127
14 0.745098
15 0.745098
16 0.34082
17 0.25098
18 0.25098
19 0.25098
20 0.25098
21 0.25098
22 0.126381
23 0.946307
24 0.923076
25 0.211281
26 0.996955
27 0.894376
28 0.958782
29 0.0674085
0 0.324846
1 0.0131976
2 0.0684492
3 0.12549
4 0.0784314
5 0.0784314
6 0.027451
7 0.0253119
8 0.00606061
9 0.0196078
10 0.0196078
11 0.0196078
12 0.0196078
13 0.0196078
14 0.121569
15 0.121569
16 0.121569
17 0.121569
18 0.121569
19 0.121569
20 0.121569
21 0.121569
22 0.375936
23 0.948958
24 0.928075
25 0.220966
26 0.998111
27 0.878979
28 0.953196
29 0.0337852
end fitness = 15.734
