brainFunction 22874 43 16 700 24782 2-5 6-13 14-15
0 0.288126
1 0.761329
2 0.255258
3 0.528342
4 0.399287
5 0.704456
6 0.43066
7 0.635294
8 0.455258
9 0.345455
10 0.546168
11 0.296613
12 0.577184
13 0.724777
14 0.51123
15 0.503743
16 0.890592
17 0.939212
18 0.131202
19 0.91228
20 0.391131
21 0.287676
22 0.554015
23 0.0686434
24 0.0552607
25 0.0817376
26 0.0859111
27 0.110416
28 0.0684135
29 0.0767518
30 0.0195626
31 0.0456005
32 0.0193117
33 0.0279034
34 0.126559
35 0.0519663
36 0.0114182
37 0.0637704
38 0.0524198
39 0.013923
40 0.0421824
41 0.0232566
42 0.100723
0 0.199731
1 0.358302
2 0.0106952
3 0.00784314
4 0.00784314
5 0.00784314
6 0.0431373
7 0.152228
8 0.243137
9 0.243137
10 0.243137
11 0.243137
12 0.243137
13 0.243137
14 0.982531
15 0.972549
16 0.864398
17 0.948015
18 0.263535
19 0.908525
20 0.23428
21 0.312446
22 0.354859
23 0.0972462
24 0.0748045
25 0.0462754
26 0.0876832
27 0.154139
28 0.122151
29 0.0686286
30 0.0267683
31 0.0829614
32 0.0174023
33 0.0445385
34 0.131268
35 0.0773306
36 0.0291252
37 0.110197
38 0.0822452
39 0.0223988
40 0.103123
41 0.0642511
42 0.161631
0 0.0232878
1 0.350453
2 0.223529
3 0.0666667
4 0.0509804
5 0.0509804
6 0.223529
7 0.223529
8 0.0406417
9 0
10 0
11 0
12 0
13 0
14 0.524777
15 0.886275
16 0.915442
17 0.951506
18 0.132558
19 0.914046
20 0.356749
21 0.205482
22 0.357875
23 0.0645501
24 0.0691426
25 0.0835143
26 0.0917682
27 0.113088
28 0.063191
29 0.070787
30 0.01769
31 0.0462778
32 0.0188391
33 0.0276948
34 0.0805613
35 0.0392429
36 0.0140586
37 0.0627908
38 0.0421866
39 0.0182037
40 0.0511209
41 0.029259
42 0.0978408
0 0.485352
1 0.342554
2 0.0117647
3 0.0117647
4 0.0117647
5 0.0117647
6 0.243137
7 0.243137
8 0.243137
9 0.243137
10 0.243137
11 0.243137
12 0.243137
13 0.243137
14 0.976471
15 0.976471
16 0.90689
17 0.956848
18 0.142998
19 0.903654
20 0.339173
21 0.241943
22 0.379574
23 0.089489
24 0.0802058
25 0.0793009
26 0.0823387
27 0.130031
28 0.0421664
29 0.0581209
30 0.00778111
31 0.0252273
32 0.00881168
33 0.0155835
34 0.0450956
35 0.0356559
36 0.0106047
37 0.0688705
38 0.0291638
39 0.025891
40 0.0487961
41 0.0505534
42 0.10907
0 0.88698
1 0.334738
2 0.0698752
3 0.235294
4 0.105882
5 0.105882
6 0.317647
7 0.285562
8 0.309804
9 0.46025
10 0
11 0
12 0
13 0
14 0.833155
15 0.937255
16 0.883612
17 0.955223
18 0.184524
19 0.859201
20 0.432344
21 0.274758
22 0.447908
23 0.0682916
24 0.0762967
25 0.11229
26 0.113937
27 0.137744
28 0.0540369
29 0.103467
30 0.0224872
31 0.0389444
32 0.0199068
33 0.0223049
34 0.0832463
35 0.0517272
36 0.00894631
37 0.0292103
38 0.0294671
39 0.0149571
40 0.0313332
41 0.0282534
42 0.0690629
0 0.613633
1 0.326753
2 0
3 0.00427807
4 0.406774
5 0.321925
6 0.243137
7 0.243137
8 0.243137
9 0.270232
10 0.610339
11 0.25098
12 0.25098
13 0.377897
14 0.982531
15 0.305882
16 0.878697
17 0.954442
18 0.147155
19 0.866687
20 0.488082
21 0.269438
22 0.470512
23 0.0622043
24 0.0570328
25 0.103542
26 0.101523
27 0.12847
28 0.0656436
29 0.0891559
30 0.0190339
31 0.0364893
32 0.0172207
33 0.0224455
34 0.0782021
35 0.052138
36 0.0102757
37 0.0401702
38 0.0375598
39 0.0169382
40 0.0438368
41 0.0252149
42 0.0704905
0 0.41446
1 0.31892
2 0.0713012
3 0.0392157
4 0.285562
5 0.379679
6 0.317647
7 0.317647
8 0.317647
9 0.317647
10 0.343672
11 0.25098
12 0.282709
13 0.637077
14 0.983601
15 0.383601
16 0.890436
17 0.943223
18 0.133552
19 0.896674
20 0.489269
21 0.265799
22 0.511984
23 0.0472069
24 0.0536072
25 0.0859827
26 0.0929917
27 0.118476
28 0.0535983
29 0.0715218
30 0.0119457
31 0.0295754
32 0.0108647
33 0.0187553
34 0.0655659
35 0.0353762
36 0.00754792
37 0.037422
38 0.0286336
39 0.010651
40 0.0246899
41 0.0167141
42 0.0582626
0 0.62567
1 0.311198
2 0.133333
3 0.0370766
4 0.162923
5 0.464528
6 0.317647
7 0.317647
8 0.317647
9 0.317647
10 0.505882
11 0.274153
12 0.591444
13 0.449554
14 0.979679
15 0.690553
16 0.912445
17 0.962342
18 0.153252
19 0.897712
20 0.538855
21 0.268623
22 0.498432
23 0.0537967
24 0.0650395
25 0.0930777
26 0.111884
27 0.143718
28 0.0567886
29 0.0571144
30 0.0074693
31 0.0228082
32 0.00713818
33 0.0152732
34 0.0545023
35 0.0347752
36 0.00403496
37 0.0360986
38 0.00961434
39 0.0054811
40 0.0102565
41 0.00964125
42 0.0425682
0 0.899032
1 0.303325
2 0.14902
3 0.14902
4 0.535829
5 0.284135
6 0.317647
7 0.317647
8 0.317647
9 0.317647
10 0.317647
11 0.937968
12 0.655971
13 0.243137
14 0.996078
15 0.99893
16 0.91329
17 0.954015
18 0.169564
19 0.907858
20 0.442802
21 0.296942
22 0.493003
23 0.066425
24 0.0649765
25 0.077169
26 0.0883238
27 0.12024
28 0.0643577
29 0.0627982
30 0.0103796
31 0.0314004
32 0.0101244
33 0.0203379
34 0.0668003
35 0.0344917
36 0.0077638
37 0.0475631
38 0.033026
39 0.0127553
40 0.0332925
41 0.0229631
42 0.0760717
0 0.49427
1 0.295507
2 0.14902
3 0.14902
4 0.14902
5 0.13262
6 0.317647
7 0.317647
8 0.317647
9 0.317647
10 0.317647
11 0.317647
12 0.317647
13 0.223529
14 0.996078
15 0.910873
16 0.924104
17 0.956242
18 0.117565
19 0.915548
20 0.459517
21 0.273475
22 0.42574
23 0.0640726
24 0.0636055
25 0.0838082
26 0.0851579
27 0.117717
28 0.0462081
29 0.0571658
30 0.00779797
31 0.0220306
32 0.00809044
33 0.0154833
34 0.0550585
35 0.0286712
36 0.00675941
37 0.0501883
38 0.021627
39 0.0123342
40 0.024295
41 0.0201371
42 0.0631276
0 0.928896
1 0.287696
2 0.054902
3 0.0720143
4 0.0784314
5 0.0784314
6 0.317647
7 0.317647
8 0.317647
9 0.317647
10 0.317647
11 0.317647
12 0.317647
13 0.317647
14 0.989661
15 0.992157
16 0.83067
17 0.956184
18 0.277348
19 0.82175
20 0.416346
21 0.307112
22 0.384415
23 0.10007
24 0.0647962
25 0.0723418
26 0.0982025
27 0.163843
28 0.0621303
29 0.100588
30 0.0257278
31 0.0451307
32 0.0172032
33 0.0295923
34 0.0791371
35 0.0699799
36 0.0122933
37 0.0422068
38 0.0292015
39 0.0133809
40 0.0507108
41 0.0431546
42 0.0933961
0 0.352426
1 0.279918
2 0.0427807
3 0.1918
4 0.34902
5 0.262032
6 0.317647
7 0.028877
8 0.205348
9 0.299465
10 0.25098
11 0.25098
12 0.25098
13 0.235294
14 0.489127
15 0.231373
16 0.819108
17 0.956628
18 0.295045
19 0.804793
20 0.425225
21 0.203971
22 0.347695
23 0.0977537
24 0.0459089
25 0.0793663
26 0.120989
27 0.160899
28 0.0801239
29 0.104286
30 0.035687
31 0.0541466
32 0.0280422
33 0.0420572
34 0.106576
35 0.0904334
36 0.0189029
37 0.0470342
38 0.0390288
39 0.014707
40 0.0631033
41 0.0509022
42 0.110079
0 0.0565113
1 0.272168
2 0.0951872
3 0.160784
4 0.34902
5 0.226381
6 0
7 0.136898
8 0.281283
9 0.293405
10 0.25098
11 0.25098
12 0.250624
13 0.248485
14 0.322638
15 0.302317
16 0.798635
17 0.957795
18 0.192695
19 0.7989
20 0.413929
21 0.152886
22 0.248406
23 0.0910892
24 0.0444696
25 0.0637222
26 0.11384
27 0.147495
28 0.0506992
29 0.0931386
30 0.0155051
31 0.0222255
32 0.0103422
33 0.027548
34 0.0626052
35 0.0803984
36 0.0118094
37 0.0425168
38 0.0178264
39 0.0147189
40 0.0294068
41 0.0473973
42 0.0898228
0 0.9881
1 0.264541
2 0.222103
3 0.224955
4 0.34902
5 0.229234
6 0.0684492
7 0.25098
8 0.299465
9 0.25098
10 0.25098
11 0.25098
12 0.249198
13 0.249911
14 0.27451
15 0.302317
16 0.832032
17 0.956798
18 0.325457
19 0.811912
20 0.421799
21 0.210435
22 0.32942
23 0.0987011
24 0.0568889
25 0.0641284
26 0.0974837
27 0.137567
28 0.0694982
29 0.0824647
30 0.0194515
31 0.0371958
32 0.0161395
33 0.0340134
34 0.0659508
35 0.0729357
36 0.0158479
37 0.0396013
38 0.0342958
39 0.0169241
40 0.0485481
41 0.0494851
42 0.0966451
0 0.340886
1 0.256985
2 0.192157
3 0.317647
4 0.34902
5 0.227807
6 0.25098
7 0.311586
8 0.263102
9 0.25098
10 0.25098
11 0.25098
12 0.248128
13 0.25098
14 0.376827
15 0.302317
16 0.826479
17 0.958615
18 0.272396
19 0.779733
20 0.420908
21 0.197347
22 0.298296
23 0.104562
24 0.0549355
25 0.0618723
26 0.0891883
27 0.135529
28 0.0488125
29 0.0854014
30 0.0160664
31 0.0239835
32 0.0116466
33 0.0296344
34 0.0595806
35 0.0702794
36 0.0125093
37 0.0414427
38 0.0229653
39 0.0153741
40 0.0383727
41 0.0466949
42 0.0913948
0 0.749559
1 0.249251
2 0.162923
3 0.34902
4 0.286275
5 0.34902
6 0.269162
7 0.305526
8 0.25098
9 0.25098
10 0.25098
11 0.249554
12 0.25098
13 0.25098
14 0.376827
15 0.225312
16 0.819904
17 0.952596
18 0.328197
19 0.802568
20 0.413615
21 0.209398
22 0.331038
23 0.104052
24 0.0533654
25 0.0581844
26 0.0892699
27 0.134425
28 0.0609024
29 0.0795259
30 0.0185618
31 0.0335195
32 0.0139836
33 0.0361075
34 0.0633797
35 0.0673344
36 0.016046
37 0.0438016
38 0.0334607
39 0.0155278
40 0.0515516
41 0.048751
42 0.102787
0 0.372454
1 0.241681
2 0.224955
3 0.34902
4 0.206417
5 0.34902
6 0.299465
7 0.25098
8 0.25098
9 0.25098
10 0.244207
11 0.250624
12 0.25098
13 0.25098
14 0.300178
15 0.310517
16 0.800561
17 0.95578
18 0.358553
19 0.789987
20 0.374017
21 0.188026
22 0.315912
23 0.0943917
24 0.0551781
25 0.062248
26 0.11175
27 0.151619
28 0.0910621
29 0.0871384
30 0.0258098
31 0.0450534
32 0.0171916
33 0.0458231
34 0.0710933
35 0.0790818
36 0.0191223
37 0.0428398
38 0.0408738
39 0.0153527
40 0.0651144
41 0.0548665
42 0.107315
0 0.044849
1 0.234164
2 0.34902
3 0.227807
4 0.34902
5 0.296257
6 0.25098
7 0.25098
8 0.25098
9 0.248128
10 0.25098
11 0.25098
12 0.25098
13 0.171123
14 0.302317
15 0.215686
16 0.804133
17 0.953243
18 0.326847
19 0.788566
20 0.377052
21 0.171932
22 0.328748
23 0.0880107
24 0.0542131
25 0.0687837
26 0.110602
27 0.14595
28 0.0939567
29 0.0930525
30 0.0291191
31 0.0484723
32 0.0195197
33 0.0504688
34 0.0747456
35 0.078785
36 0.0200091
37 0.0439101
38 0.044256
39 0.0174378
40 0.068546
41 0.0530716
42 0.103509
0 0.0344269
1 0.226534
2 0.31836
3 0.195722
4 0.34902
5 0.344742
6 0.25098
7 0.250267
8 0.247415
9 0.25098
10 0.25098
11 0.25098
12 0.25098
13 0.265241
14 0.378966
15 0.214617
16 0.802645
17 0.9547
18 0.248739
19 0.771563
20 0.381324
21 0.158332
22 0.28915
23 0.0972826
24 0.0553811
25 0.061434
26 0.0975926
27 0.145678
28 0.0443033
29 0.0884257
30 0.0147295
31 0.0207847
32 0.00913571
33 0.029297
34 0.0520902
35 0.0698436
36 0.0116969
37 0.0435071
38 0.0169303
39 0.0150644
40 0.029019
41 0.0490492
42 0.0860364
0 0.999466
1 0.219005
2 0.224955
3 0.34902
4 0.34902
5 0.468806
6 0.249911
7 0.249198
8 0.25098
9 0.25098
10 0.25098
11 0.25098
12 0.316934
13 0.130838
14 0.302317
15 0.245989
16 0.811446
17 0.95258
18 0.305731
19 0.805936
20 0.342623
21 0.172188
22 0.304972
23 0.124114
24 0.0619125
25 0.0570652
26 0.106563
27 0.157999
28 0.0543611
29 0.072699
30 0.0130216
31 0.0242741
32 0.00856236
33 0.0311895
34 0.0490311
35 0.0661576
36 0.0143738
37 0.0479852
38 0.0217584
39 0.0177822
40 0.0368552
41 0.0677864
42 0.105983
0 0.773854
1 0.211781
2 0.34902
3 0.34902
4 0.329768
5 0.418895
6 0.25098
7 0.25098
8 0.25098
9 0.25098
10 0.25098
11 0.230303
12 0.0506239
13 0.0313726
14 0.14902
15 0.434938
16 0.860564
17 0.953618
18 0.356817
19 0.835236
20 0.330353
21 0.185068
22 0.409161
23 0.118453
24 0.0598303
25 0.0579156
26 0.115765
27 0.164104
28 0.0961085
29 0.0604096
30 0.0180262
31 0.0494168
32 0.0149116
33 0.0540326
34 0.0692731
35 0.0709396
36 0.0299207
37 0.083162
38 0.0558956
39 0.0230831
40 0.0753162
41 0.0704753
42 0.119519
0 0.0325032
1 0.204362
2 0.34902
3 0.356863
4 0.357932
5 0.53262
6 0.25098
7 0.25098
8 0.25098
9 0.171123
10 0.0313726
11 0.0285205
12 0.124777
13 0.14902
14 0.209269
15 0.803565
16 0.830811
17 0.950656
18 0.36212
19 0.809367
20 0.254934
21 0.195264
22 0.320331
23 0.10841
24 0.0757523
25 0.0565914
26 0.0963573
27 0.131379
28 0.0928123
29 0.107722
30 0.0358547
31 0.0590003
32 0.0184886
33 0.0645189
34 0.107638
35 0.0885914
36 0.0200654
37 0.0669844
38 0.0442047
39 0.0182053
40 0.061439
41 0.053834
42 0.111092
0 0.281861
1 0.196932
2 0.314082
3 0.326203
4 0.318004
5 0.146881
6 0.25098
7 0.168271
8 0.0313726
9 0.0356506
10 0.186096
11 0.283779
12 0.182175
13 0.085205
14 0.554724
15 0.389661
16 0.852754
17 0.945303
18 0.262039
19 0.814625
20 0.277805
21 0.148484
22 0.380838
23 0.101587
24 0.0700954
25 0.095627
26 0.114768
27 0.124999
28 0.0733869
29 0.12764
30 0.0495811
31 0.0636282
32 0.0348125
33 0.0560671
34 0.119485
35 0.0750807
36 0.017161
37 0.0486397
38 0.0477558
39 0.0246183
40 0.0591228
41 0.0522345
42 0.0920101
0 0.267004
1 0.189737
2 0.0819964
3 0.22246
4 0.348307
5 0.105169
6 0.0388592
7 0.0623886
8 0.14902
9 0.160428
10 0.396078
11 0.184314
12 0.030303
13 0.204991
14 0.800713
15 0.365419
16 0.838413
17 0.949836
18 0.261552
19 0.827477
20 0.300909
21 0.158623
22 0.35047
23 0.0979941
24 0.0662592
25 0.0806445
26 0.0962179
27 0.141982
28 0.0529516
29 0.094809
30 0.0239986
31 0.0419686
32 0.0180636
33 0.038443
34 0.0741061
35 0.0576628
36 0.0146556
37 0.060403
38 0.0320928
39 0.0218658
40 0.0511411
41 0.0600123
42 0.0978657
0 0.546474
1 0.182695
2 0.112299
3 0.331907
4 0.27451
5 0.226025
6 0.14902
7 0.056328
8 0.224242
9 0.347594
10 0.224242
11 0.134403
12 0.135829
13 0.027451
14 0.525847
15 0.531194
16 0.811724
17 0.959504
18 0.390294
19 0.806815
20 0.357211
21 0.159568
22 0.231094
23 0.106398
24 0.056199
25 0.0555114
26 0.105228
27 0.133334
28 0.0760391
29 0.0792648
30 0.0211444
31 0.037798
32 0.0150037
33 0.0379623
34 0.0548839
35 0.0621121
36 0.0169993
37 0.0413973
38 0.0424381
39 0.0194445
40 0.0887741
41 0.0786385
42 0.131028
0 0.189755
1 0.175549
2 0.352585
3 0.340463
4 0.0862745
5 0
6 0.25098
7 0.275936
8 0.388235
9 0.281283
10 0.226381
11 0.275579
12 0
13 0.0213904
14 0.255615
15 0.218895
16 0.840712
17 0.945406
18 0.183089
19 0.81697
20 0.40782
21 0.135723
22 0.273238
23 0.100289
24 0.041869
25 0.0559747
26 0.0961641
27 0.102943
28 0.0525462
29 0.0666929
30 0.0116998
31 0.0209683
32 0.00765705
33 0.033445
34 0.0383734
35 0.0480759
36 0.0145213
37 0.0409051
38 0.0366464
39 0.0214233
40 0.0501298
41 0.0434052
42 0.0731465
0 0.6842
1 0.168215
2 0.443137
3 0.254902
4 0.0434938
5 0.363636
6 0.396078
7 0.396078
8 0.299822
9 0.184314
10 0.388948
11 0.0659537
12 0
13 0.727273
14 0.376471
15 0.375401
16 0.865222
17 0.922503
18 0.256428
19 0.857189
20 0.300705
21 0.203314
22 0.525035
23 0.0930702
24 0.0687992
25 0.0870307
26 0.0981462
27 0.135837
28 0.0589151
29 0.104403
30 0.0319561
31 0.0559781
32 0.0247058
33 0.0461772
34 0.10131
35 0.0690016
36 0.0152504
37 0.0588559
38 0.0434865
39 0.020762
40 0.0499671
41 0.0461376
42 0.0852026
0 0.351403
1 0.161125
2 0.0470588
3 0.169697
4 0.230303
5 0.352941
6 0.0313726
7 0.0313726
8 0.115152
9 0.215686
10 0.215686
11 0.131551
12 0.145098
13 0.145098
14 0.649911
15 0.611052
16 0.863298
17 0.937913
18 0.220218
19 0.856092
20 0.286653
21 0.206955
22 0.421664
23 0.0886349
24 0.0655716
25 0.0877389
26 0.0909653
27 0.14488
28 0.0712921
29 0.111783
30 0.0390218
31 0.0610989
32 0.0246085
33 0.0512541
34 0.135007
35 0.07369
36 0.0177341
37 0.0896589
38 0.0406001
39 0.0203073
40 0.0561276
41 0.0454844
42 0.0822911
0 0.460285
1 0.151154
2 0.0156863
3 0.0926916
4 0.210339
5 0.256684
6 0.0313726
7 0.0313726
8 0.0427807
9 0.156863
10 0.156863
11 0.150446
12 0.145098
13 0.253476
14 0.647415
15 0.617112
16 0.892529
17 0.920563
18 0.170053
19 0.897077
20 0.202541
21 0.184278
22 0.404902
23 0.0820425
24 0.0793253
25 0.0759637
26 0.0908212
27 0.129012
28 0.0749156
29 0.105401
30 0.0363587
31 0.0621044
32 0.0240452
33 0.0499835
34 0.138458
35 0.069016
36 0.0205083
37 0.112743
38 0.0572231
39 0.0299022
40 0.0688878
41 0.0559401
42 0.108241
0 0.570663
1 0.144175
2 0.00784314
3 0.00784314
4 0.00784314
5 0.00784314
6 0.0313726
7 0.0313726
8 0.0313726
9 0.0313726
10 0.0313726
11 0.0313726
12 0.0313726
13 0.0313726
14 0.85098
15 0.85098
16 0.895673
17 0.960908
18 0.240201
19 0.881042
20 0.43211
21 0.208027
22 0.216865
23 0.0835776
24 0.0619359
25 0.0770934
26 0.0565587
27 0.128621
28 0.0458841
29 0.0452764
30 0.00862063
31 0.0297185
32 0.00845829
33 0.0239706
34 0.0345139
35 0.0238481
36 0.0117398
37 0.0635902
38 0.0219412
39 0.0130157
40 0.0423442
41 0.0376651
42 0.0677237
0 0.492662
1 0.13709
2 0.172193
3 0.132977
4 0.0969697
5 0
6 0.453476
7 0.345811
8 0.175045
9 0.6
10 0.352941
11 0.253119
12 0.243137
13 0.243137
14 0.298752
15 0.906952
16 0.908662
17 0.961943
18 0.282651
19 0.868538
20 0.522027
21 0.163454
22 0.311456
23 0.0758536
24 0.0425708
25 0.0607422
26 0.11897
27 0.130376
28 0.0656481
29 0.0405252
30 0.00811451
31 0.023194
32 0.0102793
33 0.024964
34 0.0356747
35 0.03774
36 0.0120895
37 0.037245
38 0.0387851
39 0.0137144
40 0.0553875
41 0.0420471
42 0.0941031
0 0.173714
1 0.130037
2 0.232086
3 0.139394
4 0.0545455
5 0.0531194
6 0.228164
7 0.498396
8 0.6
9 0.279144
10 0.240642
11 0.274866
12 0.172549
13 0.0919786
14 0.335116
15 0.804635
16 0.869448
17 0.957779
18 0.179194
19 0.839402
20 0.530566
21 0.178381
22 0.375198
23 0.0767389
24 0.0415655
25 0.0694698
26 0.10421
27 0.131285
28 0.0505001
29 0.058629
30 0.0094819
31 0.0218137
32 0.00853584
33 0.0302991
34 0.0354802
35 0.0357211
36 0.00829667
37 0.0339412
38 0.0254432
39 0.0111391
40 0.0348614
41 0.0289268
42 0.0612075
0 0.413069
1 0.122786
2 0.175401
3 0.145455
4 0.218182
5 0.241711
6 0.381818
7 0.123708
8 0.513012
9 0.381818
10 0.317647
11 0.324777
12 0.190374
13 0.45205
14 0.373262
15 0.676292
16 0.896164
17 0.965031
18 0.283778
19 0.86039
20 0.645864
21 0.206441
22 0.444173
23 0.0552552
24 0.0353624
25 0.0927525
26 0.0959036
27 0.142898
28 0.0587488
29 0.0456625
30 0.00833917
31 0.0266823
32 0.0106656
33 0.0240323
34 0.0392959
35 0.0330805
36 0.00781122
37 0.0367943
38 0.0204926
39 0.00652236
40 0.0250247
41 0.0193663
42 0.0488152
0 0.0452298
1 0.115544
2 0.178253
3 0.181818
4 0.387522
5 0.272727
6 0.160428
7 0.419251
8 0.501604
9 0.6
10 0.317647
11 0.475936
12 0.655971
13 0.243137
14 0.347594
15 0.871301
16 0.893769
17 0.967233
18 0.198068
19 0.840646
20 0.547451
21 0.250653
22 0.363653
23 0.0775547
24 0.0713248
25 0.0796249
26 0.071353
27 0.134979
28 0.0380391
29 0.0555168
30 0.00566082
31 0.0133402
32 0.00400949
33 0.0198883
34 0.0341278
35 0.0275843
36 0.00256365
37 0.0260375
38 0.00602119
39 0.00400756
40 0.00716273
41 0.011265
42 0.0310985
0 0.948267
1 0.108035
2 0.167558
3 0.122638
4 0.563636
5 0.0909091
6 0.522995
7 0.317647
8 0.197148
9 0.452406
10 0.6
11 0.963636
12 0.380749
13 0.243137
14 0.620321
15 0.758645
16 0.937979
17 0.967116
18 0.184463
19 0.909235
20 0.484827
21 0.173806
22 0.318708
23 0.0559564
24 0.0535456
25 0.0391905
26 0.093516
27 0.0846278
28 0.0778803
29 0.02076
30 0.00161155
31 0.00800639
32 0.00152517
33 0.0105196
34 0.011343
35 0.0154218
36 0.006976
37 0.0416767
38 0.03609
39 0.0145142
40 0.0330034
41 0.0240071
42 0.0636009
0 0.549733
1 0.100816
2 0.854545
3 0.275579
4 0.00392157
5 0.00392157
6 0.854545
7 1
8 0.655971
9 0.243137
10 0.243137
11 0.243137
12 0.243137
13 0.243137
14 0.904456
15 0.937255
16 0.934225
17 0.934219
18 0.140858
19 0.901378
20 0.414014
21 0.235426
22 0.47027
23 0.0628487
24 0.0643522
25 0.0868607
26 0.0768456
27 0.106928
28 0.040079
29 0.0646209
30 0.0101755
31 0.0232555
32 0.0094296
33 0.0235097
34 0.0530399
35 0.0303848
36 0.00685797
37 0.0522612
38 0.0263519
39 0.0140442
40 0.0263488
41 0.0213469
42 0.0525929
0 0.870504
1 0.0937408
2 0
3 0
4 0
5 0
6 0.243137
7 0.243137
8 0.243137
9 0.243137
10 0.243137
11 0.243137
12 0.243137
13 0.243137
14 0.960784
15 0.960784
16 0.872632
17 0.964612
18 0.198599
19 0.813582
20 0.742379
21 0.179175
22 0.332847
23 0.0537436
24 0.0243501
25 0.115372
26 0.103855
27 0.115054
28 0.0285447
29 0.0748532
30 0.0110775
31 0.0158042
32 0.0104228
33 0.0136712
34 0.0363682
35 0.0321375
36 0.00371581
37 0.0191068
38 0.00955838
39 0.00543952
40 0.0170718
41 0.0140891
42 0.0316665
0 0.787405
1 0.0868025
2 0.0716578
3 0.2
4 0.2
5 0.2
6 0.0588235
7 0.354011
8 0.6
9 0.6
10 0.6
11 0.6
12 0.6
13 0.6
14 0.483779
15 0.2
16 0.850447
17 0.972053
18 0.198375
19 0.778761
20 0.769532
21 0.2343
22 0.255802
23 0.0556833
24 0.0279425
25 0.0552286
26 0.058778
27 0.0978758
28 0.0292195
29 0.0419725
30 0.00331306
31 0.00666875
32 0.00313326
33 0.0117823
34 0.0156405
35 0.0271157
36 0.00306739
37 0.0155391
38 0.0089657
39 0.00446991
40 0.0123292
41 0.0138482
42 0.0353354
0 0.846204
1 0.181782
2 0.2
3 0.2
4 0.2
5 0.2
6 0.6
7 0.6
8 0.6
9 0.6
10 0.6
11 0.6
12 0.6
13 0.6
14 0.2
15 0.2
16 0.87345
17 0.929137
18 0.136293
19 0.868186
20 0.290001
21 0.25419
22 0.518761
23 0.0738239
24 0.0631273
25 0.0569375
26 0.0935085
27 0.101418
28 0.0766011
29 0.074127
30 0.0123797
31 0.0261599
32 0.00550926
33 0.03633
34 0.0524885
35 0.0552194
36 0.00837466
37 0.0489489
38 0.0301297
39 0.0117117
40 0.0157933
41 0.0190566
42 0.049093
0 0.614693
1 0.274301
2 0.432086
3 0
4 0.359715
5 0.105882
6 0.455971
7 0.0966132
8 0.0588235
9 0.0588235
10 0.436364
11 0.157576
12 0.317647
13 0.317647
14 0.816043
15 0.765775
16 0.913185
17 0.958481
18 0.221103
19 0.867271
20 0.518637
21 0.238013
22 0.523739
23 0.0658898
24 0.0374883
25 0.103581
26 0.103521
27 0.0997841
28 0.0896226
29 0.0757273
30 0.0281629
31 0.058406
32 0.0257882
33 0.0382374
34 0.0894989
35 0.0486358
36 0.0118996
37 0.0539483
38 0.0394142
39 0.0122521
40 0.0418861
41 0.0212179
42 0.0585053
0 0.0717437
1 0.370073
2 0
3 0.114795
4 0.17754
5 0.221034
6 0.0588235
7 0.0588235
8 0.450267
9 0.240642
10 0.317647
11 0.443137
12 0.302317
13 0.454189
14 0.754011
15 0.861676
16 0.891808
17 0.953107
18 0.149105
19 0.845018
20 0.396282
21 0.228461
22 0.438138
23 0.0641727
24 0.0493906
25 0.081922
26 0.0806388
27 0.100195
28 0.0517532
29 0.0934139
30 0.018588
31 0.0289837
32 0.0115997
33 0.0299542
34 0.0809403
35 0.0584397
36 0.00625217
37 0.054893
38 0.018367
39 0.0100458
40 0.0189493
41 0.0215146
42 0.0569929
0 0.903762
1 0.363031
2 0
3 0.0784314
4 0.238503
5 0.0745098
6 0.0588235
7 0.0588235
8 0.253476
9 0.240642
10 0.317647
11 0.39893
12 0.354367
13 0.108378
14 0.824599
15 0.741889
16 0.913178
17 0.972921
18 0.2968
19 0.833251
20 0.481331
21 0.284348
22 0.281481
23 0.0800234
24 0.0599082
25 0.0489423
26 0.0536078
27 0.094088
28 0.0795279
29 0.0401634
30 0.00760961
31 0.0209378
32 0.00666447
33 0.0213203
34 0.0340116
35 0.0425994
36 0.011236
37 0.0596021
38 0.0297602
39 0.0135822
40 0.0442511
41 0.0340324
42 0.0812581
0 0.404523
1 0.356294
2 0.2
3 0.187166
4 0.129768
5 0.054902
6 0.6
7 0.6
8 0.368984
9 0.246346
10 0.0884135
11 0.408556
12 0.20713
13 0.174332
14 0.53262
15 0.62246
16 0.901086
17 0.95024
18 0.18615
19 0.81715
20 0.373473
21 0.235515
22 0.395974
23 0.0769413
24 0.0690177
25 0.0881766
26 0.0772314
27 0.0972216
28 0.0568955
29 0.0883062
30 0.0172208
31 0.0243929
32 0.0100102
33 0.0287971
34 0.052275
35 0.0637037
36 0.0068677
37 0.046509
38 0.0163226
39 0.0108117
40 0.0209714
41 0.0209735
42 0.0595069
0 0.799018
1 0.348773
2 0.180392
3 0.0178253
4 0.287701
5 0.0538324
6 0.317647
7 0.210695
8 0.121569
9 0.264171
10 0.218182
11 0.551159
12 0.317647
13 0.129412
14 0.907308
15 0.470232
16 0.90136
17 0.966707
18 0.298442
19 0.811832
20 0.516858
21 0.246379
22 0.386598
23 0.0948782
24 0.0373537
25 0.0960301
26 0.0725229
27 0.084107
28 0.0555078
29 0.068958
30 0.0182921
31 0.0359202
32 0.0169036
33 0.0297013
34 0.0625164
35 0.0518787
36 0.00898872
37 0.0440482
38 0.0256606
39 0.011293
40 0.028123
41 0.0271563
42 0.061671
0 0.346384
1 0.447691
2 0.0606061
3 0.289483
4 0.249554
5 0.0784314
6 0.0196078
7 0.290553
8 0.320143
9 0.442068
10 0.534403
11 0.294118
12 0.277362
13 0.28164
14 0.500178
15 0.685918
16 0.869911
17 0.972432
18 0.270086
19 0.748361
20 0.566016
21 0.192839
22 0.416753
23 0.104779
24 0.0263567
25 0.0714906
26 0.0923855
27 0.0797502
28 0.042853
29 0.0682841
30 0.0147373
31 0.0244343
32 0.0142716
33 0.0306359
34 0.0483536
35 0.0549742
36 0.00639178
37 0.0307656
38 0.0225392
39 0.00922346
40 0.0252487
41 0.0287584
42 0.0697449
0 0.42483
1 0.546496
2 0.00855615
3 0.566845
4 0.245633
5 0.222103
6 0.0117647
7 0.00534759
8 0.657398
9 0.427807
10 0.505882
11 0.294118
12 0.27451
13 0.174688
14 0.330125
15 0.670945
16 0.853794
17 0.970653
18 0.264751
19 0.75223
20 0.482754
21 0.187029
22 0.386273
23 0.12439
24 0.0476017
25 0.0765385
26 0.0904871
27 0.091149
28 0.0340936
29 0.0818763
30 0.0123714
31 0.0170622
32 0.00898976
33 0.0259719
34 0.0469582
35 0.0561342
36 0.00415452
37 0.0289192
38 0.0112092
39 0.00851439
40 0.0121191
41 0.0257061
42 0.0518899
0 0.954094
1 0.328801
2 0.0926916
3 0.576114
4 0.469519
5 0.0360071
6 0.0980392
7 0.087344
8 0.454545
9 0.362567
10 0.504813
11 0.550446
12 0.149733
13 0.0998217
14 0.500535
15 0.483779
16 0.913646
17 0.946203
18 0.262784
19 0.847332
20 0.506782
21 0.216774
22 0.605346
23 0.0540098
24 0.038856
25 0.0951841
26 0.0839588
27 0.0795948
28 0.098381
29 0.0760566
30 0.0202697
31 0.0431559
32 0.0159376
33 0.0397108
34 0.076767
35 0.0671641
36 0.0100962
37 0.0511888
38 0.0363434
39 0.0100722
40 0.0252702
41 0.0130848
42 0.042858
0 0.120949
1 0.321935
2 0.371123
3 0.123708
4 0.29697
5 0.545098
6 0.0427807
7 0.545455
8 0.181818
9 0.231016
10 0.317647
11 0.524421
12 0.545098
13 0.545098
14 0.965062
15 0.621034
16 0.909054
17 0.94621
18 0.158089
19 0.883752
20 0.357491
21 0.173488
22 0.36535
23 0.0582695
24 0.0371829
25 0.0669702
26 0.0727599
27 0.0692854
28 0.0854162
29 0.0588712
30 0.00765214
31 0.023461
32 0.00339938
33 0.0228667
34 0.0423168
35 0.0448004
36 0.00698812
37 0.0749872
38 0.0220151
39 0.0110483
40 0.0217672
41 0.0177641
42 0.0459409
0 0.868137
1 0.315014
2 0.797504
3 0.0773619
4 0.0862745
5 0.0862745
6 0
7 0.727273
8 0.0745098
9 0.317647
10 0.317647
11 0.317647
12 0.317647
13 0.317647
14 0.878788
15 0.847059
16 0.938299
17 0.953422
18 0.176996
19 0.875385
20 0.476516
21 0.232888
22 0.426977
23 0.0593305
24 0.054705
25 0.0853763
26 0.0628588
27 0.0779621
28 0.0527755
29 0.054218
30 0.0103394
31 0.0256972
32 0.00989955
33 0.0233559
34 0.0411058
35 0.0306253
36 0.00775115
37 0.0519613
38 0.0254686
39 0.0134819
40 0.0252576
41 0.0186909
42 0.0460999
0 0.728133
1 0.307556
2 0.0627451
3 0.0627451
4 0.0627451
5 0.0627451
6 0.317647
7 0.317647
8 0.317647
9 0.317647
10 0.317647
11 0.317647
12 0.317647
13 0.317647
14 0.909804
15 0.909804
16 0.890129
17 0.960542
18 0.245224
19 0.823896
20 0.501937
21 0.244607
22 0.489094
23 0.0661868
24 0.0380531
25 0.103374
26 0.112058
27 0.135006
28 0.0791032
29 0.0826792
30 0.0257471
31 0.049271
32 0.0180222
33 0.0442877
34 0.0794209
35 0.0818012
36 0.0108737
37 0.0608704
38 0.0189408
39 0.00757705
40 0.0204021
41 0.0173804
42 0.0443242
0 0.292767
1 0.300602
2 0.0823529
3 0.0680927
4 0.491266
5 0.258824
6 0
7 0.0221034
8 0.246702
9 0.27451
10 0.165775
11 0.465954
12 0.606774
13 0.27451
14 0.468806
15 0.741889
16 0.873625
17 0.962905
18 0.268115
19 0.799155
20 0.342505
21 0.255044
22 0.426117
23 0.0893933
24 0.0674649
25 0.0870878
26 0.0802101
27 0.137973
28 0.0921154
29 0.0956009
30 0.0308216
31 0.0548791
32 0.0168879
33 0.0582302
34 0.0915906
35 0.0842723
36 0.0140472
37 0.0816621
38 0.0258745
39 0.0115593
40 0.0248529
41 0.0311985
42 0.060112
0 0.265045
1 0.292902
2 0.0755793
3 0.0812834
4 0.599643
5 0.148307
6 0.218182
7 0
8 0.0634581
9 0.27451
10 0.267023
11 0.247059
12 0.387879
13 0.0748663
14 0.50303
15 0.658467
16 0.871157
17 0.947737
18 0.204942
19 0.805721
20 0.290603
21 0.175265
22 0.337388
23 0.107336
24 0.0655097
25 0.0970017
26 0.0876033
27 0.115698
28 0.0586669
29 0.116775
30 0.031839
31 0.038776
32 0.0173298
33 0.0440769
34 0.0844202
35 0.0806637
36 0.0122918
37 0.0749446
38 0.022538
39 0.0185423
40 0.0311941
41 0.046947
42 0.0812919
0 0.860119
1 0.285931
2 0.0766488
3 0.0887701
4 0.251337
5 0.026738
6 0
7 0
8 0.124777
9 0.27451
10 0.257041
11 0.247059
12 0.0449198
13 0
14 0.576114
15 0.514082
16 0.909652
17 0.955482
18 0.250632
19 0.836441
20 0.34915
21 0.16609
22 0.414992
23 0.0706791
24 0.0569932
25 0.0935072
26 0.103511
27 0.107901
28 0.0730924
29 0.0845204
30 0.0248438
31 0.0421374
32 0.021111
33 0.0421347
34 0.0767344
35 0.073947
36 0.0160696
37 0.0713068
38 0.0350979
39 0.0191675
40 0.0309083
41 0.037664
42 0.0693626
0 0.567252
1 0.279151
2 0.0912656
3 0.121925
4 0.327986
5 0.185383
6 0
7 0.249554
8 0.27451
9 0.174688
10 0.247059
11 0.112299
12 0.346524
13 0.0156863
14 0.705169
15 0.676649
16 0.912305
17 0.958523
18 0.31071
19 0.834986
20 0.338334
21 0.18891
22 0.415492
23 0.0886132
24 0.057682
25 0.0849125
26 0.0928536
27 0.0978881
28 0.0877257
29 0.077818
30 0.0275173
31 0.0583778
32 0.0227451
33 0.0555479
34 0.0873758
35 0.0615324
36 0.0159701
37 0.0640075
38 0.050926
39 0.0182181
40 0.0411934
41 0.0402935
42 0.0726537
0 0.159919
1 0.271604
2 0.122282
3 0.146524
4 0.305169
5 0.0748663
6 0
7 0.249554
8 0.25098
9 0.183957
10 0.440642
11 0.101248
12 0.124777
13 0.0406417
14 0.650624
15 0.793583
16 0.897581
17 0.956905
18 0.320212
19 0.776081
20 0.416797
21 0.221985
22 0.349412
23 0.110597
24 0.0472852
25 0.0650398
26 0.0501476
27 0.0771396
28 0.0737396
29 0.0777502
30 0.0285002
31 0.0517921
32 0.022969
33 0.0567154
34 0.074273
35 0.0687509
36 0.0195511
37 0.0863045
38 0.0613027
39 0.0222088
40 0.0830532
41 0.0393039
42 0.0774766
0 0.0920101
1 0.264817
2 0.0313726
3 0.360071
4 0.0516934
5 0.131551
6 0.27451
7 0.27451
8 0.182175
9 0.247059
10 0.0520499
11 0.121925
12 0.118717
13 0.493048
14 0.547237
15 0.468449
16 0.903949
17 0.973967
18 0.228985
19 0.78599
20 0.524716
21 0.177456
22 0.221312
23 0.0801753
24 0.0397532
25 0.0403227
26 0.0618567
27 0.0773239
28 0.0793529
29 0.0320484
30 0.0065165
31 0.0181125
32 0.00734628
33 0.0306537
34 0.0251549
35 0.0411121
36 0.0214372
37 0.0614009
38 0.0545859
39 0.019598
40 0.0606569
41 0.0398129
42 0.0768825
0 0.215999
1 0.258066
2 0.2
3 0.128699
4 0.0812834
5 0.123351
6 0.6
7 0.6
8 0.57041
9 0.154724
10 0.108378
11 0.000713012
12 0.120856
13 0.493048
14 0.244563
15 0.585027
16 0.927192
17 0.954815
18 0.278456
19 0.834712
20 0.397906
21 0.248785
22 0.339506
23 0.082881
24 0.0803493
25 0.0481781
26 0.0435317
27 0.0741478
28 0.0593051
29 0.0401671
30 0.00710421
31 0.0209532
32 0.00735451
33 0.0289364
34 0.0271758
35 0.0317908
36 0.0112875
37 0.0473697
38 0.0390396
39 0.0147887
40 0.0384024
41 0.0312294
42 0.0732177
0 0.340037
1 0.25116
2 0.18467
3 0.0313726
4 0.0313726
5 0.0385027
6 0.6
7 0.54082
8 0.27451
9 0.27451
10 0.27451
11 0.27451
12 0.085918
13 0.0666667
14 0.619251
15 0.71016
16 0.935697
17 0.945995
18 0.168344
19 0.856304
20 0.394396
21 0.210956
22 0.438434
23 0.0657207
24 0.0533451
25 0.0861209
26 0.0702101
27 0.0721899
28 0.0588291
29 0.0615553
30 0.0121105
31 0.025953
32 0.0103691
33 0.0299611
34 0.041987
35 0.0377345
36 0.00947803
37 0.0591472
38 0.0282139
39 0.0134798
40 0.0269398
41 0.0194904
42 0.0515516
0 0.678794
1 0.352986
2 0.193583
3 0.0117647
4 0.0117647
5 0.0802139
6 0.247059
7 0.25205
8 0.27451
9 0.27451
10 0.27451
11 0.27451
12 0.27451
13 0.220321
14 0.912656
15 0.854545
16 0.917288
17 0.955725
18 0.248312
19 0.844484
20 0.406509
21 0.296743
22 0.382878
23 0.0823373
24 0.0474109
25 0.0685071
26 0.0536757
27 0.0825825
28 0.0732284
29 0.0597177
30 0.0162046
31 0.0441369
32 0.0122366
33 0.044244
34 0.0580313
35 0.0488561
36 0.013524
37 0.0824401
38 0.0296209
39 0.0110358
40 0.0300894
41 0.0230768
42 0.0571823
0 0.430169
1 0.455853
2 0.0941176
3 0.059893
4 0.0627451
5 0.0627451
6 0.247059
7 0.0951872
8 0.133333
9 0.27451
10 0.27451
11 0.27451
12 0.27451
13 0.27451
14 0.417112
15 1
16 0.955355
17 0.983731
18 0.187232
19 0.85081
20 0.543274
21 0.135877
22 0.315424
23 0.0622932
24 0.037831
25 0.033354
26 0.0774541
27 0.0398674
28 0.104261
29 0.0152463
30 0.00111548
31 0.0071876
32 0.00115518
33 0.00959135
34 0.00494498
35 0.014646
36 0.0057995
37 0.0360681
38 0.0276085
39 0.0120225
40 0.0234957
41 0.0161084
42 0.0457242
0 0.461167
1 0.556266
2 0.937255
3 0.522282
4 0.176471
5 0.176471
6 0.937255
7 0.937255
8 0.879857
9 0.305882
10 0.305882
11 0.305882
12 0.305882
13 0.305882
14 0.952228
15 0.992157
16 0.898941
17 0.974225
18 0.327052
19 0.737634
20 0.427441
21 0.291933
22 0.486683
23 0.121551
24 0.0413725
25 0.0477102
26 0.0764802
27 0.0636781
28 0.0998049
29 0.0658384
30 0.0160368
31 0.0373383
32 0.0104586
33 0.0514105
34 0.0425062
35 0.0938386
36 0.0127083
37 0.0602343
38 0.0372024
39 0.015792
40 0.0291585
41 0.0228798
42 0.0516727
0 0.27178
1 0.549052
2 0.261676
3 0.645989
4 0.488414
5 0.2082
6 0.450267
7 0.0901961
8 0.360428
9 0.0117647
10 0.0117647
11 0.150802
12 0.312299
13 0.483422
14 0.579323
15 0.565062
16 0.864488
17 0.950325
18 0.269937
19 0.783188
20 0.242678
21 0.158604
22 0.437291
23 0.108873
24 0.0355434
25 0.0484012
26 0.0872939
27 0.0452602
28 0.0950988
29 0.0990748
30 0.017948
31 0.0389591
32 0.00466063
33 0.0499128
34 0.0425245
35 0.0727587
36 0.00890518
37 0.0720418
38 0.0259845
39 0.0105896
40 0.0161536
41 0.0153615
42 0.0430647
0 0.73053
1 0.540755
2 0.939394
3 0.756863
4 0.22852
5 0.208556
6 0.247059
7 0.118717
8 0.0117647
9 0.0773619
10 0.48057
11 0.183957
12 0.529055
13 0.383601
14 0.820321
15 0.545811
16 0.900162
17 0.96711
18 0.416675
19 0.787487
20 0.464117
21 0.236044
22 0.320528
23 0.102016
24 0.038155
25 0.0862365
26 0.0526907
27 0.0732371
28 0.0835837
29 0.0650304
30 0.0252429
31 0.0645948
32 0.0231517
33 0.0638103
34 0.0683754
35 0.059519
36 0.0175732
37 0.071797
38 0.0327733
39 0.011434
40 0.0348252
41 0.0285624
42 0.0600398
0 0.111735
1 0.533841
2 0.0659537
3 0.281996
4 0.164349
5 0.027451
6 0
7 0.135472
8 0.177184
9 0.388948
10 0.427094
11 0.27451
12 0.27451
13 0.27451
14 0.13975
15 0.900891
16 0.927958
17 0.963829
18 0.209286
19 0.803382
20 0.452432
21 0.180695
22 0.367987
23 0.0729933
24 0.0342895
25 0.0619856
26 0.0604956
27 0.0534782
28 0.0898043
29 0.0495156
30 0.0113747
31 0.0305314
32 0.0110836
33 0.0445955
34 0.0388427
35 0.0515515
36 0.0116867
37 0.060062
38 0.0369332
39 0.0123533
40 0.0308982
41 0.0198236
42 0.0604982
0 0.285475
1 0.632183
2 0.216756
3 0.156863
4 0.0862745
5 0.0862745
6 0.217469
7 0.278788
8 0.381462
9 0.27451
10 0.27451
11 0.27451
12 0.27451
13 0.27451
14 0.604991
15 1
16 0.931764
17 0.953909
18 0.205324
19 0.810087
20 0.527085
21 0.298588
22 0.51378
23 0.0459101
24 0.031687
25 0.0774503
26 0.042053
27 0.0414124
28 0.0894761
29 0.0699498
30 0.0218915
31 0.0465511
32 0.0215755
33 0.0406221
34 0.0592778
35 0.0522372
36 0.0117036
37 0.052704
38 0.0474426
39 0.0121131
40 0.0349507
41 0.0118364
42 0.0405208
0 0.0719511
1 0.625226
2 0.0313726
3 0.0313726
4 0.0313726
5 0.18467
6 0.27451
7 0.27451
8 0.27451
9 0.27451
10 0.27451
11 0.27451
12 0.54082
13 0.6
14 1
15 0.636364
16 0.936822
17 0.968832
18 0.205473
19 0.816371
20 0.43366
21 0.313201
22 0.498291
23 0.0708364
24 0.0483905
25 0.0762552
26 0.048344
27 0.0516448
28 0.0905247
29 0.0574537
30 0.0138822
31 0.0332413
32 0.011326
33 0.0283204
34 0.0512137
35 0.0544113
36 0.00675366
37 0.0580717
38 0.0194378
39 0.00844775
40 0.0179647
41 0.0121144
42 0.0413224
0 0.354004
1 0.727428
2 0.0980392
3 0.0980392
4 0.314082
5 0.103743
6 0.27451
7 0.27451
8 0.27451
9 0.27451
10 0.199643
11 0.6082
12 0.326203
13 0.176471
14 1
15 0.882709
16 0.87929
17 0.971792
18 0.307195
19 0.704343
20 0.361906
21 0.37427
22 0.312526
23 0.104906
24 0.044729
25 0.0487743
26 0.0455344
27 0.0616366
28 0.129978
29 0.0757769
30 0.0256012
31 0.0469608
32 0.0134563
33 0.0489815
34 0.0584311
35 0.106057
36 0.0199529
37 0.0850963
38 0.0376159
39 0.0146997
40 0.0474433
41 0.0345252
42 0.0829456
0 0.21266
1 0.830247
2 0.197861
3 0.113725
4 0.160784
5 0.109447
6 0.397504
7 0.115865
8 0.14902
9 0.14902
10 0.160784
11 0.160784
12 0.199643
13 0.271658
14 0.342602
15 0.381462
16 0.835422
17 0.968702
18 0.304221
19 0.610801
20 0.349809
21 0.270485
22 0.214852
23 0.129463
24 0.0364291
25 0.0524907
26 0.0509917
27 0.0589217
28 0.102779
29 0.0996429
30 0.0369175
31 0.0406039
32 0.0200497
33 0.0517738
34 0.0640757
35 0.173733
36 0.024418
37 0.0766859
38 0.0304341
39 0.0174316
40 0.0490708
41 0.0508432
42 0.121433
0 0.449041
1 0.916782
2 0.113725
3 0.113725
4 0.113725
5 0.113725
6 0.14902
7 0.14902
8 0.14902
9 0.14902
10 0.14902
11 0.14902
12 0.14902
13 0.14902
14 0.0901961
15 0.0901961
16 0.916133
17 0.957927
18 0.168794
19 0.783921
20 0.196189
21 0.222842
22 0.356494
23 0.0713288
24 0.0770619
25 0.0310596
26 0.0382941
27 0.0364229
28 0.179842
29 0.048855
30 0.0107433
31 0.0315282
32 0.00597578
33 0.0434987
34 0.0217698
35 0.0589046
36 0.0275662
37 0.102026
38 0.0788102
39 0.0325096
40 0.0557915
41 0.0326351
42 0.0997786
0 0.213641
1 0.909627
2 0.566845
3 0.0442068
4 0.0392157
5 0.213904
6 1
7 0.251337
8 0.176471
9 0.0481283
10 0
11 0
12 0.189305
13 0.231373
14 0.993583
15 0.631373
16 0.930293
17 0.947646
18 0.269142
19 0.800102
20 0.194855
21 0.349248
22 0.48045
23 0.101768
24 0.0640137
25 0.0795718
26 0.0504299
27 0.0438173
28 0.144849
29 0.108903
30 0.0664005
31 0.113414
32 0.0435748
33 0.0785586
34 0.121216
35 0.121374
36 0.0346417
37 0.129551
38 0.0880809
39 0.0385104
40 0.0817346
41 0.0421354
42 0.108931
0 0.14445
1 0.902307
2 0.0192513
3 0.0156863
4 0.0156863
5 0.0755793
6 0.0641711
7 0
8 0
9 0
10 0
11 0
12 0.0114082
13 0.12549
14 0.964349
15 0.732977
16 0.858199
17 0.981304
18 0.231454
19 0.631946
20 0.414503
21 0.195152
22 0.198449
23 0.117339
24 0.0253228
25 0.0538796
26 0.0559814
27 0.0493909
28 0.0934628
29 0.0710565
30 0.0188658
31 0.0336581
32 0.00979098
33 0.0362261
34 0.0365295
35 0.117617
36 0.0159987
37 0.0746578
38 0.0160535
39 0.012714
40 0.0271298
41 0.0285225
42 0.0642706
0 0.635987
1 0.968621
2 0.34902
3 0.34902
4 0.34902
5 0.375401
6 0.25098
7 0.25098
8 0.25098
9 0.25098
10 0.25098
11 0.25098
12 0.296613
13 0.427807
14 0.14902
15 0.31016
16 0.836118
17 0.974296
18 0.306439
19 0.613783
20 0.418201
21 0.227457
22 0.281102
23 0.119435
24 0.0339039
25 0.0494554
26 0.0535161
27 0.0483956
28 0.0857853
29 0.0778996
30 0.015186
31 0.0243828
32 0.00923885
33 0.0371734
34 0.0301122
35 0.138481
36 0.0129551
37 0.0484274
38 0.0173718
39 0.0149329
40 0.0207809
41 0.0330045
42 0.075327
0 0.698888
1 0.961459
2 0.34902
3 0.34902
4 0.34902
5 0.34902
6 0.25098
7 0.25098
8 0.25098
9 0.25098
10 0.25098
11 0.25098
12 0.25098
13 0.25098
14 0.14902
15 0.14902
16 0.86225
17 0.975673
18 0.255547
19 0.655563
20 0.45051
21 0.221284
22 0.291046
23 0.100951
24 0.0287718
25 0.0501438
26 0.0522953
27 0.0481352
28 0.0831926
29 0.063181
30 0.010962
31 0.0210558
32 0.00688981
33 0.0366083
34 0.0287837
35 0.110874
36 0.0124354
37 0.0606688
38 0.0143988
39 0.0112693
40 0.0140467
41 0.022185
42 0.0587162
0 0.814182
1 0.95416
2 0.34902
3 0.34902
4 0.34902
5 0.333333
6 0.25098
7 0.25098
8 0.25098
9 0.25098
10 0.25098
11 0.25098
12 0.439929
13 0.305882
14 0.14902
15 0.473084
16 0.87342
17 0.976573
18 0.29115
19 0.672893
20 0.464556
21 0.251007
22 0.338248
23 0.108038
24 0.0300656
25 0.0492554
26 0.0525162
27 0.0501425
28 0.0935068
29 0.0594322
30 0.0116113
31 0.0258317
32 0.00760069
33 0.039139
34 0.030471
35 0.109324
36 0.0121215
37 0.0584495
38 0.0157334
39 0.0105752
40 0.015468
41 0.02115
42 0.0580597
0 0.595037
1 0.94684
2 0.34902
3 0.34902
4 0.381105
5 0.3918
6 0.25098
7 0.25098
8 0.25098
9 0.25098
10 0.25098
11 0.332977
12 0.377897
13 0.305882
14 0.14902
15 0.554011
16 0.888625
17 0.978084
18 0.277672
19 0.693152
20 0.473077
21 0.250265
22 0.298316
23 0.11783
24 0.0313931
25 0.0484153
26 0.0519713
27 0.0473745
28 0.0939382
29 0.0534425
30 0.00976673
31 0.0244399
32 0.0064531
33 0.039032
34 0.0298638
35 0.0971369
36 0.0103908
37 0.061318
38 0.0132722
39 0.0090157
40 0.0134316
41 0.0181447
42 0.055096
0 0.648707
1 0.939445
2 0.34902
3 0.34902
4 0.37861
5 0.188235
6 0.25098
7 0.25098
8 0.25098
9 0.25098
10 0.25098
11 0.463458
12 0.305882
13 0.305882
14 0.14902
15 0.735472
16 0.896927
17 0.981686
18 0.313664
19 0.690935
20 0.519177
21 0.252257
22 0.309659
23 0.129123
24 0.0355384
25 0.0554117
26 0.0615235
27 0.0509032
28 0.0934769
29 0.0520126
30 0.00946119
31 0.0249582
32 0.00661959
33 0.0395862
34 0.0287192
35 0.0977256
36 0.00753931
37 0.0441694
38 0.00838563
39 0.00626528
40 0.00779095
41 0.0131341
42 0.0425182
0 0.626702
1 0.932035
2 0.34902
3 0.34902
4 0.587522
5 0.172549
6 0.25098
7 0.25098
8 0.25098
9 0.25098
10 0.404991
11 0.722995
12 0.305882
13 0.305882
14 0.14902
15 0.780036
16 0.88988
17 0.9813
18 0.346904
19 0.667257
20 0.553207
21 0.26008
22 0.340123
23 0.103973
24 0.030804
25 0.0533995
26 0.0603321
27 0.0531177
28 0.104104
29 0.056432
30 0.0112952
31 0.0283005
32 0.00787718
33 0.0470867
34 0.0323761
35 0.111264
36 0.00840937
37 0.0451052
38 0.00984599
39 0.00547978
40 0.00858994
41 0.0115568
42 0.0430591
0 0.4533
1 0.924337
2 0.34902
3 0.34902
4 0.576114
5 0.260963
6 0.25098
7 0.25098
8 0.25098
9 0.25098
10 0.375045
11 0.705882
12 0.524064
13 0.305882
14 0.14902
15 0.68164
16 0.87496
17 0.980319
18 0.34744
19 0.639859
20 0.598013
21 0.263201
22 0.429664
23 0.0980891
24 0.0222196
25 0.0527409
26 0.0572477
27 0.0481226
28 0.115095
29 0.060301
30 0.0160907
31 0.039257
32 0.0108003
33 0.0602702
34 0.0396832
35 0.10806
36 0.0100912
37 0.0390949
38 0.0157987
39 0.00554304
40 0.0108967
41 0.00991557
42 0.0377063
0 0.0490715
1 0.916655
2 0.34902
3 0.34902
4 0.568627
5 0.568627
6 0.25098
7 0.25098
8 0.25098
9 0.25098
10 0.568627
11 0.568627
12 0.568627
13 0.568627
14 0.14902
15 0.568627
16 0.886384
17 0.971283
18 0.266863
19 0.668361
20 0.493313
21 0.28988
22 0.355665
23 0.078894
24 0.031888
25 0.0456947
26 0.0328151
27 0.0369243
28 0.101838
29 0.0625191
30 0.01575
31 0.0316916
32 0.0124397
33 0.0456746
34 0.0441491
35 0.082312
36 0.0123354
37 0.0544191
38 0.0332305
39 0.0114506
40 0.0310824
41 0.0194456
42 0.0689794
0 0.143506
1 0.909088
2 0.145098
3 0.145098
4 0.145098
5 0.145098
6 0.305882
7 0.305882
8 0.305882
9 0.305882
10 0.305882
11 0.305882
12 0.305882
13 0.305882
14 0.462745
15 0.462745
16 0.842028
17 0.975594
18 0.334605
19 0.605133
20 0.580602
21 0.268026
22 0.300524
23 0.0868879
24 0.0185337
25 0.0455095
26 0.0505579
27 0.0397268
28 0.117853
29 0.0725475
30 0.0227091
31 0.04224
32 0.0134575
33 0.051313
34 0.0419112
35 0.132785
36 0.0129604
37 0.047221
38 0.0201044
39 0.0070738
40 0.024251
41 0.0126529
42 0.0507045
0 0.0164398
1 0.901896
2 0.34902
3 0.34902
4 0.281283
5 0.2
6 0.25098
7 0.25098
8 0.25098
9 0.25098
10 0.25098
11 0.568271
12 0.6
13 0.6
14 0.14902
15 0.186096
16 0.827903
17 0.972087
18 0.257118
19 0.593492
20 0.578347
21 0.214738
22 0.279755
23 0.0848748
24 0.0176766
25 0.0412831
26 0.0473048
27 0.0369747
28 0.0953859
29 0.0746275
30 0.0165105
31 0.0278585
32 0.00921815
33 0.0467581
34 0.0347105
35 0.131982
36 0.0099721
37 0.0435316
38 0.014939
39 0.00704165
40 0.0163363
41 0.0113302
42 0.0475022
0 0.385638
1 0.8946
2 0.34902
3 0.34902
4 0.281283
5 0.2
6 0.25098
7 0.25098
8 0.25098
9 0.25098
10 0.25098
11 0.568271
12 0.6
13 0.6
14 0.14902
15 0.186096
16 0.829394
17 0.970308
18 0.297545
19 0.609176
20 0.630356
21 0.253579
22 0.30954
23 0.074656
24 0.0171731
25 0.0491193
26 0.033611
27 0.0293715
28 0.0798894
29 0.0696223
30 0.0156618
31 0.031639
32 0.0107053
33 0.0417484
34 0.0295732
35 0.0851138
36 0.00748046
37 0.0270952
38 0.0154906
39 0.00555969
40 0.0156313
41 0.0098169
42 0.0415758
0 0.119574
1 0.984541
2 0.34902
3 0.294831
4 0.2
5 0.2
6 0.25098
7 0.25098
8 0.25098
9 0.504813
10 0.6
11 0.6
12 0.6
13 0.6
14 0.158289
15 0.2
16 0.876505
17 0.982875
18 0.240816
19 0.586332
20 0.778209
21 0.266144
22 0.239108
23 0.0571008
24 0.018003
25 0.0399017
26 0.0243311
27 0.0266661
28 0.0595884
29 0.0324906
30 0.00430858
31 0.010085
32 0.00511177
33 0.0169997
34 0.011992
35 0.0425804
36 0.00498936
37 0.0183481
38 0.011215
39 0.00490822
40 0.0129925
41 0.00873513
42 0.0360549
0 0.298541
1 1
2 0.2
3 0.2
4 0.2
5 0.2
6 0.6
7 0.6
8 0.6
9 0.6
10 0.6
11 0.6
12 0.6
13 0.6
14 0.2
15 0.2
16 0.82367
17 0.973438
18 0.237871
19 0.576816
20 0.44521
21 0.297553
22 0.358834
23 0.131031
24 0.0301011
25 0.0366567
26 0.0468429
27 0.0431547
28 0.0650473
29 0.0709965
30 0.00956602
31 0.0151516
32 0.00527625
33 0.0289328
34 0.0264092
35 0.141049
36 0.00760235
37 0.0418021
38 0.0122702
39 0.0104492
40 0.0135294
41 0.020844
42 0.0619716
0 0.788123
1 1
2 0.34902
3 0.34902
4 0.34902
5 0.34902
6 0.25098
7 0.25098
8 0.25098
9 0.25098
10 0.25098
11 0.25098
12 0.25098
13 0.25098
14 0.14902
15 0.14902
16 0.837842
17 0.97717
18 0.33337
19 0.589613
20 0.422726
21 0.263492
22 0.315098
23 0.128866
24 0.0361186
25 0.0452186
26 0.050939
27 0.0469003
28 0.104798
29 0.0761347
30 0.0182637
31 0.0303154
32 0.0108553
33 0.0402346
34 0.0387146
35 0.144763
36 0.0158375
37 0.0628139
38 0.0202721
39 0.0142032
40 0.0257195
41 0.030722
42 0.0797185
0 0.415444
1 1
2 0.34902
3 0.34902
4 0.34902
5 0.34902
6 0.25098
7 0.25098
8 0.25098
9 0.25098
10 0.25098
11 0.25098
12 0.25098
13 0.25098
14 0.14902
15 0.14902
16 0.838192
17 0.977282
18 0.367386
19 0.564826
20 0.415779
21 0.231367
22 0.297956
23 0.124812
24 0.0352793
25 0.0443054
26 0.0507622
27 0.0448929
28 0.123479
29 0.0780289
30 0.023445
31 0.0408755
32 0.0147025
33 0.0587126
34 0.042293
35 0.158331
36 0.0194066
37 0.0617206
38 0.0287763
39 0.016067
40 0.0362004
41 0.0330866
42 0.0923544
0 0.145082
1 1
2 0.34902
3 0.34902
4 0.34902
5 0.34902
6 0.25098
7 0.25098
8 0.25098
9 0.25098
10 0.25098
11 0.25098
12 0.25098
13 0.25098
14 0.14902
15 0.14902
16 0.831021
17 0.976681
18 0.367235
19 0.556547
20 0.408821
21 0.206775
22 0.289706
23 0.119853
24 0.0342818
25 0.0426771
26 0.049043
27 0.0431908
28 0.125624
29 0.0782886
30 0.0245186
31 0.0438863
32 0.0155973
33 0.0666155
34 0.0424529
35 0.15909
36 0.0204523
37 0.0605366
38 0.0316154
39 0.0169955
40 0.0387334
41 0.0332365
42 0.0957343
0 0.0899389
1 0.992617
2 0.34902
3 0.34902
4 0.34902
5 0.34902
6 0.25098
7 0.25098
8 0.25098
9 0.25098
10 0.25098
11 0.25098
12 0.25098
13 0.25098
14 0.14902
15 0.14902
16 0.831307
17 0.976205
18 0.247516
19 0.56271
20 0.534978
21 0.184055
22 0.232808
23 0.0814651
24 0.0197827
25 0.0437558
26 0.0477405
27 0.0336818
28 0.100075
29 0.0765367
30 0.0175965
31 0.0308111
32 0.0107227
33 0.053229
34 0.0347424
35 0.143126
36 0.0151271
37 0.056288
38 0.0178073
39 0.0112384
40 0.0193034
41 0.0151897
42 0.0538546
0 0.486222
1 0.985251
2 0.34902
3 0.34902
4 0.335472
5 0.2
6 0.25098
7 0.25098
8 0.25098
9 0.25098
10 0.25098
11 0.314438
12 0.6
13 0.6
14 0.14902
15 0.176827
16 0.831267
17 0.97
18 0.288089
19 0.598775
20 0.632908
21 0.224892
22 0.291119
23 0.0726891
24 0.0173814
25 0.0469632
26 0.0339528
27 0.0273857
28 0.074684
29 0.0693619
30 0.0154666
31 0.0321912
32 0.0110325
33 0.0426346
34 0.0278804
35 0.0869467
36 0.0076563
37 0.0270624
38 0.0145562
39 0.00623453
40 0.0152723
41 0.00948708
42 0.0420347
0 0.176537
1 1
2 0.34902
3 0.294831
4 0.2
5 0.2
6 0.25098
7 0.25098
8 0.25098
9 0.504813
10 0.6
11 0.6
12 0.6
13 0.6
14 0.158289
15 0.2
16 0.877631
17 0.982431
18 0.245852
19 0.578972
20 0.781933
21 0.250977
22 0.23775
23 0.0550053
24 0.0182568
25 0.0362241
26 0.0235026
27 0.0250916
28 0.0587752
29 0.0319201
30 0.00431619
31 0.010685
32 0.00537594
33 0.0180847
34 0.0119102
35 0.043192
36 0.00508054
37 0.0181777
38 0.0115028
39 0.00516419
40 0.0135978
41 0.00835042
42 0.036011
0 0.254345
1 1
2 0.2
3 0.2
4 0.2
5 0.2
6 0.6
7 0.6
8 0.6
9 0.6
10 0.6
11 0.6
12 0.6
13 0.6
14 0.2
15 0.2
16 0.825859
17 0.973787
18 0.275083
19 0.566738
20 0.44793
21 0.295984
22 0.375704
23 0.129265
24 0.0310498
25 0.0340935
26 0.0464055
27 0.0417765
28 0.076182
29 0.0705986
30 0.0116209
31 0.0202199
32 0.00687573
33 0.0361866
34 0.0297273
35 0.14936
36 0.00901316
37 0.0430912
38 0.0159722
39 0.011254
40 0.0177424
41 0.0211011
42 0.0668142
0 0.501074
1 1
2 0.34902
3 0.34902
4 0.34902
5 0.34902
6 0.25098
7 0.25098
8 0.25098
9 0.25098
10 0.25098
11 0.25098
12 0.25098
13 0.25098
14 0.14902
15 0.14902
16 0.838075
17 0.977658
18 0.342757
19 0.572284
20 0.423232
21 0.24611
22 0.310064
23 0.12756
24 0.0366921
25 0.0418208
26 0.0498363
27 0.0452488
28 0.11136
29 0.0762818
30 0.0200078
31 0.0349899
32 0.0120288
33 0.0470158
34 0.041301
35 0.149697
36 0.0171623
37 0.0659633
38 0.0224856
39 0.0147274
40 0.0298889
41 0.0303783
42 0.0832243
0 0.288605
1 1
2 0.34902
3 0.34902
4 0.34902
5 0.34902
6 0.25098
7 0.25098
8 0.25098
9 0.25098
10 0.25098
11 0.25098
12 0.25098
13 0.25098
14 0.14902
15 0.14902
16 0.838089
17 0.971732
18 0.369169
19 0.600706
20 0.416478
21 0.173714
22 0.3097
23 0.122408
24 0.0406612
25 0.0466985
26 0.0606263
27 0.056165
28 0.105047
29 0.0780129
30 0.0243091
31 0.0445375
32 0.0156697
33 0.0649134
34 0.0430624
35 0.129222
36 0.0203522
37 0.0631635
38 0.0301425
39 0.0170596
40 0.0388511
41 0.0328628
42 0.0804754
0 0.0908295
1 0.696164
2 0.34902
3 0.34902
4 0.34902
5 0.34902
6 0.25098
7 0.25098
8 0.25098
9 0.25098
10 0.25098
11 0.25098
12 0.25098
13 0.25098
14 0.14902
15 0.14902
16 0.836526
17 0.972094
18 0.354182
19 0.595928
20 0.411222
21 0.15757
22 0.288464
23 0.11227
24 0.0409665
25 0.0451736
26 0.0572461
27 0.0545998
28 0.100127
29 0.0793651
30 0.0215042
31 0.0405374
32 0.0141328
33 0.0681661
34 0.0404631
35 0.126416
36 0.0185005
37 0.0604827
38 0.027812
39 0.0174964
40 0.0366301
41 0.0327556
42 0.0758257
0 0.235711
1 0.687704
2 0.34902
3 0.34902
4 0.34902
5 0.34902
6 0.25098
7 0.25098
8 0.25098
9 0.25098
10 0.25098
11 0.25098
12 0.25098
13 0.25098
14 0.14902
15 0.14902
16 0.909431
17 0.966966
18 0.186362
19 0.750273
20 0.659699
21 0.107532
22 0.314997
23 0.0493077
24 0.0178332
25 0.0557161
26 0.0586066
27 0.0286349
28 0.0683874
29 0.0402382
30 0.00711522
31 0.0242641
32 0.00873724
33 0.0357599
34 0.0188112
35 0.0321884
36 0.00753537
37 0.0328327
38 0.0234456
39 0.00924748
40 0.0211642
41 0.00990643
42 0.0396828
0 0.206177
1 0.679144
2 0.376471
3 0.315152
4 0.0352941
5 0.0352941
6 0.25098
7 0.323708
8 0.63779
9 0.505882
10 0.505882
11 0.505882
12 0.505882
13 0.505882
14 0.473084
15 0.835294
16 0.901675
17 0.978947
18 0.242471
19 0.691112
20 0.62158
21 0.19662
22 0.433382
23 0.075073
24 0.0303842
25 0.0413778
26 0.04599
27 0.0389071
28 0.055338
29 0.0411805
30 0.00433218
31 0.0151275
32 0.0038255
33 0.0226825
34 0.0134914
35 0.0458424
36 0.00417542
37 0.0271264
38 0.0103043
39 0.00750853
40 0.0105503
41 0.00980227
42 0.0248517
0 0.505774
1 0.670323
2 0.462745
3 0.462745
4 0.462745
5 0.462745
6 0.462745
7 0.462745
8 0.462745
9 0.462745
10 0.462745
11 0.462745
12 0.462745
13 0.462745
14 0.462745
15 0.462745
16 0.909973
17 0.983184
18 0.1848
19 0.692184
20 0.681201
21 0.180618
22 0.418326
23 0.0763079
24 0.0301597
25 0.0494412
26 0.0471658
27 0.0383244
28 0.0409415
29 0.0342084
30 0.00219462
31 0.00783232
32 0.00183963
33 0.0128868
34 0.00921577
35 0.0302386
36 0.00259265
37 0.0268464
38 0.00479564
39 0.00542534
40 0.00522259
41 0.00668557
42 0.0167833
0 0.945733
1 0.661679
2 0.533333
3 0.533333
4 0.533333
5 0.533333
6 0.533333
7 0.533333
8 0.533333
9 0.533333
10 0.533333
11 0.533333
12 0.533333
13 0.533333
14 0.533333
15 0.533333
16 0.844628
17 0.973033
18 0.350564
19 0.623199
20 0.460639
21 0.27935
22 0.387931
23 0.114011
24 0.040565
25 0.0387579
26 0.0526052
27 0.0572573
28 0.0794697
29 0.073535
30 0.0138172
31 0.0286983
32 0.00825711
33 0.042945
34 0.0384199
35 0.111384
36 0.0107302
37 0.0537649
38 0.0186446
39 0.0118896
40 0.0246769
41 0.0250314
42 0.0536675
0 0.399286
1 0.652764
2 0.34902
3 0.34902
4 0.34902
5 0.34902
6 0.25098
7 0.25098
8 0.25098
9 0.25098
10 0.25098
11 0.25098
12 0.25098
13 0.25098
14 0.14902
15 0.14902
16 0.846218
17 0.972978
18 0.285681
19 0.598876
20 0.426498
21 0.166208
22 0.279942
23 0.125359
24 0.0428863
25 0.0476834
26 0.0618401
27 0.0600112
28 0.0767425
29 0.0777431
30 0.0153505
31 0.0260547
32 0.00879567
33 0.0436369
34 0.0356678
35 0.111338
36 0.013339
37 0.0652114
38 0.0154278
39 0.0141634
40 0.0244459
41 0.0281867
42 0.0595773
0 0.627121
1 0.64393
2 0.34902
3 0.34902
4 0.34902
5 0.34902
6 0.25098
7 0.25098
8 0.25098
9 0.25098
10 0.25098
11 0.25098
12 0.25098
13 0.25098
14 0.14902
15 0.14902
16 0.845673
17 0.970734
18 0.27062
19 0.614092
20 0.425282
21 0.148678
22 0.265956
23 0.114718
24 0.0448638
25 0.0469526
26 0.0616219
27 0.0567819
28 0.0634692
29 0.0791047
30 0.012487
31 0.022148
32 0.00792288
33 0.0405239
34 0.0297692
35 0.107779
36 0.0119651
37 0.0576381
38 0.0131565
39 0.0162188
40 0.0193223
41 0.0282308
42 0.0560178
0 0.888207
1 0.634849
2 0.34902
3 0.34902
4 0.34902
5 0.34902
6 0.25098
7 0.25098
8 0.25098
9 0.25098
10 0.25098
11 0.25098
12 0.25098
13 0.25098
14 0.14902
15 0.14902
16 0.849359
17 0.97042
18 0.413125
19 0.617555
20 0.426766
21 0.175333
22 0.338015
23 0.113527
24 0.0447995
25 0.0469476
26 0.0620059
27 0.0570719
28 0.109597
29 0.0779469
30 0.0241722
31 0.049066
32 0.0179171
33 0.0702558
34 0.0432864
35 0.12696
36 0.0207353
37 0.0600279
38 0.0326368
39 0.0194352
40 0.0417287
41 0.0352286
42 0.0732753
0 0.0427125
1 0.626017
2 0.34902
3 0.34902
4 0.34902
5 0.34902
6 0.25098
7 0.25098
8 0.25098
9 0.25098
10 0.25098
11 0.25098
12 0.25098
13 0.25098
14 0.14902
15 0.14902
16 0.841856
17 0.971657
18 0.340762
19 0.586073
20 0.414368
21 0.134882
22 0.279275
23 0.111397
24 0.0419615
25 0.0449731
26 0.0581865
27 0.0553609
28 0.0968616
29 0.0795343
30 0.0211072
31 0.0405325
32 0.013636
33 0.0723643
34 0.0407849
35 0.120991
36 0.0180848
37 0.0633659
38 0.0263803
39 0.0178042
40 0.0378893
41 0.0327308
42 0.070104
0 0.268663
1 0.617404
2 0.34902
3 0.34902
4 0.34902
5 0.34902
6 0.25098
7 0.25098
8 0.25098
9 0.25098
10 0.25098
11 0.25098
12 0.25098
13 0.25098
14 0.14902
15 0.14902
16 0.840686
17 0.970007
18 0.348669
19 0.603024
20 0.415999
21 0.135711
22 0.293358
23 0.108719
24 0.0430101
25 0.045316
26 0.0589032
27 0.0546586
28 0.09283
29 0.0785212
30 0.0203556
31 0.0403341
32 0.0140547
33 0.0676694
34 0.0384465
35 0.118107
36 0.018127
37 0.0597014
38 0.0262543
39 0.0191389
40 0.0351666
41 0.0329204
42 0.0682203
0 0.285132
1 0.608141
2 0.34902
3 0.34902
4 0.34902
5 0.34902
6 0.25098
7 0.25098
8 0.25098
9 0.25098
10 0.25098
11 0.25098
12 0.25098
13 0.25098
14 0.14902
15 0.14902
16 0.843549
17 0.970247
18 0.361248
19 0.602151
20 0.41654
21 0.13747
22 0.298223
23 0.108459
24 0.0432268
25 0.0454642
26 0.0589906
27 0.0551559
28 0.0973836
29 0.0782609
30 0.0213304
31 0.0428679
32 0.0147956
33 0.0710271
34 0.0399425
35 0.118497
36 0.0187011
37 0.0604355
38 0.0280222
39 0.0190974
40 0.0378982
41 0.0334605
42 0.0681279
0 0.221095
1 0.598585
2 0.34902
3 0.34902
4 0.34902
5 0.34902
6 0.25098
7 0.25098
8 0.25098
9 0.25098
10 0.25098
11 0.25098
12 0.25098
13 0.25098
14 0.14902
15 0.14902
16 0.843339
17 0.970234
18 0.378509
19 0.599466
20 0.415632
21 0.135911
22 0.30441
23 0.108177
24 0.0431016
25 0.0454615
26 0.0588599
27 0.0550038
28 0.104864
29 0.0784356
30 0.0235777
31 0.0481865
32 0.0165642
33 0.0783662
34 0.0423822
35 0.120885
36 0.0203083
37 0.0616558
38 0.0320112
39 0.0196399
40 0.0427029
41 0.0345297
42 0.0709652
0 0.101877
1 0.590156
2 0.34902
3 0.34902
4 0.34902
5 0.34902
6 0.25098
7 0.25098
8 0.25098
9 0.25098
10 0.25098
11 0.25098
12 0.25098
13 0.25098
14 0.14902
15 0.14902
16 0.841738
17 0.970089
18 0.267574
19 0.595661
20 0.395918
21 0.108922
22 0.223955
23 0.107108
24 0.0463091
25 0.0446056
26 0.0582399
27 0.0552214
28 0.0634736
29 0.0787852
30 0.0125607
31 0.023372
32 0.00774282
33 0.0477967
34 0.0292802
35 0.10079
36 0.0119167
37 0.0574858
38 0.0138138
39 0.016522
40 0.0217697
41 0.0296393
42 0.056008
0 0.864512
1 0.581092
2 0.34902
3 0.34902
4 0.34902
5 0.270588
6 0.25098
7 0.25098
8 0.25098
9 0.25098
10 0.25098
11 0.25098
12 0.25098
13 0.165419
14 0.14902
15 0.146168
16 0.868473
17 0.970485
18 0.259916
19 0.643356
20 0.419589
21 0.137478
22 0.273182
23 0.119141
24 0.0443075
25 0.0460955
26 0.0590876
27 0.0489958
28 0.066729
29 0.0670456
30 0.0107272
31 0.023726
32 0.00792935
33 0.0427343
34 0.0273004
35 0.0961977
36 0.0125059
37 0.0608108
38 0.0150056
39 0.019392
40 0.0199739
41 0.0280034
42 0.0530459
0 0.842589
1 0.670792
2 0.34902
3 0.34902
4 0.330838
5 0.298752
6 0.25098
7 0.25098
8 0.25098
9 0.25098
10 0.25098
11 0.232442
12 0.16328
13 0.305882
14 0.14902
15 0.363993
16 0.93795
17 0.988923
18 0.177123
19 0.705648
20 0.796103
21 0.0946215
22 0.451163
23 0.0589852
24 0.0249789
25 0.0579459
26 0.0482051
27 0.0243296
28 0.0423525
29 0.0203965
30 0.00108257
31 0.00649576
32 0.00147841
33 0.00987104
34 0.00370121
35 0.0174822
36 0.00180734
37 0.0168983
38 0.00364048
39 0.00508206
40 0.0031
41 0.00394927
42 0.0103612
0 0.739659
1 0.763432
2 0.737255
3 0.737255
4 0.737255
5 0.737255
6 0.737255
7 0.737255
8 0.737255
9 0.737255
10 0.737255
11 0.737255
12 0.737255
13 0.737255
14 0.737255
15 0.737255
16 0.842592
17 0.974948
18 0.316515
19 0.59176
20 0.459814
21 0.29169
22 0.369425
23 0.100597
24 0.038658
25 0.029865
26 0.0408902
27 0.0450492
28 0.0671472
29 0.072149
30 0.00963215
31 0.0220072
32 0.00552344
33 0.0394967
34 0.0339548
35 0.111644
36 0.00758376
37 0.0493752
38 0.0144397
39 0.0107862
40 0.0189381
41 0.0227027
42 0.0471616
0 0.675535
1 0.754743
2 0.34902
3 0.34902
4 0.34902
5 0.303387
6 0.25098
7 0.25098
8 0.25098
9 0.25098
10 0.25098
11 0.25098
12 0.25098
13 0.195365
14 0.14902
15 0.144385
16 0.850917
17 0.974363
18 0.334162
19 0.578591
20 0.426015
21 0.177076
22 0.303793
23 0.128073
24 0.0424592
25 0.0455976
26 0.0585519
27 0.0520023
28 0.0980506
29 0.0745603
30 0.0193243
31 0.0353535
32 0.0119603
33 0.04978
34 0.0398503
35 0.125094
36 0.0165012
37 0.0683147
38 0.0207669
39 0.0157343
40 0.0315407
41 0.0306906
42 0.0665373
0 0.305517
1 0.746316
2 0.34902
3 0.34902
4 0.34902
5 0.319073
6 0.25098
7 0.25098
8 0.25098
9 0.25098
10 0.25098
11 0.25098
12 0.25098
13 0.226738
14 0.14902
15 0.152228
16 0.847992
17 0.973168
18 0.340797
19 0.57533
20 0.407857
21 0.146721
22 0.264605
23 0.113701
24 0.0460025
25 0.0427786
26 0.0555646
27 0.0481033
28 0.0915375
29 0.0790096
30 0.0183423
31 0.0358617
32 0.0123478
33 0.0599667
34 0.0375152
35 0.128139
36 0.0167232
37 0.0642529
38 0.0221691
39 0.0184628
40 0.0314614
41 0.0339133
42 0.072461
0 0.432158
1 0.737389
2 0.34902
3 0.34902
4 0.34902
5 0.274866
6 0.25098
7 0.25098
8 0.25098
9 0.25098
10 0.25098
11 0.25098
12 0.25098
13 0.173975
14 0.14902
15 0.148307
16 0.859283
17 0.972468
18 0.271211
19 0.598141
20 0.41217
21 0.126495
22 0.252449
23 0.118635
24 0.0435627
25 0.0433279
26 0.05565
27 0.0455864
28 0.0753668
29 0.0709305
30 0.0131748
31 0.0275556
32 0.00918652
33 0.0512185
34 0.030596
35 0.11151
36 0.013938
37 0.063514
38 0.0169859
39 0.0190719
40 0.0236319
41 0.0298316
42 0.0608672
0 0.706715
1 0.729405
2 0.34902
3 0.34902
4 0.34902
5 0.284848
6 0.25098
7 0.25098
8 0.25098
9 0.25098
10 0.25098
11 0.25098
12 0.190374
13 0.254545
14 0.14902
15 0.286631
16 0.8863
17 0.971786
18 0.32639
19 0.662908
20 0.443527
21 0.154966
22 0.367941
23 0.10237
24 0.0389808
25 0.0423795
26 0.0549324
27 0.0467454
28 0.0969451
29 0.0580199
30 0.0151692
31 0.0433822
32 0.0130128
33 0.065422
34 0.0363705
35 0.100751
36 0.0192539
37 0.0756796
38 0.0285055
39 0.0190396
40 0.0299318
41 0.0266548
42 0.0609226
0 0.241926
1 0.721335
2 0.34902
3 0.34902
4 0.317647
5 0.435294
6 0.25098
7 0.25098
8 0.25098
9 0.25098
10 0.25098
11 0.218182
12 0.305882
13 0.305882
14 0.14902
15 0.579679
16 0.900529
17 0.974811
18 0.215239
19 0.68127
20 0.456429
21 0.137565
22 0.310188
23 0.101082
24 0.0372995
25 0.040281
26 0.0509704
27 0.0465885
28 0.0686601
29 0.0504473
30 0.00782639
31 0.02457
32 0.00571205
33 0.0448309
34 0.0282086
35 0.0775935
36 0.0110768
37 0.08325
38 0.0124985
39 0.0131775
40 0.0158465
41 0.0186282
42 0.0428313
0 0.852179
1 0.713318
2 0.34902
3 0.34902
4 0.343672
5 0.407843
6 0.25098
7 0.25098
8 0.25098
9 0.25098
10 0.216043
11 0.305882
12 0.305882
13 0.305882
14 0.14902
15 0.793939
16 0.917982
17 0.975542
18 0.317474
19 0.724316
20 0.470824
21 0.183097
22 0.443316
23 0.104951
24 0.0421141
25 0.0459717
26 0.0557752
27 0.047065
28 0.0981757
29 0.0459552
30 0.0116386
31 0.0452362
32 0.0108169
33 0.0591323
34 0.035944
35 0.0778172
36 0.0148951
37 0.0799539
38 0.0225261
39 0.0147275
40 0.020771
41 0.0194768
42 0.0445292
0 0.188363
1 0.705362
2 0.34902
3 0.36328
4 0.427451
5 0.427451
6 0.25098
7 0.25098
8 0.25098
9 0.270945
10 0.305882
11 0.305882
12 0.305882
13 0.305882
14 0.22139
15 0.945098
16 0.890244
17 0.96505
18 0.310296
19 0.632517
20 0.308962
21 0.160013
22 0.341237
23 0.0793172
24 0.0589732
25 0.034989
26 0.0531878
27 0.0355603
28 0.14501
29 0.0928744
30 0.026122
31 0.0544309
32 0.0162378
33 0.0691864
34 0.0528235
35 0.115843
36 0.0218487
37 0.0850755
38 0.0675109
39 0.0324679
40 0.0872614
41 0.0441181
42 0.0947979
0 0.112884
1 0.697141
2 0.415686
3 0.248841
4 0.109804
5 0.109804
6 0.305882
7 0.305882
8 0.288057
9 0.109804
10 0.109804
11 0.109804
12 0.109804
13 0.109804
14 0.714438
15 0.109804
16 0.867318
17 0.965198
18 0.263149
19 0.614528
20 0.351942
21 0.142563
22 0.250845
23 0.102081
24 0.0416469
25 0.0452706
26 0.0497081
27 0.0455969
28 0.0851511
29 0.0863816
30 0.0306202
31 0.0559008
32 0.0206493
33 0.0780068
34 0.0599074
35 0.125225
36 0.0270485
37 0.0924513
38 0.0333922
39 0.0256225
40 0.051537
41 0.0375752
42 0.0781677
0 0.423492
1 0.689082
2 0.160784
3 0.160784
4 0.160784
5 0.272014
6 0.160784
7 0.160784
8 0.160784
9 0.160784
10 0.160784
11 0.160784
12 0.160784
13 0.26631
14 0.160784
15 0.303387
16 0.911084
17 0.976286
18 0.189629
19 0.703963
20 0.624573
21 0.0632614
22 0.338286
23 0.0710464
24 0.034228
25 0.0566225
26 0.0585085
27 0.0381794
28 0.0444522
29 0.0378729
30 0.00425165
31 0.0150226
32 0.00446829
33 0.0217824
34 0.0107435
35 0.0309294
36 0.00535713
37 0.0325306
38 0.00849368
39 0.0104869
40 0.00952427
41 0.0104721
42 0.0194622
0 0.648303
1 0.414995
2 0.501961
3 0.501961
4 0.501961
5 0.501961
6 0.501961
7 0.501961
8 0.501961
9 0.501961
10 0.501961
11 0.501961
12 0.501961
13 0.501961
14 0.501961
15 0.501961
16 0.862197
17 0.955474
18 0.279616
19 0.65275
20 0.391507
21 0.191303
22 0.31363
23 0.0930778
24 0.0513385
25 0.0398304
26 0.051119
27 0.0583907
28 0.0542795
29 0.0903495
30 0.0158333
31 0.0278269
32 0.0104616
33 0.050567
34 0.048202
35 0.100228
36 0.0124821
37 0.0657744
38 0.0199903
39 0.0182535
40 0.02847
41 0.0317415
42 0.0497258
0 0.866967
1 0.406307
2 0.164706
3 0.164706
4 0.164706
5 0.164706
6 0.164706
7 0.164706
8 0.164706
9 0.164706
10 0.164706
11 0.164706
12 0.164706
13 0.164706
14 0.164706
15 0.164706
16 0.878111
17 0.947062
18 0.231304
19 0.693233
20 0.337602
21 0.139957
22 0.271614
23 0.101424
24 0.0463866
25 0.0500437
26 0.0632098
27 0.067706
28 0.0727128
29 0.0910079
30 0.0290104
31 0.0467842
32 0.019896
33 0.0741795
34 0.0760643
35 0.116635
36 0.0290064
37 0.125026
38 0.0294765
39 0.0242232
40 0.041501
41 0.0361122
42 0.0640839
0 0.712558
1 0.398145
2 0.0705882
3 0.0705882
4 0.0705882
5 0.17754
6 0.0705882
7 0.0705882
8 0.0705882
9 0.0705882
10 0.0705882
11 0.0705882
12 0.211765
13 0.243137
14 0.0705882
15 0.478788
16 0.922901
17 0.953747
18 0.16787
19 0.77892
20 0.377609
21 0.0995288
22 0.339277
23 0.0912923
24 0.0527832
25 0.0639557
26 0.0597277
27 0.0552682
28 0.0520897
29 0.0651367
30 0.0147045
31 0.0378737
32 0.0134442
33 0.0524857
34 0.0478399
35 0.0608619
36 0.0145155
37 0.101945
38 0.0170617
39 0.0196439
40 0.0188434
41 0.021515
42 0.0381838
0 0.859146
1 0.390487
2 0.129412
3 0.193583
4 0.247059
5 0.247059
6 0.129412
7 0.129412
8 0.13975
9 0.243137
10 0.243137
11 0.243137
12 0.243137
13 0.243137
14 0.359358
15 0.972549
16 0.948064
17 0.953918
18 0.197043
19 0.819633
20 0.370082
21 0.125822
22 0.543165
23 0.0635889
24 0.0675309
25 0.0700245
26 0.0623429
27 0.0430143
28 0.0761889
29 0.0645949
30 0.0159466
31 0.0514674
32 0.0168003
33 0.0508674
34 0.0499847
35 0.0468626
36 0.0130763
37 0.0936147
38 0.0362864
39 0.02668
40 0.0291598
41 0.0198484
42 0.0359017
0 0.403747
1 0.382127
2 0.243137
3 0.243137
4 0.243137
5 0.243137
6 0.243137
7 0.243137
8 0.243137
9 0.243137
10 0.243137
11 0.243137
12 0.243137
13 0.243137
14 0.972549
15 0.972549
16 0.947043
17 0.961319
18 0.1943
19 0.813426
20 0.362049
21 0.138481
22 0.538601
23 0.0634568
24 0.0645125
25 0.0708556
26 0.0586168
27 0.0443245
28 0.078285
29 0.0636209
30 0.0155064
31 0.0535279
32 0.0129571
33 0.0497412
34 0.0556967
35 0.0419798
36 0.0121705
37 0.109134
38 0.0323329
39 0.0229431
40 0.029905
41 0.0191941
42 0.0322242
0 0.446059
1 0.373783
2 0.27451
3 0.27451
4 0.27451
5 0.27451
6 0.243137
7 0.243137
8 0.243137
9 0.243137
10 0.243137
11 0.243137
12 0.243137
13 0.243137
14 0.972549
15 0.972549
16 0.862896
17 0.966059
18 0.325259
19 0.637612
20 0.342506
21 0.193896
22 0.279206
23 0.0946717
24 0.060308
25 0.0504991
26 0.0663971
27 0.0850696
28 0.0946684
29 0.114256
30 0.0435459
31 0.0704473
32 0.0199784
33 0.0929783
34 0.0989556
35 0.136109
36 0.0267397
37 0.102216
38 0.0205545
39 0.0164881
40 0.0331399
41 0.033004
42 0.0451552
0 0.604352
1 0.365619
2 0.126916
3 0
4 0.34902
5 0.34902
6 0.182531
7 0
8 0
9 0
10 0.25098
11 0.25098
12 0.25098
13 0.25098
14 0.0270945
15 0.14902
16 0.848232
17 0.95724
18 0.326208
19 0.604352
20 0.425464
21 0.0952117
22 0.315207
23 0.119698
24 0.0422907
25 0.0885404
26 0.0665513
27 0.0759066
28 0.0764493
29 0.119059
30 0.0644671
31 0.0838483
32 0.0525093
33 0.107218
34 0.0902387
35 0.138005
36 0.0261502
37 0.076513
38 0.0300864
39 0.0223734
40 0.0506613
41 0.0391787
42 0.0611834
0 0.023331
1 0.357487
2 0
3 0.226738
4 0.34902
5 0.34902
6 0
7 0
8 0.145811
9 0.346168
10 0.25098
11 0.25098
12 0.25098
13 0.25098
14 0.0588235
15 0.14902
16 0.830571
17 0.95916
18 0.27863
19 0.604161
20 0.446726
21 0.0700485
22 0.311823
23 0.0906181
24 0.0326716
25 0.0656232
26 0.0798107
27 0.0689708
28 0.0674579
29 0.110018
30 0.0443014
31 0.0614085
32 0.0394419
33 0.100845
34 0.0803987
35 0.129399
36 0.019699
37 0.0619782
38 0.030967
39 0.0215066
40 0.0417287
41 0.0364628
42 0.0578342
0 0.228409
1 0.349798
2 0
3 0.290196
4 0.34902
5 0.34902
6 0
7 0
8 0.332264
9 0.25098
10 0.25098
11 0.25098
12 0.25098
13 0.25098
14 0.0723708
15 0.14902
16 0.840823
17 0.959355
18 0.219256
19 0.620965
20 0.435336
21 0.0694634
22 0.275117
23 0.0967714
24 0.0347298
25 0.0577073
26 0.0653365
27 0.0599021
28 0.0439738
29 0.102181
30 0.0208346
31 0.029946
32 0.0156228
33 0.0562342
34 0.0517323
35 0.107206
36 0.0112873
37 0.0590893
38 0.0138194
39 0.0181708
40 0.0202658
41 0.0290504
42 0.0408007
0 0.937123
1 0.341985
2 0.0951872
3 0.34902
4 0.34902
5 0.34902
6 0
7 0.136898
8 0.25098
9 0.25098
10 0.25098
11 0.25098
12 0.25098
13 0.25098
14 0.0948307
15 0.14902
16 0.870897
17 0.964314
18 0.276763
19 0.642331
20 0.47222
21 0.0881903
22 0.278872
23 0.100473
24 0.0412874
25 0.0520433
26 0.058697
27 0.0530584
28 0.0468151
29 0.0776441
30 0.0130183
31 0.0227009
32 0.0111508
33 0.0400862
34 0.0374364
35 0.0928051
36 0.0110276
37 0.056473
38 0.0132037
39 0.0187556
40 0.0190289
41 0.0289695
42 0.0384304
0 0.951251
1 0.334383
2 0.195009
3 0.34902
4 0.34902
5 0.34902
6 0.0684492
7 0.377897
8 0.25098
9 0.25098
10 0.25098
11 0.25098
12 0.25098
13 0.25098
14 0.12656
15 0.14902
16 0.873355
17 0.96527
18 0.367937
19 0.628107
20 0.449579
21 0.109339
22 0.328063
23 0.104317
24 0.0502985
25 0.0471868
26 0.0572511
27 0.0560498
28 0.0734874
29 0.0728074
30 0.0179657
31 0.0371239
32 0.0152619
33 0.0648701
34 0.0397644
35 0.0932057
36 0.0160625
37 0.0583194
38 0.0259726
39 0.0202653
40 0.0342198
41 0.0327879
42 0.0480241
0 0.316557
1 0.326405
2 0.258467
3 0.34902
4 0.34902
5 0.34902
6 0.254902
7 0.282709
8 0.25098
9 0.25098
10 0.25098
11 0.25098
12 0.25098
13 0.25098
14 0.140107
15 0.14902
16 0.868767
17 0.966232
18 0.276101
19 0.609043
20 0.442892
21 0.0855575
22 0.265261
23 0.104823
24 0.0497992
25 0.049035
26 0.0557117
27 0.0557195
28 0.0538873
29 0.0739131
30 0.0124955
31 0.023487
32 0.00926671
33 0.0523716
34 0.0325709
35 0.0829798
36 0.0120488
37 0.060207
38 0.0153315
39 0.0182605
40 0.0232466
41 0.0290002
42 0.0418263
0 0.834329
1 0.318276
2 0.258467
3 0.34902
4 0.34902
5 0.34902
6 0.254902
7 0.282709
8 0.25098
9 0.25098
10 0.25098
11 0.25098
12 0.25098
13 0.25098
14 0.140107
15 0.14902
16 0.866525
17 0.964095
18 0.313481
19 0.636674
20 0.427051
21 0.0916634
22 0.313329
23 0.103799
24 0.0506915
25 0.050749
26 0.0666018
27 0.0573898
28 0.0667638
29 0.0756236
30 0.0146108
31 0.0304104
32 0.0111147
33 0.0574409
34 0.0323336
35 0.0878403
36 0.0143429
37 0.058235
38 0.0200622
39 0.0207716
40 0.0269547
41 0.0315002
42 0.0448646
0 0.586721
1 0.310271
2 0.34902
3 0.34902
4 0.34902
5 0.34902
6 0.25098
7 0.25098
8 0.25098
9 0.25098
10 0.25098
11 0.25098
12 0.25098
13 0.25098
14 0.14902
15 0.14902
16 0.867716
17 0.965151
18 0.263929
19 0.630029
20 0.423217
21 0.0810621
22 0.27662
23 0.101872
24 0.050384
25 0.0507834
26 0.0651264
27 0.0575443
28 0.0566827
29 0.0770562
30 0.0118382
31 0.0235744
32 0.00811679
33 0.0500201
34 0.0292527
35 0.0819893
36 0.0118984
37 0.060172
38 0.0145985
39 0.0193343
40 0.0218688
41 0.0298727
42 0.0404353
0 0.90982
1 0.302231
2 0.34902
3 0.34902
4 0.34902
5 0.34902
6 0.25098
7 0.25098
8 0.25098
9 0.25098
10 0.25098
11 0.25098
12 0.25098
13 0.25098
14 0.14902
15 0.14902
16 0.86944
17 0.964312
18 0.274897
19 0.640573
20 0.426216
21 0.0847766
22 0.292049
23 0.102623
24 0.0513131
25 0.0516408
26 0.0673141
27 0.0578787
28 0.0566507
29 0.07646
30 0.0120651
31 0.0240313
32 0.00865742
33 0.0483004
34 0.0287972
35 0.08242
36 0.0122055
37 0.05847
38 0.0149575
39 0.0203942
40 0.0215061
41 0.0305116
42 0.0404153
0 0.885183
1 0.294073
2 0.34902
3 0.34902
4 0.34902
5 0.34902
6 0.25098
7 0.25098
8 0.25098
9 0.25098
10 0.25098
11 0.25098
12 0.25098
13 0.25098
14 0.14902
15 0.14902
16 0.870227
17 0.964476
18 0.271372
19 0.638852
20 0.426167
21 0.0837475
22 0.290154
23 0.102392
24 0.0514093
25 0.0516653
26 0.0670144
27 0.0579426
28 0.0564281
29 0.0766717
30 0.0119606
31 0.0236446
32 0.00843779
33 0.0487217
34 0.0290656
35 0.0821597
36 0.012081
37 0.059467
38 0.0147545
39 0.0202216
40 0.0215219
41 0.0306657
42 0.0401356
0 0.910904
1 0.285861
2 0.34902
3 0.34902
4 0.34902
5 0.34902
6 0.25098
7 0.25098
8 0.25098
9 0.25098
10 0.25098
11 0.25098
12 0.25098
13 0.25098
14 0.14902
15 0.14902
16 0.873453
17 0.964204
18 0.391828
19 0.639995
20 0.426076
21 0.0958898
22 0.348379
23 0.102224
24 0.0515348
25 0.0518176
26 0.067165
27 0.0578169
28 0.0925397
29 0.0766025
30 0.0218643
31 0.0490579
32 0.0174816
33 0.0796331
34 0.0415101
35 0.0938744
36 0.0199683
37 0.0628359
38 0.033661
39 0.0232012
40 0.0434806
41 0.0366877
42 0.0518964
0 0.12272
1 0.277763
2 0.34902
3 0.34902
4 0.34902
5 0.34902
6 0.25098
7 0.25098
8 0.25098
9 0.25098
10 0.25098
11 0.25098
12 0.25098
13 0.25098
14 0.14902
15 0.14902
16 0.86595
17 0.964716
18 0.267005
19 0.614689
20 0.414093
21 0.0660682
22 0.266637
23 0.0986886
24 0.048752
25 0.0501157
26 0.0626139
27 0.0556821
28 0.0634043
29 0.0779803
30 0.0139745
31 0.0283391
32 0.00926475
33 0.0640737
34 0.0323974
35 0.0837137
36 0.0136068
37 0.0636586
38 0.0183
39 0.0202955
40 0.0276918
41 0.0315238
42 0.0439549
0 0.755437
1 0.269725
2 0.34902
3 0.34902
4 0.34902
5 0.34902
6 0.25098
7 0.25098
8 0.25098
9 0.25098
10 0.25098
11 0.25098
12 0.25098
13 0.25098
14 0.14902
15 0.14902
16 0.869763
17 0.96294
18 0.32375
19 0.642095
20 0.421825
21 0.0791534
22 0.316941
23 0.0997174
24 0.0509394
25 0.0515351
26 0.0666537
27 0.0565063
28 0.0711156
29 0.0760847
30 0.0164411
31 0.0349085
32 0.0125786
33 0.0641623
34 0.0337817
35 0.0860423
36 0.0160122
37 0.0597202
38 0.0231203
39 0.0230472
40 0.0307829
41 0.0338889
42 0.04576
0 0.504322
1 0.262477
2 0.34902
3 0.34902
4 0.34902
5 0.34902
6 0.25098
7 0.25098
8 0.25098
9 0.25098
10 0.25098
11 0.25098
12 0.25098
13 0.25098
14 0.14902
15 0.14902
16 0.87273
17 0.963911
18 0.374948
19 0.630641
20 0.419816
21 0.0811309
22 0.330088
23 0.0988403
24 0.0503881
25 0.0511502
26 0.0647686
27 0.056341
28 0.0916973
29 0.0768113
30 0.021826
31 0.049232
32 0.0167764
33 0.0860357
34 0.0417104
35 0.0913557
36 0.0199201
37 0.06403
38 0.0340704
39 0.0232034
40 0.0453951
41 0.0365779
42 0.0514954
0 0.142388
1 0.25526
2 0.34902
3 0.34902
4 0.34902
5 0.34902
6 0.25098
7 0.25098
8 0.25098
9 0.25098
10 0.25098
11 0.25098
12 0.25098
13 0.25098
14 0.14902
15 0.14902
16 0.868465
17 0.963641
18 0.326068
19 0.619639
20 0.412672
21 0.0663464
22 0.297278
23 0.0969514
24 0.0488121
25 0.0502559
26 0.062745
27 0.0549773
28 0.0807241
29 0.0773837
30 0.0191186
31 0.0418165
32 0.0137808
33 0.0826112
34 0.0381576
35 0.0877972
36 0.0178206
37 0.0641093
38 0.0285114
39 0.0226169
40 0.0397819
41 0.0347599
42 0.0494442
0 0.33835
1 0.248064
2 0.34902
3 0.34902
4 0.34902
5 0.34902
6 0.25098
7 0.25098
8 0.25098
9 0.25098
10 0.25098
11 0.25098
12 0.25098
13 0.25098
14 0.14902
15 0.14902
16 0.868535
17 0.962761
18 0.279709
19 0.630888
20 0.414883
21 0.0633697
22 0.284153
23 0.0967424
24 0.0495813
25 0.0506978
26 0.064114
27 0.0552454
28 0.0626729
29 0.0765412
30 0.014263
31 0.0296216
32 0.0101273
33 0.0622386
34 0.0312843
35 0.0809339
36 0.0141483
37 0.0602754
38 0.0193013
39 0.0220877
40 0.0274912
41 0.0321606
42 0.0427563
0 0.7011
1 0.240877
2 0.34902
3 0.34902
4 0.34902
5 0.34902
6 0.25098
7 0.25098
8 0.25098
9 0.25098
10 0.25098
11 0.25098
12 0.25098
13 0.25098
14 0.14902
15 0.14902
16 0.878921
17 0.962163
18 0.351932
19 0.654194
20 0.39062
21 0.0740881
22 0.298572
23 0.09814
24 0.0601106
25 0.0512709
26 0.066281
27 0.0594033
28 0.0734576
29 0.0719977
30 0.0157595
31 0.035763
32 0.012226
33 0.0668157
34 0.0342763
35 0.0800786
36 0.0161008
37 0.0629429
38 0.0238231
39 0.0229297
40 0.0325667
41 0.0377675
42 0.0496576
0 0.483198
1 0.233663
2 0.34902
3 0.34902
4 0.34902
5 0.240642
6 0.25098
7 0.25098
8 0.25098
9 0.25098
10 0.25098
11 0.25098
12 0.25098
13 0.102674
14 0.14902
15 0.228877
16 0.88703
17 0.962626
18 0.266641
19 0.652964
20 0.393408
21 0.0630657
22 0.237587
23 0.121499
24 0.0594418
25 0.0542427
26 0.0672844
27 0.0511531
28 0.0639715
29 0.0688661
30 0.0121311
31 0.0271601
32 0.00902329
33 0.0609385
34 0.0299632
35 0.0738246
36 0.0136512
37 0.0668207
38 0.0188256
39 0.0257139
40 0.0282471
41 0.0366533
42 0.0447372
0 0.809248
1 0.2263
2 0.34902
3 0.34902
4 0.34902
5 0.113725
6 0.25098
7 0.25098
8 0.25098
9 0.25098
10 0.25098
11 0.25098
12 0.0841355
13 0.248128
14 0.14902
15 0.314795
16 0.891503
17 0.960673
18 0.2426
19 0.674687
20 0.416765
21 0.0684772
22 0.2663
23 0.128082
24 0.0551199
25 0.0538995
26 0.0697886
27 0.0469485
28 0.0574661
29 0.067809
30 0.0113948
31 0.026007
32 0.00934998
33 0.0548772
34 0.027975
35 0.0722504
36 0.0139917
37 0.0657268
38 0.0197217
39 0.0291309
40 0.0263925
41 0.0348575
42 0.0410294
0 0.855586
1 0.219167
2 0.34902
3 0.34902
4 0.324064
5 0.164349
6 0.25098
7 0.25098
8 0.25098
9 0.25098
10 0.25098
11 0.213904
12 0.0470588
13 0.392157
14 0.14902
15 0.337255
16 0.891444
17 0.959256
18 0.258935
19 0.67742
20 0.407168
21 0.0755072
22 0.286067
23 0.121043
24 0.0539541
25 0.0499025
26 0.0655738
27 0.046327
28 0.059744
29 0.0688507
30 0.0124753
31 0.0291163
32 0.0102231
33 0.0573083
34 0.0305124
35 0.0709714
36 0.0157862
37 0.0694369
38 0.0253718
39 0.0301085
40 0.0331094
41 0.0381053
42 0.0441287
0 0.7284
1 0.211948
2 0.34902
3 0.34902
4 0.273084
5 0.195365
6 0.25098
7 0.25098
8 0.25098
9 0.25098
10 0.25098
11 0.13975
12 0.0655971
13 0.377897
14 0.14902
15 0.310517
16 0.890921
17 0.957386
18 0.201924
19 0.676532
20 0.471064
21 0.0725852
22 0.290147
23 0.087239
24 0.0322522
25 0.0482453
26 0.0616534
27 0.039718
28 0.057824
29 0.0683781
30 0.0125761
31 0.0291497
32 0.0100043
33 0.0574172
34 0.0307436
35 0.0690716
36 0.0180316
37 0.0796176
38 0.0273482
39 0.0272719
40 0.0327298
41 0.0272938
42 0.0351392
0 0.731677
1 0.204784
2 0.34902
3 0.34902
4 0.201783
5 0.258111
6 0.25098
7 0.25098
8 0.25098
9 0.25098
10 0.195365
11 0.0470588
12 0.3041
13 0.6
14 0.14902
15 0.306595
16 0.889878
17 0.956938
18 0.262072
19 0.68502
20 0.461582
21 0.0830831
22 0.332166
23 0.0967723
24 0.0329675
25 0.0445638
26 0.0595766
27 0.0368468
28 0.0789553
29 0.0664463
30 0.018076
31 0.046995
32 0.0148016
33 0.0715375
34 0.0380299
35 0.070308
36 0.0212187
37 0.0710241
38 0.0444018
39 0.0284318
40 0.0480568
41 0.0300354
42 0.0383831
0 0.135246
1 0.197553
2 0.34902
3 0.34902
4 0.238503
5 0.2
6 0.25098
7 0.25098
8 0.25098
9 0.25098
10 0.25098
11 0.0655971
12 0.204278
13 0.6
14 0.14902
15 0.301604
16 0.88509
17 0.956912
18 0.200509
19 0.67102
20 0.5075
21 0.0654288
22 0.264928
23 0.0841723
24 0.0301638
25 0.044221
26 0.0572416
27 0.0347585
28 0.05047
29 0.0680109
30 0.0116414
31 0.0271154
32 0.00820101
33 0.0531394
34 0.0296146
35 0.0580827
36 0.0109396
37 0.054343
38 0.0175472
39 0.0166272
40 0.0216252
41 0.018155
42 0.0266143
0 0.77494
1 0.190186
2 0.34902
3 0.34902
4 0.22852
5 0.174332
6 0.25098
7 0.25098
8 0.25098
9 0.25098
10 0.346168
11 0.298396
12 0.298396
13 0.6
14 0.14902
15 0.28057
16 0.88433
17 0.957221
18 0.266567
19 0.679022
20 0.437236
21 0.0723083
22 0.281203
23 0.115294
24 0.0565946
25 0.0452916
26 0.0625878
27 0.0488598
28 0.0489353
29 0.0668293
30 0.00962506
31 0.0210173
32 0.00702713
33 0.0432512
34 0.0254837
35 0.0654044
36 0.00803249
37 0.0468321
38 0.011902
39 0.0174558
40 0.018555
41 0.0255535
42 0.0344271
0 0.950673
1 0.182924
2 0.34902
3 0.34902
4 0.294831
5 0.127986
6 0.25098
7 0.25098
8 0.25098
9 0.25098
10 0.25098
11 0.504813
12 0.0841355
13 0.248128
14 0.14902
15 0.265597
16 0.892371
17 0.957891
18 0.310223
19 0.67673
20 0.43386
21 0.0728207
22 0.273843
23 0.111595
24 0.062236
25 0.0506491
26 0.0651055
27 0.0484539
28 0.0484573
29 0.066955
30 0.0105891
31 0.0234024
32 0.00822015
33 0.0521816
34 0.0282773
35 0.0557828
36 0.00897319
37 0.0450682
38 0.0142557
39 0.0171975
40 0.0185566
41 0.0270802
42 0.0361953
0 0.9245
1 0.175651
2 0.34902
3 0.34902
4 0.267736
5 0.127986
6 0.25098
7 0.25098
8 0.25098
9 0.25098
10 0.473084
11 0.409626
12 0.134403
13 0.197861
14 0.14902
15 0.318717
16 0.894756
17 0.958133
18 0.425081
19 0.663822
20 0.433655
21 0.077716
22 0.318021
23 0.102613
24 0.0579372
25 0.0520261
26 0.0665335
27 0.0478494
28 0.072308
29 0.0680809
30 0.0189233
31 0.0463142
32 0.0165009
33 0.0867693
34 0.0391872
35 0.0587814
36 0.0146539
37 0.0441392
38 0.0333198
39 0.0189762
40 0.0341641
41 0.0309076
42 0.0434834
0 0.168411
1 0.1684
2 0.34902
3 0.34902
4 0.267736
5 0.159358
6 0.25098
7 0.25098
8 0.25098
9 0.25098
10 0.6
11 0.282709
12 0.208556
13 0.197861
14 0.14902
15 0.2959
16 0.889004
17 0.958809
18 0.27864
19 0.648117
20 0.443416
21 0.0536773
22 0.246055
23 0.0794405
24 0.0584647
25 0.0716367
26 0.0494924
27 0.0579187
28 0.0437968
29 0.0625999
30 0.00995644
31 0.0239106
32 0.0081981
33 0.0566308
34 0.0233425
35 0.0496617
36 0.00974778
37 0.0526298
38 0.0137928
39 0.0158439
40 0.0240392
41 0.0293086
42 0.0375347
0 0.740508
1 0.16103
2 0.34902
3 0.294831
4 0.308378
5 0.117291
6 0.25098
7 0.25098
8 0.25098
9 0.504813
10 0.377897
11 0.314438
12 0.348663
13 0.0470588
14 0.158289
15 0.33262
16 0.888405
17 0.961023
18 0.25105
19 0.661054
20 0.619157
21 0.0634099
22 0.318982
23 0.0503267
24 0.0262535
25 0.0865678
26 0.0628549
27 0.0519873
28 0.0574043
29 0.0580794
30 0.0127463
31 0.032516
32 0.0136794
33 0.053144
34 0.0222804
35 0.0522225
36 0.0130255
37 0.0440981
38 0.0202482
39 0.0156078
40 0.0312321
41 0.0206607
42 0.0277385
0 0.0985282
1 0.153769
2 0.34902
3 0.240642
4 0.335472
5 0.177184
6 0.25098
7 0.25098
8 0.409626
9 0.6
10 0.25098
11 0.314438
12 0.6
13 0.39893
14 0.167558
15 0.211052
16 0.87631
17 0.95446
18 0.278479
19 0.657076
20 0.542762
21 0.0805369
22 0.366666
23 0.0707385
24 0.0285198
25 0.0476647
26 0.0527332
27 0.0393694
28 0.0503899
29 0.0703253
30 0.014901
31 0.0358128
32 0.0108189
33 0.0642695
34 0.0331004
35 0.0505931
36 0.00924879
37 0.0360383
38 0.0231949
39 0.0126504
40 0.0227372
41 0.0171132
42 0.0249882
0 0.243364
1 0.14634
2 0.34902
3 0.321925
4 0.267736
5 0.267736
6 0.25098
7 0.25098
8 0.25098
9 0.377897
10 0.6
11 0.282709
12 0.409626
13 0.473084
14 0.153654
15 0.176827
16 0.876461
17 0.955854
18 0.31666
19 0.654579
20 0.517746
21 0.0738649
22 0.350434
23 0.0835142
24 0.0341705
25 0.0432191
26 0.0562379
27 0.0397354
28 0.0582485
29 0.0704108
30 0.0158753
31 0.036732
32 0.0109926
33 0.0682146
34 0.0372526
35 0.0514249
36 0.00949793
37 0.0366886
38 0.0222672
39 0.0124087
40 0.0231847
41 0.0172051
42 0.0264793
0 0.328308
1 0.139031
2 0.34902
3 0.34902
4 0.240642
5 0.294831
6 0.25098
7 0.25098
8 0.25098
9 0.25098
10 0.6
11 0.409626
12 0.282709
13 0.473084
14 0.14902
15 0.176827
16 0.876463
17 0.955874
18 0.297569
19 0.646564
20 0.504143
21 0.0641192
22 0.323431
23 0.0872024
24 0.0407757
25 0.0447402
26 0.0569329
27 0.0457159
28 0.0517648
29 0.0715744
30 0.0128659
31 0.0278468
32 0.00873538
33 0.0613334
34 0.0320881
35 0.0555074
36 0.00801813
37 0.0383262
38 0.015314
39 0.0123421
40 0.019868
41 0.0178686
42 0.0283158
0 0.659536
1 0.131774
2 0.34902
3 0.34902
4 0.240642
5 0.321925
6 0.25098
7 0.25098
8 0.25098
9 0.25098
10 0.473084
11 0.536542
12 0.25098
13 0.377897
14 0.14902
15 0.172193
16 0.878509
17 0.954858
18 0.353782
19 0.651406
20 0.499079
21 0.0671382
22 0.339073
23 0.0810749
24 0.0451535
25 0.0452975
26 0.0582188
27 0.0506608
28 0.054652
29 0.0720157
30 0.014118
31 0.030775
32 0.0101432
33 0.0655702
34 0.0334839
35 0.0567933
36 0.00832941
37 0.0367082
38 0.016016
39 0.0116138
40 0.0207484
41 0.0185829
42 0.0314365
0 0.558262
1 0.124696
2 0.34902
3 0.34902
4 0.227094
5 0.335472
6 0.25098
7 0.25098
8 0.25098
9 0.25098
10 0.473084
11 0.6
12 0.314438
13 0.25098
14 0.14902
15 0.172193
16 0.879898
17 0.955133
18 0.388015
19 0.640197
20 0.498067
21 0.0649187
22 0.342446
23 0.0808492
24 0.0444301
25 0.0461589
26 0.0578239
27 0.0510705
28 0.0658307
29 0.0723711
30 0.0172009
31 0.03865
32 0.0125104
33 0.0819461
34 0.0380003
35 0.0598479
36 0.00978344
37 0.0382433
38 0.0210231
39 0.0120494
40 0.0272589
41 0.0197132
42 0.0346477
0 0.314303
1 0.117486
2 0.34902
3 0.34902
4 0.227094
5 0.335472
6 0.25098
7 0.25098
8 0.25098
9 0.25098
10 0.473084
11 0.6
12 0.314438
13 0.25098
14 0.14902
15 0.172193
16 0.878068
17 0.954126
18 0.366059
19 0.634752
20 0.535605
21 0.0573056
22 0.315456
23 0.0571705
24 0.0342787
25 0.0456379
26 0.0567908
27 0.049185
28 0.0633582
29 0.0723376
30 0.0168322
31 0.0378413
32 0.0120227
33 0.0851605
34 0.0372439
35 0.0593429
36 0.00968241
37 0.0386657
38 0.0184206
39 0.00941979
40 0.022023
41 0.0147759
42 0.0298176
0 0.34991
1 0.110316
2 0.34902
3 0.34902
4 0.227094
5 0.281283
6 0.25098
7 0.25098
8 0.25098
9 0.25098
10 0.473084
11 0.6
12 0.568271
13 0.25098
14 0.14902
15 0.181462
16 0.877572
17 0.952875
18 0.275566
19 0.640051
20 0.609209
21 0.0560246
22 0.310572
23 0.05506
24 0.0211292
25 0.0451006
26 0.0571846
27 0.0380576
28 0.0695691
29 0.0705466
30 0.0167345
31 0.0379933
32 0.0119535
33 0.0834978
34 0.0360029
35 0.0663256
36 0.0102377
37 0.0419606
38 0.0187215
39 0.0100196
40 0.0208958
41 0.0107538
42 0.0223472
0 0.284837
1 0.103071
2 0.34902
3 0.34902
4 0.254189
5 0.2
6 0.25098
7 0.25098
8 0.25098
9 0.25098
10 0.346168
11 0.6
12 0.6
13 0.6
14 0.14902
15 0.190731
16 0.871794
17 0.954807
18 0.177571
19 0.651998
20 0.525702
21 0.0554965
22 0.315161
23 0.0730919
24 0.0261281
25 0.0433312
26 0.058001
27 0.0409048
28 0.0509959
29 0.0708733
30 0.0107997
31 0.0229356
32 0.00694354
33 0.0539927
34 0.02776
35 0.067911
36 0.0102126
37 0.0532604
38 0.0155786
39 0.0167342
40 0.0173031
41 0.016605
42 0.0223127
0 0.781449
1 0.0959143
2 0.34902
3 0.34902
4 0.34902
5 0.240642
6 0.25098
7 0.25098
8 0.25098
9 0.25098
10 0.25098
11 0.25098
12 0.409626
13 0.6
14 0.14902
15 0.167558
16 0.878025
17 0.957079
18 0.258774
19 0.669661
20 0.42802
21 0.0658894
22 0.349571
23 0.0912758
24 0.051161
25 0.0468192
26 0.0622824
27 0.0583449
28 0.0499962
29 0.0719736
30 0.0112945
31 0.0238002
32 0.00755664
33 0.0467255
34 0.028811
35 0.0652197
36 0.0111728
37 0.0561992
38 0.0157774
39 0.0208374
40 0.0213891
41 0.029659
42 0.0321097
0 0.830961
1 0.0889467
2 0.34902
3 0.34902
4 0.34902
5 0.34902
6 0.25098
7 0.25098
8 0.25098
9 0.25098
10 0.25098
11 0.25098
12 0.25098
13 0.25098
14 0.14902
15 0.14902
16 0.887946
17 0.959711
18 0.402724
19 0.65324
20 0.425995
21 0.0730989
22 0.37525
23 0.0942056
24 0.0558528
25 0.0550089
26 0.0664676
27 0.0618275
28 0.0926085
29 0.0745762
30 0.0235947
31 0.0559471
32 0.0181696
33 0.0900042
34 0.0461224
35 0.0775792
36 0.0219369
37 0.0677985
38 0.0394497
39 0.0254019
40 0.0526658
41 0.0394193
42 0.0456226
0 0.00901585
1 0.082036
2 0.34902
3 0.34902
4 0.34902
5 0.34902
6 0.25098
7 0.25098
8 0.25098
9 0.25098
10 0.25098
11 0.25098
12 0.25098
13 0.25098
14 0.14902
15 0.14902
16 0.913731
17 0.974213
18 0.288704
19 0.703838
20 0.525389
21 0.0452759
22 0.394501
23 0.078409
24 0.0667438
25 0.0724138
26 0.0788019
27 0.0845225
28 0.0585449
29 0.0477046
30 0.00794838
31 0.0247724
32 0.00606066
33 0.0652823
34 0.0298864
35 0.0601732
36 0.00522242
37 0.0467929
38 0.00344254
39 0.00602992
40 0.00429685
41 0.0103182
42 0.0186011
0 0.964783
1 0.176673
2 0.34902
3 0.34902
4 0.76328
5 0.543672
6 0.25098
7 0.25098
8 0.25098
9 0.25098
10 0.455258
11 1
12 0.545455
13 0
14 0.14902
15 0.845276
16 0.933705
17 0.943373
18 0.235659
19 0.790658
20 0.134926
21 0.0972217
22 0.714047
23 0.0928942
24 0.169168
25 0.055542
26 0.0760585
27 0.0664188
28 0.190831
29 0.103783
30 0.0337409
31 0.111917
32 0.018977
33 0.170138
34 0.0955286
35 0.103048
36 0.0343342
37 0.244662
38 0.116628
39 0.0849016
40 0.0702281
41 0.0603843
42 0.0856852
0 0.163596
1 0.274444
2 0.477005
3 0.360784
4 0.360784
5 0.360784
6 0.363636
7 0
8 0
9 0
10 0
11 0
12 0
13 0
14 1
15 1
16 0.908453
17 0.970933
18 0.215762
19 0.685331
20 0.345415
21 0.052147
22 0.146991
23 0.0979612
24 0.0578487
25 0.0584718
26 0.0416195
27 0.0388326
28 0.0788547
29 0.0644877
30 0.0182317
31 0.0559628
32 0.00961602
33 0.0766753
34 0.0510547
35 0.0524924
36 0.0248574
37 0.134581
38 0.0249906
39 0.027802
40 0.0494653
41 0.0487991
42 0.0517971
0 0.70792
1 0.265797
2 0.34902
3 0.34902
4 0.34902
5 0.0445633
6 0.25098
7 0.25098
8 0.25098
9 0.25098
10 0.25098
11 0.25098
12 0.157932
13 0.157219
14 0.14902
15 0.515152
16 0.897561
17 0.961843
18 0.27537
19 0.629508
20 0.420556
21 0.0521005
22 0.286083
23 0.102775
24 0.0529611
25 0.0549369
26 0.0705081
27 0.0502608
28 0.0592054
29 0.0727986
30 0.0159328
31 0.0322438
32 0.0134543
33 0.0610041
34 0.027084
35 0.0874594
36 0.016467
37 0.05462
38 0.0212629
39 0.0301587
40 0.0297446
41 0.0362616
42 0.043251
0 0.644968
1 0.257006
2 0.34902
3 0.34902
4 0.34902
5 0.34902
6 0.25098
7 0.25098
8 0.25098
9 0.25098
10 0.25098
11 0.25098
12 0.25098
13 0.25098
14 0.14902
15 0.14902
16 0.89715
17 0.95978
18 0.280132
19 0.655105
20 0.475767
21 0.0634843
22 0.275505
23 0.0782295
24 0.0376077
25 0.0510697
26 0.0605824
27 0.038136
28 0.0818779
29 0.065067
30 0.015969
31 0.0400092
32 0.013179
33 0.0786791
34 0.0365214
35 0.0780444
36 0.0182187
37 0.0710882
38 0.0270525
39 0.0227982
40 0.029889
41 0.0264944
42 0.0376427
0 0.383233
1 0.250259
2 0.34902
3 0.34902
4 0.344385
5 0.0278075
6 0.25098
7 0.25098
8 0.25098
9 0.25098
10 0.25098
11 0.259537
12 0.394296
13 0.382888
14 0.14902
15 0.362567
16 0.900711
17 0.963287
18 0.300475
19 0.656842
20 0.548753
21 0.0623318
22 0.407936
23 0.0528145
24 0.0261408
25 0.0492513
26 0.0605871
27 0.0478584
28 0.0895708
29 0.0621016
30 0.0191148
31 0.0517534
32 0.0157809
33 0.0912381
34 0.0386933
35 0.0822565
36 0.017789
37 0.0624673
38 0.0254709
39 0.0142542
40 0.0249963
41 0.0159745
42 0.0291449
0 0.0350516
1 0.243421
2 0.34902
3 0.34902
4 0.40107
5 0.439572
6 0.25098
7 0.25098
8 0.25098
9 0.25098
10 0.25098
11 0.372906
12 0.709447
13 0.396435
14 0.14902
15 0.388592
16 0.901842
17 0.961785
18 0.27448
19 0.683365
20 0.478097
21 0.0585431
22 0.415196
23 0.0453434
24 0.0325033
25 0.0393417
26 0.0472262
27 0.0581169
28 0.0690801
29 0.0545052
30 0.011532
31 0.0345885
32 0.00779826
33 0.0708732
34 0.0352774
35 0.0589987
36 0.0124702
37 0.0745613
38 0.0182944
39 0.0115675
40 0.0205135
41 0.0177797
42 0.0326284
0 0.474144
1 0.231832
2 0.34902
3 0.34902
4 0.320856
5 0.494118
6 0.25098
7 0.25098
8 0.25098
9 0.25098
10 0.25098
11 0.34082
12 0.708734
13 0.0755793
14 0.14902
15 0.576114
16 0.911341
17 0.961219
18 0.233497
19 0.703167
20 0.528314
21 0.0630247
22 0.366889
23 0.0488598
24 0.0305544
25 0.0418031
26 0.0473217
27 0.0494734
28 0.055863
29 0.0503935
30 0.00849534
31 0.0249861
32 0.00570103
33 0.0529742
34 0.03024
35 0.0482797
36 0.00874768
37 0.0692878
38 0.0109506
39 0.00976147
40 0.0144624
41 0.013387
42 0.0250704
0 0.858838
1 0.220289
2 0.34902
3 0.34902
4 0.253832
5 0.388592
6 0.25098
7 0.25098
8 0.25098
9 0.25098
10 0.25098
11 0.520499
12 0.641355
13 0.20713
14 0.14902
15 0.655258
16 0.911704
17 0.963825
18 0.311806
19 0.691413
20 0.529069
21 0.0828579
22 0.523354
23 0.0617386
24 0.0293029
25 0.0438679
26 0.0523619
27 0.052744
28 0.0880883
29 0.0539512
30 0.0162915
31 0.0504263
32 0.0127802
33 0.0816738
34 0.0417772
35 0.0636071
36 0.0164414
37 0.0713342
38 0.0301039
39 0.0149966
40 0.0317799
41 0.0182667
42 0.030103
0 0.00468635
1 0.208719
2 0.34902
3 0.34902
4 0.317647
5 0.657041
6 0.25098
7 0.25098
8 0.25098
9 0.25098
10 0.25098
11 0.34082
12 0.529055
13 0.387879
14 0.14902
15 0.535829
16 0.909684
17 0.96941
18 0.334912
19 0.689487
20 0.461357
21 0.0696157
22 0.455741
23 0.067486
24 0.0497429
25 0.0478895
26 0.0510385
27 0.0667351
28 0.0911179
29 0.051463
30 0.0136261
31 0.046988
32 0.00900451
33 0.0828839
34 0.0452047
35 0.0610338
36 0.0132856
37 0.0821524
38 0.0182767
39 0.0117107
40 0.0235305
41 0.0212357
42 0.0322113
0 0.200758
1 0.197067
2 0.34902
3 0.34902
4 0.500535
5 0.510517
6 0.25098
7 0.25098
8 0.25098
9 0.25098
10 0.25098
11 0.474866
12 0.471658
13 0.0773619
14 0.14902
15 0.655971
16 0.911473
17 0.968988
18 0.401639
19 0.672279
20 0.417049
21 0.0660307
22 0.411662
23 0.101936
24 0.0723981
25 0.0548614
26 0.0572481
27 0.0690655
28 0.108793
29 0.055788
30 0.0174781
31 0.0559481
32 0.0125949
33 0.0995095
34 0.0470516
35 0.0708544
36 0.0160934
37 0.0780029
38 0.0249451
39 0.0182438
40 0.0359882
41 0.0336253
42 0.0450561
0 0.0600675
1 0.185331
2 0.34902
3 0.34902
4 0.511943
5 0.402139
6 0.25098
7 0.25098
8 0.25098
9 0.25098
10 0.25098
11 0.499109
12 0.200713
13 0.0345811
14 0.14902
15 0.572549
16 0.911732
17 0.970669
18 0.287948
19 0.65794
20 0.415322
21 0.0525618
22 0.334968
23 0.123389
24 0.06741
25 0.0673078
26 0.0673946
27 0.0574923
28 0.101916
29 0.057909
30 0.0156049
31 0.0475788
32 0.0118381
33 0.103591
34 0.0422051
35 0.0808621
36 0.0199814
37 0.093113
38 0.024787
39 0.0277612
40 0.030218
41 0.0369966
42 0.0398088
0 0.308094
1 0.173287
2 0.34902
3 0.34902
4 0.639572
5 0.243137
6 0.25098
7 0.25098
8 0.25098
9 0.25098
10 0.25098
11 0.265241
12 0.137255
13 0.274866
14 0.14902
15 0.581462
16 0.912877
17 0.971872
18 0.248421
19 0.679016
20 0.451775
21 0.0500891
22 0.304318
23 0.110339
24 0.0667959
25 0.0730778
26 0.0793171
27 0.052746
28 0.0674917
29 0.0579388
30 0.0113082
31 0.033086
32 0.00905052
33 0.0728294
34 0.0329424
35 0.0678704
36 0.0133551
37 0.066238
38 0.0121629
39 0.0206373
40 0.0108066
41 0.0259024
42 0.0247022
0 0.704415
1 0.161363
2 0.34902
3 0.34902
4 0.771836
5 0.12656
6 0.25098
7 0.25098
8 0.25098
9 0.25098
10 0.494831
11 0.240285
12 0.294474
13 0.272371
14 0.14902
15 0.596435
16 0.911947
17 0.971854
18 0.230042
19 0.674218
20 0.403392
21 0.0557285
22 0.336555
23 0.150358
24 0.0864109
25 0.0739152
26 0.0849769
27 0.0666943
28 0.064823
29 0.0602249
30 0.00916935
31 0.0237068
32 0.00715954
33 0.0564163
34 0.0284753
35 0.08249
36 0.0126423
37 0.0774895
38 0.0107992
39 0.0298038
40 0.0126492
41 0.0378913
42 0.0296004
0 0.979401
1 0.147212
2 0.34902
3 0.34902
4 0.771836
5 0.220677
6 0.25098
7 0.25098
8 0.25098
9 0.25098
10 0.266667
11 0.228877
12 0.0648841
13 0.240998
14 0.14902
15 0.513726
16 0.917809
17 0.957559
18 0.224931
19 0.695409
20 0.516526
21 0.0567426
22 0.374231
23 0.0863612
24 0.0431179
25 0.0702924
26 0.0521013
27 0.0382958
28 0.0379281
29 0.0641761
30 0.00900102
31 0.0242757
32 0.00843085
33 0.0485658
34 0.0272793
35 0.0486219
36 0.00850996
37 0.0839315
38 0.0172124
39 0.0238574
40 0.0216732
41 0.0244265
42 0.0298003
0 0.919358
1 0.133
2 0.34902
3 0.682709
4 0.3041
5 0.149376
6 0.25098
7 0.25098
8 0.310517
9 0.440998
10 0.174332
11 0.288414
12 0.422816
13 0.370766
14 0.372549
15 0.531551
16 0.91902
17 0.960519
18 0.249304
19 0.705035
20 0.473914
21 0.0670624
22 0.476696
23 0.117529
24 0.0437334
25 0.0636473
26 0.0499481
27 0.0354134
28 0.0505567
29 0.0540839
30 0.0116088
31 0.0377308
32 0.0110737
33 0.0589332
34 0.0329615
35 0.0470148
36 0.0104309
37 0.0808391
38 0.0337901
39 0.0302636
40 0.0378867
41 0.0303518
42 0.0298818
0 0.230704
1 0.121078
2 0.34902
3 0.684848
4 0.384314
5 0.230303
6 0.25098
7 0.25098
8 0.311586
9 0.444207
10 0.227094
11 0.145098
12 0.147237
13 0.48877
14 0.373619
15 0.592157
16 0.912024
17 0.95527
18 0.292954
19 0.699479
20 0.552869
21 0.0799765
22 0.330495
23 0.0624427
24 0.0264055
25 0.0347389
26 0.0634176
27 0.027032
28 0.0937516
29 0.0584244
30 0.020008
31 0.0651504
32 0.0149926
33 0.109802
34 0.0616121
35 0.0475954
36 0.0191435
37 0.0588266
38 0.0443589
39 0.0133965
40 0.0303918
41 0.0145052
42 0.0244559
0 0.00665637
1 0.108361
2 0.34902
3 0.222103
4 0.213191
5 0.107665
6 0.25098
7 0.25098
8 0.25098
9 0.0684492
10 0.63066
11 0.368271
12 0.346881
13 0.694831
14 0.121925
15 0.527629
16 0.905577
17 0.943829
18 0.224347
19 0.689416
20 0.501239
21 0.0409955
22 0.310769
23 0.0328796
24 0.0276495
25 0.0266238
26 0.0573811
27 0.0598077
28 0.0617072
29 0.0599125
30 0.00988578
31 0.0246783
32 0.00632128
33 0.0639782
34 0.0307433
35 0.0630882
36 0.0108256
37 0.0647698
38 0.0137919
39 0.00850202
40 0.0188048
41 0.011929
42 0.0333047
0 0.901113
1 0.0952005
2 0.34902
3 0.222103
4 0.0527629
5 0.345811
6 0.25098
7 0.25098
8 0.25098
9 0.0684492
10 0.0545455
11 0.688414
12 0.785383
13 0.0730838
14 0.121925
15 0.469519
16 0.90584
17 0.947828
18 0.223701
19 0.691201
20 0.38629
21 0.0504651
22 0.343283
23 0.0556112
24 0.0418171
25 0.0332384
26 0.057623
27 0.0575895
28 0.0614262
29 0.0656729
30 0.0103574
31 0.0237064
32 0.00673606
33 0.0551115
34 0.0307481
35 0.0656754
36 0.0151555
37 0.087665
38 0.0229823
39 0.0234723
40 0.0313298
41 0.0297786
42 0.0439731
0 0.952463
1 0.0878326
2 0.34902
3 0.324777
4 0.134046
5 0.295187
6 0.25098
7 0.25098
8 0.25098
9 0.121212
10 0.0160428
11 0.227807
12 0.457397
13 0.0787879
14 0.211052
15 0.379323
16 0.911567
17 0.947351
18 0.287521
19 0.702482
20 0.29734
21 0.0623413
22 0.260213
23 0.0670908
24 0.073348
25 0.0366214
26 0.0641864
27 0.0529393
28 0.0792175
29 0.0736427
30 0.0164513
31 0.0386346
32 0.00978613
33 0.079169
34 0.048225
35 0.0668565
36 0.0247134
37 0.0950011
38 0.0294436
39 0.026817
40 0.0298236
41 0.0376088
42 0.0472652
0 0.848949
1 0.0805849
2 0.34902
3 0.153654
4 0.212121
5 0.028877
6 0.25098
7 0.25098
8 0.1041
9 0
10 0.335472
11 0.121569
12 0.339037
13 0.0153298
14 0.195009
15 0.431729
16 0.921197
17 0.945309
18 0.331527
19 0.703363
20 0.343131
21 0.0501061
22 0.322639
23 0.0925737
24 0.0982823
25 0.0832036
26 0.084281
27 0.0557605
28 0.102779
29 0.0952811
30 0.0373307
31 0.0738881
32 0.0319325
33 0.113628
34 0.0752656
35 0.094101
36 0.0232142
37 0.0690423
38 0.0326685
39 0.0316361
40 0.0411061
41 0.0387158
42 0.0544339
0 0.315243
1 0.0734122
2 0.25918
3 0.0509804
4 0.329768
5 0.0238859
6 0.0452763
7 0.301961
8 0.121569
9 0.121569
10 0.301248
11 0.620677
12 0.026738
13 0.0381462
14 0.451337
15 0.413547
16 0.914912
17 0.939579
18 0.155541
19 0.67445
20 0.509591
21 0.0283328
22 0.415008
23 0.0768135
24 0.0301183
25 0.096707
26 0.0745912
27 0.0254178
28 0.0327462
29 0.100409
30 0.0344147
31 0.0554854
32 0.0400087
33 0.0916054
34 0.0646585
35 0.0353701
36 0.0101425
37 0.0404142
38 0.0642538
39 0.0420927
40 0.0431766
41 0.0281647
42 0.0333687
0 0.349947
1 0.0660726
2 0.0516934
3 0.536542
4 0.15615
5 0.116934
6 0.121569
7 0.11016
8 0.470588
9 0.351515
10 0.777897
11 0.0905526
12 0.0631016
13 0.6
14 0.71836
15 0.373262
16 0.900507
17 0.944908
18 0.131402
19 0.726344
20 0.447307
21 0.0426101
22 0.44784
23 0.0467982
24 0.0378431
25 0.0605054
26 0.111798
27 0.0472567
28 0.0470952
29 0.100348
30 0.0208102
31 0.0372649
32 0.0158771
33 0.0659642
34 0.0684494
35 0.0644107
36 0.00805243
37 0.0547187
38 0.0173104
39 0.0183612
40 0.0131171
41 0.0157344
42 0.0227145
0 0.958348
1 0.058792
2 0.159715
3 0.280214
4 0.346168
5 0.118004
6 0.121569
7 0.0638146
8 0.362567
9 0.0566845
10 0.33975
11 0.587879
12 0.277718
13 0.381818
14 0.607487
15 0.460606
16 0.924275
17 0.944108
18 0.349721
19 0.7523
20 0.395526
21 0.0780984
22 0.531238
23 0.0610211
24 0.0748683
25 0.0783136
26 0.0461377
27 0.0516399
28 0.0864221
29 0.0990208
30 0.0400508
31 0.0982272
32 0.0316873
33 0.0993622
34 0.108453
35 0.0718889
36 0.0162627
37 0.0852806
38 0.0322463
39 0.0191599
40 0.0351629
41 0.0251647
42 0.0348358
0 0.0347264
1 0.051483
2 0.232799
3 0.156506
4 0.325847
5 0.235294
6 0
7 0.350089
8 0.0221034
9 0.275223
10 0.326916
11 0.669875
12 0.227451
13 0.120499
14 0.594296
15 0.532264
16 0.92145
17 0.962824
18 0.14282
19 0.74794
20 0.316271
21 0.0316246
22 0.561223
23 0.0731976
24 0.0770547
25 0.124277
26 0.155887
27 0.081208
28 0.061379
29 0.0962247
30 0.0259998
31 0.0629192
32 0.0155109
33 0.109236
34 0.0889669
35 0.0520379
36 0.0111373
37 0.0615463
38 0.0160497
39 0.0203643
40 0.00847339
41 0.0220739
42 0.0199657
0 0.807713
1 0.0440146
2 0.280214
3 0.156863
4 0.745098
5 0.509804
6 0.0196078
7 0.027451
8 0.248128
9 0.0884135
10 0.941176
11 0.217469
12 0.145098
13 0.145098
14 0.61426
15 0.832799
16 0.942412
17 0.976263
18 0.262064
19 0.736455
20 0.507845
21 0.0261679
22 0.438717
23 0.0639848
24 0.0522374
25 0.0514606
26 0.0985591
27 0.0626469
28 0.102557
29 0.0414262
30 0.00961518
31 0.0302265
32 0.0121486
33 0.0430196
34 0.0417463
35 0.0487699
36 0.0168623
37 0.106503
38 0.0428001
39 0.052276
40 0.0425597
41 0.0663207
42 0.0512548
0 0.441671
1 0.0370064
2 0.227094
3 0.542959
4 0.596078
5 0.382175
6 0.197861
7 0.6
8 0.735472
9 0.145098
10 0.145098
11 0.145098
12 0.145098
13 0.0424242
14 0.541176
15 0.663102
16 0.9599
17 0.970462
18 0.212168
19 0.767228
20 0.326111
21 0.0311387
22 0.41969
23 0.0554691
24 0.141148
25 0.0154094
26 0.0272268
27 0.0321303
28 0.0974676
29 0.0236105
30 0.00137848
31 0.012661
32 0.000940261
33 0.0317825
34 0.00788308
35 0.0264737
36 0.0117819
37 0.127112
38 0.0246372
39 0.0333604
40 0.015956
41 0.0270494
42 0.0293269
0 0.859061
1 0.0274344
2 0.87451
3 0.613547
4 0.615686
5 0.437433
6 0.87451
7 0.87451
8 0.258467
9 0.138681
10 0.145098
11 0.145098
12 0.471658
13 0.0894831
14 0.798574
15 0.821034
16 0.947313
17 0.928402
18 0.134881
19 0.789899
20 0.298764
21 0.0999634
22 0.587965
23 0.0643692
24 0.0838347
25 0.112858
26 0.0656993
27 0.0403144
28 0.060565
29 0.101151
30 0.0338104
31 0.0725611
32 0.0292344
33 0.101681
34 0.106966
35 0.0542464
36 0.0291686
37 0.165517
38 0.0710108
39 0.0729422
40 0.0502462
41 0.035117
42 0.0438601
0 0.715302
1 0.0166835
2 0.145098
3 0.145098
4 0.145098
5 0.142246
6 0.121569
7 0.121569
8 0.121569
9 0.121569
10 0.121569
11 0.121569
12 0.0581105
13 0.37041
14 1
15 0.858824
16 0.962418
17 0.955003
18 0.0844177
19 0.784043
20 0.678138
21 0.0235237
22 0.225417
23 0.0237428
24 0.0777447
25 0.04904
26 0.0116149
27 0.023927
28 0.0125911
29 0.0169452
30 0.00178529
31 0.00666773
32 0.00369924
33 0.0081872
34 0.0102589
35 0.00323298
36 0.00411425
37 0.0307115
38 0.0153667
39 0.0166885
40 0.023221
41 0.0213677
42 0.0208442
end fitness = 15.4048
