brain 22870 fitness=3.01327 numneurons+1=37 maxWeight=8 maxBias=8 redinput=2-6 greeninput=7-12 blueinput=13-14
+0.0000 +0.0000 +0.0000 +0.0000 +0.0000 +0.0000 +0.0000 +0.0000 +0.0000 +0.0000 +0.0000 +0.0000 +0.0000 +0.0000 +0.0000 +0.0000 +0.0000 +0.0000 +0.0000 +0.0000 +0.0000 +0.0000 +0.0000 +0.0000 +0.0000 +0.0000 +0.0000 +0.0000 +0.0000 +0.0000 +0.0000 +0.0000 +0.0000 +0.0000 +0.0000 +0.0000 +0.0000 ;
+0.0000 +0.0000 +0.0000 +0.0000 +0.0000 +0.0000 +0.0000 +0.0000 +0.0000 +0.0000 +0.0000 +0.0000 +0.0000 +0.0000 +0.0000 +0.0000 +0.0000 +0.0000 +0.0000 +0.0000 +0.0000 +0.0000 +0.0000 +0.0000 +0.0000 +0.0000 +0.0000 +0.0000 +0.0000 +0.0000 +0.0000 +0.0000 +0.0000 +0.0000 +0.0000 +0.0000 +0.0000 ;
+0.0000 +0.0000 +0.0000 +0.0000 +0.0000 +0.0000 +0.0000 +0.0000 +0.0000 +0.0000 +0.0000 +0.0000 +0.0000 +0.0000 +0.0000 +0.0000 +0.0000 +0.0000 +0.0000 +0.0000 +0.0000 +0.0000 +0.0000 +0.0000 +0.0000 +0.0000 +0.0000 +0.0000 +0.0000 +0.0000 +0.0000 +0.0000 +0.0000 +0.0000 +0.0000 +0.0000 +0.0000 ;
+0.0000 +0.0000 +0.0000 +0.0000 +0.0000 +0.0000 +0.0000 +0.0000 +0.0000 +0.0000 +0.0000 +0.0000 +0.0000 +0.0000 +0.0000 +0.0000 +0.0000 +0.0000 +0.0000 +0.0000 +0.0000 +0.0000 +0.0000 +0.0000 +0.0000 +0.0000 +0.0000 +0.0000 +0.0000 +0.0000 +0.0000 +0.0000 +0.0000 +0.0000 +0.0000 +0.0000 +0.0000 ;
+0.0000 +0.0000 +0.0000 +0.0000 +0.0000 +0.0000 +0.0000 +0.0000 +0.0000 +0.0000 +0.0000 +0.0000 +0.0000 +0.0000 +0.0000 +0.0000 +0.0000 +0.0000 +0.0000 +0.0000 +0.0000 +0.0000 +0.0000 +0.0000 +0.0000 +0.0000 +0.0000 +0.0000 +0.0000 +0.0000 +0.0000 +0.0000 +0.0000 +0.0000 +0.0000 +0.0000 +0.0000 ;
+0.0000 +0.0000 +0.0000 +0.0000 +0.0000 +0.0000 +0.0000 +0.0000 +0.0000 +0.0000 +0.0000 +0.0000 +0.0000 +0.0000 +0.0000 +0.0000 +0.0000 +0.0000 +0.0000 +0.0000 +0.0000 +0.0000 +0.0000 +0.0000 +0.0000 +0.0000 +0.0000 +0.0000 +0.0000 +0.0000 +0.0000 +0.0000 +0.0000 +0.0000 +0.0000 +0.0000 +0.0000 ;
+0.0000 +0.0000 +0.0000 +0.0000 +0.0000 +0.0000 +0.0000 +0.0000 +0.0000 +0.0000 +0.0000 +0.0000 +0.0000 +0.0000 +0.0000 +0.0000 +0.0000 +0.0000 +0.0000 +0.0000 +0.0000 +0.0000 +0.0000 +0.0000 +0.0000 +0.0000 +0.0000 +0.0000 +0.0000 +0.0000 +0.0000 +0.0000 +0.0000 +0.0000 +0.0000 +0.0000 +0.0000 ;
+0.0000 +0.0000 +0.0000 +0.0000 +0.0000 +0.0000 +0.0000 +0.0000 +0.0000 +0.0000 +0.0000 +0.0000 +0.0000 +0.0000 +0.0000 +0.0000 +0.0000 +0.0000 +0.0000 +0.0000 +0.0000 +0.0000 +0.0000 +0.0000 +0.0000 +0.0000 +0.0000 +0.0000 +0.0000 +0.0000 +0.0000 +0.0000 +0.0000 +0.0000 +0.0000 +0.0000 +0.0000 ;
+0.0000 +0.0000 +0.0000 +0.0000 +0.0000 +0.0000 +0.0000 +0.0000 +0.0000 +0.0000 +0.0000 +0.0000 +0.0000 +0.0000 +0.0000 +0.0000 +0.0000 +0.0000 +0.0000 +0.0000 +0.0000 +0.0000 +0.0000 +0.0000 +0.0000 +0.0000 +0.0000 +0.0000 +0.0000 +0.0000 +0.0000 +0.0000 +0.0000 +0.0000 +0.0000 +0.0000 +0.0000 ;
+0.0000 +0.0000 +0.0000 +0.0000 +0.0000 +0.0000 +0.0000 +0.0000 +0.0000 +0.0000 +0.0000 +0.0000 +0.0000 +0.0000 +0.0000 +0.0000 +0.0000 +0.0000 +0.0000 +0.0000 +0.0000 +0.0000 +0.0000 +0.0000 +0.0000 +0.0000 +0.0000 +0.0000 +0.0000 +0.0000 +0.0000 +0.0000 +0.0000 +0.0000 +0.0000 +0.0000 +0.0000 ;
+0.0000 +0.0000 +0.0000 +0.0000 +0.0000 +0.0000 +0.0000 +0.0000 +0.0000 +0.0000 +0.0000 +0.0000 +0.0000 +0.0000 +0.0000 +0.0000 +0.0000 +0.0000 +0.0000 +0.0000 +0.0000 +0.0000 +0.0000 +0.0000 +0.0000 +0.0000 +0.0000 +0.0000 +0.0000 +0.0000 +0.0000 +0.0000 +0.0000 +0.0000 +0.0000 +0.0000 +0.0000 ;
+0.0000 +0.0000 +0.0000 +0.0000 +0.0000 +0.0000 +0.0000 +0.0000 +0.0000 +0.0000 +0.0000 +0.0000 +0.0000 +0.0000 +0.0000 +0.0000 +0.0000 +0.0000 +0.0000 +0.0000 +0.0000 +0.0000 +0.0000 +0.0000 +0.0000 +0.0000 +0.0000 +0.0000 +0.0000 +0.0000 +0.0000 +0.0000 +0.0000 +0.0000 +0.0000 +0.0000 +0.0000 ;
+0.0000 +0.0000 +0.0000 +0.0000 +0.0000 +0.0000 +0.0000 +0.0000 +0.0000 +0.0000 +0.0000 +0.0000 +0.0000 +0.0000 +0.0000 +0.0000 +0.0000 +0.0000 +0.0000 +0.0000 +0.0000 +0.0000 +0.0000 +0.0000 +0.0000 +0.0000 +0.0000 +0.0000 +0.0000 +0.0000 +0.0000 +0.0000 +0.0000 +0.0000 +0.0000 +0.0000 +0.0000 ;
+0.0000 +0.0000 +0.0000 +0.0000 +0.0000 +0.0000 +0.0000 +0.0000 +0.0000 +0.0000 +0.0000 +0.0000 +0.0000 +0.0000 +0.0000 +0.0000 +0.0000 +0.0000 +0.0000 +0.0000 +0.0000 +0.0000 +0.0000 +0.0000 +0.0000 +0.0000 +0.0000 +0.0000 +0.0000 +0.0000 +0.0000 +0.0000 +0.0000 +0.0000 +0.0000 +0.0000 +0.0000 ;
+0.0000 +0.0000 +0.0000 +0.0000 +0.0000 +0.0000 +0.0000 +0.0000 +0.0000 +0.0000 +0.0000 +0.0000 +0.0000 +0.0000 +0.0000 +0.0000 +0.0000 +0.0000 +0.0000 +0.0000 +0.0000 +0.0000 +0.0000 +0.0000 +0.0000 +0.0000 +0.0000 +0.0000 +0.0000 +0.0000 +0.0000 +0.0000 +0.0000 +0.0000 +0.0000 +0.0000 +0.0000 ;
-0.0553 -0.0585 -0.0400 +0.0983 +0.1228 +0.1745 +0.1258 +0.1039 -0.1167 -0.0464 +0.0000 +0.0000 -0.0853 +0.0000 +0.0000 +0.0000 +0.1928 -0.0206 +0.0000 +0.0199 +0.1217 +0.0551 +0.1218 -0.2442 -0.0540 -0.1490 -0.2349 -0.0469 -0.1456 -0.0102 -0.1518 -0.0656 -0.0958 -0.0084 +0.0000 +0.0000 +0.5305 ;
-0.0003 -0.0777 -0.0725 -0.0531 -0.0661 -0.1788 +0.0319 -0.2077 -0.0290 -0.1016 +0.0738 +0.0052 +0.0000 -0.0053 +0.0000 +0.0544 +0.0000 +0.0000 +0.0000 -0.1046 +0.0000 +0.0000 +0.0059 -0.1784 -0.1617 -0.0690 +0.0000 +0.0000 +0.0000 +0.0000 +0.0000 +0.0000 +0.0000 +0.0000 +0.0000 +0.0000 +0.5218 ;
-0.0107 +0.0885 -0.1428 +0.0000 +0.0000 +0.0000 +0.0000 -0.1691 -0.2955 -0.2882 -0.1006 +0.0000 +0.0000 +0.1847 +0.0000 +0.0983 +0.0000 +0.0000 +0.0726 +0.4762 +0.0000 -0.1947 +0.2022 -0.1649 +0.0000 -0.2042 +0.0000 +0.0000 +0.0000 +0.0000 +0.0000 +0.0000 +0.0000 +0.0000 -0.1135 +0.0000 -0.5200 ;
+0.0000 -0.0348 +0.0000 -0.0962 +0.0000 +0.0000 +0.0045 +0.0000 -0.0000 -0.0172 +0.0143 -0.0000 -0.0253 +0.0000 +0.0000 +0.0374 +0.2423 -0.0219 +0.0000 -0.1305 -0.0596 +0.0000 +0.1794 +0.0000 -0.1801 -0.1964 -0.2222 +0.0000 +0.0000 +0.0000 +0.0000 +0.0000 +0.0000 +0.0000 +0.0000 +0.0000 +0.5383 ;
+0.0000 +0.1394 -0.2911 -0.2156 -0.1124 +0.0000 +0.0000 +0.0547 +0.1126 -0.0944 +0.2706 +0.3018 +0.3690 -0.0080 +0.0000 +0.1152 +0.0000 -0.0951 +0.0895 +0.0000 -0.2135 +0.0000 +0.1815 -0.0000 -0.0065 -0.0000 -0.0095 -0.0526 -0.0000 -0.0000 -0.0000 +0.0000 +0.0000 +0.0000 +0.0000 +0.0000 -0.5805 ;
-0.2390 -0.2178 +0.0504 +0.0666 +0.1374 +0.0701 -0.0427 -0.0412 +0.1204 -0.0362 -0.0791 +0.2657 +0.0000 -0.0036 +0.0000 +0.1518 +0.0000 -0.0580 +0.1447 +0.0112 +0.0000 +0.0000 +0.2362 -0.0840 +0.0000 +0.0000 +0.0000 +0.0000 +0.0000 +0.0000 +0.0000 +0.0000 +0.0000 +0.0000 +0.0000 +0.0000 -0.4431 ;
-0.1996 -0.2026 -0.0638 +0.1146 -0.0673 +0.0000 +0.0000 +0.0058 +0.2273 +0.1328 +0.0000 +0.0000 +0.0000 +0.0132 +0.0000 -0.2160 +0.1533 +0.0997 +0.0406 +0.1418 +0.0000 +0.0000 +0.0000 -0.1067 -0.0771 -0.1649 +0.0000 +0.0000 +0.0000 +0.0000 +0.0000 +0.0000 +0.0000 +0.0000 +0.0000 +0.0000 +0.3882 ;
+0.0000 -0.0375 +0.1160 -0.0189 -0.0166 -0.0989 +0.0000 +0.1993 -0.1807 +0.2125 +0.0519 +0.2185 +0.0000 +0.1124 +0.0427 -0.0717 -0.0344 +0.0000 +0.1104 +0.0031 +0.0000 -0.0034 +0.0000 +0.0000 +0.0000 +0.0000 -0.0820 -0.2425 -0.1329 +0.0000 +0.0000 +0.0000 -0.2390 -0.0185 -0.2460 +0.0000 +0.4275 ;
+0.0000 +0.0000 +0.0422 +0.0602 +0.0517 +0.0000 +0.0000 -0.0000 -0.0821 -0.1130 +0.0000 +0.0000 +0.0000 -0.0346 +0.0000 -0.0972 +0.0000 -0.0693 +0.2360 +0.0000 +0.0000 +0.0000 +0.0000 +0.0000 -0.1127 -0.1855 +0.0000 +0.0000 +0.0000 +0.0000 +0.0000 +0.0000 +0.0000 +0.0000 +0.0000 +0.0000 +0.4275 ;
-0.0004 +0.0000 +0.0000 +0.0000 +0.0593 +0.0000 +0.0000 -0.0000 +0.0000 +0.0714 +0.0000 +0.0000 -0.0000 +0.2148 -0.0891 -0.0000 -0.0645 +0.0543 -0.1529 +0.0000 +0.1797 +0.0000 +0.0859 -0.1627 +0.0000 -0.1007 +0.0000 +0.0000 +0.0000 +0.0000 +0.0000 +0.0000 +0.0000 +0.0000 +0.0000 +0.0000 +0.4275 ;
-0.0006 +0.0000 +0.0000 +0.0000 +0.0247 +0.1154 +0.0000 -0.0082 -0.0559 +0.0000 -0.0271 -0.0927 +0.0000 -0.0035 +0.0000 -0.0603 -0.0875 -0.0000 +0.0903 +0.0000 +0.2312 +0.0000 +0.0091 +0.0000 -0.0996 +0.0000 -0.1021 +0.0000 +0.0000 +0.0000 +0.0000 +0.0000 +0.0000 +0.0000 +0.0000 +0.0000 +0.4275 ;
-0.0002 +0.1519 +0.0173 +0.0987 +0.1290 +0.0000 +0.0000 -0.0061 -0.0000 -0.0000 +0.0000 +0.0000 +0.0000 -0.0324 +0.1909 -0.1853 +0.0435 +0.0676 -0.1467 -0.1509 +0.0000 +0.0000 +0.1445 +0.0000 +0.0000 -0.2316 +0.0000 -0.1348 +0.0000 +0.0000 +0.0000 +0.0000 +0.0000 +0.0000 +0.0000 +0.0000 +0.4275 ;
-0.0772 +0.0499 +0.1030 +0.1010 +0.1275 +0.0000 +0.0000 +0.0000 -0.1736 -0.1673 +0.0000 -0.1357 +0.0000 -0.0383 +0.0000 -0.0659 +0.0833 -0.0328 +0.0465 +0.0000 +0.0422 +0.0000 +0.0996 +0.0000 +0.0000 +0.0000 -0.1710 +0.0000 -0.1423 +0.0000 +0.0000 +0.0000 +0.0000 +0.0000 +0.0000 +0.0000 +0.4275 ;
-0.0006 +0.1115 +0.1216 +0.1448 +0.0000 +0.0708 +0.0000 +0.0000 -0.0915 -0.0749 +0.0000 -0.0000 -0.0000 -0.1503 +0.0252 -0.1421 -0.2387 +0.0460 +0.3056 +0.0000 +0.0372 +0.0000 +0.0311 +0.0000 +0.0000 +0.0000 +0.0000 -0.1031 +0.0000 -0.0398 +0.0000 +0.0000 +0.0000 +0.0000 +0.0000 +0.0000 +0.4275 ;
+0.0000 -0.0184 +0.0057 +0.0405 +0.0497 +0.2096 +0.0000 +0.0000 +0.0000 -0.1995 -0.0433 -0.1019 +0.0000 +0.2446 -0.1961 -0.1684 -0.0578 -0.1091 -0.1188 -0.0435 -0.0000 -0.1887 +0.0000 +0.0000 +0.0000 +0.0000 +0.0000 +0.0000 -0.0435 +0.0000 -0.0279 +0.0000 +0.0000 +0.0000 +0.0000 +0.0000 +0.4275 ;
-0.0006 +0.1447 +0.0080 +0.0731 +0.0224 +0.0000 +0.0000 -0.0070 -0.0000 -0.0411 -0.0733 +0.0000 +0.0978 -0.0224 +0.1311 -0.1830 +0.0836 -0.0115 +0.0942 +0.0045 +0.0153 +0.0000 +0.0923 +0.0000 +0.0000 +0.0000 +0.0000 +0.0000 +0.0000 -0.2425 +0.0000 -0.0554 +0.0000 +0.0000 +0.0000 +0.0000 +0.4275 ;
-0.1466 +0.1044 +0.0000 +0.0969 +0.2389 +0.1431 +0.0000 +0.0000 +0.0000 -0.0696 -0.2108 -0.1139 +0.1669 -0.1229 +0.0000 -0.0883 -0.0696 -0.0486 -0.2174 +0.0999 +0.1106 +0.0000 +0.1966 +0.0000 +0.0000 +0.0000 +0.0000 +0.0000 +0.0000 +0.0000 -0.2503 +0.0000 -0.0522 +0.0000 +0.0000 +0.0000 +0.4275 ;
-0.0003 +0.0038 +0.0000 +0.0058 +0.0000 +0.1283 +0.0024 +0.0000 +0.0000 -0.0793 -0.1223 -0.1094 +0.0000 +0.2130 +0.1127 -0.1848 -0.0186 +0.1182 +0.0831 -0.0007 +0.0000 +0.0000 +0.0000 +0.0000 +0.0000 +0.0000 +0.0000 +0.0000 +0.0000 +0.0000 +0.0000 -0.1561 +0.0000 -0.1231 +0.0000 +0.0000 +0.4275 ;
-0.0007 +0.0000 +0.0000 +0.1468 +0.0000 +0.0911 +0.0200 +0.0000 +0.0000 -0.0000 -0.0423 -0.0000 -0.1520 -0.0000 +0.1426 -0.0648 -0.0577 -0.0000 +0.2362 +0.0000 +0.1675 +0.0000 +0.1463 +0.0000 +0.0000 +0.0000 +0.0000 +0.0000 +0.0000 +0.0000 +0.0000 +0.0000 -0.2423 +0.0000 -0.0332 +0.0000 +0.4275 ;
-0.0002 +0.0793 +0.0000 +0.1105 +0.0502 +0.1898 +0.0116 -0.1213 +0.0000 +0.0000 -0.0013 -0.0000 +0.0000 +0.0081 -0.0485 -0.1315 -0.0158 -0.1231 -0.0129 +0.0000 +0.0801 +0.0000 +0.0690 +0.0000 +0.0000 +0.0000 +0.0000 +0.0000 +0.0000 +0.0000 +0.0000 +0.0000 +0.0000 -0.2151 +0.0000 -0.2125 +0.4275 ;
-0.0332 -0.0000 +0.0000 +0.0200 +0.1769 +0.0234 +0.0190 -0.1565 +0.0000 -0.0562 -0.0088 +0.0000 -0.0341 -0.0000 +0.2115 -0.1138 -0.1191 +0.0830 +0.0707 +0.0733 +0.0113 -0.0958 +0.1833 +0.0000 +0.0000 +0.0000 +0.0000 +0.0000 +0.0000 +0.0000 +0.0000 +0.0000 +0.0000 -0.0760 -0.2283 +0.0000 +0.4275 ;
+0.0000 +0.0000 +0.0000 +0.0000 +0.0000 +0.0000 +0.0000 +0.0000 +0.0000 +0.0000 +0.0000 +0.0000 +0.0000 +0.0000 +0.0000 +0.0000 +0.0000 +0.0000 +0.0000 +0.0000 +0.0000 +0.0000 +0.0000 +0.0000 +0.0000 +0.0000 +0.0000 +0.0000 +0.0000 +0.0000 +0.0000 +0.0000 +0.0000 +0.0000 +0.0000 +0.0000 +0.0000 ;
