brain 22875 fitness=33.6579 numneurons+1=75 maxWeight=8 maxBias=8 redinput=2-14 greeninput=15-30 blueinput=31-34
+0.0000 +0.0000 +0.0000 +0.0000 +0.0000 +0.0000 +0.0000 +0.0000 +0.0000 +0.0000 +0.0000 +0.0000 +0.0000 +0.0000 +0.0000 +0.0000 +0.0000 +0.0000 +0.0000 +0.0000 +0.0000 +0.0000 +0.0000 +0.0000 +0.0000 +0.0000 +0.0000 +0.0000 +0.0000 +0.0000 +0.0000 +0.0000 +0.0000 +0.0000 +0.0000 +0.0000 +0.0000 +0.0000 +0.0000 +0.0000 +0.0000 +0.0000 +0.0000 +0.0000 +0.0000 +0.0000 +0.0000 +0.0000 +0.0000 +0.0000 +0.0000 +0.0000 +0.0000 +0.0000 +0.0000 +0.0000 +0.0000 +0.0000 +0.0000 +0.0000 +0.0000 +0.0000 +0.0000 +0.0000 +0.0000 +0.0000 +0.0000 +0.0000 +0.0000 +0.0000 +0.0000 +0.0000 +0.0000 +0.0000 +0.0000 ;
+0.0000 +0.0000 +0.0000 +0.0000 +0.0000 +0.0000 +0.0000 +0.0000 +0.0000 +0.0000 +0.0000 +0.0000 +0.0000 +0.0000 +0.0000 +0.0000 +0.0000 +0.0000 +0.0000 +0.0000 +0.0000 +0.0000 +0.0000 +0.0000 +0.0000 +0.0000 +0.0000 +0.0000 +0.0000 +0.0000 +0.0000 +0.0000 +0.0000 +0.0000 +0.0000 +0.0000 +0.0000 +0.0000 +0.0000 +0.0000 +0.0000 +0.0000 +0.0000 +0.0000 +0.0000 +0.0000 +0.0000 +0.0000 +0.0000 +0.0000 +0.0000 +0.0000 +0.0000 +0.0000 +0.0000 +0.0000 +0.0000 +0.0000 +0.0000 +0.0000 +0.0000 +0.0000 +0.0000 +0.0000 +0.0000 +0.0000 +0.0000 +0.0000 +0.0000 +0.0000 +0.0000 +0.0000 +0.0000 +0.0000 +0.0000 ;
+0.0000 +0.0000 +0.0000 +0.0000 +0.0000 +0.0000 +0.0000 +0.0000 +0.0000 +0.0000 +0.0000 +0.0000 +0.0000 +0.0000 +0.0000 +0.0000 +0.0000 +0.0000 +0.0000 +0.0000 +0.0000 +0.0000 +0.0000 +0.0000 +0.0000 +0.0000 +0.0000 +0.0000 +0.0000 +0.0000 +0.0000 +0.0000 +0.0000 +0.0000 +0.0000 +0.0000 +0.0000 +0.0000 +0.0000 +0.0000 +0.0000 +0.0000 +0.0000 +0.0000 +0.0000 +0.0000 +0.0000 +0.0000 +0.0000 +0.0000 +0.0000 +0.0000 +0.0000 +0.0000 +0.0000 +0.0000 +0.0000 +0.0000 +0.0000 +0.0000 +0.0000 +0.0000 +0.0000 +0.0000 +0.0000 +0.0000 +0.0000 +0.0000 +0.0000 +0.0000 +0.0000 +0.0000 +0.0000 +0.0000 +0.0000 ;
+0.0000 +0.0000 +0.0000 +0.0000 +0.0000 +0.0000 +0.0000 +0.0000 +0.0000 +0.0000 +0.0000 +0.0000 +0.0000 +0.0000 +0.0000 +0.0000 +0.0000 +0.0000 +0.0000 +0.0000 +0.0000 +0.0000 +0.0000 +0.0000 +0.0000 +0.0000 +0.0000 +0.0000 +0.0000 +0.0000 +0.0000 +0.0000 +0.0000 +0.0000 +0.0000 +0.0000 +0.0000 +0.0000 +0.0000 +0.0000 +0.0000 +0.0000 +0.0000 +0.0000 +0.0000 +0.0000 +0.0000 +0.0000 +0.0000 +0.0000 +0.0000 +0.0000 +0.0000 +0.0000 +0.0000 +0.0000 +0.0000 +0.0000 +0.0000 +0.0000 +0.0000 +0.0000 +0.0000 +0.0000 +0.0000 +0.0000 +0.0000 +0.0000 +0.0000 +0.0000 +0.0000 +0.0000 +0.0000 +0.0000 +0.0000 ;
+0.0000 +0.0000 +0.0000 +0.0000 +0.0000 +0.0000 +0.0000 +0.0000 +0.0000 +0.0000 +0.0000 +0.0000 +0.0000 +0.0000 +0.0000 +0.0000 +0.0000 +0.0000 +0.0000 +0.0000 +0.0000 +0.0000 +0.0000 +0.0000 +0.0000 +0.0000 +0.0000 +0.0000 +0.0000 +0.0000 +0.0000 +0.0000 +0.0000 +0.0000 +0.0000 +0.0000 +0.0000 +0.0000 +0.0000 +0.0000 +0.0000 +0.0000 +0.0000 +0.0000 +0.0000 +0.0000 +0.0000 +0.0000 +0.0000 +0.0000 +0.0000 +0.0000 +0.0000 +0.0000 +0.0000 +0.0000 +0.0000 +0.0000 +0.0000 +0.0000 +0.0000 +0.0000 +0.0000 +0.0000 +0.0000 +0.0000 +0.0000 +0.0000 +0.0000 +0.0000 +0.0000 +0.0000 +0.0000 +0.0000 +0.0000 ;
+0.0000 +0.0000 +0.0000 +0.0000 +0.0000 +0.0000 +0.0000 +0.0000 +0.0000 +0.0000 +0.0000 +0.0000 +0.0000 +0.0000 +0.0000 +0.0000 +0.0000 +0.0000 +0.0000 +0.0000 +0.0000 +0.0000 +0.0000 +0.0000 +0.0000 +0.0000 +0.0000 +0.0000 +0.0000 +0.0000 +0.0000 +0.0000 +0.0000 +0.0000 +0.0000 +0.0000 +0.0000 +0.0000 +0.0000 +0.0000 +0.0000 +0.0000 +0.0000 +0.0000 +0.0000 +0.0000 +0.0000 +0.0000 +0.0000 +0.0000 +0.0000 +0.0000 +0.0000 +0.0000 +0.0000 +0.0000 +0.0000 +0.0000 +0.0000 +0.0000 +0.0000 +0.0000 +0.0000 +0.0000 +0.0000 +0.0000 +0.0000 +0.0000 +0.0000 +0.0000 +0.0000 +0.0000 +0.0000 +0.0000 +0.0000 ;
+0.0000 +0.0000 +0.0000 +0.0000 +0.0000 +0.0000 +0.0000 +0.0000 +0.0000 +0.0000 +0.0000 +0.0000 +0.0000 +0.0000 +0.0000 +0.0000 +0.0000 +0.0000 +0.0000 +0.0000 +0.0000 +0.0000 +0.0000 +0.0000 +0.0000 +0.0000 +0.0000 +0.0000 +0.0000 +0.0000 +0.0000 +0.0000 +0.0000 +0.0000 +0.0000 +0.0000 +0.0000 +0.0000 +0.0000 +0.0000 +0.0000 +0.0000 +0.0000 +0.0000 +0.0000 +0.0000 +0.0000 +0.0000 +0.0000 +0.0000 +0.0000 +0.0000 +0.0000 +0.0000 +0.0000 +0.0000 +0.0000 +0.0000 +0.0000 +0.0000 +0.0000 +0.0000 +0.0000 +0.0000 +0.0000 +0.0000 +0.0000 +0.0000 +0.0000 +0.0000 +0.0000 +0.0000 +0.0000 +0.0000 +0.0000 ;
+0.0000 +0.0000 +0.0000 +0.0000 +0.0000 +0.0000 +0.0000 +0.0000 +0.0000 +0.0000 +0.0000 +0.0000 +0.0000 +0.0000 +0.0000 +0.0000 +0.0000 +0.0000 +0.0000 +0.0000 +0.0000 +0.0000 +0.0000 +0.0000 +0.0000 +0.0000 +0.0000 +0.0000 +0.0000 +0.0000 +0.0000 +0.0000 +0.0000 +0.0000 +0.0000 +0.0000 +0.0000 +0.0000 +0.0000 +0.0000 +0.0000 +0.0000 +0.0000 +0.0000 +0.0000 +0.0000 +0.0000 +0.0000 +0.0000 +0.0000 +0.0000 +0.0000 +0.0000 +0.0000 +0.0000 +0.0000 +0.0000 +0.0000 +0.0000 +0.0000 +0.0000 +0.0000 +0.0000 +0.0000 +0.0000 +0.0000 +0.0000 +0.0000 +0.0000 +0.0000 +0.0000 +0.0000 +0.0000 +0.0000 +0.0000 ;
+0.0000 +0.0000 +0.0000 +0.0000 +0.0000 +0.0000 +0.0000 +0.0000 +0.0000 +0.0000 +0.0000 +0.0000 +0.0000 +0.0000 +0.0000 +0.0000 +0.0000 +0.0000 +0.0000 +0.0000 +0.0000 +0.0000 +0.0000 +0.0000 +0.0000 +0.0000 +0.0000 +0.0000 +0.0000 +0.0000 +0.0000 +0.0000 +0.0000 +0.0000 +0.0000 +0.0000 +0.0000 +0.0000 +0.0000 +0.0000 +0.0000 +0.0000 +0.0000 +0.0000 +0.0000 +0.0000 +0.0000 +0.0000 +0.0000 +0.0000 +0.0000 +0.0000 +0.0000 +0.0000 +0.0000 +0.0000 +0.0000 +0.0000 +0.0000 +0.0000 +0.0000 +0.0000 +0.0000 +0.0000 +0.0000 +0.0000 +0.0000 +0.0000 +0.0000 +0.0000 +0.0000 +0.0000 +0.0000 +0.0000 +0.0000 ;
+0.0000 +0.0000 +0.0000 +0.0000 +0.0000 +0.0000 +0.0000 +0.0000 +0.0000 +0.0000 +0.0000 +0.0000 +0.0000 +0.0000 +0.0000 +0.0000 +0.0000 +0.0000 +0.0000 +0.0000 +0.0000 +0.0000 +0.0000 +0.0000 +0.0000 +0.0000 +0.0000 +0.0000 +0.0000 +0.0000 +0.0000 +0.0000 +0.0000 +0.0000 +0.0000 +0.0000 +0.0000 +0.0000 +0.0000 +0.0000 +0.0000 +0.0000 +0.0000 +0.0000 +0.0000 +0.0000 +0.0000 +0.0000 +0.0000 +0.0000 +0.0000 +0.0000 +0.0000 +0.0000 +0.0000 +0.0000 +0.0000 +0.0000 +0.0000 +0.0000 +0.0000 +0.0000 +0.0000 +0.0000 +0.0000 +0.0000 +0.0000 +0.0000 +0.0000 +0.0000 +0.0000 +0.0000 +0.0000 +0.0000 +0.0000 ;
+0.0000 +0.0000 +0.0000 +0.0000 +0.0000 +0.0000 +0.0000 +0.0000 +0.0000 +0.0000 +0.0000 +0.0000 +0.0000 +0.0000 +0.0000 +0.0000 +0.0000 +0.0000 +0.0000 +0.0000 +0.0000 +0.0000 +0.0000 +0.0000 +0.0000 +0.0000 +0.0000 +0.0000 +0.0000 +0.0000 +0.0000 +0.0000 +0.0000 +0.0000 +0.0000 +0.0000 +0.0000 +0.0000 +0.0000 +0.0000 +0.0000 +0.0000 +0.0000 +0.0000 +0.0000 +0.0000 +0.0000 +0.0000 +0.0000 +0.0000 +0.0000 +0.0000 +0.0000 +0.0000 +0.0000 +0.0000 +0.0000 +0.0000 +0.0000 +0.0000 +0.0000 +0.0000 +0.0000 +0.0000 +0.0000 +0.0000 +0.0000 +0.0000 +0.0000 +0.0000 +0.0000 +0.0000 +0.0000 +0.0000 +0.0000 ;
+0.0000 +0.0000 +0.0000 +0.0000 +0.0000 +0.0000 +0.0000 +0.0000 +0.0000 +0.0000 +0.0000 +0.0000 +0.0000 +0.0000 +0.0000 +0.0000 +0.0000 +0.0000 +0.0000 +0.0000 +0.0000 +0.0000 +0.0000 +0.0000 +0.0000 +0.0000 +0.0000 +0.0000 +0.0000 +0.0000 +0.0000 +0.0000 +0.0000 +0.0000 +0.0000 +0.0000 +0.0000 +0.0000 +0.0000 +0.0000 +0.0000 +0.0000 +0.0000 +0.0000 +0.0000 +0.0000 +0.0000 +0.0000 +0.0000 +0.0000 +0.0000 +0.0000 +0.0000 +0.0000 +0.0000 +0.0000 +0.0000 +0.0000 +0.0000 +0.0000 +0.0000 +0.0000 +0.0000 +0.0000 +0.0000 +0.0000 +0.0000 +0.0000 +0.0000 +0.0000 +0.0000 +0.0000 +0.0000 +0.0000 +0.0000 ;
+0.0000 +0.0000 +0.0000 +0.0000 +0.0000 +0.0000 +0.0000 +0.0000 +0.0000 +0.0000 +0.0000 +0.0000 +0.0000 +0.0000 +0.0000 +0.0000 +0.0000 +0.0000 +0.0000 +0.0000 +0.0000 +0.0000 +0.0000 +0.0000 +0.0000 +0.0000 +0.0000 +0.0000 +0.0000 +0.0000 +0.0000 +0.0000 +0.0000 +0.0000 +0.0000 +0.0000 +0.0000 +0.0000 +0.0000 +0.0000 +0.0000 +0.0000 +0.0000 +0.0000 +0.0000 +0.0000 +0.0000 +0.0000 +0.0000 +0.0000 +0.0000 +0.0000 +0.0000 +0.0000 +0.0000 +0.0000 +0.0000 +0.0000 +0.0000 +0.0000 +0.0000 +0.0000 +0.0000 +0.0000 +0.0000 +0.0000 +0.0000 +0.0000 +0.0000 +0.0000 +0.0000 +0.0000 +0.0000 +0.0000 +0.0000 ;
+0.0000 +0.0000 +0.0000 +0.0000 +0.0000 +0.0000 +0.0000 +0.0000 +0.0000 +0.0000 +0.0000 +0.0000 +0.0000 +0.0000 +0.0000 +0.0000 +0.0000 +0.0000 +0.0000 +0.0000 +0.0000 +0.0000 +0.0000 +0.0000 +0.0000 +0.0000 +0.0000 +0.0000 +0.0000 +0.0000 +0.0000 +0.0000 +0.0000 +0.0000 +0.0000 +0.0000 +0.0000 +0.0000 +0.0000 +0.0000 +0.0000 +0.0000 +0.0000 +0.0000 +0.0000 +0.0000 +0.0000 +0.0000 +0.0000 +0.0000 +0.0000 +0.0000 +0.0000 +0.0000 +0.0000 +0.0000 +0.0000 +0.0000 +0.0000 +0.0000 +0.0000 +0.0000 +0.0000 +0.0000 +0.0000 +0.0000 +0.0000 +0.0000 +0.0000 +0.0000 +0.0000 +0.0000 +0.0000 +0.0000 +0.0000 ;
+0.0000 +0.0000 +0.0000 +0.0000 +0.0000 +0.0000 +0.0000 +0.0000 +0.0000 +0.0000 +0.0000 +0.0000 +0.0000 +0.0000 +0.0000 +0.0000 +0.0000 +0.0000 +0.0000 +0.0000 +0.0000 +0.0000 +0.0000 +0.0000 +0.0000 +0.0000 +0.0000 +0.0000 +0.0000 +0.0000 +0.0000 +0.0000 +0.0000 +0.0000 +0.0000 +0.0000 +0.0000 +0.0000 +0.0000 +0.0000 +0.0000 +0.0000 +0.0000 +0.0000 +0.0000 +0.0000 +0.0000 +0.0000 +0.0000 +0.0000 +0.0000 +0.0000 +0.0000 +0.0000 +0.0000 +0.0000 +0.0000 +0.0000 +0.0000 +0.0000 +0.0000 +0.0000 +0.0000 +0.0000 +0.0000 +0.0000 +0.0000 +0.0000 +0.0000 +0.0000 +0.0000 +0.0000 +0.0000 +0.0000 +0.0000 ;
+0.0000 +0.0000 +0.0000 +0.0000 +0.0000 +0.0000 +0.0000 +0.0000 +0.0000 +0.0000 +0.0000 +0.0000 +0.0000 +0.0000 +0.0000 +0.0000 +0.0000 +0.0000 +0.0000 +0.0000 +0.0000 +0.0000 +0.0000 +0.0000 +0.0000 +0.0000 +0.0000 +0.0000 +0.0000 +0.0000 +0.0000 +0.0000 +0.0000 +0.0000 +0.0000 +0.0000 +0.0000 +0.0000 +0.0000 +0.0000 +0.0000 +0.0000 +0.0000 +0.0000 +0.0000 +0.0000 +0.0000 +0.0000 +0.0000 +0.0000 +0.0000 +0.0000 +0.0000 +0.0000 +0.0000 +0.0000 +0.0000 +0.0000 +0.0000 +0.0000 +0.0000 +0.0000 +0.0000 +0.0000 +0.0000 +0.0000 +0.0000 +0.0000 +0.0000 +0.0000 +0.0000 +0.0000 +0.0000 +0.0000 +0.0000 ;
+0.0000 +0.0000 +0.0000 +0.0000 +0.0000 +0.0000 +0.0000 +0.0000 +0.0000 +0.0000 +0.0000 +0.0000 +0.0000 +0.0000 +0.0000 +0.0000 +0.0000 +0.0000 +0.0000 +0.0000 +0.0000 +0.0000 +0.0000 +0.0000 +0.0000 +0.0000 +0.0000 +0.0000 +0.0000 +0.0000 +0.0000 +0.0000 +0.0000 +0.0000 +0.0000 +0.0000 +0.0000 +0.0000 +0.0000 +0.0000 +0.0000 +0.0000 +0.0000 +0.0000 +0.0000 +0.0000 +0.0000 +0.0000 +0.0000 +0.0000 +0.0000 +0.0000 +0.0000 +0.0000 +0.0000 +0.0000 +0.0000 +0.0000 +0.0000 +0.0000 +0.0000 +0.0000 +0.0000 +0.0000 +0.0000 +0.0000 +0.0000 +0.0000 +0.0000 +0.0000 +0.0000 +0.0000 +0.0000 +0.0000 +0.0000 ;
+0.0000 +0.0000 +0.0000 +0.0000 +0.0000 +0.0000 +0.0000 +0.0000 +0.0000 +0.0000 +0.0000 +0.0000 +0.0000 +0.0000 +0.0000 +0.0000 +0.0000 +0.0000 +0.0000 +0.0000 +0.0000 +0.0000 +0.0000 +0.0000 +0.0000 +0.0000 +0.0000 +0.0000 +0.0000 +0.0000 +0.0000 +0.0000 +0.0000 +0.0000 +0.0000 +0.0000 +0.0000 +0.0000 +0.0000 +0.0000 +0.0000 +0.0000 +0.0000 +0.0000 +0.0000 +0.0000 +0.0000 +0.0000 +0.0000 +0.0000 +0.0000 +0.0000 +0.0000 +0.0000 +0.0000 +0.0000 +0.0000 +0.0000 +0.0000 +0.0000 +0.0000 +0.0000 +0.0000 +0.0000 +0.0000 +0.0000 +0.0000 +0.0000 +0.0000 +0.0000 +0.0000 +0.0000 +0.0000 +0.0000 +0.0000 ;
+0.0000 +0.0000 +0.0000 +0.0000 +0.0000 +0.0000 +0.0000 +0.0000 +0.0000 +0.0000 +0.0000 +0.0000 +0.0000 +0.0000 +0.0000 +0.0000 +0.0000 +0.0000 +0.0000 +0.0000 +0.0000 +0.0000 +0.0000 +0.0000 +0.0000 +0.0000 +0.0000 +0.0000 +0.0000 +0.0000 +0.0000 +0.0000 +0.0000 +0.0000 +0.0000 +0.0000 +0.0000 +0.0000 +0.0000 +0.0000 +0.0000 +0.0000 +0.0000 +0.0000 +0.0000 +0.0000 +0.0000 +0.0000 +0.0000 +0.0000 +0.0000 +0.0000 +0.0000 +0.0000 +0.0000 +0.0000 +0.0000 +0.0000 +0.0000 +0.0000 +0.0000 +0.0000 +0.0000 +0.0000 +0.0000 +0.0000 +0.0000 +0.0000 +0.0000 +0.0000 +0.0000 +0.0000 +0.0000 +0.0000 +0.0000 ;
+0.0000 +0.0000 +0.0000 +0.0000 +0.0000 +0.0000 +0.0000 +0.0000 +0.0000 +0.0000 +0.0000 +0.0000 +0.0000 +0.0000 +0.0000 +0.0000 +0.0000 +0.0000 +0.0000 +0.0000 +0.0000 +0.0000 +0.0000 +0.0000 +0.0000 +0.0000 +0.0000 +0.0000 +0.0000 +0.0000 +0.0000 +0.0000 +0.0000 +0.0000 +0.0000 +0.0000 +0.0000 +0.0000 +0.0000 +0.0000 +0.0000 +0.0000 +0.0000 +0.0000 +0.0000 +0.0000 +0.0000 +0.0000 +0.0000 +0.0000 +0.0000 +0.0000 +0.0000 +0.0000 +0.0000 +0.0000 +0.0000 +0.0000 +0.0000 +0.0000 +0.0000 +0.0000 +0.0000 +0.0000 +0.0000 +0.0000 +0.0000 +0.0000 +0.0000 +0.0000 +0.0000 +0.0000 +0.0000 +0.0000 +0.0000 ;
+0.0000 +0.0000 +0.0000 +0.0000 +0.0000 +0.0000 +0.0000 +0.0000 +0.0000 +0.0000 +0.0000 +0.0000 +0.0000 +0.0000 +0.0000 +0.0000 +0.0000 +0.0000 +0.0000 +0.0000 +0.0000 +0.0000 +0.0000 +0.0000 +0.0000 +0.0000 +0.0000 +0.0000 +0.0000 +0.0000 +0.0000 +0.0000 +0.0000 +0.0000 +0.0000 +0.0000 +0.0000 +0.0000 +0.0000 +0.0000 +0.0000 +0.0000 +0.0000 +0.0000 +0.0000 +0.0000 +0.0000 +0.0000 +0.0000 +0.0000 +0.0000 +0.0000 +0.0000 +0.0000 +0.0000 +0.0000 +0.0000 +0.0000 +0.0000 +0.0000 +0.0000 +0.0000 +0.0000 +0.0000 +0.0000 +0.0000 +0.0000 +0.0000 +0.0000 +0.0000 +0.0000 +0.0000 +0.0000 +0.0000 +0.0000 ;
+0.0000 +0.0000 +0.0000 +0.0000 +0.0000 +0.0000 +0.0000 +0.0000 +0.0000 +0.0000 +0.0000 +0.0000 +0.0000 +0.0000 +0.0000 +0.0000 +0.0000 +0.0000 +0.0000 +0.0000 +0.0000 +0.0000 +0.0000 +0.0000 +0.0000 +0.0000 +0.0000 +0.0000 +0.0000 +0.0000 +0.0000 +0.0000 +0.0000 +0.0000 +0.0000 +0.0000 +0.0000 +0.0000 +0.0000 +0.0000 +0.0000 +0.0000 +0.0000 +0.0000 +0.0000 +0.0000 +0.0000 +0.0000 +0.0000 +0.0000 +0.0000 +0.0000 +0.0000 +0.0000 +0.0000 +0.0000 +0.0000 +0.0000 +0.0000 +0.0000 +0.0000 +0.0000 +0.0000 +0.0000 +0.0000 +0.0000 +0.0000 +0.0000 +0.0000 +0.0000 +0.0000 +0.0000 +0.0000 +0.0000 +0.0000 ;
+0.0000 +0.0000 +0.0000 +0.0000 +0.0000 +0.0000 +0.0000 +0.0000 +0.0000 +0.0000 +0.0000 +0.0000 +0.0000 +0.0000 +0.0000 +0.0000 +0.0000 +0.0000 +0.0000 +0.0000 +0.0000 +0.0000 +0.0000 +0.0000 +0.0000 +0.0000 +0.0000 +0.0000 +0.0000 +0.0000 +0.0000 +0.0000 +0.0000 +0.0000 +0.0000 +0.0000 +0.0000 +0.0000 +0.0000 +0.0000 +0.0000 +0.0000 +0.0000 +0.0000 +0.0000 +0.0000 +0.0000 +0.0000 +0.0000 +0.0000 +0.0000 +0.0000 +0.0000 +0.0000 +0.0000 +0.0000 +0.0000 +0.0000 +0.0000 +0.0000 +0.0000 +0.0000 +0.0000 +0.0000 +0.0000 +0.0000 +0.0000 +0.0000 +0.0000 +0.0000 +0.0000 +0.0000 +0.0000 +0.0000 +0.0000 ;
+0.0000 +0.0000 +0.0000 +0.0000 +0.0000 +0.0000 +0.0000 +0.0000 +0.0000 +0.0000 +0.0000 +0.0000 +0.0000 +0.0000 +0.0000 +0.0000 +0.0000 +0.0000 +0.0000 +0.0000 +0.0000 +0.0000 +0.0000 +0.0000 +0.0000 +0.0000 +0.0000 +0.0000 +0.0000 +0.0000 +0.0000 +0.0000 +0.0000 +0.0000 +0.0000 +0.0000 +0.0000 +0.0000 +0.0000 +0.0000 +0.0000 +0.0000 +0.0000 +0.0000 +0.0000 +0.0000 +0.0000 +0.0000 +0.0000 +0.0000 +0.0000 +0.0000 +0.0000 +0.0000 +0.0000 +0.0000 +0.0000 +0.0000 +0.0000 +0.0000 +0.0000 +0.0000 +0.0000 +0.0000 +0.0000 +0.0000 +0.0000 +0.0000 +0.0000 +0.0000 +0.0000 +0.0000 +0.0000 +0.0000 +0.0000 ;
+0.0000 +0.0000 +0.0000 +0.0000 +0.0000 +0.0000 +0.0000 +0.0000 +0.0000 +0.0000 +0.0000 +0.0000 +0.0000 +0.0000 +0.0000 +0.0000 +0.0000 +0.0000 +0.0000 +0.0000 +0.0000 +0.0000 +0.0000 +0.0000 +0.0000 +0.0000 +0.0000 +0.0000 +0.0000 +0.0000 +0.0000 +0.0000 +0.0000 +0.0000 +0.0000 +0.0000 +0.0000 +0.0000 +0.0000 +0.0000 +0.0000 +0.0000 +0.0000 +0.0000 +0.0000 +0.0000 +0.0000 +0.0000 +0.0000 +0.0000 +0.0000 +0.0000 +0.0000 +0.0000 +0.0000 +0.0000 +0.0000 +0.0000 +0.0000 +0.0000 +0.0000 +0.0000 +0.0000 +0.0000 +0.0000 +0.0000 +0.0000 +0.0000 +0.0000 +0.0000 +0.0000 +0.0000 +0.0000 +0.0000 +0.0000 ;
+0.0000 +0.0000 +0.0000 +0.0000 +0.0000 +0.0000 +0.0000 +0.0000 +0.0000 +0.0000 +0.0000 +0.0000 +0.0000 +0.0000 +0.0000 +0.0000 +0.0000 +0.0000 +0.0000 +0.0000 +0.0000 +0.0000 +0.0000 +0.0000 +0.0000 +0.0000 +0.0000 +0.0000 +0.0000 +0.0000 +0.0000 +0.0000 +0.0000 +0.0000 +0.0000 +0.0000 +0.0000 +0.0000 +0.0000 +0.0000 +0.0000 +0.0000 +0.0000 +0.0000 +0.0000 +0.0000 +0.0000 +0.0000 +0.0000 +0.0000 +0.0000 +0.0000 +0.0000 +0.0000 +0.0000 +0.0000 +0.0000 +0.0000 +0.0000 +0.0000 +0.0000 +0.0000 +0.0000 +0.0000 +0.0000 +0.0000 +0.0000 +0.0000 +0.0000 +0.0000 +0.0000 +0.0000 +0.0000 +0.0000 +0.0000 ;
+0.0000 +0.0000 +0.0000 +0.0000 +0.0000 +0.0000 +0.0000 +0.0000 +0.0000 +0.0000 +0.0000 +0.0000 +0.0000 +0.0000 +0.0000 +0.0000 +0.0000 +0.0000 +0.0000 +0.0000 +0.0000 +0.0000 +0.0000 +0.0000 +0.0000 +0.0000 +0.0000 +0.0000 +0.0000 +0.0000 +0.0000 +0.0000 +0.0000 +0.0000 +0.0000 +0.0000 +0.0000 +0.0000 +0.0000 +0.0000 +0.0000 +0.0000 +0.0000 +0.0000 +0.0000 +0.0000 +0.0000 +0.0000 +0.0000 +0.0000 +0.0000 +0.0000 +0.0000 +0.0000 +0.0000 +0.0000 +0.0000 +0.0000 +0.0000 +0.0000 +0.0000 +0.0000 +0.0000 +0.0000 +0.0000 +0.0000 +0.0000 +0.0000 +0.0000 +0.0000 +0.0000 +0.0000 +0.0000 +0.0000 +0.0000 ;
+0.0000 +0.0000 +0.0000 +0.0000 +0.0000 +0.0000 +0.0000 +0.0000 +0.0000 +0.0000 +0.0000 +0.0000 +0.0000 +0.0000 +0.0000 +0.0000 +0.0000 +0.0000 +0.0000 +0.0000 +0.0000 +0.0000 +0.0000 +0.0000 +0.0000 +0.0000 +0.0000 +0.0000 +0.0000 +0.0000 +0.0000 +0.0000 +0.0000 +0.0000 +0.0000 +0.0000 +0.0000 +0.0000 +0.0000 +0.0000 +0.0000 +0.0000 +0.0000 +0.0000 +0.0000 +0.0000 +0.0000 +0.0000 +0.0000 +0.0000 +0.0000 +0.0000 +0.0000 +0.0000 +0.0000 +0.0000 +0.0000 +0.0000 +0.0000 +0.0000 +0.0000 +0.0000 +0.0000 +0.0000 +0.0000 +0.0000 +0.0000 +0.0000 +0.0000 +0.0000 +0.0000 +0.0000 +0.0000 +0.0000 +0.0000 ;
+0.0000 +0.0000 +0.0000 +0.0000 +0.0000 +0.0000 +0.0000 +0.0000 +0.0000 +0.0000 +0.0000 +0.0000 +0.0000 +0.0000 +0.0000 +0.0000 +0.0000 +0.0000 +0.0000 +0.0000 +0.0000 +0.0000 +0.0000 +0.0000 +0.0000 +0.0000 +0.0000 +0.0000 +0.0000 +0.0000 +0.0000 +0.0000 +0.0000 +0.0000 +0.0000 +0.0000 +0.0000 +0.0000 +0.0000 +0.0000 +0.0000 +0.0000 +0.0000 +0.0000 +0.0000 +0.0000 +0.0000 +0.0000 +0.0000 +0.0000 +0.0000 +0.0000 +0.0000 +0.0000 +0.0000 +0.0000 +0.0000 +0.0000 +0.0000 +0.0000 +0.0000 +0.0000 +0.0000 +0.0000 +0.0000 +0.0000 +0.0000 +0.0000 +0.0000 +0.0000 +0.0000 +0.0000 +0.0000 +0.0000 +0.0000 ;
+0.0000 +0.0000 +0.0000 +0.0000 +0.0000 +0.0000 +0.0000 +0.0000 +0.0000 +0.0000 +0.0000 +0.0000 +0.0000 +0.0000 +0.0000 +0.0000 +0.0000 +0.0000 +0.0000 +0.0000 +0.0000 +0.0000 +0.0000 +0.0000 +0.0000 +0.0000 +0.0000 +0.0000 +0.0000 +0.0000 +0.0000 +0.0000 +0.0000 +0.0000 +0.0000 +0.0000 +0.0000 +0.0000 +0.0000 +0.0000 +0.0000 +0.0000 +0.0000 +0.0000 +0.0000 +0.0000 +0.0000 +0.0000 +0.0000 +0.0000 +0.0000 +0.0000 +0.0000 +0.0000 +0.0000 +0.0000 +0.0000 +0.0000 +0.0000 +0.0000 +0.0000 +0.0000 +0.0000 +0.0000 +0.0000 +0.0000 +0.0000 +0.0000 +0.0000 +0.0000 +0.0000 +0.0000 +0.0000 +0.0000 +0.0000 ;
+0.0000 +0.0000 +0.0000 +0.0000 +0.0000 +0.0000 +0.0000 +0.0000 +0.0000 +0.0000 +0.0000 +0.0000 +0.0000 +0.0000 +0.0000 +0.0000 +0.0000 +0.0000 +0.0000 +0.0000 +0.0000 +0.0000 +0.0000 +0.0000 +0.0000 +0.0000 +0.0000 +0.0000 +0.0000 +0.0000 +0.0000 +0.0000 +0.0000 +0.0000 +0.0000 +0.0000 +0.0000 +0.0000 +0.0000 +0.0000 +0.0000 +0.0000 +0.0000 +0.0000 +0.0000 +0.0000 +0.0000 +0.0000 +0.0000 +0.0000 +0.0000 +0.0000 +0.0000 +0.0000 +0.0000 +0.0000 +0.0000 +0.0000 +0.0000 +0.0000 +0.0000 +0.0000 +0.0000 +0.0000 +0.0000 +0.0000 +0.0000 +0.0000 +0.0000 +0.0000 +0.0000 +0.0000 +0.0000 +0.0000 +0.0000 ;
+0.0000 +0.0000 +0.0000 +0.0000 +0.0000 +0.0000 +0.0000 +0.0000 +0.0000 +0.0000 +0.0000 +0.0000 +0.0000 +0.0000 +0.0000 +0.0000 +0.0000 +0.0000 +0.0000 +0.0000 +0.0000 +0.0000 +0.0000 +0.0000 +0.0000 +0.0000 +0.0000 +0.0000 +0.0000 +0.0000 +0.0000 +0.0000 +0.0000 +0.0000 +0.0000 +0.0000 +0.0000 +0.0000 +0.0000 +0.0000 +0.0000 +0.0000 +0.0000 +0.0000 +0.0000 +0.0000 +0.0000 +0.0000 +0.0000 +0.0000 +0.0000 +0.0000 +0.0000 +0.0000 +0.0000 +0.0000 +0.0000 +0.0000 +0.0000 +0.0000 +0.0000 +0.0000 +0.0000 +0.0000 +0.0000 +0.0000 +0.0000 +0.0000 +0.0000 +0.0000 +0.0000 +0.0000 +0.0000 +0.0000 +0.0000 ;
+0.0000 +0.0000 +0.0000 +0.0000 +0.0000 +0.0000 +0.0000 +0.0000 +0.0000 +0.0000 +0.0000 +0.0000 +0.0000 +0.0000 +0.0000 +0.0000 +0.0000 +0.0000 +0.0000 +0.0000 +0.0000 +0.0000 +0.0000 +0.0000 +0.0000 +0.0000 +0.0000 +0.0000 +0.0000 +0.0000 +0.0000 +0.0000 +0.0000 +0.0000 +0.0000 +0.0000 +0.0000 +0.0000 +0.0000 +0.0000 +0.0000 +0.0000 +0.0000 +0.0000 +0.0000 +0.0000 +0.0000 +0.0000 +0.0000 +0.0000 +0.0000 +0.0000 +0.0000 +0.0000 +0.0000 +0.0000 +0.0000 +0.0000 +0.0000 +0.0000 +0.0000 +0.0000 +0.0000 +0.0000 +0.0000 +0.0000 +0.0000 +0.0000 +0.0000 +0.0000 +0.0000 +0.0000 +0.0000 +0.0000 +0.0000 ;
+0.0000 +0.0000 +0.0000 +0.0000 +0.0000 +0.0000 +0.0000 +0.0000 +0.0000 +0.0000 +0.0000 +0.0000 +0.0000 +0.0000 +0.0000 +0.0000 +0.0000 +0.0000 +0.0000 +0.0000 +0.0000 +0.0000 +0.0000 +0.0000 +0.0000 +0.0000 +0.0000 +0.0000 +0.0000 +0.0000 +0.0000 +0.0000 +0.0000 +0.0000 +0.0000 +0.0000 +0.0000 +0.0000 +0.0000 +0.0000 +0.0000 +0.0000 +0.0000 +0.0000 +0.0000 +0.0000 +0.0000 +0.0000 +0.0000 +0.0000 +0.0000 +0.0000 +0.0000 +0.0000 +0.0000 +0.0000 +0.0000 +0.0000 +0.0000 +0.0000 +0.0000 +0.0000 +0.0000 +0.0000 +0.0000 +0.0000 +0.0000 +0.0000 +0.0000 +0.0000 +0.0000 +0.0000 +0.0000 +0.0000 +0.0000 ;
+0.0000 +0.0000 +0.0000 +0.0000 +0.0000 +0.0000 +0.0000 +0.0000 +0.0000 +0.0000 +0.0000 +0.0000 +0.0000 +0.0000 +0.0000 +0.0000 +0.0000 +0.0000 +0.0000 +0.0000 +0.0000 +0.0000 +0.0000 +0.0000 +0.0000 +0.0000 +0.0000 +0.0000 +0.0000 +0.0000 +0.0000 +0.0000 +0.0000 +0.0000 +0.0000 +0.0000 +0.0000 +0.0000 +0.0000 +0.0000 +0.0000 +0.0000 +0.0000 +0.0000 +0.0000 +0.0000 +0.0000 +0.0000 +0.0000 +0.0000 +0.0000 +0.0000 +0.0000 +0.0000 +0.0000 +0.0000 +0.0000 +0.0000 +0.0000 +0.0000 +0.0000 +0.0000 +0.0000 +0.0000 +0.0000 +0.0000 +0.0000 +0.0000 +0.0000 +0.0000 +0.0000 +0.0000 +0.0000 +0.0000 +0.0000 ;
+0.0000 +0.1523 -0.0000 -0.0000 +0.0000 +0.0000 +0.0000 +0.0000 +0.0000 +0.0000 +0.0000 +0.0000 +0.0000 +0.0000 +0.0000 +0.0221 +0.0306 +0.0427 +0.0266 +0.1050 +0.0000 +0.1730 +0.0787 +0.0488 +0.0620 +0.0770 +0.0283 +0.1941 +0.0173 +0.1099 +0.2078 +0.4115 +0.0000 +0.0000 +0.0000 +0.0000 -0.5081 +0.0000 +0.0000 -0.0758 +0.0000 -0.1311 +0.0478 +0.1825 +0.2189 +0.0813 +0.0382 +0.0800 +0.0168 +0.0018 +0.0000 +0.0000 -0.0000 -0.0000 -0.0000 -0.0000 -0.0000 -0.0000 -0.0000 -0.0000 -0.0000 +0.0000 +0.0000 +0.0000 +0.0000 +0.0000 +0.2347 +0.2951 +0.2623 +0.4141 +0.3390 +0.0000 +0.0000 +0.0000 -0.4431 ;
+0.0000 +0.1516 -0.1209 -0.0000 +0.0000 +0.0000 +0.0000 +0.0000 +0.0000 +0.0000 +0.0000 +0.0000 +0.0000 +0.0000 +0.0000 +0.0000 +0.0000 +0.0000 +0.0000 +0.0000 +0.0000 +0.0000 +0.0000 +0.0000 +0.0000 +0.0000 +0.0000 +0.0000 +0.0000 +0.0000 +0.0000 +0.2376 +0.0987 +0.0514 +0.1483 +0.3757 +0.0000 -0.0000 +0.2248 -0.0031 +0.5647 +0.0000 +0.0000 +0.0000 +0.0000 +0.0000 +0.0000 +0.0000 +0.0003 +0.0000 +0.0000 +0.0002 -0.0000 +0.0000 -0.0000 +0.0000 +0.0000 +0.0000 +0.0000 +0.0000 +0.0000 +0.0000 +0.0000 +0.0000 +0.0000 -0.0000 +0.0000 +0.0573 +0.1931 +0.0000 +0.2227 -0.0012 -0.0000 -0.0000 +0.2784 ;
-0.2993 +0.1717 +0.5810 -0.0326 -0.1947 -0.1971 -0.0556 -0.0452 -0.0534 +0.4487 -0.6456 -0.6400 -0.6252 -0.1657 -0.6201 +0.0259 +0.0937 -0.1040 -0.0460 -0.3064 +0.0197 +0.0274 -0.1525 -0.1942 -0.2261 -0.3053 -0.1625 -0.2578 -0.2444 -0.2530 -0.1599 +0.0739 -0.0591 -0.1078 +0.0000 +0.0000 -0.0488 +0.0000 +0.0000 -0.2568 -0.0000 +0.0000 +0.0000 +0.0000 +0.0000 +0.0000 +0.0000 +0.0000 +0.0000 +0.0000 +0.0000 +0.0000 +0.0000 -0.6926 -0.6511 -0.6858 -0.6864 -0.6884 -0.6797 +0.0000 -0.6863 -0.6872 -0.6856 -0.6775 -0.6766 -0.6877 +0.0000 +0.0036 +0.0000 +0.0000 +0.0000 -0.3567 +0.0000 +0.0000 +0.1843 ;
+0.0000 +0.1076 -0.1531 -0.0703 -0.0816 +0.0567 -0.0224 -0.1967 -0.0941 -0.0724 -0.0119 -0.1177 +0.0152 -0.0696 +0.1673 +0.0423 -0.1023 +0.0005 +0.0159 +0.0229 +0.1949 +0.1449 +0.0688 +0.0661 +0.0646 +0.0792 +0.0567 +0.0000 -0.0007 +0.0000 +0.0000 +0.2711 +0.3876 +0.4230 +0.0000 -0.5379 -0.5566 -0.0463 +0.0000 +0.0000 +0.0000 +0.0000 +0.0840 +0.1696 +0.1073 +0.2136 +0.0001 +0.0000 +0.2036 +0.0000 +0.0000 +0.0000 -0.0007 -0.0008 -0.0006 -0.0008 -0.0008 +0.0000 +0.0000 +0.0000 +0.0000 +0.0000 +0.0000 +0.0000 +0.0000 +0.0000 +0.0764 +0.0000 +0.0000 +0.0000 +0.0000 -0.0412 -0.0921 +0.0000 +0.4039 ;
-0.0910 +0.0000 -0.1977 -0.1480 -0.1296 +0.0000 +0.0000 +0.0000 +0.0000 +0.0000 +0.0000 +0.0000 +0.0000 +0.0000 +0.0000 +0.0000 +0.4966 +0.4883 +0.4843 -0.1892 +0.5199 +0.4042 +0.3780 +0.0000 -0.4424 +0.0000 +0.0000 +0.0000 +0.2496 +0.4722 +0.0000 -0.0621 +0.0000 +0.0000 +0.0000 -0.0487 +0.0763 +0.3336 +0.0661 +0.0000 -0.0018 +0.0000 +0.2282 +0.1006 +0.0724 +0.2329 +0.0000 +0.0000 +0.0000 +0.0000 +0.0000 +0.0000 -0.1862 -0.2263 -0.2127 -0.2222 -0.1968 -0.2036 +0.0000 +0.0000 +0.0000 +0.0000 +0.0000 +0.0000 +0.0000 +0.0000 +0.0626 +0.0000 +0.0000 +0.0000 +0.0000 -0.0544 -0.1517 -0.2965 -0.5040 ;
-0.2057 +0.2076 +0.0000 +0.0000 +0.0000 +0.0000 +0.0000 +0.0000 +0.0000 +0.0000 +0.0000 +0.0000 +0.0000 +0.0000 +0.0000 -0.0200 +0.0715 +0.1472 +0.1197 +0.0087 +0.2049 -0.0158 +0.0536 +0.0774 -0.0956 +0.1450 +0.1546 +0.2072 -0.0713 +0.0000 +0.0000 +0.0243 -0.0555 -0.1061 -0.0883 +0.0100 +0.6128 -0.0000 +0.0481 +0.0058 +0.0000 +0.0000 +0.0000 +0.0000 +0.0000 +0.0000 +0.0000 +0.0000 +0.0000 +0.0000 +0.0000 +0.0000 -0.0194 -0.0000 -0.1401 -0.1161 +0.0000 -0.1374 -0.0000 -0.0000 -0.1218 -0.0000 -0.2025 -0.2049 -0.0027 +0.0000 +0.1694 +0.4142 +0.4063 +0.4032 +0.4060 -0.0869 -0.0134 +0.0000 +0.2627 ;
-0.0887 +0.1370 -0.1643 -0.0269 -0.0859 +0.3410 +0.1950 -0.1020 +0.1153 +0.2035 +0.2585 -0.0645 +0.0593 -0.1563 -0.1069 +0.0781 +0.0625 +0.1219 -0.0486 +0.1412 +0.1583 +0.2740 +0.0078 -0.0442 -0.1379 -0.1889 -0.1033 -0.2072 -0.1528 -0.1828 -0.0900 +0.1281 +0.0000 +0.0000 +0.2584 -0.0200 +0.0095 -0.1408 +0.0114 -0.2712 -0.0150 +0.0000 +0.1438 +0.0616 +0.1254 +0.0501 +0.0000 +0.0000 +0.0000 +0.0000 +0.0000 +0.0000 +0.0000 +0.0000 +0.0000 +0.0000 -0.2372 +0.0000 +0.0000 +0.0000 +0.0000 +0.0000 +0.0000 +0.0000 +0.0000 -0.2855 +0.0000 +0.0000 +0.0000 +0.0000 +0.0000 +0.0000 +0.0000 +0.0000 -0.1137 ;
+0.0000 +0.0000 +0.0228 -0.0977 -0.0202 +0.0368 -0.4728 +0.0000 +0.0000 +0.0000 +0.0000 +0.0000 +0.0000 +0.0000 +0.0000 +0.5819 +0.4791 -0.5836 +0.0000 +0.0000 +0.0000 +0.0000 +0.0000 +0.0000 +0.0000 +0.0000 +0.0000 +0.0000 +0.0000 +0.5906 +0.5914 -0.0241 -0.0210 -0.1712 +0.0000 +0.0000 +0.0000 +0.0000 +0.0000 +0.0000 +0.0000 +0.0000 +0.0000 +0.0000 +0.0000 +0.0000 +0.0000 +0.0000 +0.0000 +0.0000 +0.0000 +0.0000 -0.5750 -0.5932 -0.5502 +0.0000 +0.0000 -0.6075 -0.5941 -0.5469 -0.5977 -0.5903 -0.5856 -0.5907 -0.5969 -0.5997 +0.0224 +0.0000 +0.0000 +0.0000 +0.0000 +0.0000 +0.0000 +0.0000 -0.3569 ;
-0.0067 -0.1367 -0.0791 +0.5709 +0.5574 +0.5732 +0.0259 +0.0000 -0.4097 -0.5021 +0.0000 +0.0000 +0.0000 +0.0000 -0.5408 +0.0000 +0.0000 +0.0000 +0.5699 +0.0000 +0.0000 +0.0000 -0.5134 +0.0000 +0.0000 +0.4958 +0.0000 +0.0000 +0.0000 +0.5692 +0.5661 +0.1754 -0.2586 -0.1390 +0.0000 -0.0000 +0.0000 +0.1779 +0.0000 -0.3189 -0.0000 -0.0672 +0.0000 +0.0000 +0.0000 +0.0000 +0.0000 +0.0000 +0.0000 +0.0000 +0.0000 +0.0000 -0.5042 -0.4080 -0.3792 -0.5373 -0.4303 -0.5524 -0.2989 -0.5366 -0.5327 -0.4322 -0.4025 -0.4187 -0.3898 +0.0000 +0.0979 +0.1811 +0.0000 +0.0000 +0.0000 +0.0000 +0.0000 +0.0000 -0.3569 ;
+0.0000 +0.0000 +0.5382 -0.0463 +0.0392 +0.0277 +0.0000 -0.5483 +0.0000 +0.0000 +0.0000 +0.0000 +0.0000 +0.0000 -0.5758 +0.5652 +0.0000 +0.0000 +0.0000 +0.0000 +0.0000 +0.5795 +0.0000 +0.0000 +0.0000 +0.5767 -0.5422 +0.0000 +0.5584 +0.0000 +0.0000 -0.0828 -0.1541 -0.0248 -0.0357 +0.0000 +0.0000 +0.1187 -0.0000 -0.2667 +0.0000 +0.1526 +0.0000 +0.0000 +0.0000 +0.0000 +0.0000 +0.0000 +0.0000 +0.0000 +0.0000 +0.0000 +0.0000 -0.6030 -0.5080 -0.6059 -0.5979 +0.0000 -0.5568 -0.5940 -0.5977 -0.5808 -0.5962 -0.5778 -0.5816 -0.5889 +0.1652 +0.0000 +0.0000 +0.0000 +0.0000 +0.0000 +0.0000 +0.0000 -0.3569 ;
-0.0096 -0.0584 -0.4945 +0.5631 +0.0101 +0.0384 +0.4730 -0.0271 -0.5426 +0.0000 +0.0000 +0.0000 +0.0000 +0.0000 +0.0000 +0.5727 +0.0000 +0.0000 +0.0000 +0.5980 +0.5736 +0.0000 +0.0000 +0.0000 +0.0000 +0.0000 +0.0000 +0.0000 -0.4095 +0.4866 +0.0000 +0.1054 -0.1413 -0.2037 +0.0000 -0.0001 +0.0000 +0.1481 +0.0000 -0.2132 -0.0000 -0.1238 +0.0000 +0.0000 +0.3709 +0.0000 +0.0000 +0.0000 +0.0000 +0.0000 +0.0000 +0.0000 -0.4340 -0.5645 -0.4363 -0.5158 -0.5014 -0.5452 -0.4445 -0.3767 -0.5128 -0.5220 -0.5561 -0.3884 -0.4550 +0.0000 +0.0203 +0.1652 +0.0000 +0.0000 +0.0000 +0.0000 +0.0000 +0.0000 -0.3569 ;
+0.0000 -0.0762 +0.0000 +0.0000 +0.5430 -0.0366 +0.0059 -0.0143 +0.0479 -0.5837 +0.0000 +0.0000 +0.0000 +0.0000 +0.0000 +0.0000 +0.0000 +0.0000 +0.0000 +0.5915 +0.6070 +0.0000 +0.6039 +0.0000 +0.0000 +0.0000 -0.5020 +0.5614 +0.0000 +0.0000 +0.0000 -0.1533 -0.1355 -0.1812 -0.0435 -0.0000 +0.0000 +0.0902 -0.0000 -0.2697 -0.0000 +0.0862 +0.0000 +0.0000 +0.0000 +0.0000 +0.0000 +0.0000 +0.0000 +0.0000 +0.0000 +0.0000 +0.0000 -0.6007 -0.5723 -0.6147 -0.5996 -0.6193 -0.6031 -0.5714 -0.5872 -0.6092 +0.0000 -0.6073 -0.5961 -0.6087 +0.0000 +0.0060 +0.1586 +0.0000 +0.0000 -0.1511 +0.0000 +0.0000 -0.3569 ;
-0.0114 +0.0000 +0.0000 +0.0000 +0.0000 +0.0000 +0.0885 -0.0020 -0.0314 -0.0196 +0.0000 -0.5422 +0.0000 +0.0000 +0.0000 +0.0000 +0.0000 +0.0000 +0.0000 +0.0486 +0.0000 +0.4744 +0.4786 +0.0000 +0.5403 +0.0000 +0.0000 +0.0000 +0.0000 +0.0000 +0.0000 -0.0607 -0.0258 -0.0441 +0.0000 +0.0000 +0.0000 +0.0571 +0.0000 +0.0000 +0.0000 +0.0000 +0.0000 +0.0000 +0.0000 +0.0000 +0.0000 +0.0000 +0.0000 +0.0000 +0.0000 +0.0000 -0.5604 -0.5876 +0.0000 -0.5529 -0.5776 -0.5650 -0.5669 -0.5774 -0.5779 -0.5490 -0.5207 -0.5727 -0.5757 -0.5794 +0.0000 +0.0000 +0.0654 +0.0000 +0.0000 +0.0000 +0.0000 +0.0000 -0.3569 ;
+0.0000 -0.0208 +0.0000 +0.0000 +0.0000 +0.0000 -0.5315 -0.0057 +0.5472 +0.0526 +0.4423 -0.0111 -0.5625 +0.0000 +0.0000 +0.0000 +0.0000 +0.0000 +0.5338 +0.0000 +0.0000 +0.0000 +0.0000 +0.0000 -0.4072 +0.0000 +0.0000 +0.5715 +0.5743 +0.5413 +0.0000 -0.1644 -0.0327 -0.1199 +0.0000 -0.0002 +0.0000 +0.2419 +0.0000 -0.3247 -0.0000 -0.2429 +0.0000 +0.0000 +0.0000 +0.0000 +0.0000 +0.5279 +0.0000 +0.0000 +0.0000 +0.0000 +0.0000 -0.5522 -0.4074 -0.4697 -0.5021 -0.5374 -0.5226 -0.4268 -0.4747 -0.5468 -0.4915 -0.5427 +0.0000 -0.4558 +0.0000 +0.0000 +0.1611 +0.1503 +0.0000 +0.0000 +0.0000 +0.0000 -0.3569 ;
-0.0186 +0.0000 +0.0000 +0.0000 +0.0000 +0.0000 -0.5869 +0.0000 +0.0000 -0.0562 -0.0261 +0.0196 -0.0410 +0.0000 +0.0000 +0.0000 -0.5913 +0.0000 +0.0000 +0.0000 +0.5887 +0.5468 +0.0000 +0.5462 +0.0000 +0.0000 +0.0000 +0.5981 +0.0000 +0.0000 +0.0000 -0.0830 -0.1245 -0.1212 -0.0584 +0.0000 +0.0000 +0.1156 -0.0000 -0.3521 +0.0000 +0.0696 +0.0000 +0.0000 +0.0000 +0.0000 +0.0000 +0.0000 +0.0000 +0.0000 +0.0000 +0.0000 +0.0000 -0.6254 -0.5673 -0.6253 -0.6141 -0.6264 -0.6133 -0.6160 -0.6211 -0.6220 -0.6250 -0.6105 -0.5956 -0.6162 +0.0000 +0.0000 +0.0000 +0.2073 +0.0000 +0.0000 +0.0000 +0.0000 -0.3569 ;
+0.0000 -0.1507 +0.0000 +0.0000 +0.0000 +0.0000 +0.0000 +0.0000 +0.0000 -0.0218 -0.0012 +0.6046 +0.0217 -0.0334 -0.5213 +0.0000 +0.5224 +0.0000 +0.0000 -0.5585 +0.5550 +0.0000 +0.0000 +0.0000 +0.0000 +0.0000 +0.0000 +0.0000 +0.5452 +0.4798 +0.0000 +0.0000 -0.0408 -0.1429 -0.0757 -0.0000 +0.0000 +0.2736 +0.0000 -0.1843 -0.0000 -0.0983 +0.0000 +0.0000 +0.0000 +0.0000 +0.0000 +0.0000 +0.0000 +0.0000 +0.0000 +0.0000 -0.5436 +0.0000 -0.4428 -0.5704 +0.0000 -0.5966 -0.5823 -0.5525 -0.5856 -0.5776 -0.5950 -0.5742 -0.5183 -0.5800 +0.0000 +0.0000 +0.0000 +0.1810 +0.1077 +0.0000 +0.0000 +0.0000 -0.3569 ;
-0.0523 -0.1887 +0.0000 +0.0000 +0.0000 +0.0000 +0.0000 -0.5591 +0.0000 -0.5870 +0.0215 +0.0331 +0.5994 +0.0065 +0.0169 +0.0000 +0.5067 +0.0000 +0.0000 +0.0000 +0.0000 -0.5323 +0.5159 +0.0000 +0.0000 +0.5904 +0.5888 +0.5743 +0.0000 +0.0000 -0.4752 -0.1161 -0.0834 -0.0736 +0.0046 -0.0000 -0.0000 +0.2318 +0.1737 -0.1962 -0.0000 -0.0974 +0.0000 +0.0000 +0.0000 +0.0000 +0.0000 +0.0000 +0.0000 +0.0000 +0.4985 +0.0000 -0.5784 -0.5912 -0.4711 -0.5802 -0.5983 -0.6069 -0.5744 -0.5508 -0.5898 -0.6001 -0.5834 -0.5822 -0.5977 +0.0000 +0.0000 +0.0000 +0.0000 +0.0001 +0.0681 +0.0000 +0.0000 -0.2174 -0.3569 ;
+0.0000 +0.0000 +0.1436 -0.0640 -0.4739 -0.3953 -0.2884 -0.3957 +0.0000 -0.3118 -0.4557 +0.0000 +0.0000 +0.0000 +0.0000 +0.2063 +0.2227 -0.0428 -0.3223 -0.3840 -0.2804 -0.3803 -0.4015 -0.2710 +0.0000 +0.0000 +0.0000 +0.0000 +0.0000 -0.2724 +0.0000 -0.1262 -0.1145 -0.0035 +0.0000 +0.0000 +0.0000 +0.0000 +0.0000 +0.0000 +0.0000 +0.0000 +0.1917 +0.0000 +0.3033 +0.3059 +0.0000 +0.0000 +0.0000 +0.0000 +0.0000 +0.0000 +0.0000 +0.0000 +0.0000 +0.0000 +0.0000 +0.0000 +0.0000 +0.0000 +0.0000 +0.0000 +0.0000 +0.0000 +0.0000 +0.0000 +0.1497 +0.0000 +0.0000 +0.0008 +0.0000 +0.0000 +0.0000 +0.0000 -0.3569 ;
-0.1088 +0.0398 -0.4025 +0.1158 +0.0954 -0.0253 -0.4982 -0.5271 -0.3765 -0.3561 +0.0000 +0.0000 +0.0000 +0.0000 +0.0000 -0.0464 -0.0569 +0.0626 -0.2900 -0.2542 -0.2791 -0.4472 -0.3227 +0.0000 +0.0000 +0.0000 +0.0000 +0.0000 +0.0000 +0.0000 +0.0000 -0.1376 -0.0302 -0.1687 +0.0000 +0.0000 -0.0000 +0.4833 -0.0000 -0.2685 -0.2215 +0.0000 +0.0000 +0.2632 +0.3888 +0.2862 +0.0000 +0.0000 +0.0000 +0.0000 +0.0000 +0.0000 +0.0000 +0.0000 +0.0000 +0.0000 +0.0000 +0.0000 +0.0000 +0.0000 +0.0000 +0.0000 +0.0000 +0.0000 +0.0000 +0.0000 +0.0860 +0.0000 +0.0000 +0.0013 +0.0000 -0.3782 +0.0000 +0.0000 -0.3569 ;
-0.0138 +0.1834 -0.0084 +0.0000 -0.1344 -0.2656 -0.4087 -0.2502 -0.2710 -0.4279 -0.3664 +0.0000 +0.0000 +0.0000 +0.3938 -0.1036 -0.0410 -0.0052 +0.2210 -0.3515 -0.3230 -0.2006 -0.2960 -0.1734 +0.0000 +0.0000 +0.0000 +0.0000 +0.0000 +0.0000 +0.0000 -0.0876 +0.0904 -0.0566 +0.0000 +0.0000 -0.0001 -0.3902 +0.1376 -0.0893 -0.0457 +0.0000 +0.3316 +0.3180 +0.1828 +0.2718 +0.0000 +0.0000 +0.0000 +0.0000 +0.0000 +0.0000 +0.0000 +0.0000 +0.0000 +0.0000 +0.0000 +0.0000 +0.0000 +0.0000 +0.0000 +0.0000 +0.0000 +0.0000 +0.0000 +0.0000 +0.1246 +0.0035 +0.0000 +0.0023 +0.0001 -0.3127 +0.0000 +0.0000 -0.3569 ;
-0.2250 +0.1953 -0.3710 -0.0050 -0.4689 -0.0473 -0.3190 -0.0346 -0.5278 -0.4876 +0.0000 +0.0000 -0.3415 +0.0000 +0.0000 +0.0000 +0.0624 +0.3469 -0.0825 -0.3973 -0.2422 -0.2600 -0.3514 -0.3738 -0.3152 +0.0000 +0.0000 -0.3865 +0.0000 +0.0000 +0.0000 -0.0361 -0.0689 -0.0194 +0.0000 +0.0000 -0.0000 +0.0000 -0.0000 -0.2456 -0.0473 -0.0298 +0.1713 +0.1237 +0.3984 +0.0000 +0.0000 +0.0000 +0.0000 +0.0000 +0.0000 +0.0000 +0.0000 +0.0000 +0.0000 +0.0000 +0.0000 +0.0000 +0.0000 +0.0000 +0.0000 +0.0000 +0.0000 +0.0000 +0.0000 +0.0000 +0.1144 +0.0000 +0.0000 +0.0012 +0.0000 -0.3610 +0.0000 +0.0000 -0.3569 ;
+0.0000 +0.0242 -0.3631 -0.4308 -0.0208 -0.2996 -0.0764 +0.0448 -0.5068 -0.4458 +0.0000 +0.0000 +0.0000 +0.0000 +0.0000 +0.0000 -0.4089 -0.2992 -0.1393 +0.0218 -0.1797 -0.4310 -0.4271 -0.3829 +0.0000 +0.0000 +0.0000 +0.0000 +0.0000 +0.0000 +0.0000 -0.0054 -0.1011 -0.1405 +0.0000 +0.0000 -0.0000 -0.2191 -0.0001 +0.1889 -0.1176 +0.0000 +0.0000 +0.3167 +0.1893 +0.2520 +0.0000 +0.0000 +0.0000 +0.0000 +0.0000 +0.0000 +0.0000 +0.0000 +0.0000 +0.0000 +0.0000 +0.0000 +0.0000 +0.0000 +0.0000 +0.0000 +0.0000 +0.0000 +0.0000 +0.0000 +0.0261 +0.0135 +0.0000 +0.0015 +0.0000 -0.2744 +0.0000 +0.0000 -0.3569 ;
-0.0435 +0.0107 -0.3476 -0.5190 -0.4240 +0.0678 +0.0632 -0.2115 -0.5449 -0.4330 +0.0000 +0.0000 +0.0000 +0.0000 +0.0000 +0.0000 +0.0000 -0.5144 -0.2462 +0.2694 +0.0238 +0.3656 +0.0000 -0.4266 +0.0000 +0.0000 +0.0000 -0.3839 -0.3434 -0.2543 -0.2948 -0.1459 -0.0270 -0.1072 +0.0000 +0.0000 -0.0000 +0.2520 -0.0000 -0.1721 -0.0607 +0.0000 +0.0000 +0.1782 +0.2693 +0.1296 +0.3610 +0.0000 +0.0000 +0.0000 +0.0000 +0.0000 +0.0000 +0.0000 +0.0000 +0.0000 +0.0000 +0.0000 +0.0000 +0.0000 +0.0000 +0.0000 +0.0000 +0.0000 +0.0000 +0.0000 +0.1608 +0.0037 +0.0000 +0.0013 +0.0000 -0.4099 +0.0000 +0.0000 -0.3569 ;
-0.0122 +0.1144 +0.0000 -0.3103 +0.0000 -0.2673 -0.0502 +0.0320 +0.0253 -0.4051 -0.4490 -0.3065 -0.4847 +0.0000 +0.0000 +0.0000 -0.2681 -0.2567 -0.2540 -0.2580 +0.1774 -0.2357 +0.3525 -0.2098 -0.3298 -0.2231 -0.2493 +0.0000 +0.0000 +0.0000 +0.0000 -0.0181 -0.0244 -0.0787 +0.0000 -0.0000 -0.0000 -0.3025 +0.1269 +0.1582 -0.2331 -0.1439 +0.0000 +0.1900 +0.2389 +0.0000 +0.0000 +0.0000 +0.3305 +0.0000 +0.0000 +0.0000 +0.0000 +0.0000 +0.0000 +0.0000 +0.0000 -0.3297 +0.0000 +0.0000 +0.0000 +0.0000 +0.0000 +0.0000 +0.0000 +0.0000 +0.2309 +0.0257 +0.0000 +0.0020 +0.0000 -0.4074 +0.0000 +0.0000 -0.3569 ;
-0.1824 +0.1235 +0.0000 +0.0000 -0.3396 -0.3576 -0.3862 +0.1665 -0.2153 -0.0394 -0.3574 -0.3380 +0.0000 +0.0000 +0.0000 +0.0000 +0.0000 +0.0000 +0.0000 -0.3405 -0.4060 +0.3014 +0.0281 +0.1502 +0.0000 -0.2752 -0.2588 -0.2329 -0.4014 -0.4215 +0.0000 -0.0272 -0.0795 -0.0150 +0.0000 +0.0000 -0.0000 +0.0000 -0.0000 -0.2779 -0.0762 +0.0000 +0.0000 +0.2832 +0.0000 +0.2590 +0.0000 +0.3237 +0.0000 +0.0000 +0.0000 +0.0000 +0.0000 +0.0000 +0.0000 +0.0000 +0.0000 +0.0000 +0.0000 +0.0000 +0.0000 +0.0000 +0.0000 +0.0000 +0.0000 +0.0000 +0.0000 +0.0294 +0.0000 +0.0011 +0.0000 +0.0000 +0.0000 +0.0000 -0.3569 ;
-0.0130 +0.2124 +0.0000 +0.0000 -0.5352 -0.4999 -0.5004 +0.4539 +0.0796 +0.1619 -0.4481 -0.5574 +0.0000 -0.4407 +0.0000 +0.0000 +0.0000 +0.0000 +0.0000 +0.0000 -0.3982 +0.0000 -0.2160 -0.0093 +0.0136 -0.1710 -0.4220 -0.2777 +0.0000 -0.2353 +0.0000 -0.0248 -0.0208 -0.1606 +0.0000 +0.0000 -0.0000 +0.3595 -0.0000 -0.3337 -0.0060 +0.0000 +0.0000 +0.0000 +0.0000 +0.1780 +0.2164 +0.2752 +0.1657 +0.0000 +0.0000 +0.0000 +0.0000 +0.0000 +0.0000 +0.0000 +0.0000 +0.0000 +0.0000 +0.0000 +0.0000 +0.0000 +0.0000 +0.0000 +0.0000 +0.0000 +0.0932 +0.0000 +0.0000 +0.0011 +0.0000 +0.0000 -0.3898 +0.0000 -0.3569 ;
-0.1203 +0.0066 +0.0000 +0.0000 +0.0000 -0.5252 +0.0000 -0.0798 +0.1317 -0.4096 +0.0937 -0.5240 -0.5170 -0.4050 +0.0000 +0.0000 +0.0000 +0.0000 +0.0000 +0.0000 +0.0000 +0.0000 +0.0000 -0.1796 -0.0477 +0.0648 -0.4390 -0.3917 -0.4719 -0.2834 -0.2378 +0.0000 -0.1150 -0.0815 -0.0029 +0.0000 -0.0000 -0.2182 +0.1335 +0.1133 -0.1712 +0.0000 +0.0000 +0.0000 +0.3950 +0.0000 +0.0000 +0.2146 +0.2748 +0.0000 +0.0000 +0.0000 +0.0000 +0.0000 +0.0000 +0.0000 +0.0000 +0.0000 +0.0000 +0.0000 +0.0000 +0.0000 +0.0000 +0.0000 +0.0000 +0.0000 +0.0249 +0.0043 +0.0000 +0.0023 +0.0000 +0.0000 -0.2432 +0.0000 -0.3569 ;
-0.0136 +0.2011 +0.0000 +0.0000 +0.0000 -0.3575 -0.4042 +0.0000 -0.4885 -0.0551 +0.0378 -0.0559 -0.4223 -0.4590 -0.4638 +0.0000 -0.4405 +0.0000 +0.0000 +0.0000 -0.3277 -0.4462 -0.3183 -0.4345 -0.0547 -0.1097 +0.3627 -0.3612 -0.2779 +0.0000 +0.0000 +0.0000 -0.0229 -0.0127 -0.1317 +0.0000 -0.0000 +0.0000 -0.0000 -0.3563 -0.0536 -0.0196 +0.0000 +0.0000 +0.0000 +0.0000 +0.4012 +0.3280 +0.2494 +0.0000 +0.0000 +0.0000 +0.0000 +0.0000 +0.0000 +0.0000 +0.0000 +0.0000 +0.0000 +0.0000 +0.0000 +0.0000 +0.0000 +0.0000 +0.0000 +0.0000 +0.0000 +0.0240 +0.0000 +0.0014 +0.0000 +0.0000 -0.3411 +0.0000 -0.3569 ;
-0.0373 +0.2240 +0.0000 +0.0000 +0.0000 +0.0000 +0.0000 -0.3542 +0.0029 -0.0457 -0.3456 -0.4345 -0.0020 -0.4921 -0.3853 -0.3256 +0.0000 +0.0000 -0.2882 +0.0000 +0.0000 -0.2176 +0.0000 +0.0000 -0.2987 -0.1731 -0.1268 +0.4039 +0.3426 -0.2457 -0.4328 +0.0000 -0.0359 +0.0034 -0.1191 +0.0000 -0.0000 -0.2560 +0.0339 -0.1233 -0.0757 +0.0000 +0.0000 +0.0000 +0.0000 +0.1410 +0.3877 +0.0000 +0.0000 +0.2953 +0.3700 +0.0000 +0.0000 +0.0000 +0.0000 +0.0000 +0.0000 +0.0000 +0.0000 +0.0000 +0.0000 +0.0000 +0.0000 +0.0000 +0.0000 +0.0000 +0.1757 +0.0000 +0.0000 +0.0021 +0.0000 +0.0000 -0.3226 +0.0000 -0.3569 ;
-0.0130 +0.2193 +0.0000 +0.0000 +0.0000 +0.0000 +0.0000 -0.4690 -0.3132 -0.3778 -0.3935 -0.0308 +0.1009 +0.0842 -0.4795 -0.2776 +0.0000 +0.0000 +0.0000 +0.0000 +0.0000 -0.3463 -0.4072 -0.2911 +0.0000 -0.3159 +0.0000 +0.0791 -0.0086 -0.2389 +0.0000 +0.0000 -0.0153 -0.0056 -0.0036 +0.0000 -0.0000 +0.4391 -0.0000 -0.1763 -0.0000 +0.0000 +0.0000 +0.0000 +0.0000 +0.0000 +0.0000 +0.0000 +0.0000 +0.2015 +0.3157 +0.2984 +0.0000 +0.0000 +0.0000 +0.0000 +0.0000 +0.0000 +0.0000 +0.0000 +0.0000 +0.0000 +0.0000 +0.0000 +0.0000 +0.0000 +0.0000 +0.0035 +0.0000 +0.0015 +0.0000 -0.2666 +0.0000 +0.0000 -0.3569 ;
-0.2242 +0.1512 +0.0000 +0.0000 +0.0000 +0.0000 -0.4824 -0.3997 -0.4023 -0.5220 -0.3648 +0.2031 -0.5426 -0.0144 +0.0886 -0.4569 -0.3724 +0.0000 -0.2762 -0.2560 +0.0000 +0.0000 +0.0000 +0.0000 -0.4337 -0.3167 -0.3838 +0.0287 -0.2896 +0.1963 +0.2635 -0.1585 -0.0224 -0.0114 +0.0455 -0.0000 -0.0000 -0.3429 +0.1660 -0.0123 -0.1418 -0.0471 +0.0000 +0.0000 +0.0000 +0.0000 +0.0000 +0.0000 +0.1862 +0.3634 +0.2025 +0.2511 +0.0000 +0.0000 +0.0000 +0.0000 +0.0000 +0.0000 +0.0000 +0.0000 +0.0000 -0.3259 +0.0000 +0.0000 +0.0000 +0.0000 +0.0000 +0.0039 +0.0000 +0.0013 +0.0000 +0.0000 +0.0000 -0.3936 -0.3569 ;
+0.0000 +0.0000 +0.4184 +0.2033 +0.1623 +0.3072 +0.3236 +0.0000 +0.3788 +0.2683 +0.2315 +0.3176 +0.4331 +0.0000 -0.2431 +0.1282 +0.1227 +0.1942 +0.0784 -0.1997 +0.2507 -0.1622 +0.1045 +0.1223 +0.0378 +0.1409 -0.2530 +0.1560 +0.1682 +0.0000 +0.0000 -0.0082 -0.1973 +0.0752 +0.0000 +0.0000 -0.1622 +0.0000 +0.0000 +0.0000 +0.0000 +0.0000 +0.1162 +0.2506 +0.0000 +0.0000 +0.0000 +0.0000 +0.0000 +0.0000 +0.0000 +0.0000 -0.1065 -0.1037 -0.1237 -0.1210 +0.0000 +0.0000 +0.0000 +0.0000 +0.0000 +0.0000 +0.0000 +0.0000 +0.0000 +0.0000 +0.0000 +0.0787 +0.2065 +0.0000 +0.0000 -0.1796 -0.2276 +0.0000 -0.5007 ;
+0.0000 +0.0259 +0.2026 -0.0305 -0.0688 -0.1118 +0.0795 -0.0402 +0.1701 +0.1875 +0.0532 +0.0745 +0.1806 +0.0000 +0.0000 +0.1259 -0.0794 +0.1401 +0.0549 +0.0867 -0.1218 +0.2022 +0.1113 +0.1742 +0.1651 +0.2497 +0.1390 +0.2124 +0.2340 +0.1338 +0.0000 +0.2158 -0.1394 +0.2265 +0.1687 +0.0000 -0.1139 -0.0304 +0.3206 -0.2134 -0.3487 -0.0599 +0.0000 +0.0702 +0.0040 +0.0000 +0.0000 +0.0000 +0.0000 +0.0000 +0.0000 +0.0000 -0.0149 -0.1475 -0.0198 -0.0019 -0.0857 +0.0000 +0.0000 +0.0000 +0.0000 +0.0000 +0.0000 +0.0000 +0.0000 +0.0000 +0.1295 +0.0000 +0.0000 +0.1630 +0.1236 -0.0282 -0.1457 -0.0021 -0.5007 ;
-0.1095 +0.0000 +0.0000 +0.0003 -0.1787 -0.0411 -0.1172 -0.0977 -0.1471 +0.0003 +0.0003 +0.0003 +0.0003 +0.0000 +0.0000 +0.0613 +0.1878 +0.1413 +0.0962 +0.1351 +0.0837 +0.0757 +0.0778 +0.0360 +0.2201 +0.0300 +0.0457 +0.0305 +0.2241 +0.0000 -0.0003 +0.0605 -0.0552 +0.2524 +0.3019 -0.0447 -0.2240 +0.0002 +0.5802 +0.0000 +0.0916 -0.0885 +0.0000 +0.0000 +0.0000 +0.0000 +0.0001 +0.0000 +0.0000 +0.0000 +0.0000 +0.0000 +0.0000 +0.0000 +0.0000 -0.0001 -0.0581 -0.0174 -0.0001 -0.0660 +0.0000 +0.0000 +0.0000 +0.0000 +0.0000 +0.0000 +0.1456 +0.2394 +0.0000 +0.1579 +0.0000 -0.0045 -0.0000 -0.0001 -0.5007 ;
+0.0000 +0.0414 +0.0000 +0.0000 +0.0196 +0.0454 -0.1296 -0.1156 -0.0027 +0.0023 -0.1080 -0.0923 +0.0033 +0.0498 +0.0040 +0.0000 +0.1181 +0.0537 +0.2410 +0.2206 +0.1732 +0.2482 +0.0429 +0.0076 +0.1297 +0.2353 +0.0452 +0.0962 +0.0161 +0.2181 +0.1942 +0.1047 +0.0705 -0.0578 +0.1265 +0.0000 -0.1514 -0.0011 +0.5653 -0.1575 -0.4681 +0.1465 +0.0000 +0.0000 +0.0000 +0.0000 +0.0000 +0.0052 +0.0060 +0.0000 +0.0000 +0.0000 +0.0000 +0.0000 +0.0000 +0.0000 +0.0000 -0.0005 -0.0006 -0.0005 -0.0004 -0.0752 +0.0000 +0.0000 +0.0000 +0.0000 +0.2875 +0.2478 +0.2708 +0.0000 +0.0000 -0.0063 -0.2034 -0.1411 -0.5007 ;
-0.0114 +0.2813 +0.0000 +0.0000 +0.0606 +0.0418 +0.0000 +0.0000 +0.0000 -0.2085 -0.1080 -0.1391 -0.0998 -0.0799 -0.2089 -0.0000 +0.0735 +0.2281 +0.1252 +0.1871 +0.0687 +0.1312 +0.0197 +0.2233 +0.1233 +0.1470 +0.1725 +0.0273 +0.1974 +0.0784 +0.0126 +0.1856 +0.0318 +0.0612 -0.0136 +0.0654 -0.2221 -0.0000 +0.4868 -0.0360 +0.0447 -0.0398 +0.0000 +0.0000 +0.0000 +0.0000 +0.0000 +0.0000 +0.0000 +0.0000 +0.0001 +0.0000 +0.0000 +0.0000 +0.0000 +0.0000 +0.0000 +0.0000 +0.0000 +0.0000 -0.0000 -0.0000 -0.0000 -0.0000 -0.0844 +0.0000 +0.0000 +0.2048 +0.1915 +0.1119 +0.0000 -0.2179 -0.0792 -0.0586 -0.5007 ;
+0.0000 +0.0000 +0.1438 -0.0489 +0.0077 +0.2176 +0.3640 +0.2754 +0.4096 +0.1025 +0.0000 +0.0000 +0.0000 +0.0000 +0.0000 -0.2209 +0.1587 +0.1048 +0.0498 -0.3675 -0.1747 -0.2379 +0.3859 -0.2968 +0.0883 +0.0000 +0.2945 +0.0000 +0.1915 +0.0000 +0.3262 +0.0737 -0.2066 -0.0212 +0.0000 +0.0000 +0.0000 +0.0514 +0.0532 +0.0000 +0.0000 +0.0000 +0.2915 +0.2994 +0.4087 +0.0000 +0.0000 +0.0000 +0.0000 +0.0000 +0.0000 +0.0000 +0.0000 -0.3261 +0.0000 +0.0000 +0.0000 +0.0000 +0.0000 +0.0000 +0.0000 -0.4819 +0.0000 +0.0000 -0.3634 +0.0000 +0.0000 +0.0000 +0.0000 +0.0000 +0.0000 +0.0000 +0.0000 +0.0000 -0.5007 ;
+0.0000 +0.0000 +0.1847 +0.2126 +0.3623 -0.0288 +0.0000 -0.1377 +0.1887 +0.2671 +0.3542 +0.0000 +0.0000 +0.0000 -0.2657 +0.1549 +0.1361 -0.1280 -0.0015 -0.0092 -0.0464 -0.1220 -0.1577 -0.2021 -0.1398 +0.0000 +0.0000 +0.0000 +0.1919 +0.2694 -0.2790 +0.0397 -0.1009 -0.1556 +0.0000 +0.0344 +0.0005 -0.3865 +0.1485 -0.0069 +0.0555 +0.0000 +0.0000 +0.2967 +0.3714 +0.2710 +0.0000 +0.0000 +0.0000 +0.0000 +0.0000 +0.0000 +0.0000 +0.0000 +0.0000 -0.4643 +0.0000 -0.2938 +0.0000 +0.0000 -0.3484 +0.0000 +0.0000 +0.0000 +0.0000 +0.0000 +0.0000 +0.0505 +0.0000 +0.0000 +0.0000 +0.0000 +0.0000 +0.0000 -0.5007 ;
-0.1598 +0.0062 +0.3092 +0.0000 +0.0000 +0.0000 +0.3034 +0.3870 +0.0996 +0.2695 -0.0939 +0.1405 +0.0759 +0.0000 +0.0000 +0.0000 +0.0000 +0.0000 +0.0000 +0.0000 +0.0000 -0.2128 -0.3670 +0.0865 -0.0876 +0.3555 +0.0645 -0.1509 -0.0747 +0.0201 +0.0822 +0.0000 -0.0369 +0.0359 -0.1299 -0.0000 -0.0000 -0.3021 +0.0064 -0.0928 +0.1409 +0.0000 +0.0000 +0.0000 +0.0000 +0.0000 +0.0000 +0.3284 +0.5064 +0.5272 +0.0000 +0.0000 +0.0000 +0.0000 +0.0000 +0.0000 +0.0000 +0.0000 +0.0000 -0.5036 -0.4594 -0.4727 +0.0000 -0.5277 +0.0000 +0.0000 +0.0000 +0.0000 +0.0385 +0.0000 +0.0000 -0.1385 +0.0000 +0.0000 -0.5007 ;
+0.0000 +0.0000 +0.0000 +0.0000 +0.0000 +0.0000 +0.0000 +0.0000 +0.0000 +0.0000 +0.0000 +0.0000 +0.0000 +0.0000 +0.0000 +0.0000 +0.0000 +0.0000 +0.0000 +0.0000 +0.0000 +0.0000 +0.0000 +0.0000 +0.0000 +0.0000 +0.0000 +0.0000 +0.0000 +0.0000 +0.0000 +0.0000 +0.0000 +0.0000 +0.0000 +0.0000 +0.0000 +0.0000 +0.0000 +0.0000 +0.0000 +0.0000 +0.0000 +0.0000 +0.0000 +0.0000 +0.0000 +0.0000 +0.0000 +0.0000 +0.0000 +0.0000 +0.0000 +0.0000 +0.0000 +0.0000 +0.0000 +0.0000 +0.0000 +0.0000 +0.0000 +0.0000 +0.0000 +0.0000 +0.0000 +0.0000 +0.0000 +0.0000 +0.0000 +0.0000 +0.0000 +0.0000 +0.0000 +0.0000 +0.0000 ;
