brainFunction 22872 21 14 148 24781 2-4 5-10 11-13
0 0.2733
1 0.18181
2 0.583779
3 0.522995
4 0.505526
5 0.597504
6 0.608913
7 0.713369
8 0.442424
9 0.353654
10 0.492692
11 0.447059
12 0.499465
13 0.42139
14 0.631129
15 0.873771
16 0.172809
17 0.786238
18 0.353127
19 0.204184
20 0.942981
0 0.675559
1 0.584628
2 0.0434938
3 0.0581105
4 0.364706
5 0.054902
6 0.0374332
7 0.027451
8 0.0673797
9 0.247059
10 0.247059
11 0.669162
12 0.0595366
13 0.380392
14 0.79031
15 0.889688
16 0.0856296
17 0.757017
18 0.318295
19 0.222461
20 0.962724
0 0.61488
1 0.572862
2 0.0235294
3 0.0235294
4 0.0395722
5 0.0235294
6 0.0235294
7 0.0235294
8 0.0235294
9 0.0349376
10 0.054902
11 0.0235294
12 0.0235294
13 0.649198
14 0.791111
15 0.802263
16 0.0782316
17 0.697054
18 0.195251
19 0.303446
20 0.963078
0 0.276254
1 0.56213
2 0.0386809
3 0.027451
4 0.027451
5 0.0392157
6 0.0406417
7 0.054902
8 0.054902
9 0.054902
10 0.054902
11 0.0803922
12 0.945098
13 0.945098
14 0.708632
15 0.8571
16 0.16898
17 0.715582
18 0.319945
19 0.202678
20 0.961799
0 0.168234
1 0.551609
2 0.456684
3 0.103209
4 0.00641711
5 0.654545
6 0.228877
7 0.163636
8 0.0278075
9 0
10 0
11 0.65508
12 0.142781
13 0.519786
14 0.751494
15 0.888116
16 0.0702784
17 0.658602
18 0.255139
19 0.2194
20 0.963469
0 0.857635
1 0.540939
2 0.0304813
3 0.104278
4 0.163636
5 0.167201
6 0.00713012
7 0.191444
8 0
9 0
10 0
11 0.190909
12 0.141711
13 0.773262
14 0.806848
15 0.887735
16 0.0872349
17 0.769716
18 0.394491
19 0.217145
20 0.963564
0 0.231068
1 0.530707
2 0.0946524
3 0.0235294
4 0.00320856
5 0.0406417
6 0.182175
7 0.00926916
8 0
9 0
10 0
11 0.123886
12 0.0381462
13 0.782888
14 0.776941
15 0.921874
16 0.0796842
17 0.667669
18 0.307367
19 0.234605
20 0.961795
0 0.575192
1 0.520166
2 0.126738
3 0
4 0.160963
5 0.172906
6 0.0324421
7 0
8 0
9 0
10 0
11 0.19893
12 0
13 0.902139
14 0.786043
15 0.909847
16 0.0545257
17 0.661979
18 0.293039
19 0.23965
20 0.964009
0 0.667808
1 0.510028
2 0.0705882
3 0.00392157
4 0.0431373
5 0.0278075
6 0
7 0
8 0
9 0
10 0
11 0.115508
12 0.0855615
13 0.941176
14 0.797448
15 0.896718
16 0.0443062
17 0.631689
18 0.249292
19 0.243727
20 0.961906
0 0.796212
1 0.49987
2 0
3 0.0026738
4 0.0117647
5 0
6 0
7 0
8 0
9 0
10 0
11 0
12 0.216578
13 0.952941
14 0.800532
15 0.876884
16 0.0665712
17 0.670002
18 0.27072
19 0.24907
20 0.961216
0 0.451718
1 0.489995
2 0
3 0.058467
4 0.160784
5 0
6 0
7 0
8 0
9 0
10 0
11 0
12 0.345098
13 0.94902
14 0.721351
15 0.828805
16 0.0464807
17 0.617209
18 0.151547
19 0.3312
20 0.959198
0 0.745044
1 0.480018
2 0.00178253
3 0.00392157
4 0.00392157
5 0
6 0
7 0
8 0
9 0
10 0
11 0.433155
12 0.952941
13 0.952941
14 0.841971
15 0.842169
16 0.141667
17 0.677233
18 0.287819
19 0.19334
20 0.945946
0 0.837122
1 0.470316
2 0
3 0.0905526
4 0.999822
5 0
6 0
7 0
8 0.181105
9 0.22246
10 0.145098
11 0
12 0.0905526
13 0.599287
14 0.833794
15 0.766973
16 0.223295
17 0.754441
18 0.293207
19 0.206015
20 0.944813
0 0.915263
1 0.460298
2 0
3 0.0909091
4 1
5 0
6 0
7 0
8 0.181818
9 0.222816
10 0.145098
11 0
12 0.0909091
13 0.0454545
14 0.818197
15 0.417905
16 0.542141
17 0.635303
18 0.267185
19 0.136616
20 0.935486
0 0.704544
1 0.450386
2 1
3 0.99697
4 0.996078
5 0.145098
6 0.145098
7 0.609269
8 0.996078
9 0.996078
10 0.996078
11 0.392157
12 0.858824
13 0.996078
14 0.846885
15 0.356259
16 0.692883
17 0.722233
18 0.386828
19 0.0978364
20 0.918519
0 0.420955
1 0.440284
2 1
3 1
4 1
5 0.145098
6 0.145098
7 0.611408
8 1
9 1
10 0.53369
11 0
12 0.772727
13 0.727273
14 0.74904
15 0.826019
16 0.255443
17 0.730092
18 0.542086
19 0.127426
20 0.860631
0 0.451808
1 0.429838
2 0
3 0.1
4 0.684492
5 0
6 0
7 0
8 0.6
9 0.773262
10 0.453476
11 0
12 0.1
13 0.725668
14 0.810043
15 0.845607
16 0.143058
17 0.69752
18 0.364803
19 0.206841
20 0.929207
0 0.900314
1 0.419819
2 0
3 0.0727273
4 0.450802
5 0
6 0
7 0
8 0.436364
9 0.387522
10 0.375045
11 0
12 0.0727273
13 0.666845
14 0.815534
15 0.773685
16 0.290461
17 0.777082
18 0.542609
19 0.148415
20 0.929962
0 0.0250544
1 0.410355
2 0
3 0.181818
4 0.464706
5 0
6 0
7 0.490909
8 0.6
9 0.634581
10 0.45098
11 0
12 0.181818
13 0.63369
14 0.812599
15 0.652523
16 0.369853
17 0.790308
18 0.530276
19 0.134721
20 0.915456
0 0.334927
1 0.495973
2 0.2
3 0.2
4 0.2
5 0.6
6 0.6
7 0.6
8 0.6
9 0.6
10 0.6
11 0.2
12 0.2
13 0.2
14 0.733607
15 0.838387
16 0.214485
17 0.780548
18 0.440571
19 0.206408
20 0.912036
0 0.250054
1 0.580554
2 0
3 0.0700535
4 0.116578
5 0
6 0
7 0
8 0.340107
9 0.567914
10 0.247059
11 0
12 0.125134
13 0.550802
14 0.761333
15 0.712593
16 0.270412
17 0.80933
18 0.37518
19 0.227066
20 0.916247
0 0.357294
1 0.655681
2 0
3 0.17754
4 0.2
5 0
6 0
7 0
8 0.503743
9 0.6
10 0.6
11 0
12 0.203209
13 0.2
14 0.773434
15 0.708045
16 0.189492
17 0.744134
18 0.318616
19 0.186286
20 0.90994
0 0.861598
1 0.644242
2 0
3 0.127273
4 0.2
5 0
6 0
7 0.163636
8 0.503743
9 0.6
10 0.6
11 0
12 0.231551
13 0.2
14 0.811331
15 0.635934
16 0.362595
17 0.83525
18 0.485836
19 0.161653
20 0.925076
0 0.00126842
1 0.723845
2 0.00909091
3 0.193583
4 0.2
5 0
6 0.0545455
7 0.503743
8 0.6
9 0.6
10 0.6
11 0.00909091
12 0.286631
13 0.2
14 0.778633
15 0.62358
16 0.408618
17 0.845675
18 0.450385
19 0.176251
20 0.925059
0 0.0878042
1 0.802266
2 0.0363636
3 0.336898
4 0.2
5 0
6 0.218182
7 0.503743
8 0.440642
9 0.6
10 0.6
11 0.0363636
12 0.365775
13 0.2
14 0.800885
15 0.6193
16 0.29947
17 0.779431
18 0.224313
19 0.264289
20 0.942159
0 0.481674
1 0.873711
2 0.0909091
3 0.601426
4 0.666488
5 0
6 0.545455
7 0.24385
8 0.0491979
9 0.224599
10 0.250267
11 0.0909091
12 0.841177
13 0.645454
14 0.578696
15 0.607536
16 0.198481
17 0.58274
18 0.0870663
19 0.323726
20 0.924588
0 0.992348
1 0.855537
2 0.239572
3 0.646524
4 0.388235
5 0.490909
6 0.122995
7 0.0941176
8 0.116578
9 0.249554
10 0.122638
11 0.589127
12 0.978966
13 0.443137
14 0.758764
15 0.712986
16 0.254394
17 0.785513
18 0.35177
19 0.206928
20 0.944032
0 0.0136436
1 0.597292
2 0.634225
3 0.464171
4 0.211765
5 0.139394
6 0.35615
7 0.155793
8 0.20713
9 0.283779
10 0.247059
11 0.645276
12 0.606239
13 0.841533
14 0.633775
15 0.775983
16 0.171166
17 0.583126
18 0.175528
19 0.266924
20 0.938547
0 0.818292
1 0.579265
2 0.587166
3 0.523708
4 0.23779
5 0.330481
6 0.0417112
7 0.204278
8 0.245276
9 0.308734
10 0.330481
11 0.781283
12 0.7082
13 0.963458
14 0.796895
15 0.697861
16 0.372834
17 0.776466
18 0.366901
19 0.230567
20 0.930667
0 0.0561155
1 0.562902
2 0.42549
3 0.194831
4 1
5 0.407843
6 0.468093
7 0.247059
8 0.249198
9 0.455971
10 0.145098
11 0.651337
12 0.685562
13 0.595722
14 0.805262
15 0.510327
16 0.697078
17 0.734249
18 0.313481
19 0.181275
20 0.909746
0 0.57798
1 0.549714
2 1
3 1
4 1
5 0.145098
6 0.145098
7 0.145098
8 0.766845
9 0.922282
10 0.145098
11 0.0980392
12 0.426025
13 0.508021
14 0.869507
15 0.44219
16 0.675458
17 0.824142
18 0.506374
19 0.136747
20 0.962729
0 0.258943
1 0.534551
2 1
3 1
4 1
5 0.145098
6 0.922282
7 1
8 0.378253
9 0.145098
10 0.145098
11 0.848128
12 0.898752
13 0.721569
14 0.743229
15 0.757985
16 0.607858
17 0.761745
18 0.450346
19 0.1446
20 0.931327
0 0.043512
1 0.520643
2 1
3 0.927273
4 0.709626
5 0.145098
6 0.145098
7 0.145098
8 0.227808
9 0.517647
10 0.552941
11 0.117647
12 0.125134
13 0.868449
14 0.756104
15 0.625616
16 0.258854
17 0.74399
18 0.318259
19 0.238223
20 0.933885
0 0.724448
1 0.507358
2 0.541711
3 0.328699
4 0.278253
5 0.227807
6 0.374332
7 0.31123
8 0.340107
9 0.409269
10 0.308378
11 0.490909
12 0.814617
13 0.467736
14 0.706901
15 0.701923
16 0.206731
17 0.728981
18 0.288255
19 0.239877
20 0.923103
0 0.493867
1 0.493878
2 0.315865
3 0.204635
4 0.165062
5 0.214973
6 0.247059
7 0.238503
8 0.317647
9 0.326916
10 0.249554
11 0.75918
12 0.813012
13 0.529412
14 0.71958
15 0.720207
16 0.294001
17 0.735752
18 0.407655
19 0.18115
20 0.927805
0 0.228642
1 0.486048
2 0.13975
3 0.451872
4 0.662923
5 0.128342
6 0.237077
7 0.587522
8 0.442068
9 0.392157
10 0.82139
11 0.814795
12 0.622638
13 0.846524
14 0.788561
15 0.723934
16 0.318245
17 0.819479
18 0.538301
19 0.16891
20 0.938703
0 0.0520603
1 0.476573
2 0.159893
3 0.281996
4 0.499287
5 0.0420677
6 0.406061
7 0.618182
8 0.349733
9 0.307665
10 0.81426
11 0.645455
12 0.47861
13 0.643315
14 0.770893
15 0.80572
16 0.246293
17 0.751489
18 0.4797
19 0.189025
20 0.941671
0 0.448324
1 0.467732
2 0.217647
3 0.273618
4 0.569162
5 0.105169
6 0.510873
7 0.623529
8 0.282709
9 0.226381
10 0.691979
11 0.90107
12 0.459358
13 0.897861
14 0.686578
15 0.846959
16 0.190113
17 0.509255
18 0.255225
19 0.248289
20 0.936855
0 0.909905
1 0.460588
2 0.691622
3 0.268984
4 0.289661
5 1
6 0.315508
7 0.315508
8 0.313369
9 0.0470589
10 0.247059
11 1
12 0.363458
13 0.857932
14 0.760378
15 0.794048
16 0.11662
17 0.748212
18 0.365906
19 0.270467
20 0.947866
0 0.161013
1 0.45237
2 0.117112
3 0.134759
4 0.146524
5 0.126203
6 0.350089
7 0.116221
8 0.0459893
9 0.0224599
10 0.247059
11 0.490553
12 0.617469
13 0.818182
14 0.709464
15 0.809468
16 0.129267
17 0.735634
18 0.296336
19 0.250153
20 0.93128
0 0.515006
1 0.443507
2 0.0497326
3 0.151872
4 0.234759
5 0
6 0.245989
7 0.161497
8 0.00534759
9 0.270588
10 0.4
11 0.518182
12 0.547594
13 0.629946
14 0.699776
15 0.705591
16 0.161669
17 0.767091
18 0.258224
19 0.258074
20 0.927226
0 0.626298
1 0.435139
2 0.290374
3 0.155793
4 0.138859
5 0.227451
6 0.441711
7 0.163993
8 0
9 0.351515
10 0.272014
11 0.682709
12 0.724421
13 0.28164
14 0.695489
15 0.701928
16 0.219912
17 0.761297
18 0.315658
19 0.207906
20 0.927929
0 0.603673
1 0.428503
2 0.0540107
3 0.24385
4 0.0695187
5 0.190374
6 0.0352941
7 0.436364
8 0.272727
9 0.143316
10 0.141176
11 0.571123
12 0.480749
13 0.0695187
14 0.698673
15 0.791936
16 0.244817
17 0.814945
18 0.439017
19 0.199579
20 0.924091
0 0.23639
1 0.421806
2 0.0459893
3 0.145811
4 0.058467
5 0.031016
6 0
7 0.327273
8 0.179323
9 0.284848
10 0
11 0.401604
12 0.224955
13 0.168093
14 0.79511
15 0.779187
16 0.291368
17 0.824655
18 0.486631
19 0.238202
20 0.92561
0 0.00350361
1 0.414936
2 0.0165775
3 0.147059
4 0.0737968
5 0
6 0.0545455
7 0.109091
8 0.405704
9 0.107665
10 0
11 0.145455
12 0.296078
13 0.331194
14 0.828434
15 0.756448
16 0.203897
17 0.804464
18 0.470309
19 0.211737
20 0.925711
0 0.605397
1 0.407879
2 0.214973
3 0.139037
4 0.0529412
5 0
6 0.580749
7 0.163636
8 0.282709
9 0.267736
10 0.0206774
11 0.299465
12 0.305704
13 0.353119
14 0.697594
15 0.778553
16 0.308241
17 0.717957
18 0.362984
19 0.252541
20 0.912859
0 0.155674
1 0.401105
2 0.499465
3 0.116221
4 0.0720142
5 0.786096
6 0.375401
7 0.217112
8 0.247415
9 0.260606
10 0.028877
11 0.734759
12 0.532264
13 0.378966
14 0.699206
15 0.712756
16 0.233189
17 0.829182
18 0.40018
19 0.271372
20 0.929297
0 0.173455
1 0.394286
2 0.0812834
3 0.0454545
4 0.0352941
5 0.140463
6 0.266667
7 0.266667
8 0.145455
9 0.163636
10 0.0203209
11 0.715508
12 0.7
13 0.117112
14 0.724882
15 0.823573
16 0.288234
17 0.821004
18 0.475197
19 0.204404
20 0.928622
0 0.0291461
1 0.386815
2 0.059893
3 0.127273
4 0.0256684
5 0.145455
6 0
7 0.327273
8 0.122995
9 0.0545454
10 0.0160428
11 0.352406
12 0.141711
13 0.145455
14 0.746373
15 0.807669
16 0.195329
17 0.764586
18 0.376428
19 0.221079
20 0.920614
0 0.683898
1 0.379841
2 0.160428
3 0.1
4 0.0368984
5 0.26631
6 0.163636
7 0.163636
8 0.122995
9 0.218182
10 0.00534759
11 0.160428
12 0.113369
13 0.0967914
14 0.794062
15 0.714084
16 0.241257
17 0.770628
18 0.399964
19 0.221828
20 0.918719
0 0.578898
1 0.373022
2 0.108021
3 0.180749
4 0.0090909
5 0.327273
6 0.218182
7 0.136898
8 0.436364
9 0.0545454
10 0
11 0.22139
12 0.227807
13 0.0090909
14 0.84502
15 0.67886
16 0.196857
17 0.800889
18 0.432284
19 0.212095
20 0.922766
0 0.951942
1 0.366124
2 0.118182
3 0.185561
4 0
5 0
6 0.490909
7 0.0278075
8 0.490909
9 0
10 0
11 0.336364
12 0.219786
13 0
14 0.815217
15 0.710877
16 0.355393
17 0.813273
18 0.503378
19 0.201806
20 0.915771
0 0.138975
1 0.359081
2 0.118538
3 0.177718
4 0
5 0.272727
6 0.222816
7 0.186809
8 0.490909
9 0
10 0
11 0.230838
12 0.223173
13 0
14 0.745592
15 0.719842
16 0.335851
17 0.746498
18 0.435685
19 0.215519
20 0.896462
0 0.467888
1 0.351748
2 0.123529
3 0.218182
4 0.0363636
5 0.436364
6 0.05918
7 0.186809
8 0.6
9 0.218182
10 0
11 0.23672
12 0.244029
13 0.0363636
14 0.734688
15 0.723643
16 0.389853
17 0.790888
18 0.531744
19 0.183359
20 0.888852
0 0.165181
1 0.342844
2 0.161854
3 0.185205
4 0.0909091
5 0.327273
6 0.0324421
7 0.336542
8 0.6
9 0.545454
10 0
11 0.215508
12 0.200535
13 0.0909091
14 0.800677
15 0.714993
16 0.319412
17 0.7906
18 0.504286
19 0.192258
20 0.922524
0 0.497084
1 0.335596
2 0.173084
3 0.194831
4 0.0909091
5 0.163636
6 0.0324421
7 0.336542
8 0.6
9 0.0545454
10 0.490909
11 0.327094
12 0.201248
13 0.0909091
14 0.785763
15 0.720737
16 0.300686
17 0.787116
18 0.484373
19 0.200054
20 0.924462
0 0.741018
1 0.42055
2 0.181818
3 0.181818
4 0.0363636
5 0
6 0.0417112
7 0.490909
8 0.6
9 0.218182
10 0
11 0.479679
12 0.181818
13 0.0363636
14 0.782928
15 0.699198
16 0.436288
17 0.809421
18 0.546511
19 0.192407
20 0.921055
0 0.366227
1 0.505791
2 0.451337
3 0.2
4 0.0636364
5 0.280927
6 0.250624
7 0.6
8 0.6
9 0.381818
10 0
11 0.650267
12 0.2
13 0.0636364
14 0.787028
15 0.671618
16 0.443306
17 0.81954
18 0.623053
19 0.164098
20 0.901755
0 0.256895
1 0.59031
2 0.376471
3 0.2
4 0.2
5 0.44385
6 0.634225
7 0.6
8 0.6
9 0.6
10 0.6
11 0.619251
12 0.2
13 0.2
14 0.803984
15 0.674282
16 0.319407
17 0.737485
18 0.528335
19 0.142467
20 0.88272
0 0.755509
1 0.461236
2 0.2
3 0.2
4 0.2
5 0.6
6 0.6
7 0.6
8 0.6
9 0.6
10 0.6
11 0.2
12 0.2
13 0.2
14 0.65051
15 0.855396
16 0.261207
17 0.757723
18 0.340937
19 0.296152
20 0.926951
0 0.546371
1 0.548402
2 0.506952
3 0
4 0
5 0.526203
6 0.0278075
7 0
8 0
9 0
10 0
11 0.801069
12 0
13 0
14 0.749846
15 0.826514
16 0.143815
17 0.77074
18 0.306162
19 0.288333
20 0.934
0 0.856859
1 0.617612
2 0.171123
3 0
4 0
5 0.0509804
6 0.00463458
7 0
8 0
9 0
10 0
11 0.282353
12 0
13 0
14 0.785441
15 0.813285
16 0.210046
17 0.820088
18 0.3826
19 0.277319
20 0.929546
0 0.174107
1 0.698637
2 0
3 0
4 0
5 0
6 0
7 0
8 0
9 0
10 0
11 0
12 0
13 0
14 0.780388
15 0.821915
16 0.242922
17 0.828993
18 0.410498
19 0.281966
20 0.927066
0 0.0735232
1 0.691462
2 0
3 0
4 0
5 0
6 0
7 0
8 0
9 0
10 0
11 0
12 0
13 0
14 0.777913
15 0.824652
16 0.247906
17 0.829947
18 0.416293
19 0.28594
20 0.926566
0 0.0788978
1 0.684272
2 0
3 0
4 0
5 0
6 0
7 0
8 0
9 0
10 0
11 0
12 0
13 0
14 0.777353
15 0.825611
16 0.236505
17 0.82348
18 0.405462
19 0.286427
20 0.925814
0 0.154692
1 0.677201
2 0
3 0
4 0
5 0
6 0
7 0
8 0
9 0
10 0
11 0
12 0
13 0
14 0.778011
15 0.825065
16 0.239957
17 0.825875
18 0.411455
19 0.284795
20 0.925083
0 0.118017
1 0.670163
2 0
3 0
4 0
5 0
6 0
7 0
8 0
9 0
10 0
11 0
12 0
13 0
14 0.777491
15 0.826025
16 0.165356
17 0.777595
18 0.32868
19 0.284685
20 0.924109
0 0.63224
1 0.663112
2 0
3 0
4 0
5 0
6 0
7 0
8 0
9 0
10 0
11 0
12 0
13 0
14 0.782893
15 0.818223
16 0.196353
17 0.805981
18 0.37528
19 0.275675
20 0.924404
0 0.291241
1 0.656231
2 0
3 0
4 0
5 0
6 0
7 0
8 0
9 0
10 0
11 0
12 0
13 0
14 0.780064
15 0.823354
16 0.16428
17 0.778619
18 0.331865
19 0.278397
20 0.922439
0 0.593847
1 0.649096
2 0
3 0
4 0
5 0
6 0
7 0
8 0
9 0
10 0
11 0
12 0
13 0
14 0.782382
15 0.819253
16 0.163617
17 0.781401
18 0.337962
19 0.274237
20 0.922499
0 0.540123
1 0.641879
2 0
3 0
4 0
5 0
6 0
7 0
8 0
9 0
10 0
11 0
12 0
13 0
14 0.782017
15 0.820198
16 0.215068
17 0.815227
18 0.397931
19 0.273518
20 0.92139
0 0.184666
1 0.634654
2 0
3 0
4 0
5 0
6 0
7 0
8 0
9 0
10 0
11 0
12 0
13 0
14 0.782647
15 0.837967
16 0.16494
17 0.772125
18 0.337261
19 0.288858
20 0.921936
0 0.517891
1 0.718945
2 0
3 0
4 0.0486631
5 0
6 0
7 0
8 0
9 0
10 0.0909091
11 0
12 0
13 0.136364
14 0.786835
15 0.861041
16 0.160927
17 0.768907
18 0.3656
19 0.300006
20 0.924716
0 0.222717
1 0.803485
2 0
3 0
4 0.0770053
5 0
6 0
7 0
8 0
9 0.0203209
10 0.0566844
11 0
12 0
13 0.399465
14 0.784973
15 0.886154
16 0.078335
17 0.658951
18 0.266184
19 0.301255
20 0.923888
0 0.877353
1 0.796174
2 0
3 0
4 0.142246
5 0
6 0
7 0
8 0
9 0.0616756
10 0.143672
11 0
12 0
13 0.649198
14 0.787773
15 0.81337
16 0.133953
17 0.742826
18 0.319716
19 0.282663
20 0.925319
0 0.354347
1 0.789194
2 0
3 0.0458111
4 0.199109
5 0
6 0
7 0
8 0.0709447
9 0.135472
10 0.6
11 0
12 0.116756
13 0.420143
14 0.762991
15 0.77386
16 0.157613
17 0.745221
18 0.287016
19 0.277978
20 0.911569
0 0.426453
1 0.782002
2 0
3 0.103743
4 0.18984
5 0
6 0
7 0.0513369
8 0.111586
9 0.288414
10 0.6
11 0
12 0.286453
13 0.334938
14 0.651509
15 0.82831
16 0.0799324
17 0.686574
18 0.181584
19 0.451938
20 0.921711
0 0.393164
1 0.77482
2 0.0980392
3 0.0980392
4 0.0980392
5 0.0196078
6 0.0196078
7 0.0196078
8 0.0196078
9 0.0196078
10 0.0196078
11 0.917647
12 0.917647
13 0.917647
14 0.814613
15 0.606958
16 0.196231
17 0.754679
18 0.332499
19 0.225795
20 0.903758
0 0.661515
1 0.767709
2 0.119786
3 0.187166
4 0.2
5 0
6 0.235294
7 0.299465
8 0.504813
9 0.6
10 0.6
11 0.14902
12 0.478253
13 0.2
14 0.80331
15 0.607062
16 0.310855
17 0.814842
18 0.473727
19 0.218958
20 0.887005
0 0.186791
1 0.759264
2 0.128164
3 0.108734
4 0.2
5 0.0449198
6 0.374688
7 0.315151
8 0.592513
9 0.6
10 0.6
11 0.464706
12 0.577005
13 0.2
14 0.759335
15 0.675218
16 0.331562
17 0.712901
18 0.396181
19 0.210515
20 0.881379
0 0.556988
1 0.845811
2 0.326916
3 0.178431
4 0.2
5 0.706952
6 0.417469
7 0.478788
8 0.504813
9 0.6
10 0.6
11 0.429947
12 0.374866
13 0.2
14 0.787335
15 0.752012
16 0.329762
17 0.72221
18 0.493988
19 0.218734
20 0.904863
0 0.332131
1 0.92757
2 0.135294
3 0.2
4 0.347059
5 0.436364
6 0.210695
7 0.6
8 0.6
9 0.471301
10 0.216399
11 0.347059
12 0.2
13 0.516578
14 0.754079
15 0.663111
16 0.41663
17 0.766897
18 0.470518
19 0.254859
20 0.897583
0 0.0939859
1 1
2 0.147594
3 0.172727
4 0.2
5 0.6
6 0.283422
7 0.436364
8 0.6
9 0.6
10 0.6
11 0.309091
12 0.309091
13 0.2
14 0.696832
15 0.649365
16 0.271974
17 0.716542
18 0.297066
19 0.278561
20 0.888692
0 0.571087
1 1
2 0.147772
3 0.20303
4 0.2
5 0.6
6 0.344742
7 0.380392
8 0.341177
9 0.6
10 0.6
11 0.391979
12 0.568984
13 0.2
14 0.748456
15 0.64102
16 0.36646
17 0.790571
18 0.482112
19 0.200455
20 0.903232
0 0.324805
1 1
2 0.21016
3 0.329412
4 0.2
5 0.344029
6 0.400357
7 0.709091
8 0.504813
9 0.6
10 0.6
11 0.656684
12 0.302139
13 0.2
14 0.751398
15 0.622103
16 0.492035
17 0.813048
18 0.517159
19 0.252295
20 0.889174
0 0.0460113
1 1
2 0.248128
3 0.280749
4 0.2
5 0.42959
6 0.407843
7 0.436364
8 0.702674
9 0.6
10 0.6
11 0.657754
12 0.414973
13 0.2
14 0.807649
15 0.700156
16 0.302911
17 0.736708
18 0.42346
19 0.262109
20 0.907019
0 0.739425
1 0.992231
2 0.314438
3 0.156506
4 0.334938
5 0.49697
6 0.568271
7 0.436364
8 0.490909
9 0.22959
10 0.494474
11 0.698396
12 0.381462
13 0.312121
14 0.835417
15 0.678585
16 0.315695
17 0.734312
18 0.450922
19 0.271871
20 0.909844
0 0.356704
1 1
2 0.138503
3 0.339037
4 0.281818
5 0.368984
6 0.545455
7 0.395722
8 0.648485
9 0.255971
10 0.172549
11 0.371658
12 0.435829
13 0.603743
14 0.839679
15 0.723503
16 0.225196
17 0.665895
18 0.375541
19 0.264902
20 0.911882
0 0.67019
1 1
2 0.220321
3 0.202139
4 0.0909091
5 0.6
6 0.504813
7 0.341176
8 0.504813
9 0.119786
10 0.174332
11 0.193048
12 0.308021
13 0.500535
14 0.854072
15 0.689235
16 0.301841
17 0.734105
18 0.431574
19 0.242705
20 0.925771
0 0.316757
1 1
2 0.267736
3 0.274153
4 0.198217
5 0.409626
6 0.473084
7 0.536542
8 0.396078
9 0.138681
10 0.256684
11 0.176827
12 0.335829
13 0.449376
14 0.813545
15 0.708157
16 0.313767
17 0.744441
18 0.384702
19 0.271907
20 0.922432
0 0.113422
1 0.99237
2 0.213369
3 0.213191
4 0.306595
5 0.441355
6 0.404635
7 0.6
8 0.193583
9 0.122995
10 0.283422
11 0.295187
12 0.573262
13 0.46738
14 0.819437
15 0.687318
16 0.265509
17 0.74413
18 0.378157
19 0.275218
20 0.908393
0 0.243696
1 0.984831
2 0.220321
3 0.153832
4 0.17451
5 0.504813
6 0.6
7 0.39893
8 0.226738
9 0.286631
10 0.118716
11 0.193048
12 0.574153
13 0.410339
14 0.761382
15 0.773973
16 0.288928
17 0.709246
18 0.398839
19 0.22492
20 0.903227
0 0.212692
1 0.977694
2 0.343494
3 0.31426
4 0.317647
5 0.6
6 0.532977
7 0.58467
8 0.109091
9 0.493405
10 0.354724
11 0.324242
12 0.33779
13 0.640107
14 0.700555
15 0.825984
16 0.242559
17 0.718425
18 0.364365
19 0.312198
20 0.913886
0 0.300928
1 0.970602
2 0.461676
3 0.153832
4 0.160963
5 0.778253
6 0.518004
7 0.343316
8 0
9 0.247415
10 0.148307
11 0.77861
12 0.251872
13 0.497861
14 0.700402
15 0.83183
16 0.180175
17 0.739508
18 0.412921
19 0.30365
20 0.921709
0 0.243108
1 0.963654
2 0.126738
3 0.233155
4 0.282353
5 0.247059
6 0.344742
7 0.510873
8 0.209269
9 0.239216
10 0.527986
11 0.986096
12 0.371479
13 0.853654
14 0.672108
15 0.878132
16 0.208427
17 0.661493
18 0.298983
19 0.367727
20 0.906339
0 0.488972
1 0.956637
2 0.307843
3 0.0515152
4 0.210695
5 0.615686
6 0.0128342
7 0.00784314
8 0.277005
9 0.187522
10 0.150446
11 0.713725
12 0.0515152
13 0.57754
14 0.707148
15 0.834636
16 0.0883359
17 0.697882
18 0.281961
19 0.381406
20 0.91889
0 0.290441
1 0.601038
2 0.141176
3 0.109091
4 0
5 0.145098
6 0.145098
7 0.145098
8 0.0862745
9 0.0156863
10 0.0156863
11 0.694118
12 0.748485
13 0.933333
14 0.734693
15 0.774927
16 0.169543
17 0.743953
18 0.264031
19 0.299079
20 0.906728
0 0.455285
1 0.59151
2 0.140463
3 0.159358
4 0.133868
5 0.00427807
6 0
7 0.192513
8 0.0121212
9 0.275579
10 0
11 0.200356
12 0.493226
13 0.314973
14 0.833853
15 0.686784
16 0.248443
17 0.794038
18 0.415831
19 0.210272
20 0.92035
0 0.281566
1 0.581813
2 0.249198
3 0.34189
4 0.0805704
5 0.00534759
6 0.308021
7 0.651337
8 0.100891
9 0.0456328
10 0.211765
11 0.172727
12 0.522816
13 0.269162
14 0.806587
15 0.615751
16 0.265345
17 0.756931
18 0.359664
19 0.226345
20 0.911236
0 0.566987
1 0.572324
2 0.153298
3 0.523351
4 0.0506238
5 0.0385027
6 0.287344
7 0.731907
8 0.318004
9 0.0884135
10 0.145455
11 0.255437
12 0.731907
13 0.284848
14 0.767649
15 0.707781
16 0.355362
17 0.788117
18 0.477372
19 0.259485
20 0.896567
0 0.0343989
1 0.562258
2 0.348128
3 0.303209
4 0.0406417
5 0.423886
6 0.375401
7 0.275579
8 0.411765
9 0
10 0.20107
11 0.718004
12 0.501248
13 0.270588
14 0.660184
15 0.781119
16 0.236222
17 0.735953
18 0.332817
19 0.324522
20 0.891789
0 0.687187
1 0.554517
2 0.193048
3 0.24492
4 0.0481283
5 0.286988
6 0.0648842
7 0.113369
8 0.322995
9 0.090909
10 0.0727273
11 0.78984
12 0.357219
13 0.164706
14 0.820692
15 0.708723
16 0.272403
17 0.783511
18 0.441277
19 0.253314
20 0.907295
0 0.382753
1 0.546149
2 0.268984
3 0.312299
4 0.371658
5 0.00285205
6 0.282709
7 0.271658
8 0.453476
9 0.0898395
10 0.545455
11 0.535294
12 0.496257
13 0.453476
14 0.704662
15 0.766814
16 0.392508
17 0.758364
18 0.44108
19 0.278
20 0.88603
0 0.0495284
1 0.53862
2 0.342781
3 0.446524
4 0.336364
5 0.190374
6 0.0994652
7 0.277005
8 0.451337
9 0.35508
10 0.272727
11 0.662567
12 0.491444
13 0.585562
14 0.664046
15 0.839885
16 0.217132
17 0.667991
18 0.346189
19 0.245481
20 0.86444
0 0.698625
1 0.531034
2 0.360428
3 0.219251
4 0.637433
5 0.279857
6 0.0923352
7 0.190374
8 0.228164
9 0.806417
10 0.445633
11 0.413904
12 0.327986
13 0.715864
14 0.756931
15 0.842431
16 0.167014
17 0.73429
18 0.443752
19 0.2596
20 0.884092
0 0.0136242
1 0.523155
2 0
3 0.138324
4 0.380392
5 0.00285205
6 0.0142602
7 0
8 0.365062
9 0.501961
10 0.501961
11 0.0491979
12 0.360784
13 0.992157
14 0.740692
15 0.837332
16 0.22217
17 0.783038
18 0.423606
19 0.255707
20 0.885314
0 0.317542
1 0.515296
2 0.00213904
3 0.0181818
4 0.2
5 0.0156863
6 0.00142602
7 0
8 0.109091
9 0.381818
10 0.272727
11 0.0470588
12 0.0181818
13 0.2
14 0.784563
15 0.813558
16 0.228801
17 0.779782
18 0.440843
19 0.251473
20 0.886341
0 0.402922
1 0.506445
2 0
3 0.0454546
4 0.172727
5 0
6 0
7 0
8 0.272727
9 0.218182
10 0.272727
11 0
12 0.0454546
13 0.172727
14 0.755984
15 0.841869
16 0.242844
17 0.782844
18 0.489119
19 0.255489
20 0.876511
0 0.150695
1 0.499028
2 0
3 0.0454546
4 0.0689839
5 0
6 0
7 0
8 0.272727
9 0.381818
10 0
11 0
12 0.0454546
13 0.335294
14 0.739702
15 0.847077
16 0.29508
17 0.797276
18 0.513925
19 0.259225
20 0.869229
0 0.0306834
1 0.491533
2 0
3 0.0454546
4 0.193583
5 0
6 0
7 0
8 0.272727
9 0.545454
10 0
11 0
12 0.0454546
13 0.358289
14 0.701301
15 0.838298
16 0.274672
17 0.808953
18 0.471639
19 0.2567
20 0.864779
0 0.192026
1 0.48393
2 0
3 0.0181818
4 0.118182
5 0
6 0
7 0
8 0.109091
9 0.6
10 0.109091
11 0
12 0.0181818
13 0.118182
14 0.705194
15 0.838076
16 0.145047
17 0.741021
18 0.345839
19 0.241826
20 0.860553
0 0.902965
1 0.476588
2 0
3 0.0181818
4 0.145455
5 0
6 0
7 0
8 0.109091
9 0.6
10 0.272727
11 0
12 0.0181818
13 0.145455
14 0.76579
15 0.788612
16 0.198456
17 0.755573
18 0.404814
19 0.245945
20 0.870548
0 0.637397
1 0.552298
2 0
3 0.0727273
4 0.117647
5 0
6 0
7 0
8 0.436364
9 0.545454
10 0.0727273
11 0
12 0.0727273
13 0.196257
14 0.765671
15 0.809498
16 0.271804
17 0.776512
18 0.473828
19 0.25151
20 0.870175
0 0.223265
1 0.635104
2 0
3 0.0727273
4 0.185027
5 0
6 0
7 0
8 0.436364
9 0.545454
10 0.145455
11 0
12 0.0727273
13 0.339037
14 0.759087
15 0.808852
16 0.20214
17 0.726807
18 0.395882
19 0.248449
20 0.866268
0 0.740223
1 0.627868
2 0
3 0.0727273
4 0.306417
5 0
6 0
7 0
8 0.436364
9 0.6
10 0.391444
11 0
12 0.0727273
13 0.336364
14 0.776799
15 0.766229
16 0.212851
17 0.742014
18 0.433927
19 0.233112
20 0.86893
0 0.601743
1 0.620994
2 0
3 0.1
4 0.179144
5 0
6 0
7 0
8 0.6
9 0.6
10 0.509091
11 0
12 0.1
13 0.301604
14 0.778022
15 0.746549
16 0.193664
17 0.719354
18 0.368912
19 0.236383
20 0.868038
0 0.917461
1 0.705125
2 0
3 0.1
4 0.2
5 0
6 0
7 0
8 0.6
9 0.6
10 0.6
11 0
12 0.1
13 0.2
14 0.780591
15 0.841247
16 0.200904
17 0.774064
18 0.379775
19 0.264859
20 0.897731
0 0.292902
1 0.78939
2 0
3 0
4 0.242246
5 0
6 0
7 0
8 0
9 0.0894832
10 0.520142
11 0
12 0
13 0.272727
14 0.723698
15 0.863378
16 0.176432
17 0.732788
18 0.330628
19 0.274701
20 0.878593
0 0.505646
1 0.873862
2 0
3 0
4 0.418717
5 0
6 0
7 0
8 0
9 0.543672
10 0.500178
11 0
12 0
13 0.435829
14 0.742686
15 0.800412
16 0.182756
17 0.736902
18 0.289282
19 0.303654
20 0.888614
0 0.706949
1 0.95166
2 0
3 0.0898396
4 0.22139
5 0
6 0
7 0
8 0.179679
9 0.485562
10 0.272727
11 0
12 0.0898396
13 0.239572
14 0.787078
15 0.657482
16 0.361153
17 0.770609
18 0.398207
19 0.289045
20 0.880278
0 0.238103
1 1
2 0
3 0.314973
4 0.211765
5 0
6 0
7 0
8 0.811765
9 0.6
10 0.441711
11 0
12 0.314973
13 0.303209
14 0.76575
15 0.726845
16 0.23575
17 0.730815
18 0.24553
19 0.307605
20 0.906814
0 0.538316
1 1
2 0
3 0.448841
4 0.152228
5 0
6 0
7 0.536898
8 0.0509804
9 0.0185383
10 0.0106952
11 0
12 0.584135
13 0.378966
14 0.857391
15 0.717219
16 0.253853
17 0.812782
18 0.390287
19 0.342561
20 0.906496
0 0.165464
1 1
2 0.420321
3 0.352941
4 0.207487
5 0
6 0.809982
7 0.0509804
8 0.0417112
9 0.00178253
10 0.0196078
11 0.432086
12 0.588235
13 0.536898
14 0.772634
15 0.876485
16 0.111954
17 0.639276
18 0.275424
19 0.302557
20 0.886077
0 0.945417
1 0.992513
2 0
3 0.0272727
4 0.139037
5 0
6 0
7 0
8 0.163636
9 0.22246
10 0
11 0
12 0.0272727
13 0.620321
14 0.794105
15 0.864672
16 0.0907505
17 0.677501
18 0.267097
19 0.354144
20 0.918988
0 0.372958
1 0.985572
2 0
3 0.0586453
4 0.0862745
5 0
6 0
7 0.163636
8 0
9 0
10 0
11 0
12 0.366667
13 0.933333
14 0.669274
15 0.823947
16 0.0759166
17 0.662191
18 0.132415
19 0.534709
20 0.91317
0 0.590993
1 0.978691
2 0.196078
3 0.196078
4 0.196078
5 0
6 0
7 0
8 0
9 0
10 0
11 0.945098
12 0.945098
13 0.945098
14 0.662978
15 0.831585
16 0.16152
17 0.695964
18 0.287985
19 0.325179
20 0.880563
0 0.729944
1 0.972
2 0.115508
3 0.0946524
4 0.447059
5 0
6 0
7 0
8 0.340107
9 0.708021
10 0.19893
11 0.750802
12 0.175936
13 0.518717
14 0.729507
15 0.848771
16 0.136171
17 0.62014
18 0.235678
19 0.365581
20 0.900933
0 0.673322
1 0.964928
2 0.251872
3 0.164706
4 0.200535
5 0.472727
6 0
7 0.163636
8 0.247059
9 0.204635
10 0.00926915
11 0.365775
12 0.379144
13 0.806952
14 0.836608
15 0.673676
16 0.201286
17 0.743771
18 0.371295
19 0.278713
20 0.91015
0 0.304169
1 0.957893
2 0.0363636
3 0.276292
4 0.158467
5 0
6 0.218182
7 0.337968
8 0.467023
9 0.249554
10 0.490909
11 0.0363636
12 0.582709
13 0.559536
14 0.844271
15 0.726872
16 0.0954248
17 0.690877
18 0.318717
19 0.237671
20 0.873285
0 0.993654
1 0.601702
2 0.149733
3 0.124599
4 0.268449
5 0
6 0.517647
7 0.140107
8 0.240642
9 0.218182
10 0.709091
11 0.195187
12 0.641177
13 0.561497
14 0.685916
15 0.739515
16 0.195193
17 0.694548
18 0.295714
19 0.306515
20 0.874366
0 0.376294
1 0.594559
2 0.154189
3 0.347415
4 0.272727
5 0.448485
6 0.216043
7 0.333333
8 0.273797
9 0.381818
10 0.283422
11 0.655437
12 0.75811
13 0.559715
14 0.736909
15 0.763597
16 0.153755
17 0.713222
18 0.313078
19 0.284475
20 0.863977
0 0.519184
1 0.58725
2 0.206417
3 0.142246
4 0.473262
5 0.317647
6 0.395722
7 0.231016
8 0.136898
9 0.547237
10 0.286988
11 0.497326
12 0.757754
13 0.63262
14 0.766129
15 0.825481
16 0.179997
17 0.592647
18 0.310866
19 0.325775
20 0.874556
0 0.994756
1 0.579948
2 0.309447
3 0.270232
4 0.697326
5 0.452406
6 0.168271
7 0.105526
8 0.6
9 0.230659
10 0.0196078
11 0.77148
12 0.444028
13 0.850267
14 0.876322
15 0.750398
16 0.310023
17 0.732261
18 0.565643
19 0.256605
20 0.902178
0 0.326425
1 0.572676
2 0.445811
3 0.315151
4 0.745989
5 0.200713
6 0.541176
7 0.346881
8 0.6
9 0.0723707
10 0.50303
11 0.687522
12 0.483066
13 0.817112
14 0.711169
15 0.77983
16 0.219474
17 0.674419
18 0.344069
19 0.369134
20 0.864826
0 0.689888
1 0.564614
2 0.203922
3 0.272549
4 0.240642
5 0.191444
6 0.0916221
7 0.0196078
8 0.6
9 0.404635
10 0.0563279
11 0.620856
12 0.594118
13 0.640642
14 0.751452
15 0.753739
16 0.373505
17 0.808039
18 0.641327
19 0.203267
20 0.870984
0 0.224932
1 0.556971
2 0.378075
3 0.2
4 0.2
5 0.0196078
6 0.130125
7 0.6
8 0.6
9 0.6
10 0.6
11 0.94492
12 0.2
13 0.2
14 0.823159
15 0.720244
16 0.470424
17 0.796924
18 0.701063
19 0.177402
20 0.85779
0 0.117522
1 0.636898
2 0.2
3 0.2
4 0.2
5 0.6
6 0.6
7 0.6
8 0.6
9 0.6
10 0.6
11 0.2
12 0.2
13 0.2
14 0.597765
15 0.774069
16 0.269535
17 0.766488
18 0.259065
19 0.467217
20 0.874145
0 0.355582
1 0.725197
2 0.142068
3 0.542424
4 0.179144
5 0.0188948
6 0.101248
7 0.0702317
8 0.124064
9 0.219608
10 0.287344
11 0.832442
12 0.832264
13 0.573797
14 0.755913
15 0.766137
16 0.202444
17 0.652607
18 0.30278
19 0.290642
20 0.882273
0 0.866775
1 0.787969
2 0.599822
3 0.513547
4 0.0481283
5 0.377897
6 0.19287
7 0.584314
8 0.345455
9 0.233155
10 0.141176
11 0.644742
12 0.56221
13 0.630481
14 0.824129
15 0.789732
16 0.165578
17 0.74175
18 0.465674
19 0.303151
20 0.882239
0 0.702912
1 0.780954
2 0.740998
3 0.172193
4 0.199643
5 0.21426
6 0.92656
7 0.282709
8 0.133333
9 0.442781
10 0.0196078
11 0.994118
12 0.555971
13 0.70713
14 0.779772
15 0.878124
16 0.218959
17 0.627096
18 0.468056
19 0.301438
20 0.867697
0 0.572982
1 0.773763
2 0.955437
3 0.123529
4 0.280392
5 1
6 0.910873
7 0.335116
8 0.123708
9 0.562567
10 0.0196078
11 0.955437
12 0.34385
13 0.956863
14 0.728626
15 0.786723
16 0.201809
17 0.702005
18 0.405168
19 0.350451
20 0.894343
0 0.739335
1 0.766556
2 0.238681
3 0.442602
4 0.251337
5 0.0509804
6 0.303387
7 0.310873
8 0.522995
9 0.376114
10 0.336185
11 0.957932
12 0.465062
13 0.77754
14 0.783501
15 0.613568
16 0.269078
17 0.678208
18 0.328775
19 0.259647
20 0.883465
0 0.890693
1 0.759302
2 1
3 0.517647
4 0.203743
5 1
6 1
7 1
8 0.0196078
9 0.45205
10 0.6
11 1
12 0.998039
13 0.344741
14 0.757432
15 0.769292
16 0.205216
17 0.738395
18 0.436845
19 0.229098
20 0.859164
0 0.800171
1 0.752032
2 0.587701
3 0.0944741
4 0.168093
5 0.45098
6 0.705169
7 0.253476
8 0.0659537
9 0.568271
10 0.436364
11 0.736364
12 0.306595
13 0.208913
14 0.686894
15 0.78498
16 0.238546
17 0.705552
18 0.3256
19 0.297036
20 0.859923
0 0.563808
1 0.744767
2 0.563102
3 0.0811052
4 0.193761
5 0.831373
6 0.440285
7 0.192513
8 0.0477719
9 0.568271
10 0.6
11 0.626203
12 0.441177
13 0.235294
14 0.790168
15 0.681275
16 0.281726
17 0.783364
18 0.4374
19 0.261581
20 0.861427
0 0.325242
1 0.736879
2 0.370232
3 0.123351
4 0.2
5 0.316934
6 0.479144
7 0.122638
8 0.342246
9 0.6
10 0.6
11 0.315686
12 0.53672
13 0.2
14 0.690729
15 0.760519
16 0.313091
17 0.77596
18 0.399183
19 0.275021
20 0.844536
0 0.148865
1 0.726244
2 0.0994652
3 0.112299
4 0.2
5 0.181818
6 0
7 0.0705882
8 0.341177
9 0.6
10 0.6
11 0.279144
12 0.41123
13 0.2
14 0.685375
15 0.739842
16 0.216712
17 0.78284
18 0.352587
19 0.305098
20 0.850817
0 0.530603
1 0.795857
2 0.0500891
3 0.160963
4 0.236007
5 0
6 0.209269
7 0.0923351
8 0.265954
9 0.635651
10 0.6
11 0.549554
12 0.524064
13 0.236007
14 0.66713
15 0.641809
16 0.484804
17 0.742059
18 0.41358
19 0.281107
20 0.838338
0 0.144906
1 0.868847
2 0.0404635
3 0.709447
4 0.778966
5 0.0809269
6 0.00819965
7 0.486274
8 0.996078
9 0.996078
10 0.780035
11 0.742781
12 0.854724
13 0.778966
14 0.695151
15 0.809289
16 0.0666413
17 0.656953
18 0.266867
19 0.360451
20 0.875206
0 0.96357
1 0.939429
2 0
3 0
4 0
5 0.25098
6 0.25098
7 0.25098
8 0.25098
9 0.25098
10 0.25098
11 0.784314
12 0.784314
13 0.784314
14 0.737739
15 0.700869
16 0.285779
17 0.792629
18 0.315073
19 0.360533
20 0.905426
0 0.271867
1 1
2 0.131373
3 0.3082
4 0.0652406
5 0.251693
6 0.24385
7 0.278788
8 0.167914
9 0.0057041
10 0.330125
11 0.703209
12 0.508556
13 0.0641711
14 0.651621
15 0.764522
16 0.421168
17 0.821666
18 0.387285
19 0.322275
20 0.878748
0 0.00719358
1 0.99272
2 0.221569
3 0.471479
4 0.059893
5 0.0901961
6 0.127273
7 0.457397
8 0.00427807
9 0.22246
10 0.109091
11 0.724242
12 0.390196
13 0.0631016
14 0.741976
15 0.793729
16 0.249481
17 0.774304
18 0.372182
19 0.327936
20 0.876197
0 0.719004
1 0.985155
2 0.350802
3 0.251872
4 0.163636
5 0.262389
6 0.525847
7 0.172193
8 0
9 0.16934
10 0.275579
11 0.680749
12 0.281818
13 0.164706
14 0.701714
15 0.861906
16 0.349404
17 0.753476
18 0.394591
19 0.311716
20 0.883707
0 0.00491169
1 0.977798
2 0.348307
3 0.103565
4 0.301604
5 0.548663
6 0.0602495
7 0.166488
8 0
9 0.16934
10 0.552585
11 0.438324
12 0.0836007
13 0.306417
14 0.732843
15 0.863459
16 0.353862
17 0.771177
18 0.418787
19 0.33163
20 0.881447
0 0.296647
1 0.97031
2 0.671658
3 0.0181818
4 0.195722
5 0.279857
6 0.0645277
7 0.109091
8 0
9 0.328699
10 0.284135
11 0.472727
12 0.0181818
13 0.197326
14 0.735794
15 0.849158
16 0.210252
17 0.753135
18 0.351901
19 0.340625
20 0.877055
0 0.857858
1 0.962835
2 0.314438
3 0
4 0.0545455
5 0.0128342
6 0.163636
7 0
8 0
9 0.327273
10 0.00855615
11 0.377005
12 0
13 0.0791444
14 0.728822
15 0.829635
16 0.270016
17 0.75358
18 0.350926
19 0.3251
20 0.882081
0 0.353939
1 0.955699
2 0.0545455
3 0.0181818
4 0.0363636
5 0.327273
6 0
7 0
8 0.109091
9 0.218182
10 0
11 0.0545455
12 0.0181818
13 0.0363636
14 0.776207
15 0.799364
16 0.185969
17 0.721506
18 0.317096
19 0.307014
20 0.879434
0 0.979485
1 0.948626
2 0
3 0.0454546
4 0.0363636
5 0
6 0
7 0
8 0.272727
9 0.218182
10 0
11 0
12 0.0454546
13 0.0363636
14 0.816039
15 0.743784
16 0.248612
17 0.731034
18 0.382565
19 0.292166
20 0.880738
0 0.816585
1 0.941666
2 0
3 0.1
4 0.0363636
5 0
6 0
7 0
8 0.6
9 0.218182
10 0
11 0
12 0.1
13 0.0363636
14 0.784139
15 0.749492
16 0.3531
17 0.764214
18 0.469008
19 0.264666
20 0.867922
0 0.431964
1 1
2 0
3 0.127273
4 0.0909091
5 0
6 0
7 0.163636
8 0.6
9 0.545454
10 0
11 0
12 0.127273
13 0.0909091
14 0.767619
15 0.835835
16 0.175807
17 0.725323
18 0.28884
19 0.32646
20 0.884815
0 0.995287
1 1
2 0
3 0
4 0
5 0
6 0
7 0
8 0
9 0
10 0
11 0
12 0
13 0
14 0.777151
15 0.830216
16 0.2921
17 0.811212
18 0.411178
19 0.317258
20 0.893376
0 0.0136189
1 1
2 0
3 0
4 0
5 0
6 0
7 0
8 0
9 0
10 0
11 0
12 0
13 0
14 0.770108
15 0.84158
16 0.195193
17 0.746419
18 0.317847
19 0.321036
20 0.881863
0 0.718724
1 1
2 0
3 0
4 0.0272727
5 0
6 0
7 0
8 0
9 0
10 0.163636
11 0
12 0
13 0.0272727
14 0.771433
15 0.862165
16 0.139322
17 0.723397
18 0.320103
19 0.294099
20 0.886866
0 0.628523
1 0.993128
2 0
3 0
4 0.057754
5 0
6 0
7 0
8 0
9 0.0545456
10 0.418182
11 0
12 0
13 0.312299
14 0.754286
15 0.880783
16 0.174737
17 0.74894
18 0.377847
19 0.281409
20 0.883337
0 0.221069
1 0.986345
2 0
3 0
4 0.24492
5 0
6 0
7 0
8 0
9 0.260606
10 0.553298
11 0
12 0
13 0.512834
14 0.753776
15 0.8858
16 0.175926
17 0.743517
18 0.396377
19 0.300865
20 0.878672
0 0.255834
1 0.97949
2 0
3 0.0181818
4 0.14385
5 0
6 0
7 0
8 0.109091
9 0.315151
10 0.290196
11 0
12 0.0181818
13 0.591444
14 0.782568
15 0.865882
16 0.191247
17 0.740401
18 0.409844
19 0.309224
20 0.882367
0 0.337597
1 0.972685
2 0
3 0.0454546
4 0.0791444
5 0
6 0
7 0
8 0.272727
9 0.224242
10 0.212121
11 0
12 0.0454546
13 0.527807
14 0.780262
15 0.831544
16 0.201107
17 0.708712
18 0.38469
19 0.293293
20 0.873828
0 0.60197
1 0.965985
2 0
3 0.12549
4 0.213012
5 0
6 0
7 0
8 0.469162
9 0.407843
10 0.386096
11 0
12 0.12549
13 0.511408
14 0.781393
15 0.837936
16 0.121732
17 0.639346
18 0.315566
19 0.279831
20 0.871185
0 0.948236
1 0.959208
2 0
3 0.0918004
4 0.372905
5 0
6 0
7 0
8 0.491266
9 0.499109
10 0.596791
11 0
12 0.245811
13 0.757397
14 0.816082
15 0.838559
16 0.136167
17 0.69288
18 0.376157
19 0.281402
20 0.893718
0 0.403271
1 0.952682
2 0
3 0.148128
4 0.142246
5 0
6 0
7 0.490909
8 0.273797
9 0.163636
10 0
11 0
12 0.444029
13 0.844741
14 0.884924
15 0.819814
16 0.134703
17 0.710693
18 0.47827
19 0.266858
20 0.892644
0 0.46486
1 0.94621
2 0.0909091
3 0.226203
4 0.188235
5 0
6 0.545455
7 0.546524
8 0.263102
9 0
10 0
11 0.0909091
12 0.537077
13 0.960784
14 0.777687
15 0.873408
16 0.0722482
17 0.586643
18 0.246218
19 0.365653
20 0.891487
0 0.802778
1 1
2 0.149911
3 0.0550802
4 0.0196078
5 0.6
6 0.315152
7 0.34902
8 0
9 0
10 0
11 0.261854
12 0.57148
13 0.94902
14 0.634811
15 0.748571
16 0.101288
17 0.732209
18 0.17757
19 0.447535
20 0.89447
0 0.486587
1 1
2 0.0759358
3 0.0213904
4 0.195187
5 0.300891
6 0.182531
7 0
8 0
9 0.381818
10 0.441711
11 0.839216
12 0.891266
13 0.338503
14 0.792987
15 0.720013
16 0.140068
17 0.74331
18 0.265019
19 0.325112
20 0.880278
0 0.64509
1 1
2 0.186631
3 0.331729
4 0.128699
5 0
6 0.264171
7 0.217112
8 0.295187
9 0.0545456
10 0.6
11 0.582353
12 0.754011
13 0.433155
14 0.706146
15 0.85851
16 0.107166
17 0.656278
18 0.218448
19 0.330716
20 0.872466
0 0.652771
1 1
2 0.0821747
3 0.345455
4 0.446702
5 0
6 0.00855615
7 0.37861
8 0.0278075
9 0.206061
10 0.416399
11 0.561676
12 0.677184
13 0.960606
14 0.791665
15 0.771669
16 0.227012
17 0.684554
18 0.330287
19 0.386761
20 0.885248
0 0.444245
1 1
2 0.420499
3 0.412299
4 0.640463
5 0.368627
6 0.404635
7 0.163636
8 0.536898
9 0.362567
10 0.193583
11 0.710517
12 0.836898
13 0.981462
14 0.803383
15 0.83222
16 0.168914
17 0.664382
18 0.371139
19 0.31972
20 0.869185
0 0.787258
1 1
2 0.784135
3 0.189661
4 0.753476
5 0.439572
6 0.88057
7 0.176114
8 0.0449198
9 0.581105
10 0.591087
11 0.870767
12 0.679501
13 0.953476
14 0.775064
15 0.74463
16 0.184034
17 0.629973
18 0.239336
19 0.440472
20 0.888343
0 0.917212
1 0.992993
2 0.11836
3 0.460071
4 0.699643
5 0.00356506
6 0.00178253
7 0.0673797
8 0.842424
9 0.149733
10 0.501961
11 0.811052
12 0.916043
13 0.965419
14 0.591271
15 0.810209
16 0.133895
17 0.678181
18 0.183031
19 0.414713
20 0.888396
0 0.602258
1 0.98603
2 0.0349376
3 0.72959
4 0.262745
5 0
6 0.0452763
7 0.423173
8 0.0196078
9 0.144385
10 0.192157
11 0.972371
12 0.871836
13 0.857397
14 0.684927
15 0.816025
16 0.13099
17 0.673577
18 0.194809
19 0.424743
20 0.879182
0 0.852839
1 0.979198
2 0.411765
3 0.418717
4 0.305348
5 0.0196078
6 0.0196078
7 0.282709
8 0.206417
9 0.268449
10 0.0139037
11 0.94902
12 0.852585
13 0.833155
14 0.747935
15 0.828583
16 0.241541
17 0.753575
18 0.368656
19 0.409703
20 0.886909
0 0.0295787
1 0.971816
2 0.645455
3 0.282888
4 0.23262
5 0.316578
6 0.300178
7 0.145811
8 0.186809
9 0.119786
10 0.185383
11 0.986096
12 0.698752
13 0.747237
14 0.726265
15 0.872935
16 0.118739
17 0.653528
18 0.299307
19 0.384072
20 0.870555
0 0.797079
1 0.964357
2 0.383422
3 0.240107
4 0.117647
5 0.0196078
6 0.0862745
7 0.395722
8 0.17754
9 0.228877
10 0
11 0.828342
12 0.631551
13 0.929412
14 0.717441
15 0.871624
16 0.136461
17 0.752952
18 0.37492
19 0.355248
20 0.892053
0 0.0179169
1 0.957298
2 0.0188948
3 0.0950089
4 0.172193
5 0.0199644
6 0.0402852
7 0.237077
8 0.0962567
9 0.0909093
10 0.490909
11 0.697326
12 0.498752
13 0.795365
14 0.706394
15 0.760293
16 0.119466
17 0.717604
18 0.178078
19 0.438331
20 0.869467
0 0.859477
1 0.950023
2 0.0561497
3 0.0540107
4 0.372727
5 0.0360071
6 0.131907
7 0
8 0.117647
9 0.281283
10 0.436364
11 0.660428
12 0.917112
13 0.359893
14 0.712584
15 0.686207
16 0.327773
17 0.786401
18 0.359417
19 0.346984
20 0.865987
0 0.264252
1 0.943107
2 0.191266
3 0.46328
4 0.2
5 0.00926916
6 0.087344
7 0.227451
8 0.549733
9 0.381818
10 0.277005
11 0.826916
12 0.748485
13 0.202674
14 0.805457
15 0.819737
16 0.323469
17 0.732433
18 0.57594
19 0.235098
20 0.861386
0 0.562863
1 0.935602
2 0.539037
3 0.3
4 0.418182
5 0.416756
6 0.339394
7 0.6
8 0.440642
9 0.0545454
10 0.818182
11 0.944385
12 0.294652
13 0.418182
14 0.728013
15 0.832694
16 0.399981
17 0.77525
18 0.594676
19 0.295492
20 0.871002
0 0.130357
1 0.927904
2 0.304278
3 0.173262
4 0.336364
5 0.39893
6 0.0898396
7 0.6
8 0.440642
9 0.272727
10 0.654545
11 0.926203
12 0.306417
13 0.336364
14 0.755401
15 0.793547
16 0.291354
17 0.729553
18 0.488949
19 0.301394
20 0.854259
0 0.956499
1 0.919976
2 0.432086
3 0.159002
4 0.0827094
5 0.346168
6 0.312656
7 0.6
8 0.334403
9 0.492335
10 0
11 0.668449
12 0.379144
13 0.126738
14 0.837402
15 0.778215
16 0.367847
17 0.760913
18 0.672319
19 0.229631
20 0.863498
0 0.382268
1 0.912421
2 0.387701
3 0.183244
4 0.0846702
5 0.559358
6 0.6
7 0.6
8 0.493761
9 0.387522
10 0.109091
11 0.418182
12 0.268093
13 0.254367
14 0.828178
15 0.759163
16 0.384861
17 0.739722
18 0.672552
19 0.200672
20 0.856059
0 0.568841
1 1
2 0.2
3 0.2
4 0.2
5 0.6
6 0.6
7 0.6
8 0.6
9 0.6
10 0.6
11 0.2
12 0.2
13 0.2
14 0.827532
15 0.757014
16 0.381256
17 0.742354
18 0.674959
19 0.197924
20 0.85796
0 0.578122
1 1
2 0.2
3 0.2
4 0.2
5 0.6
6 0.6
7 0.6
8 0.6
9 0.6
10 0.6
11 0.2
12 0.2
13 0.2
14 0.82729
15 0.757328
16 0.355407
17 0.728802
18 0.655085
19 0.1971
20 0.856385
0 0.708227
1 1
2 0.2
3 0.2
4 0.2
5 0.6
6 0.6
7 0.6
8 0.6
9 0.6
10 0.6
11 0.2
12 0.2
13 0.2
14 0.616887
15 0.85778
16 0.238457
17 0.69338
18 0.214055
19 0.49407
20 0.869305
0 0.813882
1 1
2 0.351693
3 0.356328
4 0.356684
5 0.163636
6 0
7 0.0149733
8 0.0909091
9 0.265954
10 0.121212
11 0.859893
12 0.622995
13 0.588235
14 0.626892
15 0.818381
16 0.272082
17 0.756392
18 0.321922
19 0.364983
20 0.873072
0 0.623017
1 1
2 0.12549
3 0.583957
4 0.300178
5 0
6 0.203922
7 0.157576
8 0.177897
9 0.415686
10 0
11 0.867201
12 0.359002
13 0.340107
14 0.652639
15 0.770744
16 0.17814
17 0.729891
18 0.224074
19 0.412272
20 0.862188
0 0.884807
1 0.992823
2 0.0481283
3 0.409804
4 0.122816
5 0.0306595
6 0.0891265
7 0.0620321
8 0.266667
9 0.33975
10 0
11 0.650802
12 0.679144
13 0.29893
14 0.789767
15 0.661246
16 0.321052
17 0.692495
18 0.296199
19 0.348316
20 0.866915
0 0.872888
1 0.985904
2 0.517647
3 0.432799
4 0.100356
5 0.546524
6 0.174332
7 0.218182
8 0.617469
9 0.200713
10 0
11 0.391444
12 0.700178
13 0.100356
14 0.812214
15 0.678624
16 0.609511
17 0.719735
18 0.700898
19 0.19794
20 0.849773
0 0.090085
1 0.978652
2 0.843137
3 0.843137
4 0.843137
5 0.843137
6 0.843137
7 0.843137
8 0.843137
9 0.843137
10 0.843137
11 0.843137
12 0.843137
13 0.843137
14 0.610019
15 0.872099
16 0.0658425
17 0.665847
18 0.189793
19 0.520271
20 0.870623
0 0.883714
1 0.970632
2 0.0112299
3 0
4 0.180749
5 0.0727273
6 0
7 0
8 0
9 0
10 0.361497
11 0.986809
12 0.992157
13 0.902317
14 0.585623
15 0.813591
16 0.137036
17 0.749407
18 0.205107
19 0.413979
20 0.868617
0 0.283508
1 0.963813
2 0.00392157
3 0.0627451
4 0.65098
5 0
6 0
7 0
8 0.11836
9 0.65098
10 0.65098
11 0.992157
12 0.961141
13 0.65098
14 0.767094
15 0.910813
16 0.187755
17 0.730745
18 0.380928
19 0.280576
20 0.865415
0 0.0192872
1 0.956939
2 0
3 0.129234
4 0.568627
5 0
6 0
7 0
8 0.112299
9 0.247059
10 0.247059
11 0
12 0.223708
13 0.984314
14 0.773087
15 0.925913
16 0.194785
17 0.650336
18 0.335862
19 0.307681
20 0.870318
0 0.594866
1 0.949815
2 0
3 0.0894831
4 0.984314
5 0
6 0
7 0
8 0.0449198
9 0.247059
10 0.247059
11 0
12 0.0909091
13 1
14 0.77773
15 0.918999
16 0.150156
17 0.644726
18 0.333969
19 0.296645
20 0.883944
0 0.764535
1 0.942887
2 0
3 0
4 0.773262
5 0
6 0
7 0
8 0
9 0.157219
10 0.247059
11 0
12 0
13 0.818182
14 0.751265
15 0.925736
16 0.10593
17 0.660144
18 0.360807
19 0.291126
20 0.882728
0 0.550257
1 0.93609
2 0
3 0
4 0.291979
5 0
6 0
7 0
8 0
9 0.224599
10 0.247059
11 0
12 0
13 0.909626
14 0.756074
15 0.858665
16 0.201988
17 0.779491
18 0.440729
19 0.272524
20 0.863173
0 0.273244
1 0.586743
2 0
3 0
4 0.0663102
5 0
6 0
7 0
8 0
9 0.0898396
10 0.247059
11 0
12 0
13 0.127807
14 0.763778
15 0.860169
16 0.227685
17 0.783621
18 0.438137
19 0.284957
20 0.839703
0 0.391418
1 0.576873
2 0
3 0
4 0
5 0
6 0
7 0
8 0
9 0
10 0
11 0
12 0
13 0
14 0.765849
15 0.858069
16 0.169872
17 0.737595
18 0.375785
19 0.284091
20 0.835243
0 0.827625
1 0.568625
2 0
3 0
4 0
5 0
6 0
7 0
8 0
9 0
10 0
11 0
12 0
13 0
14 0.76908
15 0.851728
16 0.161025
17 0.735426
18 0.37079
19 0.276001
20 0.842116
0 0.818759
1 0.560935
2 0
3 0
4 0
5 0
6 0
7 0
8 0
9 0
10 0
11 0
12 0
13 0
14 0.768126
15 0.853457
16 0.202801
17 0.770966
18 0.423784
19 0.273764
20 0.842596
0 0.474175
1 0.553117
2 0
3 0
4 0
5 0
6 0
7 0
8 0
9 0
10 0
11 0
12 0
13 0
14 0.765771
15 0.859023
16 0.228902
17 0.783847
18 0.448373
19 0.279646
20 0.835266
0 0.36387
1 0.5448
2 0
3 0
4 0
5 0
6 0
7 0
8 0
9 0
10 0
11 0
12 0
13 0
14 0.765294
15 0.861014
16 0.23553
17 0.785766
18 0.455188
19 0.28284
20 0.831556
0 0.352508
1 0.534283
2 0
3 0
4 0
5 0
6 0
7 0
8 0
9 0
10 0
11 0
12 0
13 0
14 0.765229
15 0.859657
16 0.195707
17 0.757858
18 0.413155
19 0.283287
20 0.827948
0 0.637646
1 0.523574
2 0
3 0
4 0
5 0
6 0
7 0
8 0
9 0
10 0
11 0
12 0
13 0
14 0.767441
15 0.854206
16 0.159091
17 0.730952
18 0.373597
19 0.27729
20 0.830172
0 0.873178
1 0.512385
2 0
3 0
4 0
5 0
6 0
7 0
8 0
9 0
10 0
11 0
12 0
13 0
14 0.77008
15 0.862771
16 0.148511
17 0.727277
18 0.383573
19 0.267339
20 0.833767
0 0.787504
1 0.501902
2 0
3 0
4 0.0481283
5 0
6 0
7 0
8 0
9 0
10 0.0673797
11 0
12 0
13 0.116043
14 0.718982
15 0.773042
16 0.183366
17 0.730444
18 0.348175
19 0.392517
20 0.827917
0 0.617644
1 0.49164
2 0.376471
3 0.376471
4 0.239572
5 0.247059
6 0.247059
7 0.247059
8 0.247059
9 0.236007
10 0.12549
11 0.866667
12 0.866667
13 0.462389
14 0.730077
15 0.731966
16 0.172734
17 0.729548
18 0.328394
19 0.357459
20 0.821564
0 0.884507
1 0.481215
2 0.321569
3 0.303743
4 0.12549
5 0.247059
6 0.247059
7 0.247059
8 0.224955
9 0.12549
10 0.12549
11 0.85098
12 0.785027
13 0.12549
14 0.727883
15 0.819289
16 0.243537
17 0.788289
18 0.495979
19 0.297563
20 0.822059
0 0.315046
1 0.471127
2 0.309804
3 0.187522
4 0.117647
5 0.247059
6 0.247059
7 0.211765
8 0.117647
9 0.117647
10 0.117647
11 0.823529
12 0.374332
13 0.117647
14 0.723191
15 0.858508
16 0.292446
17 0.803436
18 0.559167
19 0.320964
20 0.814024
0 0.25743
1 0.46279
2 0.309804
3 0.127986
4 0.109804
5 0.247059
6 0.247059
7 0.134759
8 0.109804
9 0.109804
10 0.109804
11 0.819608
12 0.174332
13 0.109804
14 0.740309
15 0.870035
16 0.354914
17 0.817108
18 0.570277
19 0.317921
20 0.814879
0 0.0118291
1 0.454382
2 0.264706
3 0.0588235
4 0.0588235
5 0.247059
6 0.127273
7 0.0588235
8 0.0588235
9 0.0588235
10 0.0588235
11 0.430481
12 0.0588235
13 0.0588235
14 0.765165
15 0.856985
16 0.290071
17 0.788594
18 0.523279
19 0.287012
20 0.80831
0 0.306274
1 0.445785
2 0.0823529
3 0.0823529
4 0.0823529
5 0.0823529
6 0.0823529
7 0.0823529
8 0.082353
9 0.082353
10 0.0823529
11 0.0823529
12 0.0823529
13 0.0823529
14 0.716244
15 0.899036
16 0.208675
17 0.766835
18 0.499232
19 0.244938
20 0.80392
0 0.224744
1 0.43659
2 0
3 0
4 0.273262
5 0
6 0
7 0
8 0
9 0.429947
10 0.390374
11 0
12 0
13 0.413369
14 0.738433
15 0.894707
16 0.115638
17 0.708809
18 0.393264
19 0.263517
20 0.810307
0 0.851818
1 0.428191
2 0
3 0
4 0.0994652
5 0
6 0
7 0
8 0
9 0.258824
10 0.254545
11 0
12 0
13 0.405882
14 0.728149
15 0.87199
16 0.121802
17 0.703001
18 0.367716
19 0.235681
20 0.817046
0 0.941817
1 0.42004
2 0
3 0
4 0.240642
5 0
6 0
7 0
8 0
9 0.4
10 0.411765
11 0
12 0
13 0.260963
14 0.781601
15 0.867046
16 0.149019
17 0.735315
18 0.487007
19 0.249591
20 0.824206
0 0.418854
1 0.411974
2 0
3 0.127807
4 0.115508
5 0
6 0
7 0
8 0.328342
9 0.176471
10 0.31123
11 0
12 0.127807
13 0.571658
14 0.764885
15 0.880693
16 0.201963
17 0.720654
18 0.530034
19 0.267338
20 0.810213
0 0.187377
1 0.403968
2 0
3 0.273797
4 0.340107
5 0
6 0
7 0
8 0.547594
9 0.472727
10 0.247059
11 0
12 0.273797
13 0.967914
14 0.78354
15 0.874375
16 0.111764
17 0.629116
18 0.42488
19 0.285221
20 0.812186
0 0.939414
1 0.395833
2 0
3 0.289127
4 0.209804
5 0
6 0
7 0
8 0.578253
9 0.292335
10 0.247059
11 0
12 0.289127
13 0.988413
14 0.788626
15 0.794636
16 0.0759387
17 0.64345
18 0.289378
19 0.315392
20 0.832195
0 0.787809
1 0.388631
2 0.0442068
3 0.327273
4 0.262745
5 0
6 0.0884136
7 0.378966
8 0.247059
9 0.247059
10 0.247059
11 0.0442068
12 0.997504
13 1
14 0.712417
15 0.831436
16 0.0866848
17 0.711938
18 0.38844
19 0.365024
20 0.827029
0 0.294246
1 0.38124
2 0.266667
3 0.266667
4 0.242602
5 0.247059
6 0.247059
7 0.247059
8 0.247059
9 0.247059
10 0.247059
11 0.960784
12 0.960784
13 0.987522
14 0.822874
15 0.828837
16 0.153326
17 0.713317
18 0.613619
19 0.268468
20 0.813378
0 0.228711
1 0.373002
2 0.682353
3 0.380392
4 0.0784314
5 0.682353
6 0.682353
7 0.682353
8 0.247059
9 0.247059
10 0.247059
11 0.682353
12 0.835294
13 0.988235
14 0.815307
15 0.746572
16 0.362578
17 0.650164
18 0.634169
19 0.232393
20 0.795603
0 0.999492
1 0.364843
2 0.694118
3 0.694118
4 0.694118
5 0.694118
6 0.694118
7 0.694118
8 0.694118
9 0.694118
10 0.694117
11 0.694118
12 0.694118
13 0.694118
14 0.820543
15 0.712826
16 0.594199
17 0.754318
18 0.825033
19 0.206012
20 0.806386
0 0.106502
1 0.357533
2 0.778075
3 0.870588
4 0.870588
5 0.700535
6 0.870588
7 0.870588
8 0.870588
9 0.870588
10 0.870588
11 0.887166
12 0.870588
13 0.870588
14 0.691681
15 0.883142
16 0.214237
17 0.746512
18 0.498338
19 0.267232
20 0.785786
0 0.674164
1 0.349816
2 0
3 0
4 0.11016
5 0
6 0
7 0
8 0
9 0.381818
10 0.245989
11 0
12 0
13 0.212834
14 0.744647
15 0.875378
16 0.216984
17 0.788009
18 0.491325
19 0.258246
20 0.803759
0 0.284931
1 0.342506
2 0
3 0
4 0.145455
5 0
6 0
7 0
8 0
9 0.218182
10 0.245989
11 0
12 0
13 0.186096
14 0.717906
15 0.870867
16 0.257089
17 0.806423
18 0.520588
19 0.254581
20 0.78923
0 0.109933
1 0.335122
2 0
3 0
4 0.0818182
5 0
6 0
7 0
8 0
9 0.381818
10 0.109091
11 0
12 0
13 0.0818182
14 0.740964
15 0.869254
16 0.15801
17 0.748356
18 0.431227
19 0.24606
20 0.78218
0 0.742295
1 0.328278
2 0
3 0
4 0.109091
5 0
6 0
7 0
8 0
9 0.218182
10 0.436364
11 0
12 0
13 0.109091
14 0.725363
15 0.865119
16 0.189604
17 0.775466
18 0.467707
19 0.237386
20 0.793638
0 0.416706
1 0.321299
2 0
3 0
4 0.109091
5 0
6 0
7 0
8 0
9 0.381818
10 0.272727
11 0
12 0
13 0.109091
14 0.700587
15 0.869768
16 0.135313
17 0.727837
18 0.405478
19 0.224768
20 0.777659
0 0.870388
1 0.314565
2 0
3 0
4 0.163636
5 0
6 0
7 0
8 0
9 0.545455
10 0.436364
11 0
12 0
13 0.163636
14 0.713994
15 0.857248
16 0.153634
17 0.752208
18 0.456874
19 0.207234
20 0.789
0 0.627233
1 0.307954
2 0
3 0.0181818
4 0.2
5 0
6 0
7 0
8 0.109091
9 0.6
10 0.6
11 0
12 0.0181818
13 0.2
14 0.731922
15 0.846832
16 0.20864
17 0.778489
18 0.532473
19 0.208136
20 0.782397
0 0.377392
1 0.301037
2 0
3 0.0454546
4 0.2
5 0
6 0
7 0
8 0.272727
9 0.6
10 0.6
11 0
12 0.0454546
13 0.2
14 0.710631
15 0.866443
16 0.184423
17 0.76217
18 0.472061
19 0.223086
20 0.780322
0 0.548461
1 0.379818
2 0
3 0.0181818
4 0.2
5 0
6 0
7 0
8 0.109091
9 0.6
10 0.6
11 0
12 0.0181818
13 0.2
14 0.748923
15 0.865824
16 0.143157
17 0.745798
18 0.404768
19 0.242725
20 0.799547
0 0.755617
1 0.456149
2 0
3 0
4 0.136364
5 0
6 0
7 0
8 0
9 0.218182
10 0.6
11 0
12 0
13 0.136364
14 0.772293
15 0.852817
16 0.146113
17 0.73013
18 0.364054
19 0.28468
20 0.813255
0 0.926267
1 0.537247
2 0
3 0
4 0
5 0
6 0
7 0
8 0
9 0
10 0
11 0
12 0
13 0
14 0.771261
15 0.851421
16 0.154981
17 0.734343
18 0.368681
19 0.284524
20 0.822933
0 0.815313
1 0.621211
2 0
3 0
4 0
5 0
6 0
7 0
8 0
9 0
10 0
11 0
12 0
13 0
14 0.768963
15 0.851284
16 0.150639
17 0.729517
18 0.365252
19 0.284193
20 0.819989
0 0.859434
1 0.614477
2 0
3 0
4 0
5 0
6 0
7 0
8 0
9 0
10 0
11 0
12 0
13 0
14 0.769346
15 0.854632
16 0.200685
17 0.775657
18 0.429384
19 0.283255
20 0.823295
0 0.418876
1 0.607958
2 0
3 0
4 0
5 0
6 0
7 0
8 0
9 0
10 0
11 0
12 0
13 0
14 0.766693
15 0.858731
16 0.181611
17 0.753117
18 0.402062
19 0.290868
20 0.809301
0 0.662992
1 0.60112
2 0
3 0
4 0
5 0
6 0
7 0
8 0
9 0
10 0
11 0
12 0
13 0
14 0.769459
15 0.856477
16 0.186411
17 0.759672
18 0.410901
19 0.287789
20 0.814109
0 0.588335
1 0.594428
2 0
3 0
4 0
5 0
6 0
7 0
8 0
9 0
10 0
11 0
12 0
13 0
14 0.768268
15 0.862758
16 0.263913
17 0.812751
18 0.495754
19 0.287865
20 0.816155
0 0.02933
1 0.587712
2 0
3 0
4 0
5 0
6 0
7 0
8 0
9 0
10 0
11 0
12 0
13 0
14 0.764478
15 0.867523
16 0.239094
17 0.789963
18 0.465644
19 0.29888
20 0.799728
0 0.314492
1 0.580814
2 0
3 0
4 0
5 0
6 0
7 0
8 0
9 0
10 0
11 0
12 0
13 0
14 0.768022
15 0.860875
16 0.172284
17 0.741393
18 0.393103
19 0.29541
20 0.800131
0 0.786694
1 0.57349
2 0
3 0
4 0
5 0
6 0
7 0
8 0
9 0
10 0
11 0
12 0
13 0
14 0.770369
15 0.860888
16 0.25847
17 0.811824
18 0.495958
19 0.284818
20 0.81673
0 0.0324109
1 0.566595
2 0
3 0
4 0
5 0
6 0
7 0
8 0
9 0
10 0
11 0
12 0
13 0
14 0.763997
15 0.868009
16 0.237567
17 0.790865
18 0.469586
19 0.296721
20 0.795653
0 0.306532
1 0.559187
2 0
3 0
4 0
5 0
6 0
7 0
8 0
9 0
10 0
11 0
12 0
13 0
14 0.768157
15 0.865923
16 0.238965
17 0.793954
18 0.472747
19 0.294158
20 0.800304
0 0.265703
1 0.551698
2 0
3 0
4 0
5 0
6 0
7 0
8 0
9 0
10 0
11 0
12 0
13 0
14 0.763114
15 0.862312
16 0.189896
17 0.765913
18 0.457063
19 0.276559
20 0.776343
0 0.558108
1 0.344316
2 0
3 0
4 0
5 0
6 0
7 0
8 0
9 0
10 0
11 0
12 0
13 0
14 0.76906
15 0.860925
16 0.218777
17 0.789986
18 0.487377
19 0.27415
20 0.784261
0 0.319553
1 0.336629
2 0
3 0
4 0
5 0
6 0
7 0
8 0
9 0
10 0
11 0
12 0
13 0
14 0.766433
15 0.863427
16 0.211025
17 0.782013
18 0.479389
19 0.276935
20 0.775322
0 0.410325
1 0.329287
2 0
3 0
4 0
5 0
6 0
7 0
8 0
9 0
10 0
11 0
12 0
13 0
14 0.768557
15 0.87241
16 0.142489
17 0.735548
18 0.424102
19 0.271898
20 0.77298
0 0.781195
1 0.321907
2 0
3 0
4 0.0235294
5 0
6 0
7 0
8 0
9 0
10 0.0673797
11 0
12 0
13 0.129947
14 0.77178
15 0.890611
16 0.0919411
17 0.706098
18 0.406781
19 0.258722
20 0.78412
0 0.842605
1 0.314922
2 0
3 0
4 0.0406417
5 0
6 0
7 0
8 0
9 0
10 0.202139
11 0
12 0
13 0.405882
14 0.769126
15 0.897742
16 0.0674948
17 0.676754
18 0.380209
19 0.256029
20 0.789877
0 0.993616
1 0.308049
2 0
3 0
4 0.0427807
5 0
6 0
7 0
8 0
9 0.0224599
10 0.247059
11 0
12 0
13 0.545455
14 0.762097
15 0.909569
16 0.0979221
17 0.739736
18 0.472107
19 0.25105
20 0.801585
0 0.347267
1 0.30112
2 0
3 0
4 0.131016
5 0
6 0
7 0
8 0
9 0.0941177
10 0.239572
11 0
12 0
13 0.687701
14 0.74767
15 0.912172
16 0.0932737
17 0.711901
18 0.432683
19 0.258372
20 0.780675
0 0.651084
1 0.293846
2 0
3 0
4 0.180214
5 0
6 0
7 0
8 0
9 0.202852
10 0.224955
11 0
12 0
13 0.666845
14 0.751313
15 0.919082
16 0.109421
17 0.740128
18 0.488886
19 0.252095
20 0.790186
0 0.290089
1 0.286767
2 0
3 0.0203209
4 0.272193
5 0
6 0
7 0
8 0.0406417
9 0.24492
10 0.247059
11 0
12 0.0203209
13 0.826203
14 0.754012
15 0.792968
16 0.137815
17 0.768579
18 0.440231
19 0.377339
20 0.778723
0 0.668858
1 0.279644
2 0.25098
3 0.2082
4 0.133333
5 0.247059
6 0.247059
7 0.247059
8 0.164349
9 0.133333
10 0.133333
11 0.831373
12 0.57754
13 0.133333
14 0.751498
15 0.857103
16 0.200554
17 0.773765
18 0.535695
19 0.289537
20 0.763792
0 0.453413
1 0.272685
2 0.240285
3 0.133333
4 0.133333
5 0.247059
6 0.174688
7 0.133333
8 0.133333
9 0.133333
10 0.133333
11 0.627986
12 0.133333
13 0.133333
14 0.776738
15 0.855035
16 0.251755
17 0.791967
18 0.53746
19 0.273448
20 0.766634
0 0.288295
1 0.265508
2 0.0823529
3 0.0823529
4 0.0823529
5 0.0823529
6 0.0823529
7 0.0823529
8 0.082353
9 0.082353
10 0.0823529
11 0.0823529
12 0.0823529
13 0.0823529
14 0.74241
15 0.898956
16 0.0772711
17 0.681263
18 0.407338
19 0.243657
20 0.751937
0 0.981452
1 0.258349
2 0
3 0.00926917
4 0.128699
5 0
6 0
7 0
8 0.0484849
9 0.266667
10 0.448485
11 0
12 0.0634581
13 0.56221
14 0.774758
15 0.874364
16 0.101775
17 0.754686
18 0.470165
19 0.246713
20 0.791956
0 0.266409
1 0.251833
2 0
3 0.0399287
4 0.253654
5 0
6 0
7 0
8 0.193939
9 0.228521
10 0.612834
11 0
12 0.268093
13 0.684848
14 0.739813
15 0.901291
16 0.0814998
17 0.709961
18 0.442315
19 0.248921
20 0.765486
0 0.505799
1 0.245207
2 0
3 0.0270945
4 0.333333
5 0
6 0
7 0
8 0.193939
9 0.492335
10 0.366132
11 0
12 0.263815
13 0.911586
14 0.743116
15 0.899463
16 0.0738223
17 0.698266
18 0.430992
19 0.24416
20 0.7773
0 0.63488
1 0.23863
2 0
3 0.0228164
4 0.325847
5 0
6 0
7 0
8 0.193939
9 0.505526
10 0.383957
11 0
12 0.226738
13 0.908021
14 0.74436
15 0.894015
16 0.0627765
17 0.681325
18 0.400994
19 0.257749
20 0.777937
0 0.769123
1 0.232031
2 0
3 0.0270945
4 0.245098
5 0
6 0
7 0
8 0.193939
9 0.458467
10 0.247059
11 0
12 0.268093
13 0.90303
14 0.786342
15 0.811549
16 0.189547
17 0.717676
18 0.558033
19 0.228596
20 0.783896
0 0.401054
1 0.2255
2 0
3 0.588948
4 0.46025
5 0
6 0
7 0.252406
8 0.92549
9 0.698039
10 0.44492
11 0
12 0.588948
13 0.954367
14 0.726805
15 0.781797
16 0.20749
17 0.768527
18 0.617304
19 0.297277
20 0.768389
0 0.116388
1 0.218622
2 0.160784
3 0.580392
4 1
5 0.247059
6 0.247059
7 0.247059
8 1
9 1
10 1
11 0.956863
12 0.978431
13 1
14 0.743676
15 0.849122
16 0.0347525
17 0.71692
18 0.398475
19 0.388849
20 0.747048
0 0.691426
1 0.211717
2 0.0941176
3 0.0941176
4 0.0941176
5 0.247059
6 0.247059
7 0.247059
8 0.247059
9 0.247059
10 0.247059
11 0.913725
12 0.913725
13 0.913725
14 0.766518
15 0.878607
16 0.174423
17 0.780927
18 0.535493
19 0.22326
20 0.771778
0 0.0662022
1 0.204677
2 0
3 0.0317291
4 0.150089
5 0
6 0
7 0
8 0.163636
9 0.279501
10 0.390018
11 0
12 0.0673797
13 0.42246
14 0.724351
15 0.897933
16 0.081216
17 0.688361
18 0.39476
19 0.243971
20 0.743602
0 0.966006
1 0.197744
2 0
3 0.00855615
4 0.176471
5 0
6 0
7 0
8 0
9 0.374688
10 0.417825
11 0
12 0.0770054
13 0.536364
14 0.766589
15 0.864986
16 0.0794045
17 0.698524
18 0.394278
19 0.240569
20 0.773184
0 0.815027
1 0.191251
2 0
3 0.0991088
4 0.269875
5 0
6 0
7 0
8 0.186453
9 0.243494
10 0.656684
11 0
12 0.259002
13 0.61533
14 0.710824
15 0.874302
16 0.131915
17 0.747849
18 0.459561
19 0.219427
20 0.77113
0 0.29072
1 0.184752
2 0
3 0.168984
4 0.426738
5 0
6 0
7 0
8 0.181818
9 0.621747
10 0.713012
11 0
12 0.265775
13 0.661497
14 0.678383
15 0.878737
16 0.071792
17 0.71395
18 0.354792
19 0.241669
20 0.751568
0 0.616352
1 0.178194
2 0
3 0.151515
4 0.323886
5 0
6 0
7 0.00748663
8 0.0684492
9 0.725847
10 0.74795
11 0
12 0.428342
13 0.780214
14 0.746918
15 0.847233
16 0.112212
17 0.736044
18 0.536339
19 0.177644
20 0.760242
0 0.641053
1 0.171731
2 0.0142603
3 0.128521
4 0.316043
5 0
6 0.00998218
7 0.332264
8 0.338681
9 0.742959
10 0.588948
11 0.149733
12 0.278253
13 0.498217
14 0.725188
15 0.83961
16 0.15811
17 0.787469
18 0.468356
19 0.257663
20 0.75534
0 0.217954
1 0.164928
2 0.0121212
3 0.192513
4 0.229055
5 0
6 0.00998218
7 0.332264
8 0.0684492
9 0.527629
10 0.298039
11 0.143316
12 0.504456
13 0.394474
14 0.786547
15 0.828318
16 0.160015
17 0.776478
18 0.573285
19 0.213134
20 0.735947
0 0.420086
1 0.157955
2 0.00855615
3 0.144207
4 0.0156863
5 0
6 0.00998218
7 0.378253
8 0.298039
9 0.298039
10 0.298039
11 0.134046
12 0.30303
13 0.207843
14 0.83388
15 0.720922
16 0.314798
17 0.80988
18 0.714577
19 0.226516
20 0.741729
0 0.0288687
1 0.150941
2 0.0156863
3 0.683066
4 0.0156863
5 0.298039
6 0.298039
7 0.734403
8 0.734403
9 0.298039
10 0.298039
11 0.235294
12 0.722995
13 0.235294
14 0.77619
15 0.859794
16 0.202816
17 0.738682
18 0.677646
19 0.190536
20 0.716164
0 0.481556
1 0.143557
2 0.0117647
3 0.164171
4 0.590909
5 0.298039
6 0.298039
7 0.298039
8 0.472727
9 0.682353
10 0.57754
11 0.2
12 0.309626
13 0.616578
14 0.765476
15 0.846306
16 0.194756
17 0.758043
18 0.518155
19 0.250564
20 0.74588
0 0.731152
1 0.136614
2 0
3 0.0128342
4 0.0352941
5 0
6 0
7 0
8 0.216756
9 0.298039
10 0.298039
11 0
12 0.0213904
13 0.0588235
14 0.717341
15 0.915388
16 0.108444
17 0.738656
18 0.483207
19 0.234819
20 0.74111
0 0.329785
1 0.129972
2 0
3 0.00374332
4 0.36631
5 0
6 0
7 0
8 0.00427807
9 0.474153
10 0.4082
11 0
12 0.135829
13 0.809626
14 0.723706
15 0.916435
16 0.120362
17 0.778733
18 0.543275
19 0.216465
20 0.752821
0 0.0696831
1 0.123421
2 0
3 0
4 0.179679
5 0
6 0
7 0
8 0
9 0.434581
10 0.610339
11 0
12 0
13 0.689305
14 0.716361
15 0.896858
16 0.0891543
17 0.741532
18 0.459302
19 0.228098
20 0.734237
0 0.457512
1 0.116744
2 0
3 0.0178253
4 0.242068
5 0
6 0
7 0
8 0.0962567
9 0.578966
10 0.745098
11 0
12 0.213191
13 0.694831
14 0.740337
15 0.896739
16 0.125541
17 0.760991
18 0.487093
19 0.245197
20 0.746446
0 0.242752
1 0.110376
2 0
3 0.0352941
4 0.330481
5 0
6 0
7 0
8 0.0962567
9 0.420321
10 0.339037
11 0
12 0.199465
13 0.693048
14 0.75144
15 0.870794
16 0.078731
17 0.675091
18 0.405159
19 0.25559
20 0.731525
0 0.977995
1 0.10391
2 0
3 0.137077
4 0.24795
5 0
6 0
7 0
8 0.32549
9 0.463815
10 0.340107
11 0
12 0.327808
13 0.706417
14 0.77325
15 0.866162
16 0.110994
17 0.752153
18 0.514976
19 0.250322
20 0.764254
0 0.177022
1 0.0976927
2 0
3 0.182175
4 0.149911
5 0
6 0
7 0
8 0.393226
9 0.324064
10 0.407843
11 0
12 0.372549
13 0.796435
14 0.734728
15 0.907152
16 0.0962978
17 0.763512
18 0.486025
19 0.237923
20 0.739204
0 0.0875974
1 0.0910934
2 0
3 0.0115865
4 0.20713
5 0
6 0
7 0
8 0.00427807
9 0.303387
10 0.678431
11 0
12 0.225312
13 0.777897
14 0.780588
15 0.86956
16 0.122325
17 0.756533
18 0.50791
19 0.259796
20 0.73527
0 0.237256
1 0.0845939
2 0
3 0.163993
4 0.2082
5 0
6 0
7 0
8 0.379679
9 0.262032
10 0.517647
11 0
12 0.37754
13 0.724599
14 0.766688
15 0.86498
16 0.0901389
17 0.742523
18 0.470971
19 0.254649
20 0.733769
0 0.25836
1 0.0779833
2 0
3 0.153298
4 0.160071
5 0
6 0
7 0
8 0.347594
9 0.344742
10 0.727986
11 0
12 0.494652
13 0.797326
14 0.770719
15 0.851797
16 0.0809352
17 0.701331
18 0.407527
19 0.245083
20 0.733045
0 0.706035
1 0.0716029
2 0
3 0.158645
4 0.326916
5 0
6 0
7 0
8 0.348307
9 0.339751
10 0.771836
11 0
12 0.47861
13 0.708021
14 0.747253
15 0.850641
16 0.0867924
17 0.756853
18 0.524289
19 0.205623
20 0.748388
0 0.20862
1 0.0651525
2 0
3 0.0636364
4 0.0534759
5 0
6 0
7 0.0748663
8 0.348663
9 0.626738
10 0.665241
11 0
12 0.417647
13 0.650802
14 0.732311
15 0.85181
16 0.0861404
17 0.728388
18 0.452411
19 0.208401
20 0.724096
0 0.698022
1 0.058503
2 0
3 0.16738
4 0.0358289
5 0
6 0
7 0.272727
8 0.185027
9 0.626738
10 0.545454
11 0
12 0.395722
13 0.481283
14 0.7447
15 0.844274
16 0.121356
17 0.777642
18 0.529792
19 0.20465
20 0.73752
0 0.0977209
1 0.0519666
2 0
3 0.226738
4 0.146524
5 0
6 0
7 0.347594
8 0.257754
9 0.665241
10 0.545454
11 0
12 0.545989
13 0.623529
14 0.749586
15 0.852086
16 0.146197
17 0.761659
18 0.502647
19 0.228529
20 0.717859
0 0.238903
1 0.0453131
2 0
3 0.489127
4 0.110339
5 0
6 0
7 0.545455
8 0.223886
9 0.51943
10 0.305882
11 0
12 0.617647
13 0.673797
14 0.759375
15 0.823664
16 0.167041
17 0.762396
18 0.507074
19 0.222803
20 0.721619
0 0.352728
1 0.0384765
2 0
3 0.489483
4 0.105704
5 0
6 0
7 0.545455
8 0.270945
9 0.502317
10 0.305882
11 0
12 0.601604
13 0.472727
14 0.777147
15 0.803532
16 0.160024
17 0.78142
18 0.540397
19 0.213043
20 0.720876
0 0.0354376
1 0.0315455
2 0
3 0.5082
4 0.161854
5 0
6 0
7 0.818182
8 0.273084
9 0.533333
10 0.305882
11 0
12 0.902674
13 0.62139
14 0.834814
15 0.745437
16 0.157465
17 0.781651
18 0.640448
19 0.181229
20 0.709382
0 0.277924
1 0.0245668
2 0.181818
3 0.519608
4 0.16328
5 0
6 0.363636
7 1
8 0.27451
9 0.576471
10 0.491265
11 0.181818
12 1
13 0.39893
14 0.77331
15 0.853599
16 0.0164548
17 0.69131
18 0.407534
19 0.378224
20 0.70093
0 0.854103
1 0.0175522
2 0.054902
3 0.054902
4 0.054902
5 0.27451
6 0.27451
7 0.27451
8 0.27451
9 0.27451
10 0.27451
11 1
12 1
13 1
14 0.77789
15 0.838254
16 0.0137324
17 0.689222
18 0.39198
19 0.358399
20 0.738389
0 0.743549
1 0.0111228
2 0.0235294
3 0.0235294
4 0.0235294
5 0.27451
6 0.27451
7 0.27451
8 0.27451
9 0.27451
10 0.27451
11 1
12 1
13 1
14 0.739398
15 0.860512
16 0.0602789
17 0.700247
18 0.408087
19 0.218501
20 0.736871
end fitness = 26.7155
