brainFunction 22857 48 23 902 24768 2-4 5-12 13-22
0 0.95783
1 0.168724
2 0.441711
3 0.523886
4 0.488413
5 0.262745
6 0.42246
7 0.806774
8 0.571479
9 0.86025
10 0.314082
11 0.588948
12 0.519786
13 0.605348
14 0.572192
15 0.664171
16 0.295187
17 0.130481
18 0.526916
19 0.430659
20 0.378966
21 0.391444
22 0.608912
23 0.985055
24 0.933463
25 0.00340488
26 0.976382
27 0.0450811
28 0.218586
29 0.714622
30 0.00833965
31 0.0443906
32 0.114316
33 0.0144992
34 0.0421123
35 0.125561
36 0.152105
37 0.013869
38 0.0610082
39 0.00962467
40 0.0605898
41 0.0913124
42 0.0227933
43 0.0108152
44 0.0466278
45 0.0399951
46 0.0335696
47 0.0112684
0 0.0263573
1 0.24913
2 0.0424242
3 0.458467
4 0.592157
5 0.0980392
6 0.16934
7 0.176471
8 0.478788
9 0.592157
10 0.592157
11 0.592157
12 0.592157
13 0.0980392
14 0.642068
15 0.952941
16 0.952941
17 0.624955
18 0.592157
19 0.592157
20 0.592157
21 0.592157
22 0.592157
23 0.983257
24 0.617392
25 0.0292229
26 0.962224
27 0.0178293
28 0.037134
29 0.155594
30 0.0701208
31 0.024358
32 0.104488
33 0.021886
34 0.0852273
35 0.223356
36 0.100318
37 0.0758033
38 0.340575
39 0.0327967
40 0.213452
41 0.136831
42 0.0708811
43 0.0701184
44 0.0814332
45 0.0493503
46 0.0371664
47 0.0649829
0 0.564931
1 0.2422
2 0.00766489
3 0.0862745
4 0.0862745
5 0.176471
6 0.176471
7 0.135472
8 0.0862745
9 0.0862745
10 0.0862745
11 0.0862745
12 0.0862745
13 0.976471
14 0.976471
15 0.976471
16 0.248128
17 0.0862745
18 0.0862745
19 0.0862745
20 0.0862745
21 0.0862745
22 0.0862745
23 0.955637
24 0.785028
25 0.0208643
26 0.96647
27 0.112685
28 0.182905
29 0.334362
30 0.0707908
31 0.0291231
32 0.190207
33 0.013259
34 0.108672
35 0.186001
36 0.0698391
37 0.108895
38 0.253235
39 0.0544148
40 0.0714548
41 0.0331917
42 0.0612395
43 0.0316157
44 0.0890853
45 0.0600938
46 0.0677677
47 0.0654826
0 0.907719
1 0.235445
2 0.0627451
3 0.0627451
4 0.0627451
5 0.0627451
6 0.0627451
7 0.0627451
8 0.0627451
9 0.0627451
10 0.0627451
11 0.0627451
12 0.0627451
13 0.0627451
14 0.0627451
15 0.0627451
16 0.0627451
17 0.0627451
18 0.0627451
19 0.0627451
20 0.0627451
21 0.0627451
22 0.0627451
23 0.965224
24 0.845287
25 0.0252314
26 0.96874
27 0.124329
28 0.237317
29 0.4426
30 0.0595063
31 0.0375444
32 0.213888
33 0.0203293
34 0.114317
35 0.195422
36 0.135197
37 0.102675
38 0.2372
39 0.0496485
40 0.0604372
41 0.057546
42 0.0569134
43 0.044558
44 0.0731706
45 0.0754295
46 0.0499185
47 0.0531962
0 0.166916
1 0.228799
2 0.141176
3 0.141176
4 0.141176
5 0.141176
6 0.141176
7 0.141176
8 0.141176
9 0.141176
10 0.141176
11 0.141176
12 0.141176
13 0.141176
14 0.141176
15 0.141176
16 0.141176
17 0.141176
18 0.141177
19 0.141176
20 0.141176
21 0.141177
22 0.141176
23 0.970389
24 0.870002
25 0.0209887
26 0.971164
27 0.0875364
28 0.242666
29 0.513255
30 0.0473805
31 0.0380541
32 0.210977
33 0.0135495
34 0.105862
35 0.194635
36 0.09046
37 0.0880735
38 0.213006
39 0.0246012
40 0.0470279
41 0.0293548
42 0.0460906
43 0.0183825
44 0.0592784
45 0.0389135
46 0.04133
47 0.034188
0 0.870555
1 0.222067
2 0.207843
3 0.207843
4 0.207843
5 0.207843
6 0.207843
7 0.207843
8 0.207843
9 0.207843
10 0.207843
11 0.207843
12 0.207843
13 0.207843
14 0.207843
15 0.207843
16 0.207843
17 0.207843
18 0.207843
19 0.207843
20 0.207843
21 0.207843
22 0.207843
23 0.990041
24 0.779122
25 0.0256357
26 0.951941
27 0.0260767
28 0.0652459
29 0.333084
30 0.058431
31 0.0220566
32 0.18765
33 0.0281498
34 0.0817885
35 0.162601
36 0.14772
37 0.0628806
38 0.259279
39 0.025559
40 0.107137
41 0.108373
42 0.0624677
43 0.0453097
44 0.0559387
45 0.0429557
46 0.0421024
47 0.0464305
0 0.310166
1 0.215275
2 0.383957
3 0.223529
4 0.223529
5 0.176471
6 0.176471
7 0.214973
8 0.223529
9 0.223529
10 0.223529
11 0.223529
12 0.223529
13 0.905882
14 0.905882
15 0.719786
16 0.223529
17 0.223529
18 0.223529
19 0.223529
20 0.223529
21 0.223529
22 0.223529
23 0.988837
24 0.856476
25 0.00268604
26 0.936477
27 0.00715907
28 0.0389837
29 0.586555
30 0.00915941
31 0.00448649
32 0.0581977
33 0.00480239
34 0.0103888
35 0.0503187
36 0.103601
37 0.010026
38 0.0684153
39 0.00163709
40 0.146018
41 0.128007
42 0.0904146
43 0.0276578
44 0.135228
45 0.18846
46 0.10194
47 0.0950005
0 0.891416
1 0.208003
2 0.262745
3 0.262745
4 0.179323
5 0.176471
6 0.176471
7 0.176471
8 0.176471
9 0.176471
10 0.176471
11 0.146168
12 0.109804
13 0.964706
14 0.964706
15 0.964706
16 0.964706
17 0.964706
18 0.964706
19 0.964706
20 0.964706
21 0.265241
22 0.109804
23 0.976211
24 0.829371
25 0.00189765
26 0.933217
27 0.0111513
28 0.0673926
29 0.525588
30 0.0112076
31 0.00627557
32 0.0679561
33 0.00531682
34 0.0170024
35 0.0517395
36 0.137333
37 0.0116652
38 0.0792728
39 0.00202799
40 0.103063
41 0.101819
42 0.0724104
43 0.0259843
44 0.0918721
45 0.172285
46 0.0669417
47 0.0692119
0 0.531659
1 0.201257
2 0.32549
3 0.32549
4 0.218004
5 0.176471
6 0.176471
7 0.176471
8 0.176471
9 0.176471
10 0.176471
11 0.166132
12 0.0627451
13 0.831373
14 0.831372
15 0.831373
16 0.831372
17 0.831372
18 0.831373
19 0.831372
20 0.831372
21 0.551872
22 0.0627451
23 0.981911
24 0.838955
25 0.00157194
26 0.923431
27 0.00734475
28 0.0535165
29 0.571697
30 0.00774642
31 0.00453631
32 0.0634759
33 0.0041018
34 0.0118342
35 0.041115
36 0.117653
37 0.00854617
38 0.0614027
39 0.00131992
40 0.13273
41 0.12883
42 0.0776011
43 0.0285513
44 0.1124
45 0.21069
46 0.0916272
47 0.0836458
0 0.642608
1 0.194698
2 0.266667
3 0.266667
4 0.200891
5 0.176471
6 0.176471
7 0.176471
8 0.176471
9 0.176471
10 0.176471
11 0.170053
12 0.105882
13 0.960784
14 0.960784
15 0.960784
16 0.960784
17 0.960784
18 0.960785
19 0.960784
20 0.960784
21 0.649911
22 0.105882
23 0.980658
24 0.827283
25 0.00116216
26 0.912147
27 0.00717625
28 0.0723442
29 0.571985
30 0.00748636
31 0.00437711
32 0.0729487
33 0.00330779
34 0.0131357
35 0.0375051
36 0.0994514
37 0.00786196
38 0.0537626
39 0.00126932
40 0.133115
41 0.118035
42 0.0726652
43 0.0244628
44 0.106634
45 0.216586
46 0.102834
47 0.0795583
0 0.696768
1 0.188034
2 0.262745
3 0.24385
4 0.0688057
5 0.176471
6 0.176471
7 0.176471
8 0.176471
9 0.176471
10 0.176471
11 0.176471
12 0.125134
13 0.960784
14 0.960784
15 0.960784
16 0.960784
17 0.960784
18 0.960785
19 0.913369
20 0.886274
21 0.886275
22 0.176827
23 0.980686
24 0.840711
25 0.0010654
26 0.905843
27 0.00723229
28 0.0822356
29 0.689588
30 0.00504775
31 0.00799001
32 0.111139
33 0.00356184
34 0.0182386
35 0.0344005
36 0.0641075
37 0.0138993
38 0.055331
39 0.00148705
40 0.132534
41 0.117378
42 0.0693684
43 0.0238854
44 0.0981544
45 0.22428
46 0.108406
47 0.0786869
0 0.631018
1 0.181247
2 0.282353
3 0.282353
4 0.0203208
5 0.176471
6 0.176471
7 0.176471
8 0.176471
9 0.176471
10 0.176471
11 0.176471
12 0.176471
13 0.960784
14 0.960784
15 0.960784
16 0.960784
17 0.960784
18 0.960785
19 0.960784
20 0.960784
21 0.960785
22 0.960784
23 0.981371
24 0.84352
25 0.00108902
26 0.89397
27 0.00875483
28 0.104849
29 0.700195
30 0.00518243
31 0.00840797
32 0.110348
33 0.00406121
34 0.0172686
35 0.0301833
36 0.0861682
37 0.0149955
38 0.0543028
39 0.00158319
40 0.123215
41 0.148244
42 0.0706869
43 0.0322571
44 0.10148
45 0.265719
46 0.114683
47 0.0836264
0 0.34479
1 0.174462
2 0.317647
3 0.164706
4 0.0117647
5 0.176471
6 0.176471
7 0.176471
8 0.176471
9 0.176471
10 0.176471
11 0.176471
12 0.176471
13 0.933333
14 0.933333
15 0.933334
16 0.933333
17 0.933333
18 0.984314
19 0.984314
20 0.984314
21 0.984314
22 0.984313
23 0.977803
24 0.637154
25 0.00424011
26 0.959223
27 0.00993917
28 0.0776656
29 0.405436
30 0.0224004
31 0.0263247
32 0.150572
33 0.00719855
34 0.0614872
35 0.133614
36 0.0331604
37 0.0351886
38 0.111076
39 0.00883631
40 0.165247
41 0.147193
42 0.0688112
43 0.0310247
44 0.0746718
45 0.10395
46 0.0502511
47 0.0536944
0 0.549934
1 0.167811
2 0.0290553
3 0.17754
4 0.0645276
5 0.176471
6 0.176471
7 0.176471
8 0.149376
9 0.101961
10 0.101961
11 0.162923
12 0.176471
13 0.968627
14 0.968627
15 0.968628
16 0.955793
17 0.566132
18 0.101961
19 0.101961
20 0.312656
21 0.87451
22 0.874509
23 0.946741
24 0.799435
25 0.0228889
26 0.965122
27 0.107677
28 0.204229
29 0.326441
30 0.0669077
31 0.037165
32 0.15898
33 0.0152959
34 0.100687
35 0.172947
36 0.087608
37 0.0991466
38 0.228727
39 0.0421632
40 0.0674669
41 0.03648
42 0.0605455
43 0.032888
44 0.0836594
45 0.0625007
46 0.0529511
47 0.0551394
0 0.829735
1 0.161221
2 0.0745098
3 0.0745098
4 0.0745098
5 0.0745098
6 0.0745098
7 0.0745098
8 0.0745098
9 0.0745098
10 0.0745098
11 0.0745098
12 0.0745098
13 0.0745098
14 0.0745098
15 0.0745098
16 0.0745098
17 0.0745098
18 0.0745098
19 0.0745098
20 0.0745098
21 0.0745098
22 0.0745098
23 0.95896
24 0.824241
25 0.0367558
26 0.96812
27 0.145954
28 0.247914
29 0.383713
30 0.0728199
31 0.0428797
32 0.212003
33 0.0223584
34 0.115816
35 0.210117
36 0.130777
37 0.113596
38 0.247388
39 0.0683029
40 0.0772437
41 0.0726067
42 0.0627901
43 0.0719387
44 0.0989432
45 0.099803
46 0.0623405
47 0.0737852
0 0.1305
1 0.154712
2 0.0784314
3 0.0784314
4 0.0773618
5 0.0784314
6 0.0784314
7 0.0784314
8 0.0784314
9 0.0784314
10 0.0784314
11 0.0784314
12 0.0755793
13 0.0784314
14 0.0784314
15 0.0784314
16 0.0784314
17 0.0784314
18 0.0784314
19 0.0784314
20 0.0784314
21 0.0784314
22 0.0748663
23 0.95792
24 0.816322
25 0.0401788
26 0.968842
27 0.132592
28 0.240733
29 0.362329
30 0.0767725
31 0.0435347
32 0.201614
33 0.0165364
34 0.11548
35 0.21539
36 0.0867467
37 0.124638
38 0.263849
39 0.0605409
40 0.085214
41 0.0522314
42 0.0648091
43 0.055091
44 0.116667
45 0.0827159
46 0.0682416
47 0.080066
0 0.668393
1 0.148056
2 0.0470588
3 0.0470588
4 0.0470588
5 0.0470588
6 0.0470588
7 0.0470588
8 0.0470588
9 0.0470588
10 0.0470588
11 0.0470588
12 0.0470588
13 0.0470588
14 0.0470588
15 0.0470588
16 0.0470588
17 0.0470588
18 0.0470588
19 0.0470588
20 0.0470588
21 0.0470588
22 0.0470588
23 0.965951
24 0.842724
25 0.0279432
26 0.967783
27 0.124179
28 0.280864
29 0.439348
30 0.0584221
31 0.0390359
32 0.201519
33 0.0198998
34 0.0973507
35 0.18335
36 0.118432
37 0.091348
38 0.214242
39 0.0460438
40 0.0635196
41 0.0667003
42 0.0526746
43 0.0524281
44 0.0828782
45 0.0836317
46 0.0561558
47 0.0575419
0 0.156944
1 0.140223
2 0.133333
3 0.133333
4 0.133333
5 0.133333
6 0.133333
7 0.133333
8 0.133333
9 0.133333
10 0.133333
11 0.133333
12 0.133333
13 0.133333
14 0.133333
15 0.133333
16 0.133333
17 0.133333
18 0.133333
19 0.133333
20 0.133333
21 0.133333
22 0.133333
23 0.992185
24 0.923885
25 0.00478335
26 0.949454
27 0.0204961
28 0.167389
29 0.707985
30 0.0119787
31 0.0143354
32 0.247213
33 0.0192421
34 0.0375766
35 0.090361
36 0.113778
37 0.0206434
38 0.0898203
39 0.00390174
40 0.0193485
41 0.0310169
42 0.0222199
43 0.00388681
44 0.0172112
45 0.0115378
46 0.0243056
47 0.00886711
0 0.674396
1 0.132696
2 0.685205
3 0.580392
4 0.580392
5 0.176471
6 0.396791
7 0.580392
8 0.580392
9 0.580392
10 0.580392
11 0.580392
12 0.580392
13 0.956863
14 0.888413
15 0.580392
16 0.580392
17 0.580392
18 0.580392
19 0.580392
20 0.580392
21 0.580392
22 0.580392
23 0.990386
24 0.863725
25 0.0107444
26 0.953207
27 0.0302048
28 0.123176
29 0.558424
30 0.0286643
31 0.0264372
32 0.224951
33 0.0358648
34 0.0668643
35 0.147082
36 0.195567
37 0.0541724
38 0.188266
39 0.0126398
40 0.0475067
41 0.0718365
42 0.0432578
43 0.0222508
44 0.0318094
45 0.0390729
46 0.0273738
47 0.0231271
0 0.119581
1 0.126204
2 0.495009
3 0.396078
4 0.415864
5 0.176471
6 0.216399
7 0.396078
8 0.396078
9 0.396078
10 0.396078
11 0.396078
12 0.316221
13 0.956863
14 0.956863
15 0.54902
16 0.396078
17 0.396078
18 0.396079
19 0.396078
20 0.396078
21 0.396079
22 0.65098
23 0.982563
24 0.822003
25 0.0280745
26 0.952483
27 0.0477411
28 0.14287
29 0.380497
30 0.0625066
31 0.0279612
32 0.231287
33 0.0228161
34 0.082842
35 0.205632
36 0.107798
37 0.0984262
38 0.324111
39 0.0242533
40 0.0636005
41 0.0369379
42 0.0668642
43 0.0276742
44 0.0634358
45 0.0474022
46 0.0440715
47 0.0499592
0 0.947458
1 0.119677
2 0.276827
3 0.172549
4 0.172549
5 0.176471
6 0.172906
7 0.172549
8 0.172549
9 0.172549
10 0.172549
11 0.172549
12 0.172549
13 0.933333
14 0.449198
15 0.172549
16 0.172549
17 0.172549
18 0.172549
19 0.172549
20 0.172549
21 0.172549
22 0.172549
23 0.972976
24 0.87545
25 0.0201076
26 0.969967
27 0.11189
28 0.320647
29 0.532294
30 0.0473162
31 0.0424024
32 0.204148
33 0.0199117
34 0.0811166
35 0.173741
36 0.126026
37 0.0717119
38 0.177959
39 0.029526
40 0.0466297
41 0.0454883
42 0.048921
43 0.0332069
44 0.057917
45 0.0688409
46 0.0496074
47 0.0380264
0 0.339981
1 0.113289
2 0.211765
3 0.211765
4 0.211765
5 0.211765
6 0.211765
7 0.211765
8 0.211765
9 0.211765
10 0.211765
11 0.211765
12 0.211765
13 0.211765
14 0.211765
15 0.211765
16 0.211765
17 0.211765
18 0.211765
19 0.211765
20 0.211765
21 0.211765
22 0.211765
23 0.980453
24 0.908895
25 0.0139134
26 0.965462
27 0.0500566
28 0.287595
29 0.618776
30 0.0259897
31 0.0319941
32 0.206865
33 0.0162601
34 0.0675192
35 0.143616
36 0.105672
37 0.044145
38 0.15372
39 0.0094667
40 0.0268867
41 0.0335109
42 0.0296908
43 0.012259
44 0.0342015
45 0.0257795
46 0.0322945
47 0.0182108
0 0.589877
1 0.106743
2 0.390553
3 0.368627
4 0.368627
5 0.298752
6 0.368627
7 0.368627
8 0.368627
9 0.368627
10 0.368627
11 0.368627
12 0.368627
13 0.636007
14 0.368627
15 0.368627
16 0.368627
17 0.368627
18 0.368628
19 0.368627
20 0.368627
21 0.368628
22 0.368627
23 0.980055
24 0.916062
25 0.0127959
26 0.967362
27 0.0593148
28 0.333983
29 0.637212
30 0.0251719
31 0.0370874
32 0.204222
33 0.0219024
34 0.0688395
35 0.152834
36 0.16438
37 0.0437594
38 0.154338
39 0.0106251
40 0.0250603
41 0.0444316
42 0.029175
43 0.016666
44 0.030911
45 0.034096
46 0.0293188
47 0.0170715
0 0.157682
1 0.100365
2 0.398396
3 0.388235
4 0.388235
5 0.31123
6 0.388235
7 0.388235
8 0.388235
9 0.388235
10 0.388235
11 0.388235
12 0.388235
13 0.632442
14 0.388235
15 0.388235
16 0.388235
17 0.388235
18 0.388235
19 0.388235
20 0.388235
21 0.388235
22 0.388235
23 0.960529
24 0.84986
25 0.0439256
26 0.973238
27 0.129498
28 0.326642
29 0.424963
30 0.0708175
31 0.0600344
32 0.19715
33 0.0227662
34 0.127978
35 0.242433
36 0.153895
37 0.116604
38 0.256752
39 0.0504455
40 0.0705744
41 0.0722204
42 0.0544341
43 0.0754635
44 0.10383
45 0.087172
46 0.0599797
47 0.0629982
0 0.26002
1 0.0939277
2 0.101961
3 0.101961
4 0.101961
5 0.101961
6 0.101961
7 0.101961
8 0.101961
9 0.101961
10 0.101961
11 0.101961
12 0.101961
13 0.101961
14 0.101961
15 0.101961
16 0.101961
17 0.101961
18 0.101961
19 0.101961
20 0.101961
21 0.101961
22 0.101961
23 0.967256
24 0.846448
25 0.0337712
26 0.970238
27 0.112123
28 0.308256
29 0.442598
30 0.0587997
31 0.0428705
32 0.197239
33 0.0169392
34 0.0961951
35 0.194195
36 0.0940966
37 0.0895919
38 0.209102
39 0.0379115
40 0.0671584
41 0.0636895
42 0.0487005
43 0.0500072
44 0.0988314
45 0.0695785
46 0.0648169
47 0.0591337
0 0.447744
1 0.0874592
2 0.12549
3 0.12549
4 0.12549
5 0.12549
6 0.12549
7 0.12549
8 0.12549
9 0.12549
10 0.12549
11 0.12549
12 0.12549
13 0.12549
14 0.12549
15 0.12549
16 0.12549
17 0.12549
18 0.12549
19 0.12549
20 0.12549
21 0.12549
22 0.12549
23 0.96348
24 0.840542
25 0.0352048
26 0.969853
27 0.103975
28 0.255551
29 0.410135
30 0.0641745
31 0.045449
32 0.193424
33 0.014162
34 0.100449
35 0.195125
36 0.0733689
37 0.0949502
38 0.216335
39 0.0321773
40 0.0706673
41 0.043465
42 0.0528072
43 0.0355128
44 0.0995509
45 0.0560229
46 0.062859
47 0.0560543
0 0.902394
1 0.0810698
2 0.105882
3 0.105882
4 0.105882
5 0.105882
6 0.105882
7 0.105882
8 0.105882
9 0.105882
10 0.105882
11 0.105882
12 0.105882
13 0.105882
14 0.105882
15 0.105882
16 0.105882
17 0.105882
18 0.105882
19 0.105882
20 0.105882
21 0.105882
22 0.105882
23 0.963799
24 0.840064
25 0.0360331
26 0.969242
27 0.118061
28 0.262941
29 0.41244
30 0.0664989
31 0.0459768
32 0.198429
33 0.0167818
34 0.0979067
35 0.195275
36 0.0876965
37 0.0946283
38 0.217268
39 0.0376145
40 0.0737728
41 0.0520725
42 0.0571457
43 0.0433022
44 0.0993918
45 0.0695917
46 0.0636224
47 0.0600558
0 0.669029
1 0.0748163
2 0.101961
3 0.101961
4 0.101961
5 0.101961
6 0.101961
7 0.101961
8 0.101961
9 0.101961
10 0.101961
11 0.101961
12 0.101961
13 0.101961
14 0.101961
15 0.101961
16 0.101961
17 0.101961
18 0.101961
19 0.101961
20 0.101961
21 0.101961
22 0.101961
23 0.96363
24 0.840655
25 0.0358657
26 0.969671
27 0.129112
28 0.284744
29 0.4114
30 0.065179
31 0.0451215
32 0.194954
33 0.0199387
34 0.0954462
35 0.191632
36 0.107547
37 0.0928726
38 0.211895
39 0.0442453
40 0.0733446
41 0.070199
42 0.0569998
43 0.0602329
44 0.0997455
45 0.0865295
46 0.0642651
47 0.0648085
0 0.293693
1 0.0684913
2 0.101961
3 0.101961
4 0.101961
5 0.101961
6 0.101961
7 0.101961
8 0.101961
9 0.101961
10 0.101961
11 0.101961
12 0.101961
13 0.101961
14 0.101961
15 0.101961
16 0.101961
17 0.101961
18 0.101961
19 0.101961
20 0.101961
21 0.101961
22 0.101961
23 0.96287
24 0.839396
25 0.0349327
26 0.969707
27 0.110041
28 0.258478
29 0.405375
30 0.0630572
31 0.0439195
32 0.190884
33 0.0147257
34 0.093068
35 0.18817
36 0.0718332
37 0.0910017
38 0.205494
39 0.0333333
40 0.0721664
41 0.0465498
42 0.0548888
43 0.0390921
44 0.100161
45 0.0605347
46 0.0641688
47 0.0596977
0 0.821624
1 0.0621624
2 0.101961
3 0.101961
4 0.101961
5 0.101961
6 0.101961
7 0.101961
8 0.101961
9 0.101961
10 0.101961
11 0.101961
12 0.101961
13 0.101961
14 0.101961
15 0.101961
16 0.101961
17 0.101961
18 0.101961
19 0.101961
20 0.101961
21 0.101961
22 0.101961
23 0.969426
24 0.833511
25 0.0405119
26 0.963292
27 0.0970564
28 0.218815
29 0.365475
30 0.0658396
31 0.0375011
32 0.201565
33 0.0217805
34 0.0905932
35 0.18814
36 0.10206
37 0.0950818
38 0.271278
39 0.0409727
40 0.078114
41 0.074221
42 0.0631232
43 0.0584706
44 0.0980377
45 0.0846555
46 0.0629084
47 0.0719607
0 0.32756
1 0.0559072
2 0.0987522
3 0.101961
4 0.101961
5 0.127629
6 0.101961
7 0.101961
8 0.101961
9 0.101961
10 0.101961
11 0.101961
12 0.101961
13 0.472727
14 0.101961
15 0.101961
16 0.101961
17 0.101961
18 0.101961
19 0.101961
20 0.101961
21 0.101961
22 0.101961
23 0.989319
24 0.847521
25 0.00312111
26 0.941141
27 0.0104511
28 0.0648733
29 0.549696
30 0.00699317
31 0.00373427
32 0.041486
33 0.00441377
34 0.00586654
35 0.0352259
36 0.0880549
37 0.0071627
38 0.0413846
39 0.00143496
40 0.197417
41 0.311974
42 0.0860302
43 0.0802928
44 0.214816
45 0.338994
46 0.144305
47 0.135485
0 0.237617
1 0.0497894
2 0.054902
3 0.054902
4 0.0784314
5 0.172549
6 0.172549
7 0.172549
8 0.172549
9 0.172549
10 0.172549
11 0.138681
12 0.0980392
13 0.929412
14 0.929412
15 0.929412
16 0.929412
17 0.929412
18 0.929412
19 0.929412
20 0.929412
21 0.249198
22 0.0980392
23 0.977346
24 0.806807
25 0.000397485
26 0.922943
27 0.00744897
28 0.0853847
29 0.47368
30 0.0034357
31 0.00207815
32 0.0367055
33 0.00140558
34 0.00402447
35 0.0165509
36 0.0384823
37 0.00368442
38 0.0223777
39 0.000479302
40 0.147491
41 0.169228
42 0.0617121
43 0.0291141
44 0.146573
45 0.306738
46 0.11761
47 0.0945001
0 0.69291
1 0.043594
2 0.0431373
3 0.0431373
4 0.0559715
5 0.172549
6 0.172549
7 0.172549
8 0.172549
9 0.172549
10 0.172549
11 0.172549
12 0.112656
13 0.941176
14 0.941176
15 0.941177
16 0.941176
17 0.941176
18 0.941177
19 0.941176
20 0.941176
21 0.941177
22 0.167557
23 0.949389
24 0.869697
25 0.00154699
26 0.933714
27 0.064499
28 0.240615
29 0.454231
30 0.00217711
31 0.0304523
32 0.0769398
33 0.0115685
34 0.0107624
35 0.0159809
36 0.02555
37 0.0132469
38 0.0752782
39 0.0038271
40 0.0420112
41 0.0301627
42 0.019095
43 0.00767841
44 0.0307627
45 0.0148775
46 0.0434738
47 0.00882903
0 0.539057
1 0.0374759
2 0.0918004
3 0.087344
4 0.769519
5 0.186096
6 0.324421
7 0.131907
8 0.101961
9 0.406417
10 0.459893
11 0.803922
12 0.803922
13 0.502317
14 0.200713
15 0.945098
16 0.255258
17 0.101961
18 0.717291
19 0.18467
20 0.803921
21 0.803922
22 0.803921
23 0.965274
24 0.887115
25 0.00968881
26 0.969057
27 0.107106
28 0.40691
29 0.499283
30 0.0211514
31 0.0272665
32 0.141599
33 0.00889617
34 0.039947
35 0.105039
36 0.0496211
37 0.0357902
38 0.0603204
39 0.00619996
40 0.0256083
41 0.0208343
42 0.0206219
43 0.00876904
44 0.0276274
45 0.0153701
46 0.0215048
47 0.0111167
0 0.872872
1 0.0315306
2 0.0901961
3 0.0901961
4 0.0901961
5 0.427451
6 0.427451
7 0.427451
8 0.427451
9 0.427451
10 0.427451
11 0.427451
12 0.427451
13 0.282353
14 0.282353
15 0.282353
16 0.282353
17 0.282353
18 0.282353
19 0.282353
20 0.282353
21 0.282353
22 0.282353
23 0.976613
24 0.89596
25 0.00817453
26 0.96708
27 0.0632337
28 0.399481
29 0.579971
30 0.0132673
31 0.0188195
32 0.124546
33 0.00555035
34 0.0320014
35 0.0823452
36 0.0378874
37 0.0250456
38 0.0478411
39 0.00320616
40 0.035306
41 0.0372892
42 0.0217584
43 0.0114522
44 0.0442128
45 0.0230529
46 0.0356859
47 0.0156031
0 0.884033
1 0.0254198
2 0.054902
3 0.054902
4 0.054902
5 0.427451
6 0.427451
7 0.427451
8 0.427451
9 0.427451
10 0.427451
11 0.427451
12 0.427451
13 0.427451
14 0.427451
15 0.427451
16 0.427451
17 0.427451
18 0.427451
19 0.427451
20 0.427451
21 0.427451
22 0.427451
23 0.986412
24 0.834418
25 0.00733343
26 0.944632
27 0.00879487
28 0.0500208
29 0.472369
30 0.0109532
31 0.00498652
32 0.0380187
33 0.00536037
34 0.0115555
35 0.0568836
36 0.138442
37 0.00942664
38 0.0528346
39 0.00172352
40 0.194916
41 0.34933
42 0.0757597
43 0.0935364
44 0.227745
45 0.2672
46 0.113475
47 0.110634
0 0.246831
1 0.0190484
2 0.0666667
3 0.0666667
4 0.0559715
5 0.172549
6 0.172549
7 0.172549
8 0.172549
9 0.172549
10 0.172549
11 0.0730838
12 0.0509804
13 0.933333
14 0.933333
15 0.933334
16 0.933333
17 0.933333
18 0.933334
19 0.933333
20 0.692691
21 0.0509804
22 0.0509804
23 0.963555
24 0.902786
25 0.00117924
26 0.969155
27 0.0390169
28 0.340904
29 0.565479
30 0.0118118
31 0.012614
32 0.0762783
33 0.00573457
34 0.0206985
35 0.0618132
36 0.0547052
37 0.0091404
38 0.0380303
39 0.00117622
40 0.00995496
41 0.0133943
42 0.0157565
43 0.0024492
44 0.0136882
45 0.0128272
46 0.011715
47 0.00628606
0 0.950188
1 0.0123315
2 0.521569
3 0.521569
4 0.414617
5 0.521569
6 0.521569
7 0.521569
8 0.521569
9 0.521569
10 0.521569
11 0.521569
12 0.236364
13 0.521569
14 0.521569
15 0.521569
16 0.521569
17 0.521569
18 0.521569
19 0.521569
20 0.521569
21 0.521569
22 0.165062
23 0.988427
24 0.920279
25 0.000979928
26 0.944895
27 0.0171336
28 0.246742
29 0.735596
30 0.00168786
31 0.00559457
32 0.0940704
33 0.00362069
34 0.00864299
35 0.0274165
36 0.0481085
37 0.00529014
38 0.0174539
39 0.000661231
40 0.06131
41 0.141658
42 0.0239368
43 0.0127351
44 0.0603755
45 0.0721109
46 0.0727245
47 0.022216
0 0.342056
1 0.00651402
2 0.0713013
3 0.133333
4 0.133333
5 0.172549
6 0.382175
7 0.556863
8 0.556863
9 0.556863
10 0.556863
11 0.556863
12 0.556863
13 0.945098
14 0.945811
15 0.94902
16 0.94902
17 0.94902
18 0.94902
19 0.94902
20 0.94902
21 0.94902
22 0.949019
23 0.983166
24 0.821049
25 0.00171572
26 0.922692
27 0.00694727
28 0.0670029
29 0.649552
30 0.0045923
31 0.00714567
32 0.0822073
33 0.00230221
34 0.0137486
35 0.0339324
36 0.0413194
37 0.0119159
38 0.0538133
39 0.00108537
40 0.290549
41 0.324299
42 0.108177
43 0.0897335
44 0.302107
45 0.521572
46 0.283492
47 0.228991
end fitness = 1.20792
