brain 22896 fitness=10.7142 numneurons+1=54 maxWeight=8 maxBias=8 redinput=2-4 greeninput=5-12 blueinput=13-14
+0.0000 +0.0000 +0.0000 +0.0000 +0.0000 +0.0000 +0.0000 +0.0000 +0.0000 +0.0000 +0.0000 +0.0000 +0.0000 +0.0000 +0.0000 +0.0000 +0.0000 +0.0000 +0.0000 +0.0000 +0.0000 +0.0000 +0.0000 +0.0000 +0.0000 +0.0000 +0.0000 +0.0000 +0.0000 +0.0000 +0.0000 +0.0000 +0.0000 +0.0000 +0.0000 +0.0000 +0.0000 +0.0000 +0.0000 +0.0000 +0.0000 +0.0000 +0.0000 +0.0000 +0.0000 +0.0000 +0.0000 +0.0000 +0.0000 +0.0000 +0.0000 +0.0000 +0.0000 +0.0000 ;
+0.0000 +0.0000 +0.0000 +0.0000 +0.0000 +0.0000 +0.0000 +0.0000 +0.0000 +0.0000 +0.0000 +0.0000 +0.0000 +0.0000 +0.0000 +0.0000 +0.0000 +0.0000 +0.0000 +0.0000 +0.0000 +0.0000 +0.0000 +0.0000 +0.0000 +0.0000 +0.0000 +0.0000 +0.0000 +0.0000 +0.0000 +0.0000 +0.0000 +0.0000 +0.0000 +0.0000 +0.0000 +0.0000 +0.0000 +0.0000 +0.0000 +0.0000 +0.0000 +0.0000 +0.0000 +0.0000 +0.0000 +0.0000 +0.0000 +0.0000 +0.0000 +0.0000 +0.0000 +0.0000 ;
+0.0000 +0.0000 +0.0000 +0.0000 +0.0000 +0.0000 +0.0000 +0.0000 +0.0000 +0.0000 +0.0000 +0.0000 +0.0000 +0.0000 +0.0000 +0.0000 +0.0000 +0.0000 +0.0000 +0.0000 +0.0000 +0.0000 +0.0000 +0.0000 +0.0000 +0.0000 +0.0000 +0.0000 +0.0000 +0.0000 +0.0000 +0.0000 +0.0000 +0.0000 +0.0000 +0.0000 +0.0000 +0.0000 +0.0000 +0.0000 +0.0000 +0.0000 +0.0000 +0.0000 +0.0000 +0.0000 +0.0000 +0.0000 +0.0000 +0.0000 +0.0000 +0.0000 +0.0000 +0.0000 ;
+0.0000 +0.0000 +0.0000 +0.0000 +0.0000 +0.0000 +0.0000 +0.0000 +0.0000 +0.0000 +0.0000 +0.0000 +0.0000 +0.0000 +0.0000 +0.0000 +0.0000 +0.0000 +0.0000 +0.0000 +0.0000 +0.0000 +0.0000 +0.0000 +0.0000 +0.0000 +0.0000 +0.0000 +0.0000 +0.0000 +0.0000 +0.0000 +0.0000 +0.0000 +0.0000 +0.0000 +0.0000 +0.0000 +0.0000 +0.0000 +0.0000 +0.0000 +0.0000 +0.0000 +0.0000 +0.0000 +0.0000 +0.0000 +0.0000 +0.0000 +0.0000 +0.0000 +0.0000 +0.0000 ;
+0.0000 +0.0000 +0.0000 +0.0000 +0.0000 +0.0000 +0.0000 +0.0000 +0.0000 +0.0000 +0.0000 +0.0000 +0.0000 +0.0000 +0.0000 +0.0000 +0.0000 +0.0000 +0.0000 +0.0000 +0.0000 +0.0000 +0.0000 +0.0000 +0.0000 +0.0000 +0.0000 +0.0000 +0.0000 +0.0000 +0.0000 +0.0000 +0.0000 +0.0000 +0.0000 +0.0000 +0.0000 +0.0000 +0.0000 +0.0000 +0.0000 +0.0000 +0.0000 +0.0000 +0.0000 +0.0000 +0.0000 +0.0000 +0.0000 +0.0000 +0.0000 +0.0000 +0.0000 +0.0000 ;
+0.0000 +0.0000 +0.0000 +0.0000 +0.0000 +0.0000 +0.0000 +0.0000 +0.0000 +0.0000 +0.0000 +0.0000 +0.0000 +0.0000 +0.0000 +0.0000 +0.0000 +0.0000 +0.0000 +0.0000 +0.0000 +0.0000 +0.0000 +0.0000 +0.0000 +0.0000 +0.0000 +0.0000 +0.0000 +0.0000 +0.0000 +0.0000 +0.0000 +0.0000 +0.0000 +0.0000 +0.0000 +0.0000 +0.0000 +0.0000 +0.0000 +0.0000 +0.0000 +0.0000 +0.0000 +0.0000 +0.0000 +0.0000 +0.0000 +0.0000 +0.0000 +0.0000 +0.0000 +0.0000 ;
+0.0000 +0.0000 +0.0000 +0.0000 +0.0000 +0.0000 +0.0000 +0.0000 +0.0000 +0.0000 +0.0000 +0.0000 +0.0000 +0.0000 +0.0000 +0.0000 +0.0000 +0.0000 +0.0000 +0.0000 +0.0000 +0.0000 +0.0000 +0.0000 +0.0000 +0.0000 +0.0000 +0.0000 +0.0000 +0.0000 +0.0000 +0.0000 +0.0000 +0.0000 +0.0000 +0.0000 +0.0000 +0.0000 +0.0000 +0.0000 +0.0000 +0.0000 +0.0000 +0.0000 +0.0000 +0.0000 +0.0000 +0.0000 +0.0000 +0.0000 +0.0000 +0.0000 +0.0000 +0.0000 ;
+0.0000 +0.0000 +0.0000 +0.0000 +0.0000 +0.0000 +0.0000 +0.0000 +0.0000 +0.0000 +0.0000 +0.0000 +0.0000 +0.0000 +0.0000 +0.0000 +0.0000 +0.0000 +0.0000 +0.0000 +0.0000 +0.0000 +0.0000 +0.0000 +0.0000 +0.0000 +0.0000 +0.0000 +0.0000 +0.0000 +0.0000 +0.0000 +0.0000 +0.0000 +0.0000 +0.0000 +0.0000 +0.0000 +0.0000 +0.0000 +0.0000 +0.0000 +0.0000 +0.0000 +0.0000 +0.0000 +0.0000 +0.0000 +0.0000 +0.0000 +0.0000 +0.0000 +0.0000 +0.0000 ;
+0.0000 +0.0000 +0.0000 +0.0000 +0.0000 +0.0000 +0.0000 +0.0000 +0.0000 +0.0000 +0.0000 +0.0000 +0.0000 +0.0000 +0.0000 +0.0000 +0.0000 +0.0000 +0.0000 +0.0000 +0.0000 +0.0000 +0.0000 +0.0000 +0.0000 +0.0000 +0.0000 +0.0000 +0.0000 +0.0000 +0.0000 +0.0000 +0.0000 +0.0000 +0.0000 +0.0000 +0.0000 +0.0000 +0.0000 +0.0000 +0.0000 +0.0000 +0.0000 +0.0000 +0.0000 +0.0000 +0.0000 +0.0000 +0.0000 +0.0000 +0.0000 +0.0000 +0.0000 +0.0000 ;
+0.0000 +0.0000 +0.0000 +0.0000 +0.0000 +0.0000 +0.0000 +0.0000 +0.0000 +0.0000 +0.0000 +0.0000 +0.0000 +0.0000 +0.0000 +0.0000 +0.0000 +0.0000 +0.0000 +0.0000 +0.0000 +0.0000 +0.0000 +0.0000 +0.0000 +0.0000 +0.0000 +0.0000 +0.0000 +0.0000 +0.0000 +0.0000 +0.0000 +0.0000 +0.0000 +0.0000 +0.0000 +0.0000 +0.0000 +0.0000 +0.0000 +0.0000 +0.0000 +0.0000 +0.0000 +0.0000 +0.0000 +0.0000 +0.0000 +0.0000 +0.0000 +0.0000 +0.0000 +0.0000 ;
+0.0000 +0.0000 +0.0000 +0.0000 +0.0000 +0.0000 +0.0000 +0.0000 +0.0000 +0.0000 +0.0000 +0.0000 +0.0000 +0.0000 +0.0000 +0.0000 +0.0000 +0.0000 +0.0000 +0.0000 +0.0000 +0.0000 +0.0000 +0.0000 +0.0000 +0.0000 +0.0000 +0.0000 +0.0000 +0.0000 +0.0000 +0.0000 +0.0000 +0.0000 +0.0000 +0.0000 +0.0000 +0.0000 +0.0000 +0.0000 +0.0000 +0.0000 +0.0000 +0.0000 +0.0000 +0.0000 +0.0000 +0.0000 +0.0000 +0.0000 +0.0000 +0.0000 +0.0000 +0.0000 ;
+0.0000 +0.0000 +0.0000 +0.0000 +0.0000 +0.0000 +0.0000 +0.0000 +0.0000 +0.0000 +0.0000 +0.0000 +0.0000 +0.0000 +0.0000 +0.0000 +0.0000 +0.0000 +0.0000 +0.0000 +0.0000 +0.0000 +0.0000 +0.0000 +0.0000 +0.0000 +0.0000 +0.0000 +0.0000 +0.0000 +0.0000 +0.0000 +0.0000 +0.0000 +0.0000 +0.0000 +0.0000 +0.0000 +0.0000 +0.0000 +0.0000 +0.0000 +0.0000 +0.0000 +0.0000 +0.0000 +0.0000 +0.0000 +0.0000 +0.0000 +0.0000 +0.0000 +0.0000 +0.0000 ;
+0.0000 +0.0000 +0.0000 +0.0000 +0.0000 +0.0000 +0.0000 +0.0000 +0.0000 +0.0000 +0.0000 +0.0000 +0.0000 +0.0000 +0.0000 +0.0000 +0.0000 +0.0000 +0.0000 +0.0000 +0.0000 +0.0000 +0.0000 +0.0000 +0.0000 +0.0000 +0.0000 +0.0000 +0.0000 +0.0000 +0.0000 +0.0000 +0.0000 +0.0000 +0.0000 +0.0000 +0.0000 +0.0000 +0.0000 +0.0000 +0.0000 +0.0000 +0.0000 +0.0000 +0.0000 +0.0000 +0.0000 +0.0000 +0.0000 +0.0000 +0.0000 +0.0000 +0.0000 +0.0000 ;
+0.0000 +0.0000 +0.0000 +0.0000 +0.0000 +0.0000 +0.0000 +0.0000 +0.0000 +0.0000 +0.0000 +0.0000 +0.0000 +0.0000 +0.0000 +0.0000 +0.0000 +0.0000 +0.0000 +0.0000 +0.0000 +0.0000 +0.0000 +0.0000 +0.0000 +0.0000 +0.0000 +0.0000 +0.0000 +0.0000 +0.0000 +0.0000 +0.0000 +0.0000 +0.0000 +0.0000 +0.0000 +0.0000 +0.0000 +0.0000 +0.0000 +0.0000 +0.0000 +0.0000 +0.0000 +0.0000 +0.0000 +0.0000 +0.0000 +0.0000 +0.0000 +0.0000 +0.0000 +0.0000 ;
+0.0000 +0.0000 +0.0000 +0.0000 +0.0000 +0.0000 +0.0000 +0.0000 +0.0000 +0.0000 +0.0000 +0.0000 +0.0000 +0.0000 +0.0000 +0.0000 +0.0000 +0.0000 +0.0000 +0.0000 +0.0000 +0.0000 +0.0000 +0.0000 +0.0000 +0.0000 +0.0000 +0.0000 +0.0000 +0.0000 +0.0000 +0.0000 +0.0000 +0.0000 +0.0000 +0.0000 +0.0000 +0.0000 +0.0000 +0.0000 +0.0000 +0.0000 +0.0000 +0.0000 +0.0000 +0.0000 +0.0000 +0.0000 +0.0000 +0.0000 +0.0000 +0.0000 +0.0000 +0.0000 ;
-0.0167 +0.0000 -0.0142 -0.0000 +0.0000 -0.0000 +0.0000 +0.0000 +0.0000 +0.0000 +0.0000 +0.0000 +0.0000 +0.0000 +0.0000 +0.0000 +0.0727 +0.0778 +0.0000 -0.0451 -0.0141 -0.0005 +0.0000 +0.0000 +0.0000 +0.0000 +0.4017 +0.0004 +0.0000 +0.0000 +0.0000 +0.0000 -0.0002 -0.0002 -0.0003 -0.0000 +0.0000 +0.0000 +0.0000 +0.1220 +0.1229 +0.0824 +0.1613 +0.0318 +0.0532 -0.0000 -0.0000 -0.0406 -0.0577 +0.0000 +0.0000 +0.0000 +0.0000 +0.4353 ;
-0.0208 -0.0511 -0.0000 -0.0000 +0.0000 -0.0000 -0.0958 -0.0000 +0.0000 +0.0000 +0.0000 +0.0000 +0.0045 -0.0134 +0.0000 +0.0000 +0.0000 +0.0000 +0.0000 +0.0709 +0.0000 +0.0002 +0.0000 +0.0000 +0.0753 +0.0000 +0.2427 +0.0004 +0.0527 +0.0000 +0.0000 +0.0000 +0.0000 +0.0000 +0.0000 +0.0000 -0.0023 +0.0000 +0.0000 +0.0000 +0.0000 +0.0000 +0.0000 +0.0000 +0.0000 +0.0000 -0.0000 -0.0000 -0.0000 -0.0000 -0.0000 +0.0000 -0.0000 +0.3804 ;
-0.0052 -0.0430 -0.2890 +0.2003 -0.2355 +0.1819 -0.2195 -0.2791 -0.1576 -0.2064 -0.1480 +0.0000 +0.0000 +0.0201 +0.2809 -0.0000 -0.0000 +0.0000 +0.1025 -0.1695 +0.0000 +0.1263 +0.5388 +0.0000 +0.0000 +0.0000 +0.0000 +0.0000 +0.0000 +0.0000 +0.0000 +0.0000 +0.0000 -0.4612 +0.0000 +0.0000 -0.3845 -0.4174 +0.4354 +0.2752 +0.3954 +0.0000 +0.0000 +0.0000 +0.0000 -0.5443 -0.5332 -0.5833 +0.0000 -0.5714 -0.5858 -0.5257 -0.4893 -0.0667 ;
-0.1334 -0.0000 +0.0000 +0.0000 +0.0000 +0.0000 +0.0000 +0.0000 +0.0000 +0.0000 +0.0000 +0.0000 -0.0000 -0.0000 -0.0982 -0.2899 +0.0000 +0.0000 +0.0000 +0.0411 +0.0000 +0.0933 +0.0000 +0.0000 +0.0622 +0.0000 +0.2668 +0.0003 +0.0000 +0.0000 +0.0000 +0.0000 -0.0196 -0.0002 -0.0003 -0.0000 -0.0016 -0.0000 +0.0000 +0.0000 +0.0000 +0.0000 +0.0000 +0.0000 +0.0000 -0.0000 -0.0000 -0.0000 -0.0000 -0.0000 -0.0000 +0.0000 +0.0000 +0.5073 ;
-0.1949 -0.0691 +0.0000 +0.0419 +0.1777 -0.0231 +0.1632 +0.0277 +0.1690 +0.2316 +0.2318 +0.0000 +0.0000 +0.0110 +0.0000 +0.0497 +0.1203 +0.0000 +0.2335 +0.0000 +0.0027 -0.0001 +0.1283 +0.0084 +0.1168 +0.0389 +0.1189 +0.1571 +0.0000 +0.0000 +0.0000 +0.0000 -0.0202 +0.0000 -0.0245 +0.0000 +0.0000 +0.0000 +0.0000 +0.0000 +0.0000 +0.0000 +0.0000 +0.0000 +0.0000 -0.1174 -0.2183 -0.2159 -0.0995 +0.0000 -0.1763 -0.0061 +0.0000 -0.5051 ;
-0.0319 +0.0000 -0.0533 -0.0216 +0.0000 -0.2408 +0.3116 +0.5225 +0.4165 +0.3765 +0.3482 +0.3313 +0.0000 -0.4501 -0.2762 -0.0000 +0.0000 +0.3258 +0.0000 -0.0005 +0.0000 +0.0000 +0.1078 +0.0676 +0.0000 +0.0000 +0.0000 +0.0000 +0.0000 +0.0000 +0.0000 +0.0000 -0.1393 +0.0000 +0.0000 +0.0000 +0.0000 +0.0000 +0.5697 +0.4602 +0.0000 +0.0000 +0.0000 +0.0000 +0.0000 -0.6000 -0.5624 -0.6113 -0.5396 -0.5982 +0.0000 +0.0000 +0.0000 -0.5064 ;
-0.1837 +0.0546 -0.1457 +0.1304 +0.0136 -0.2945 +0.0000 -0.3517 -0.1100 -0.2151 +0.0000 +0.0000 -0.1749 +0.0725 +0.0000 -0.1034 -0.0000 +0.3662 +0.0000 +0.0285 +0.0462 +0.0000 +0.0000 +0.1609 +0.0411 +0.2834 +0.0867 +0.2409 +0.0922 +0.2024 +0.1585 +0.3058 -0.1322 -0.2838 -0.2450 -0.3345 +0.0000 +0.0000 +0.3183 +0.1819 +0.0000 +0.0000 +0.0000 +0.0000 +0.0000 -0.4005 -0.2089 -0.3264 -0.1998 -0.2750 +0.0000 +0.0000 +0.0000 -0.1216 ;
-0.0032 +0.0000 +0.2172 +0.0000 +0.0000 +0.0000 +0.0000 +0.0000 +0.0000 +0.0000 +0.0000 +0.0000 +0.0000 +0.6103 +0.0000 +0.0000 +0.0000 +0.0000 +0.0000 +0.0000 +0.0000 +0.0000 +0.0000 +0.0649 +0.0000 +0.0000 +0.0000 +0.0000 +0.0000 +0.0000 +0.0000 +0.0000 +0.0000 +0.0000 +0.0000 +0.0000 +0.0000 -0.2998 +0.4102 +0.4381 +0.4424 +0.5510 +0.5528 +0.3459 +0.0000 -0.6073 -0.5392 +0.0000 -0.5771 +0.0000 +0.0000 +0.0000 +0.0000 -0.5006 ;
-0.0037 -0.1963 +0.2955 +0.2070 +0.0000 +0.0697 +0.0000 +0.0000 +0.0000 +0.0000 +0.0000 +0.0000 +0.0000 +0.1097 +0.4086 -0.0000 +0.0318 +0.2683 -0.0000 +0.0002 -0.4082 -0.1708 +0.1287 +0.0000 +0.0000 +0.0000 +0.0000 +0.0000 +0.0000 +0.0000 +0.0000 +0.0000 -0.3666 -0.3267 +0.0000 +0.0000 +0.0000 +0.0000 +0.5266 +0.4917 +0.4602 +0.5625 +0.5566 +0.5167 +0.4342 +0.0000 -0.5443 -0.5888 +0.0000 -0.6133 +0.0000 +0.0000 -0.5470 -0.5006 ;
-0.0017 +0.0000 +0.0423 +0.2359 +0.0000 +0.0000 +0.0000 +0.0000 +0.0000 +0.0000 +0.0000 +0.1526 +0.0000 +0.3043 +0.0000 +0.1757 +0.1292 +0.2166 -0.0148 +0.0258 +0.0000 +0.0530 +0.0000 +0.0000 +0.0000 +0.0000 +0.0000 +0.0690 +0.0000 +0.0000 +0.0000 +0.0000 +0.0000 -0.1610 +0.0000 +0.0000 +0.0000 -0.1514 +0.1488 +0.1728 +0.1180 +0.0988 +0.2490 +0.0565 +0.2029 -0.1180 -0.2136 -0.1333 +0.0000 +0.0000 +0.0000 +0.0000 +0.0000 -0.5006 ;
-0.1725 -0.1486 +0.4579 +0.2589 +0.0000 +0.0000 +0.0000 +0.0000 +0.0000 +0.1270 +0.0000 +0.0000 +0.0000 +0.3207 +0.3638 -0.0000 +0.1347 -0.4534 +0.0000 +0.0000 -0.4759 -0.1184 +0.0000 +0.0000 +0.0000 +0.0000 +0.0000 +0.0963 +0.0000 +0.0000 +0.0000 +0.0000 +0.0000 +0.0000 -0.4916 -0.3838 +0.0000 +0.0000 +0.4595 +0.4356 +0.5693 +0.5682 +0.5409 +0.4047 +0.0000 -0.5896 -0.6008 +0.0000 -0.6089 -0.5964 +0.0000 +0.0000 +0.0000 -0.5006 ;
-0.0066 +0.0000 -0.0000 +0.0000 +0.0000 +0.0000 +0.0000 +0.1667 +0.0000 +0.0000 +0.0000 +0.0000 +0.0000 -0.0000 +0.0000 +0.2668 +0.2429 +0.1061 +0.1809 +0.1520 +0.0000 +0.0063 +0.0000 +0.0000 +0.0000 +0.0000 +0.0000 +0.0000 +0.0000 +0.1706 +0.0000 +0.0000 +0.0000 -0.0002 -0.0003 +0.0000 +0.0000 +0.0000 +0.0000 +0.0000 +0.0000 +0.0000 +0.0000 +0.0000 +0.0000 +0.0000 -0.0000 +0.0000 -0.0000 +0.0000 +0.0000 +0.0000 -0.0000 -0.5006 ;
-0.0032 -0.0335 +0.0000 +0.2244 +0.0000 +0.0000 +0.0000 +0.0000 +0.1204 +0.0000 +0.0000 +0.0000 +0.0000 +0.5111 +0.4150 -0.0001 +0.0556 +0.1067 -0.0000 +0.0680 -0.2223 +0.2049 +0.0000 +0.0000 +0.0000 +0.0000 +0.0000 +0.0000 +0.0000 +0.0000 +0.1859 +0.0000 +0.0000 -0.1789 +0.0000 -0.2313 +0.0000 +0.0000 +0.3375 +0.2175 +0.3384 +0.2529 +0.4698 +0.2959 +0.2990 +0.0000 +0.0000 -0.4877 -0.4054 -0.5401 -0.3281 +0.0000 +0.0000 -0.5006 ;
-0.0649 +0.0000 +0.2947 +0.2702 +0.0000 +0.0000 +0.0000 +0.1953 +0.0000 +0.0000 +0.0000 +0.0000 +0.0000 +0.1858 +0.0000 +0.0000 +0.1842 -0.2522 +0.0000 +0.0000 +0.0000 +0.0615 +0.0000 +0.0000 +0.0000 +0.0000 +0.0000 +0.0000 +0.0000 +0.0000 +0.0000 +0.2182 +0.0000 +0.0000 +0.0000 -0.1527 -0.1335 +0.0000 +0.0000 +0.3006 +0.2868 +0.2299 +0.3835 +0.3340 +0.3143 +0.0000 +0.0000 +0.0000 +0.0000 -0.4751 -0.2798 -0.4249 +0.0000 -0.5006 ;
-0.0040 -0.2276 +0.0000 -0.0715 +0.1403 +0.0000 +0.0000 +0.0000 +0.0000 +0.0000 +0.0000 +0.2122 +0.0000 +0.3960 +0.4148 +0.1583 +0.0188 +0.0578 -0.0000 -0.0653 -0.2536 +0.2142 +0.0000 +0.0000 +0.0000 +0.0000 +0.0000 +0.0000 +0.0246 +0.0000 +0.0000 +0.0000 +0.0000 +0.0000 -0.2395 +0.0000 -0.3538 +0.0000 +0.4414 +0.2865 +0.2993 +0.3220 +0.2180 +0.3870 +0.3544 +0.0000 +0.0000 +0.0000 -0.3386 -0.3313 +0.0000 -0.4621 -0.3086 -0.5006 ;
-0.0017 +0.0000 +0.0000 +0.2802 +0.2192 +0.0000 +0.0000 +0.0000 +0.0000 +0.0624 +0.0000 +0.0000 +0.0000 +0.0000 -0.0138 +0.0000 +0.0689 +0.0636 -0.0000 +0.1694 +0.0000 -0.0123 +0.0000 +0.0000 +0.0000 +0.0000 +0.0000 +0.0000 +0.0000 +0.0000 +0.0000 +0.1055 +0.0000 +0.0000 +0.0000 -0.2865 -0.1914 +0.0000 +0.2826 +0.3577 +0.2879 +0.4705 +0.4416 +0.2815 +0.4321 +0.0000 +0.0000 +0.0000 +0.0000 -0.3686 +0.0000 -0.4212 -0.5118 -0.5006 ;
-0.2013 -0.2360 +0.0000 +0.3625 -0.0166 +0.0987 +0.0000 +0.0000 +0.0000 +0.0000 +0.0000 +0.0000 +0.0000 +0.6086 +0.1199 +0.1033 -0.0000 -0.3378 -0.0000 +0.0991 +0.1408 -0.0719 +0.2059 +0.0000 +0.0000 +0.0000 +0.0000 +0.0000 +0.0000 +0.0000 +0.1794 +0.0000 +0.0000 +0.0000 +0.0000 +0.0000 -0.3090 -0.4530 +0.5368 +0.5107 +0.4197 +0.4176 +0.4182 +0.4506 +0.4456 +0.0000 +0.0000 +0.0000 +0.0000 -0.6122 -0.5848 -0.6073 -0.5863 -0.5006 ;
+0.0000 +0.0000 +0.0009 -0.0750 +0.0000 +0.0000 +0.0000 +0.0000 +0.0000 +0.0000 +0.0000 +0.0000 +0.0000 +0.0000 +0.0000 +0.0000 +0.0000 -0.0362 +0.0000 +0.0000 +0.0000 +0.1504 +0.2959 +0.2762 +0.1981 +0.2878 +0.1094 +0.0000 +0.3394 +0.4129 +0.2045 +0.0000 +0.0000 -0.3106 -0.1487 -0.3265 +0.0000 +0.0000 +0.0000 +0.0000 +0.0000 +0.0000 +0.0000 +0.0000 +0.0000 -0.1530 -0.1055 -0.1723 -0.2582 -0.3156 +0.0000 +0.0000 +0.0000 -0.5006 ;
-0.1094 -0.1385 +0.0410 +0.0546 -0.1702 +0.0000 +0.0000 +0.0000 +0.0000 +0.0000 +0.0000 +0.1182 +0.0000 -0.3602 +0.0000 -0.0000 +0.0000 -0.1154 -0.0000 -0.2517 +0.0000 -0.1361 +0.0000 +0.5779 +0.1687 +0.5753 +0.0000 +0.5227 +0.3597 +0.5158 +0.4907 +0.4371 -0.3196 -0.3026 -0.4285 -0.3386 +0.0000 +0.0000 +0.2105 +0.0000 +0.0000 +0.0000 +0.0000 +0.0000 +0.0000 -0.3538 -0.2594 +0.0000 -0.3787 -0.3585 -0.3834 +0.0000 +0.0000 -0.5006 ;
+0.0000 +0.0662 -0.2553 -0.0544 -0.0512 +0.0000 +0.0000 -0.3942 +0.0000 +0.0000 +0.0000 +0.0000 +0.0000 +0.1154 +0.0000 -0.0000 -0.1284 -0.1350 +0.0000 +0.1129 -0.1251 +0.1710 +0.4035 +0.4669 +0.2627 +0.5666 +0.0000 +0.4245 +0.2909 +0.5010 +0.0000 +0.0000 +0.0000 -0.3985 +0.0000 -0.3969 +0.0000 -0.4408 +0.0000 +0.0000 +0.1526 +0.0000 +0.0000 +0.0000 +0.0000 -0.3121 -0.2024 -0.3056 -0.1931 -0.3908 +0.0000 +0.0000 +0.0000 -0.5006 ;
-0.0917 +0.0000 +0.1329 -0.0534 +0.0000 +0.0000 +0.0000 +0.0000 +0.0000 +0.0000 +0.2127 +0.0000 +0.0000 +0.0000 +0.0000 +0.0000 +0.0000 -0.0553 -0.0000 -0.2377 +0.0000 +0.1976 +0.0000 +0.5673 +0.0534 +0.5770 +0.0000 +0.3364 +0.2695 +0.5161 +0.2924 +0.4958 +0.0000 -0.5160 -0.3493 +0.0000 -0.2635 -0.4018 +0.0000 +0.0000 +0.0000 +0.2472 +0.0000 +0.0000 +0.0000 +0.0000 -0.3676 -0.1990 -0.2809 +0.0000 -0.2506 -0.3362 +0.0000 -0.5006 ;
+0.0000 -0.1520 -0.0579 +0.0543 +0.1692 +0.0000 +0.0000 +0.0000 +0.0000 +0.0000 +0.0000 +0.0000 +0.0000 -0.2597 +0.0000 -0.0009 +0.0000 -0.0775 +0.0000 +0.0000 +0.0000 +0.2769 +0.0000 +0.0000 +0.0769 +0.3775 +0.0016 +0.2638 +0.2443 +0.3999 +0.3777 +0.5250 +0.0000 +0.0000 -0.2067 -0.3547 +0.0000 -0.2445 +0.0000 +0.0000 +0.0000 +0.0000 +0.0070 +0.0000 +0.0000 +0.0000 +0.0000 -0.2737 -0.2617 -0.1577 -0.1288 -0.2309 +0.0000 -0.5006 ;
-0.1218 +0.1479 -0.0368 +0.0050 +0.1436 -0.2878 +0.0000 +0.0000 +0.0000 +0.0000 +0.0000 +0.0000 +0.0000 +0.0000 +0.1900 -0.0000 -0.1413 -0.1021 +0.0356 -0.0101 -0.1380 -0.0367 +0.0000 +0.5289 +0.0494 +0.5418 +0.0000 +0.3261 +0.3937 +0.3399 +0.3602 +0.4615 +0.0000 -0.4112 -0.3197 -0.3111 -0.2254 +0.0000 +0.0000 +0.0000 +0.0000 +0.0000 +0.0000 +0.1740 +0.0000 +0.0000 +0.0000 +0.0000 -0.3740 -0.4191 -0.1711 -0.3047 -0.3956 -0.5006 ;
-0.0179 +0.0000 +0.1174 +0.1395 +0.0000 -0.2130 -0.1755 -0.2506 +0.0000 -0.2279 -0.1427 -0.1161 -0.2583 +0.2888 +0.0000 +0.0000 +0.0000 +0.0000 +0.0000 +0.0000 +0.0000 +0.0000 +0.0000 +0.0000 +0.0000 +0.0000 +0.0000 +0.0000 +0.0000 +0.0000 +0.0000 +0.0000 -0.2899 +0.0000 -0.3087 +0.0000 +0.0000 +0.0000 +0.0000 +0.4853 +0.0000 +0.0000 +0.5209 +0.5414 +0.4772 -0.2632 -0.2277 -0.0840 +0.0000 +0.0000 +0.0000 +0.0000 +0.0000 -0.5080 ;
-0.0202 -0.2412 -0.1698 -0.0730 -0.1494 -0.0307 +0.0174 -0.1276 -0.2384 -0.1554 -0.2179 -0.1817 -0.1925 -0.1925 +0.2497 +0.0000 -0.0000 +0.2556 -0.0000 +0.2035 +0.5582 +0.3028 +0.0000 +0.0000 +0.0000 +0.0000 +0.0000 +0.0000 +0.0000 +0.0000 +0.0000 +0.0000 +0.0000 -0.4688 -0.2802 +0.0000 +0.0000 +0.0000 +0.5287 +0.0000 +0.5220 +0.4967 +0.5397 +0.0000 +0.0000 -0.2368 -0.0231 -0.1592 -0.1686 +0.0000 +0.0000 +0.0000 +0.0000 -0.5080 ;
-0.1737 +0.0000 +0.1776 -0.0535 -0.1406 +0.1231 -0.2170 -0.1086 -0.3404 -0.2217 -0.3589 -0.1878 -0.1160 -0.0406 +0.3129 -0.0000 -0.0000 +0.2782 -0.0000 +0.1066 +0.6099 +0.0000 +0.0000 +0.0000 +0.0000 +0.0000 +0.0000 +0.0000 +0.0000 +0.0000 +0.0000 +0.0000 -0.3534 -0.5244 -0.3720 +0.0000 +0.0000 +0.0000 +0.5225 +0.3823 +0.0000 +0.5374 +0.4336 +0.0000 +0.3661 -0.2580 -0.1830 -0.2197 +0.0000 +0.0000 +0.0000 +0.0000 +0.0000 -0.5080 ;
-0.0546 -0.2667 +0.2212 +0.1055 -0.0600 -0.2915 -0.1451 -0.1131 -0.2118 -0.1624 -0.2056 -0.1377 -0.2262 -0.2252 +0.0000 +0.0000 -0.0000 -0.3186 +0.0000 +0.0000 +0.1985 +0.0810 +0.0000 +0.0000 +0.0000 +0.0000 +0.0000 +0.0000 +0.0000 +0.0000 +0.0000 +0.0000 +0.0000 +0.0000 -0.4417 -0.5127 +0.0000 +0.0000 +0.0000 +0.3408 +0.4049 +0.0000 +0.4756 +0.5454 +0.0000 +0.0000 -0.1788 -0.2518 -0.1932 -0.1750 +0.0000 +0.0000 +0.0000 -0.5080 ;
-0.1378 +0.0000 +0.0655 +0.0018 +0.1935 -0.2035 +0.0000 -0.3238 -0.1432 -0.0781 -0.2574 -0.2346 -0.1525 -0.1969 +0.1970 -0.0000 -0.0000 +0.2737 -0.0000 +0.0478 +0.5967 +0.0000 +0.0000 +0.0000 +0.0000 +0.0000 +0.0000 +0.0000 +0.0000 +0.0000 +0.0000 +0.0000 -0.1932 +0.0000 -0.4048 -0.4226 +0.0000 +0.0000 +0.4073 +0.3542 +0.4836 +0.5429 +0.0000 +0.4967 +0.0000 +0.0000 +0.0000 +0.0000 -0.2138 -0.0453 -0.0484 +0.0000 +0.0000 -0.5080 ;
-0.0568 -0.2216 -0.2984 -0.0440 +0.1742 -0.4181 -0.3251 -0.1916 -0.2703 -0.2459 -0.3108 -0.0292 +0.0000 -0.3442 +0.2081 +0.0000 -0.0000 +0.1328 -0.0000 +0.0126 +0.5740 +0.3059 +0.0000 +0.0000 +0.0000 +0.0000 +0.0000 +0.0000 +0.0000 +0.0000 +0.0000 +0.0000 +0.0000 +0.0000 -0.3572 +0.0000 +0.0000 -0.4224 +0.4050 +0.0000 +0.4698 +0.0000 +0.0000 +0.3193 +0.3464 +0.0000 +0.0000 +0.0000 -0.0295 -0.0603 -0.1776 -0.0390 +0.0000 -0.5080 ;
-0.2039 -0.1307 -0.0216 +0.0571 +0.0347 -0.2244 -0.2286 -0.2496 -0.3207 -0.1392 -0.0899 +0.0360 -0.1043 +0.2983 -0.2094 -0.0000 -0.0000 -0.1722 -0.0000 +0.0130 +0.2768 +0.0209 +0.0000 +0.5979 +0.0000 +0.0000 +0.0000 +0.0000 +0.0000 +0.0000 +0.0000 +0.0000 +0.0000 +0.0000 +0.0000 -0.2757 -0.2133 -0.3183 +0.4934 +0.5062 +0.0000 +0.5426 +0.5016 +0.5307 +0.0000 +0.0000 +0.0000 +0.0000 +0.0000 -0.2655 -0.1327 -0.0900 -0.1214 -0.5080 ;
+0.0000 +0.0000 -0.5957 -0.5176 +0.0000 +0.1912 +0.2991 +0.2271 -0.3382 -0.3610 -0.1447 +0.0000 +0.0000 +0.3643 +0.0000 +0.0000 +0.0000 +0.0000 +0.0000 +0.0000 +0.0000 +0.0000 +0.2290 +0.0000 +0.0000 +0.0000 +0.0000 +0.0000 +0.0000 +0.0000 +0.0000 +0.0000 -0.4059 -0.5425 -0.5335 -0.4151 -0.3805 +0.0000 +0.6066 +0.4579 +0.5950 +0.5290 +0.0000 +0.0000 +0.0000 +0.0000 +0.0000 -0.1179 +0.0000 +0.0000 +0.0000 +0.0000 +0.0000 -0.5080 ;
+0.0000 -0.2186 -0.5988 -0.4975 -0.2294 +0.3902 +0.0763 +0.1638 +0.0043 -0.3393 -0.3077 -0.1120 -0.2684 +0.1259 +0.1472 +0.0000 +0.0000 +0.0000 -0.0000 +0.1711 +0.6077 +0.2914 +0.3292 +0.3394 +0.0000 +0.0000 +0.0000 +0.0000 +0.0000 +0.0000 +0.0000 +0.0000 -0.3704 -0.4788 -0.4230 -0.3876 -0.3158 +0.0000 +0.5778 +0.4809 +0.5887 +0.5929 +0.5650 +0.0000 +0.0000 -0.1785 +0.0000 -0.1557 +0.0000 +0.0000 +0.0000 +0.0000 +0.0000 -0.5080 ;
+0.0000 +0.1393 -0.5290 -0.4354 -0.3212 -0.0111 +0.5053 +0.2365 +0.0534 +0.0000 -0.1259 -0.1881 -0.1871 +0.4079 -0.0705 +0.0000 +0.0000 +0.0000 -0.0000 +0.1744 +0.0000 -0.2731 +0.0000 +0.2493 +0.2170 +0.0000 +0.0000 +0.0000 +0.0000 +0.0000 +0.0000 +0.0000 -0.1961 -0.4646 -0.5211 -0.4116 -0.4753 +0.0000 +0.5307 +0.0000 +0.5610 +0.5656 +0.5570 +0.0000 +0.0000 +0.0000 +0.0000 +0.0000 -0.0840 -0.2673 +0.0000 +0.0000 +0.0000 -0.5080 ;
-0.2153 -0.0498 -0.5457 -0.4710 +0.2726 -0.2648 -0.0865 +0.1904 +0.3462 +0.0837 -0.1321 -0.1854 -0.0510 +0.2153 +0.3548 +0.0000 -0.1065 +0.0000 -0.0000 +0.1963 +0.5955 +0.3869 +0.0000 +0.0000 +0.2344 +0.2487 +0.0000 +0.0000 +0.0000 +0.0000 +0.0000 +0.0000 -0.2325 -0.4061 -0.4656 -0.4556 -0.4564 +0.0000 +0.5859 +0.4096 +0.5693 +0.5927 +0.5826 +0.0000 +0.0000 +0.0000 -0.0821 +0.0000 +0.0000 -0.2878 +0.0000 +0.0000 +0.0000 -0.5080 ;
+0.0000 +0.0000 -0.4776 -0.5179 -0.1596 -0.2054 -0.2696 +0.0948 +0.2956 +0.3561 -0.0696 -0.1425 -0.1580 +0.2900 +0.1400 +0.0000 +0.0000 +0.0000 -0.0000 +0.0000 +0.0000 +0.0524 +0.0000 +0.0000 +0.0000 +0.0000 +0.0900 +0.0000 +0.0000 +0.0000 +0.0000 +0.0000 -0.2534 -0.5586 -0.5058 -0.5179 -0.4713 +0.0000 +0.0000 +0.5416 +0.6068 +0.5734 +0.5804 +0.0000 +0.0000 +0.0000 -0.2821 +0.0000 +0.0000 +0.0000 +0.0000 +0.0000 +0.0000 -0.5080 ;
+0.0000 +0.0863 -0.5722 -0.4597 -0.3049 -0.2341 +0.0000 -0.2012 +0.1438 +0.2177 +0.0464 -0.0661 -0.2592 +0.3032 +0.0000 +0.0000 +0.0000 +0.0000 -0.0000 +0.0872 +0.6078 -0.3527 +0.0000 +0.0000 +0.0000 +0.0000 +0.0000 +0.3217 +0.3146 +0.0000 +0.0000 +0.0000 +0.0000 -0.5470 -0.5192 -0.4757 -0.4819 -0.3875 +0.0000 +0.5750 +0.5614 +0.5052 +0.5795 +0.5662 +0.0000 +0.0000 +0.0000 +0.0000 +0.0000 -0.1854 +0.0000 -0.0530 +0.0000 -0.5080 ;
+0.0000 -0.1513 -0.5659 -0.4839 -0.1819 +0.0000 +0.0000 -0.3002 -0.2082 +0.0178 +0.0167 +0.0031 +0.1865 +0.3409 +0.0583 +0.0000 +0.0000 +0.0000 -0.0000 +0.0326 +0.0000 +0.2553 +0.0000 +0.0000 +0.0000 +0.0000 +0.0000 +0.0000 +0.2112 +0.1400 +0.0000 +0.0000 +0.0000 -0.3976 -0.5090 -0.4427 -0.4050 -0.5005 +0.0000 +0.0000 +0.0000 +0.5878 +0.5840 +0.5847 +0.4875 -0.0932 +0.0000 +0.0000 +0.0000 +0.0000 -0.2246 +0.0000 +0.0000 -0.5080 ;
-0.1291 +0.2783 -0.4875 -0.3840 -0.0832 +0.0000 -0.2376 -0.1692 -0.2124 +0.0919 +0.0206 +0.0659 -0.0458 +0.2680 -0.0073 +0.0000 -0.0557 +0.0000 -0.0000 -0.0416 +0.5915 +0.0769 +0.0000 +0.0000 +0.0000 +0.0000 +0.0000 +0.0000 +0.0000 +0.3376 +0.2372 +0.0000 -0.3216 -0.4417 -0.3888 -0.5242 -0.3336 -0.4357 +0.0000 +0.0000 +0.5954 +0.5288 +0.5866 +0.5694 +0.5783 +0.0000 +0.0000 +0.0000 +0.0000 -0.0832 +0.0000 -0.1046 +0.0000 -0.5080 ;
+0.0000 +0.0000 +0.0000 +0.0000 +0.0000 +0.0000 +0.0000 +0.0000 +0.0000 +0.0000 +0.0000 +0.0000 +0.0000 +0.0000 +0.0000 +0.0000 +0.0000 +0.0000 +0.0000 +0.0000 +0.0000 +0.0000 +0.0000 +0.0000 +0.0000 +0.0000 +0.0000 +0.0000 +0.0000 +0.0000 +0.0000 +0.0000 +0.0000 +0.0000 +0.0000 +0.0000 +0.0000 +0.0000 +0.0000 +0.0000 +0.0000 +0.0000 +0.0000 +0.0000 +0.0000 +0.0000 +0.0000 +0.0000 +0.0000 +0.0000 +0.0000 +0.0000 +0.0000 +0.0000 ;
