brainFunction 22893 19 12 111 24798 2-2 3-9 10-11
0 0.955877
1 0.184843
2 0.481818
3 0.3
4 0.604278
5 0.647059
6 0.682888
7 0.623708
8 0.437077
9 0.422103
10 0.482709
11 0.543672
12 0.876347
13 0.42677
14 0.0256171
15 0.493186
16 0.0252946
17 0.172884
18 0.872722
0 0.315881
1 0.350428
2 0.239929
3 0.203565
4 0.34082
5 0.461319
6 0.466667
7 0.259002
8 0.216399
9 0.0336897
10 0.857041
11 0.539037
12 0.898313
13 0.39381
14 0.0259111
15 0.496314
16 0.0288172
17 0.169019
18 0.886268
0 0.167839
1 0.344234
2 0.344385
3 0.466667
4 0.453832
5 0.405882
6 0.31426
7 0.310873
8 0.0823532
9 0.318182
10 0.757576
11 0.53262
12 0.923811
13 0.547762
14 0.0313667
15 0.581825
16 0.023558
17 0.148235
18 0.708036
0 0.839982
1 0.338104
2 0.255258
3 0.424955
4 0.259715
5 0.141355
6 0.00980392
7 0.248485
8 0.163636
9 0.0272726
10 0.272371
11 0.360428
12 0.903461
13 0.578118
14 0.0319181
15 0.574791
16 0.0190411
17 0.173386
18 0.679036
0 0.707015
1 0.332113
2 0.262923
3 0.00909091
4 0.0245989
5 0.0151515
6 0.2918
7 0
8 0
9 0
10 0.435294
11 0.0805704
12 0.863201
13 0.518508
14 0.0366996
15 0.551614
16 0.0305584
17 0.179418
18 0.740704
0 0.552951
1 0.325992
2 0.342246
3 0.00713012
4 0.0196078
5 0.306417
6 0
7 0.190909
8 0
9 0.350624
10 0.656685
11 0.0634581
12 0.9079
13 0.490772
14 0.0191079
15 0.476625
16 0.0210845
17 0.206453
18 0.83288
0 0.158956
1 0.319944
2 0.317112
3 0.0597148
4 0.532977
5 0
6 0
7 0.0570409
8 0.283423
9 0.25098
10 0.491266
11 0.0869875
12 0.865354
13 0.68027
14 0.0430803
15 0.61751
16 0.0206901
17 0.150193
18 0.636958
0 0.762287
1 0.314094
2 0.207665
3 0
4 0
5 0
6 0.236542
7 0.25098
8 0.25098
9 0.25098
10 0.0909091
11 0.153654
12 0.869888
13 0.662078
14 0.0484499
15 0.624119
16 0.0303598
17 0.166302
18 0.725582
0 0.245994
1 0.308197
2 0.217469
3 0
4 0
5 0.311943
6 0.260249
7 0.25098
8 0.25098
9 0.25098
10 0.0919786
11 0.14902
12 0.921606
13 0.596552
14 0.0377182
15 0.582412
16 0.0280474
17 0.159395
18 0.756945
0 0.464127
1 0.302221
2 0.197326
3 0.190909
4 0.298217
5 0.262567
6 0.25098
7 0.25098
8 0.0762924
9 0.119964
10 0.130481
11 0.518004
12 0.902992
13 0.576724
14 0.0374296
15 0.595638
16 0.0266473
17 0.168989
18 0.799213
0 0.162546
1 0.296284
2 0.256684
3 0.283422
4 0.25098
5 0.25098
6 0.154902
7 0.102495
8 0.25098
9 0.25098
10 0.124064
11 0.444207
12 0.893662
13 0.512892
14 0.0294681
15 0.543563
16 0.0268117
17 0.188035
18 0.822223
0 0.0863129
1 0.290409
2 0.286275
3 0.25098
4 0.25098
5 0.102496
6 0.154902
7 0.25098
8 0.25098
9 0.25098
10 0.448485
11 0.14902
12 0.854061
13 0.549298
14 0.0379767
15 0.559191
16 0.0263134
17 0.176828
18 0.762356
0 0.47645
1 0.284641
2 0.269697
3 0.119964
4 0.0762923
5 0.25098
6 0.25098
7 0.25098
8 0.25098
9 0.25098
10 0.519786
11 0.14902
12 0.898796
13 0.579358
14 0.0396783
15 0.58062
16 0.0270063
17 0.167693
18 0.759918
0 0.306831
1 0.278855
2 0.34902
3 0.25098
4 0.25098
5 0.25098
6 0.25098
7 0.25098
8 0.25098
9 0.25098
10 0.14902
11 0.14902
12 0.899913
13 0.568427
14 0.0391359
15 0.58261
16 0.024293
17 0.172247
18 0.690517
0 0.619541
1 0.273186
2 0.34902
3 0.25098
4 0.25098
5 0.25098
6 0.25098
7 0.25098
8 0.25098
9 0.25098
10 0.14902
11 0.14902
12 0.806149
13 0.55597
14 0.0338886
15 0.5888
16 0.0217403
17 0.183011
18 0.826197
0 0.132982
1 0.267519
2 0.361854
3 0.25098
4 0.25098
5 0.25098
6 0.25098
7 0.25098
8 0.83672
9 0.65098
10 0.14902
11 0.613191
12 0.766717
13 0.555253
14 0.0408915
15 0.563448
16 0.0293799
17 0.153028
18 0.862019
0 0.297724
1 0.26179
2 0.237255
3 0.25098
4 0.25098
5 0.54385
6 0.65098
7 0.65098
8 0.650981
9 0.65098
10 0.381105
11 1
12 0.875903
13 0.325698
14 0.0232329
15 0.426213
16 0.0332184
17 0.200287
18 0.902697
0 0.304354
1 0.255931
2 0.10107
3 0.65098
4 0.65098
5 0.65098
6 0.65098
7 0.377184
8 0.105882
9 0.354367
10 1
11 0.678431
12 0.880093
13 0.344927
14 0.0220817
15 0.442994
16 0.0247215
17 0.19281
18 0.845394
0 0.609034
1 0.250179
2 0.148841
3 0.65098
4 0.65098
5 0.295544
6 0.153298
7 0.127273
8 0.171836
9 0.52549
10 0.801783
11 0.352941
12 0.859357
13 0.565567
14 0.0377034
15 0.56822
16 0.025809
17 0.14906
18 0.841602
0 0.0452599
1 0.244488
2 0.261319
3 0.25098
4 0.176827
5 0.0937611
6 0.434938
7 0.52549
8 0.52549
9 0.0575757
10 0.301604
11 0.292335
12 0.908949
13 0.694136
14 0.0490821
15 0.617592
16 0.031984
17 0.141588
18 0.801026
0 0.159129
1 0.23883
2 0.031016
3 0.0470588
4 0.0470588
5 0.0470588
6 0.0427807
7 0.0235294
8 0.0235294
9 0.0235294
10 0.0470588
11 0.617469
12 0.893074
13 0.580657
14 0.0359262
15 0.564561
16 0.0282307
17 0.174808
18 0.781458
0 0.564826
1 0.232624
2 0.00926916
3 0.042246
4 0.0235294
5 0.0235294
6 0.0235294
7 0.0235294
8 0.0235294
9 0.0235294
10 0.530838
11 0.713726
12 0.853112
13 0.534232
14 0.0417787
15 0.539492
16 0.0313163
17 0.163281
18 0.742686
0 0.839009
1 0.226393
2 0.120856
3 0.0117647
4 0.0117647
5 0.266667
6 0.262567
7 0.383422
8 0.0347594
9 0.147059
10 0.706595
11 0.469162
12 0.869077
13 0.439228
14 0.0296438
15 0.484879
16 0.0249567
17 0.202495
18 0.845483
0 0.316899
1 0.220813
2 0.322816
3 0.151872
4 0.297504
5 0.331729
6 0.350624
7 0.0531194
8 0.220143
9 0.142246
10 0.761497
11 0.368271
12 0.880926
13 0.488611
14 0.0396872
15 0.535985
16 0.0282624
17 0.164607
18 0.812662
0 0.606848
1 0.214956
2 0.305348
3 0.285205
4 0.208913
5 0.372014
6 0.0836007
7 0.0461675
8 0.14902
9 0.14902
10 0.567201
11 0.637433
12 0.895002
13 0.484257
14 0.0296872
15 0.495722
16 0.024015
17 0.19175
18 0.785523
0 0.575961
1 0.208335
2 0.234225
3 0.165062
4 0.36025
5 0.179501
6 0.127451
7 0
8 0.135472
9 0.14902
10 0.566488
11 0.282353
12 0.89901
13 0.552244
14 0.0418755
15 0.564373
16 0.0259341
17 0.171676
18 0.637317
0 0.959104
1 0.201913
2 0.0606061
3 0.321569
4 0.114617
5 0.0204991
6 0
7 0
8 0
9 0.190909
10 0.371836
11 0.0181818
12 0.903846
13 0.626838
14 0.0548531
15 0.610509
16 0.0360619
17 0.160583
18 0.771045
0 0.0353218
1 0.193847
2 0.0319073
3 0.175936
4 0
5 0
6 0
7 0
8 0
9 0.190909
10 0.121925
11 0.0181818
12 0.879296
13 0.688466
14 0.0530037
15 0.620019
16 0.030256
17 0.174446
18 0.747412
0 0.067615
1 0.18625
2 0.072549
3 0
4 0
5 0
6 0
7 0
8 0.259358
9 0.25098
10 0
11 0.0723708
12 0.895343
13 0.688314
14 0.0518014
15 0.62154
16 0.0284724
17 0.164706
18 0.66678
0 0.610183
1 0.180804
2 0.0814617
3 0
4 0
5 0
6 0
7 0.136898
8 0.25098
9 0.0675579
10 0
11 0.331907
12 0.890869
13 0.630168
14 0.0507412
15 0.591142
16 0.0315237
17 0.163738
18 0.761652
0 0.239034
1 0.175225
2 0.154724
3 0.0272727
4 0.163636
5 0.190909
6 0.316399
7 0.207308
8 0.11123
9 0.25098
10 0.0545455
11 0.372549
12 0.868261
13 0.667884
14 0.0560314
15 0.617075
16 0.0282046
17 0.161029
18 0.715256
0 0.407466
1 0.169667
2 0.191087
3 0
4 0
5 0.114082
6 0.216043
7 0.163636
8 0.25098
9 0.25098
10 0.0406417
11 0.298039
12 0.882989
13 0.566098
14 0.0386433
15 0.545571
16 0.0214722
17 0.185843
18 0.645722
0 0.927659
1 0.164156
2 0.370766
3 0.0114082
4 0.25098
5 0.224777
6 0.420677
7 0.25098
8 0.25098
9 0.186096
10 0.250624
11 0.240285
12 0.88034
13 0.489814
14 0.0459642
15 0.551295
16 0.0313879
17 0.177328
18 0.790624
0 0.306544
1 0.158578
2 0.437255
3 0.25098
4 0.191444
5 0.407843
6 0.25098
7 0.25098
8 0.25098
9 0.153654
10 0.370053
11 0.249554
12 0.900136
13 0.521549
14 0.0433886
15 0.535752
16 0.0326333
17 0.148488
18 0.867817
0 0.0410825
1 0.152992
2 0.515508
3 0.0675579
4 0.25098
5 0.25098
6 0.25098
7 0.404991
8 0.14902
9 0.0254902
10 0.372549
11 0.647059
12 0.906221
13 0.553599
14 0.0498196
15 0.568542
16 0.0315985
17 0.153042
18 0.825166
0 0.132716
1 0.147279
2 0.443137
3 0.25098
4 0.25098
5 0.25098
6 0.167558
7 0.119608
8 0.0196079
9 0.240463
10 0.175045
11 0.534046
12 0.87992
13 0.535419
14 0.0380293
15 0.565488
16 0.0197092
17 0.184023
18 0.756139
0 0.535251
1 0.141541
2 0.493939
3 0.25098
4 0.241711
5 0.14902
6 0.190374
7 0.0196078
8 0.442068
9 0.25098
10 0.200357
11 0.491266
12 0.896139
13 0.53597
14 0.042078
15 0.551015
16 0.0247436
17 0.168358
18 0.692205
0 0.951853
1 0.13589
2 0.427094
3 0.14902
4 0.223173
5 0.21943
6 0.0196078
7 0.145811
8 0.25098
9 0.153654
10 0.279501
11 0.489127
12 0.895433
13 0.453922
14 0.0347557
15 0.518379
16 0.0228825
17 0.177818
18 0.750151
0 0.68532
1 0.130306
2 0.410695
3 0.25098
4 0.229947
5 0.0196078
6 0.331194
7 0.25098
8 0.15205
9 0.14902
10 0.512656
11 0.297326
12 0.850244
13 0.477018
14 0.0451658
15 0.547974
16 0.0253143
17 0.157428
18 0.798683
0 0.620524
1 0.124889
2 0.375223
3 0.240463
4 0.0196078
5 0.0987523
6 0.314438
7 0.162923
8 0.151159
9 0.366488
10 0.598574
11 0.601426
12 0.915855
13 0.523502
14 0.0360784
15 0.510422
16 0.0308673
17 0.159031
18 0.75994
0 0.697611
1 0.11951
2 0.218717
3 0.25098
4 0.473084
5 0.237077
6 0.14902
7 0.299287
8 0.100357
9 0.0224599
10 0.254545
11 0.479857
12 0.906114
13 0.510981
14 0.0442723
15 0.542241
16 0.0277451
17 0.162432
18 0.730096
0 0.931687
1 0.114018
2 0.169875
3 0.25098
4 0.209269
5 0.14902
6 0.0862745
7 0.0235294
8 0.0235294
9 0.0235294
10 0.402139
11 0.681283
12 0.832491
13 0.453177
14 0.0340403
15 0.507483
16 0.0265447
17 0.192756
18 0.851162
0 0.350364
1 0.108505
2 0.252406
3 0.14902
4 0.149733
5 0.0937612
6 0.0235294
7 0.0235294
8 0.375758
9 0.42246
10 0.702317
11 0.661319
12 0.873941
13 0.475832
14 0.035197
15 0.478834
16 0.0304893
17 0.18668
18 0.85385
0 0.275672
1 0.102959
2 0.22656
3 0.154011
4 0.253832
5 0.0520499
6 0.0235294
7 0.0406417
8 0.130481
9 0.272549
10 0.693761
11 0.382531
12 0.807523
13 0.493812
14 0.0345701
15 0.51515
16 0.0247411
17 0.189305
18 0.852089
0 0.242384
1 0.0972233
2 0.32549
3 0.14902
4 0.140107
5 0.0235294
6 0.0235294
7 0.120677
8 0.519073
9 0.462745
10 0.603922
11 0.531907
12 0.870653
13 0.425413
14 0.023883
15 0.414943
16 0.030966
17 0.177454
18 0.833989
0 0.604868
1 0.0914704
2 0.359893
3 0.0905526
4 0.565419
5 0.0235294
6 0.0235294
7 0.480749
8 0.047772
9 0.617647
10 0.718004
11 0.48877
12 0.860599
13 0.457743
14 0.0421711
15 0.501916
16 0.0379933
17 0.139493
18 0.879253
0 0.373465
1 0.0857169
2 0.228164
3 0.166488
4 0.0652406
5 0.0235294
6 0.114795
7 0.458289
8 0.0431373
9 0.0431372
10 0.821034
11 0.895187
12 0.87328
13 0.453199
14 0.0424305
15 0.485128
16 0.0340007
17 0.179793
18 0.814893
0 0.65736
1 0.0799605
2 0.183244
3 0.15205
4 0.0805704
5 0.181283
6 0.0431372
7 0.0431372
8 0.00392158
9 0
10 0.897326
11 0.454545
12 0.86103
13 0.518382
14 0.0470454
15 0.502012
16 0.0317428
17 0.185131
18 0.696752
0 0.946076
1 0.0743486
2 0.014795
3 0.0431373
4 0.0431373
5 0.0235294
6 0
7 0
8 0
9 0.190909
10 0.727273
11 0.0181818
12 0.890036
13 0.622559
14 0.0643548
15 0.568914
16 0.0407914
17 0.16461
18 0.771395
0 0.167471
1 0.068719
2 0.0206774
3 0.0263815
4 0.0509804
5 0
6 0
7 0
8 0
9 0.190909
10 0.206061
11 0.0181818
12 0.899379
13 0.658688
14 0.0661057
15 0.602591
16 0.0349459
17 0.174164
18 0.691625
0 0.377195
1 0.063024
2 0.0247772
3 0.0862745
4 0.0235294
5 0
6 0
7 0
8 0.163636
9 0.0272726
10 0.0313726
11 0.0181818
12 0.881879
13 0.653676
14 0.065618
15 0.60851
16 0.0349598
17 0.179033
18 0.734177
0 0.153833
1 0.0572422
2 0.0780749
3 0.0386809
4 0
5 0
6 0
7 0
8 0.259358
9 0.25098
10 0.0110517
11 0.0723708
12 0.858001
13 0.654832
14 0.0735025
15 0.607024
16 0.0381379
17 0.170265
18 0.702704
0 0.382363
1 0.0513248
2 0.154189
3 0
4 0
5 0.381818
6 0.190909
7 0.136898
8 0.25098
9 0.25098
10 0.0363636
11 0.12656
12 0.879759
13 0.626518
14 0.0493714
15 0.568255
16 0.0291834
17 0.17445
18 0.731013
0 0.322407
1 0.0451999
2 0.192692
3 0
4 0.190909
5 0
6 0.316399
7 0.25098
8 0.25098
9 0.25098
10 0.0363636
11 0.14902
12 0.870895
13 0.611143
14 0.0533389
15 0.563146
16 0.0330948
17 0.173458
18 0.758705
0 0.200391
1 0.0391242
2 0.247059
3 0
4 0.190909
5 0.193939
6 0.25098
7 0.25098
8 0.25098
9 0.25098
10 0.0723708
11 0.14902
12 0.881553
13 0.545551
14 0.0427521
15 0.535623
16 0.0273354
17 0.184585
18 0.675302
0 0.729288
1 0.033047
2 0.303743
3 0.218182
4 0.346168
5 0.25098
6 0.25098
7 0.25098
8 0.25098
9 0.25098
10 0.131194
11 0.14902
12 0.877321
13 0.529498
14 0.0501364
15 0.550337
16 0.0314957
17 0.172752
18 0.764188
0 0.289432
1 0.0270027
2 0.34902
3 0.25098
4 0.25098
5 0.25098
6 0.25098
7 0.25098
8 0.25098
9 0.25098
10 0.14902
11 0.14902
12 0.8838
13 0.546095
14 0.0515969
15 0.552117
16 0.0342999
17 0.166697
18 0.821387
0 0.0306345
1 0.0208765
2 0.317647
3 0.25098
4 0.25098
5 0.25098
6 0.25098
7 0.25098
8 0.25098
9 0.128699
10 0.14902
11 0.298752
12 0.898109
13 0.558548
14 0.0553166
15 0.555507
16 0.0347591
17 0.151537
18 0.783565
0 0.453426
1 0.0147452
2 0.254902
3 0.25098
4 0.25098
5 0.25098
6 0.25098
7 0.25098
8 0.0762924
9 0.0588235
10 0.14902
11 0.596078
12 0.898615
13 0.547598
14 0.0559556
15 0.556253
16 0.0343467
17 0.157661
18 0.796402
0 0.349731
1 0.00860743
2 0.268449
3 0.25098
4 0.25098
5 0.25098
6 0.25098
7 0.146168
8 0.0588236
9 0.116221
10 0.14902
11 0.594652
12 0.895739
13 0.552688
14 0.0570022
15 0.557928
16 0.0361775
17 0.158273
18 0.840829
end fitness = 2.06114
