brain 22904 fitness=5.66763 numneurons+1=78 maxWeight=8 maxBias=8 redinput=2-8 greeninput=9-23 blueinput=24-24
+0.0000 +0.0000 +0.0000 +0.0000 +0.0000 +0.0000 +0.0000 +0.0000 +0.0000 +0.0000 +0.0000 +0.0000 +0.0000 +0.0000 +0.0000 +0.0000 +0.0000 +0.0000 +0.0000 +0.0000 +0.0000 +0.0000 +0.0000 +0.0000 +0.0000 +0.0000 +0.0000 +0.0000 +0.0000 +0.0000 +0.0000 +0.0000 +0.0000 +0.0000 +0.0000 +0.0000 +0.0000 +0.0000 +0.0000 +0.0000 +0.0000 +0.0000 +0.0000 +0.0000 +0.0000 +0.0000 +0.0000 +0.0000 +0.0000 +0.0000 +0.0000 +0.0000 +0.0000 +0.0000 +0.0000 +0.0000 +0.0000 +0.0000 +0.0000 +0.0000 +0.0000 +0.0000 +0.0000 +0.0000 +0.0000 +0.0000 +0.0000 +0.0000 +0.0000 +0.0000 +0.0000 +0.0000 +0.0000 +0.0000 +0.0000 +0.0000 +0.0000 +0.0000 ;
+0.0000 +0.0000 +0.0000 +0.0000 +0.0000 +0.0000 +0.0000 +0.0000 +0.0000 +0.0000 +0.0000 +0.0000 +0.0000 +0.0000 +0.0000 +0.0000 +0.0000 +0.0000 +0.0000 +0.0000 +0.0000 +0.0000 +0.0000 +0.0000 +0.0000 +0.0000 +0.0000 +0.0000 +0.0000 +0.0000 +0.0000 +0.0000 +0.0000 +0.0000 +0.0000 +0.0000 +0.0000 +0.0000 +0.0000 +0.0000 +0.0000 +0.0000 +0.0000 +0.0000 +0.0000 +0.0000 +0.0000 +0.0000 +0.0000 +0.0000 +0.0000 +0.0000 +0.0000 +0.0000 +0.0000 +0.0000 +0.0000 +0.0000 +0.0000 +0.0000 +0.0000 +0.0000 +0.0000 +0.0000 +0.0000 +0.0000 +0.0000 +0.0000 +0.0000 +0.0000 +0.0000 +0.0000 +0.0000 +0.0000 +0.0000 +0.0000 +0.0000 +0.0000 ;
+0.0000 +0.0000 +0.0000 +0.0000 +0.0000 +0.0000 +0.0000 +0.0000 +0.0000 +0.0000 +0.0000 +0.0000 +0.0000 +0.0000 +0.0000 +0.0000 +0.0000 +0.0000 +0.0000 +0.0000 +0.0000 +0.0000 +0.0000 +0.0000 +0.0000 +0.0000 +0.0000 +0.0000 +0.0000 +0.0000 +0.0000 +0.0000 +0.0000 +0.0000 +0.0000 +0.0000 +0.0000 +0.0000 +0.0000 +0.0000 +0.0000 +0.0000 +0.0000 +0.0000 +0.0000 +0.0000 +0.0000 +0.0000 +0.0000 +0.0000 +0.0000 +0.0000 +0.0000 +0.0000 +0.0000 +0.0000 +0.0000 +0.0000 +0.0000 +0.0000 +0.0000 +0.0000 +0.0000 +0.0000 +0.0000 +0.0000 +0.0000 +0.0000 +0.0000 +0.0000 +0.0000 +0.0000 +0.0000 +0.0000 +0.0000 +0.0000 +0.0000 +0.0000 ;
+0.0000 +0.0000 +0.0000 +0.0000 +0.0000 +0.0000 +0.0000 +0.0000 +0.0000 +0.0000 +0.0000 +0.0000 +0.0000 +0.0000 +0.0000 +0.0000 +0.0000 +0.0000 +0.0000 +0.0000 +0.0000 +0.0000 +0.0000 +0.0000 +0.0000 +0.0000 +0.0000 +0.0000 +0.0000 +0.0000 +0.0000 +0.0000 +0.0000 +0.0000 +0.0000 +0.0000 +0.0000 +0.0000 +0.0000 +0.0000 +0.0000 +0.0000 +0.0000 +0.0000 +0.0000 +0.0000 +0.0000 +0.0000 +0.0000 +0.0000 +0.0000 +0.0000 +0.0000 +0.0000 +0.0000 +0.0000 +0.0000 +0.0000 +0.0000 +0.0000 +0.0000 +0.0000 +0.0000 +0.0000 +0.0000 +0.0000 +0.0000 +0.0000 +0.0000 +0.0000 +0.0000 +0.0000 +0.0000 +0.0000 +0.0000 +0.0000 +0.0000 +0.0000 ;
+0.0000 +0.0000 +0.0000 +0.0000 +0.0000 +0.0000 +0.0000 +0.0000 +0.0000 +0.0000 +0.0000 +0.0000 +0.0000 +0.0000 +0.0000 +0.0000 +0.0000 +0.0000 +0.0000 +0.0000 +0.0000 +0.0000 +0.0000 +0.0000 +0.0000 +0.0000 +0.0000 +0.0000 +0.0000 +0.0000 +0.0000 +0.0000 +0.0000 +0.0000 +0.0000 +0.0000 +0.0000 +0.0000 +0.0000 +0.0000 +0.0000 +0.0000 +0.0000 +0.0000 +0.0000 +0.0000 +0.0000 +0.0000 +0.0000 +0.0000 +0.0000 +0.0000 +0.0000 +0.0000 +0.0000 +0.0000 +0.0000 +0.0000 +0.0000 +0.0000 +0.0000 +0.0000 +0.0000 +0.0000 +0.0000 +0.0000 +0.0000 +0.0000 +0.0000 +0.0000 +0.0000 +0.0000 +0.0000 +0.0000 +0.0000 +0.0000 +0.0000 +0.0000 ;
+0.0000 +0.0000 +0.0000 +0.0000 +0.0000 +0.0000 +0.0000 +0.0000 +0.0000 +0.0000 +0.0000 +0.0000 +0.0000 +0.0000 +0.0000 +0.0000 +0.0000 +0.0000 +0.0000 +0.0000 +0.0000 +0.0000 +0.0000 +0.0000 +0.0000 +0.0000 +0.0000 +0.0000 +0.0000 +0.0000 +0.0000 +0.0000 +0.0000 +0.0000 +0.0000 +0.0000 +0.0000 +0.0000 +0.0000 +0.0000 +0.0000 +0.0000 +0.0000 +0.0000 +0.0000 +0.0000 +0.0000 +0.0000 +0.0000 +0.0000 +0.0000 +0.0000 +0.0000 +0.0000 +0.0000 +0.0000 +0.0000 +0.0000 +0.0000 +0.0000 +0.0000 +0.0000 +0.0000 +0.0000 +0.0000 +0.0000 +0.0000 +0.0000 +0.0000 +0.0000 +0.0000 +0.0000 +0.0000 +0.0000 +0.0000 +0.0000 +0.0000 +0.0000 ;
+0.0000 +0.0000 +0.0000 +0.0000 +0.0000 +0.0000 +0.0000 +0.0000 +0.0000 +0.0000 +0.0000 +0.0000 +0.0000 +0.0000 +0.0000 +0.0000 +0.0000 +0.0000 +0.0000 +0.0000 +0.0000 +0.0000 +0.0000 +0.0000 +0.0000 +0.0000 +0.0000 +0.0000 +0.0000 +0.0000 +0.0000 +0.0000 +0.0000 +0.0000 +0.0000 +0.0000 +0.0000 +0.0000 +0.0000 +0.0000 +0.0000 +0.0000 +0.0000 +0.0000 +0.0000 +0.0000 +0.0000 +0.0000 +0.0000 +0.0000 +0.0000 +0.0000 +0.0000 +0.0000 +0.0000 +0.0000 +0.0000 +0.0000 +0.0000 +0.0000 +0.0000 +0.0000 +0.0000 +0.0000 +0.0000 +0.0000 +0.0000 +0.0000 +0.0000 +0.0000 +0.0000 +0.0000 +0.0000 +0.0000 +0.0000 +0.0000 +0.0000 +0.0000 ;
+0.0000 +0.0000 +0.0000 +0.0000 +0.0000 +0.0000 +0.0000 +0.0000 +0.0000 +0.0000 +0.0000 +0.0000 +0.0000 +0.0000 +0.0000 +0.0000 +0.0000 +0.0000 +0.0000 +0.0000 +0.0000 +0.0000 +0.0000 +0.0000 +0.0000 +0.0000 +0.0000 +0.0000 +0.0000 +0.0000 +0.0000 +0.0000 +0.0000 +0.0000 +0.0000 +0.0000 +0.0000 +0.0000 +0.0000 +0.0000 +0.0000 +0.0000 +0.0000 +0.0000 +0.0000 +0.0000 +0.0000 +0.0000 +0.0000 +0.0000 +0.0000 +0.0000 +0.0000 +0.0000 +0.0000 +0.0000 +0.0000 +0.0000 +0.0000 +0.0000 +0.0000 +0.0000 +0.0000 +0.0000 +0.0000 +0.0000 +0.0000 +0.0000 +0.0000 +0.0000 +0.0000 +0.0000 +0.0000 +0.0000 +0.0000 +0.0000 +0.0000 +0.0000 ;
+0.0000 +0.0000 +0.0000 +0.0000 +0.0000 +0.0000 +0.0000 +0.0000 +0.0000 +0.0000 +0.0000 +0.0000 +0.0000 +0.0000 +0.0000 +0.0000 +0.0000 +0.0000 +0.0000 +0.0000 +0.0000 +0.0000 +0.0000 +0.0000 +0.0000 +0.0000 +0.0000 +0.0000 +0.0000 +0.0000 +0.0000 +0.0000 +0.0000 +0.0000 +0.0000 +0.0000 +0.0000 +0.0000 +0.0000 +0.0000 +0.0000 +0.0000 +0.0000 +0.0000 +0.0000 +0.0000 +0.0000 +0.0000 +0.0000 +0.0000 +0.0000 +0.0000 +0.0000 +0.0000 +0.0000 +0.0000 +0.0000 +0.0000 +0.0000 +0.0000 +0.0000 +0.0000 +0.0000 +0.0000 +0.0000 +0.0000 +0.0000 +0.0000 +0.0000 +0.0000 +0.0000 +0.0000 +0.0000 +0.0000 +0.0000 +0.0000 +0.0000 +0.0000 ;
+0.0000 +0.0000 +0.0000 +0.0000 +0.0000 +0.0000 +0.0000 +0.0000 +0.0000 +0.0000 +0.0000 +0.0000 +0.0000 +0.0000 +0.0000 +0.0000 +0.0000 +0.0000 +0.0000 +0.0000 +0.0000 +0.0000 +0.0000 +0.0000 +0.0000 +0.0000 +0.0000 +0.0000 +0.0000 +0.0000 +0.0000 +0.0000 +0.0000 +0.0000 +0.0000 +0.0000 +0.0000 +0.0000 +0.0000 +0.0000 +0.0000 +0.0000 +0.0000 +0.0000 +0.0000 +0.0000 +0.0000 +0.0000 +0.0000 +0.0000 +0.0000 +0.0000 +0.0000 +0.0000 +0.0000 +0.0000 +0.0000 +0.0000 +0.0000 +0.0000 +0.0000 +0.0000 +0.0000 +0.0000 +0.0000 +0.0000 +0.0000 +0.0000 +0.0000 +0.0000 +0.0000 +0.0000 +0.0000 +0.0000 +0.0000 +0.0000 +0.0000 +0.0000 ;
+0.0000 +0.0000 +0.0000 +0.0000 +0.0000 +0.0000 +0.0000 +0.0000 +0.0000 +0.0000 +0.0000 +0.0000 +0.0000 +0.0000 +0.0000 +0.0000 +0.0000 +0.0000 +0.0000 +0.0000 +0.0000 +0.0000 +0.0000 +0.0000 +0.0000 +0.0000 +0.0000 +0.0000 +0.0000 +0.0000 +0.0000 +0.0000 +0.0000 +0.0000 +0.0000 +0.0000 +0.0000 +0.0000 +0.0000 +0.0000 +0.0000 +0.0000 +0.0000 +0.0000 +0.0000 +0.0000 +0.0000 +0.0000 +0.0000 +0.0000 +0.0000 +0.0000 +0.0000 +0.0000 +0.0000 +0.0000 +0.0000 +0.0000 +0.0000 +0.0000 +0.0000 +0.0000 +0.0000 +0.0000 +0.0000 +0.0000 +0.0000 +0.0000 +0.0000 +0.0000 +0.0000 +0.0000 +0.0000 +0.0000 +0.0000 +0.0000 +0.0000 +0.0000 ;
+0.0000 +0.0000 +0.0000 +0.0000 +0.0000 +0.0000 +0.0000 +0.0000 +0.0000 +0.0000 +0.0000 +0.0000 +0.0000 +0.0000 +0.0000 +0.0000 +0.0000 +0.0000 +0.0000 +0.0000 +0.0000 +0.0000 +0.0000 +0.0000 +0.0000 +0.0000 +0.0000 +0.0000 +0.0000 +0.0000 +0.0000 +0.0000 +0.0000 +0.0000 +0.0000 +0.0000 +0.0000 +0.0000 +0.0000 +0.0000 +0.0000 +0.0000 +0.0000 +0.0000 +0.0000 +0.0000 +0.0000 +0.0000 +0.0000 +0.0000 +0.0000 +0.0000 +0.0000 +0.0000 +0.0000 +0.0000 +0.0000 +0.0000 +0.0000 +0.0000 +0.0000 +0.0000 +0.0000 +0.0000 +0.0000 +0.0000 +0.0000 +0.0000 +0.0000 +0.0000 +0.0000 +0.0000 +0.0000 +0.0000 +0.0000 +0.0000 +0.0000 +0.0000 ;
+0.0000 +0.0000 +0.0000 +0.0000 +0.0000 +0.0000 +0.0000 +0.0000 +0.0000 +0.0000 +0.0000 +0.0000 +0.0000 +0.0000 +0.0000 +0.0000 +0.0000 +0.0000 +0.0000 +0.0000 +0.0000 +0.0000 +0.0000 +0.0000 +0.0000 +0.0000 +0.0000 +0.0000 +0.0000 +0.0000 +0.0000 +0.0000 +0.0000 +0.0000 +0.0000 +0.0000 +0.0000 +0.0000 +0.0000 +0.0000 +0.0000 +0.0000 +0.0000 +0.0000 +0.0000 +0.0000 +0.0000 +0.0000 +0.0000 +0.0000 +0.0000 +0.0000 +0.0000 +0.0000 +0.0000 +0.0000 +0.0000 +0.0000 +0.0000 +0.0000 +0.0000 +0.0000 +0.0000 +0.0000 +0.0000 +0.0000 +0.0000 +0.0000 +0.0000 +0.0000 +0.0000 +0.0000 +0.0000 +0.0000 +0.0000 +0.0000 +0.0000 +0.0000 ;
+0.0000 +0.0000 +0.0000 +0.0000 +0.0000 +0.0000 +0.0000 +0.0000 +0.0000 +0.0000 +0.0000 +0.0000 +0.0000 +0.0000 +0.0000 +0.0000 +0.0000 +0.0000 +0.0000 +0.0000 +0.0000 +0.0000 +0.0000 +0.0000 +0.0000 +0.0000 +0.0000 +0.0000 +0.0000 +0.0000 +0.0000 +0.0000 +0.0000 +0.0000 +0.0000 +0.0000 +0.0000 +0.0000 +0.0000 +0.0000 +0.0000 +0.0000 +0.0000 +0.0000 +0.0000 +0.0000 +0.0000 +0.0000 +0.0000 +0.0000 +0.0000 +0.0000 +0.0000 +0.0000 +0.0000 +0.0000 +0.0000 +0.0000 +0.0000 +0.0000 +0.0000 +0.0000 +0.0000 +0.0000 +0.0000 +0.0000 +0.0000 +0.0000 +0.0000 +0.0000 +0.0000 +0.0000 +0.0000 +0.0000 +0.0000 +0.0000 +0.0000 +0.0000 ;
+0.0000 +0.0000 +0.0000 +0.0000 +0.0000 +0.0000 +0.0000 +0.0000 +0.0000 +0.0000 +0.0000 +0.0000 +0.0000 +0.0000 +0.0000 +0.0000 +0.0000 +0.0000 +0.0000 +0.0000 +0.0000 +0.0000 +0.0000 +0.0000 +0.0000 +0.0000 +0.0000 +0.0000 +0.0000 +0.0000 +0.0000 +0.0000 +0.0000 +0.0000 +0.0000 +0.0000 +0.0000 +0.0000 +0.0000 +0.0000 +0.0000 +0.0000 +0.0000 +0.0000 +0.0000 +0.0000 +0.0000 +0.0000 +0.0000 +0.0000 +0.0000 +0.0000 +0.0000 +0.0000 +0.0000 +0.0000 +0.0000 +0.0000 +0.0000 +0.0000 +0.0000 +0.0000 +0.0000 +0.0000 +0.0000 +0.0000 +0.0000 +0.0000 +0.0000 +0.0000 +0.0000 +0.0000 +0.0000 +0.0000 +0.0000 +0.0000 +0.0000 +0.0000 ;
+0.0000 +0.0000 +0.0000 +0.0000 +0.0000 +0.0000 +0.0000 +0.0000 +0.0000 +0.0000 +0.0000 +0.0000 +0.0000 +0.0000 +0.0000 +0.0000 +0.0000 +0.0000 +0.0000 +0.0000 +0.0000 +0.0000 +0.0000 +0.0000 +0.0000 +0.0000 +0.0000 +0.0000 +0.0000 +0.0000 +0.0000 +0.0000 +0.0000 +0.0000 +0.0000 +0.0000 +0.0000 +0.0000 +0.0000 +0.0000 +0.0000 +0.0000 +0.0000 +0.0000 +0.0000 +0.0000 +0.0000 +0.0000 +0.0000 +0.0000 +0.0000 +0.0000 +0.0000 +0.0000 +0.0000 +0.0000 +0.0000 +0.0000 +0.0000 +0.0000 +0.0000 +0.0000 +0.0000 +0.0000 +0.0000 +0.0000 +0.0000 +0.0000 +0.0000 +0.0000 +0.0000 +0.0000 +0.0000 +0.0000 +0.0000 +0.0000 +0.0000 +0.0000 ;
+0.0000 +0.0000 +0.0000 +0.0000 +0.0000 +0.0000 +0.0000 +0.0000 +0.0000 +0.0000 +0.0000 +0.0000 +0.0000 +0.0000 +0.0000 +0.0000 +0.0000 +0.0000 +0.0000 +0.0000 +0.0000 +0.0000 +0.0000 +0.0000 +0.0000 +0.0000 +0.0000 +0.0000 +0.0000 +0.0000 +0.0000 +0.0000 +0.0000 +0.0000 +0.0000 +0.0000 +0.0000 +0.0000 +0.0000 +0.0000 +0.0000 +0.0000 +0.0000 +0.0000 +0.0000 +0.0000 +0.0000 +0.0000 +0.0000 +0.0000 +0.0000 +0.0000 +0.0000 +0.0000 +0.0000 +0.0000 +0.0000 +0.0000 +0.0000 +0.0000 +0.0000 +0.0000 +0.0000 +0.0000 +0.0000 +0.0000 +0.0000 +0.0000 +0.0000 +0.0000 +0.0000 +0.0000 +0.0000 +0.0000 +0.0000 +0.0000 +0.0000 +0.0000 ;
+0.0000 +0.0000 +0.0000 +0.0000 +0.0000 +0.0000 +0.0000 +0.0000 +0.0000 +0.0000 +0.0000 +0.0000 +0.0000 +0.0000 +0.0000 +0.0000 +0.0000 +0.0000 +0.0000 +0.0000 +0.0000 +0.0000 +0.0000 +0.0000 +0.0000 +0.0000 +0.0000 +0.0000 +0.0000 +0.0000 +0.0000 +0.0000 +0.0000 +0.0000 +0.0000 +0.0000 +0.0000 +0.0000 +0.0000 +0.0000 +0.0000 +0.0000 +0.0000 +0.0000 +0.0000 +0.0000 +0.0000 +0.0000 +0.0000 +0.0000 +0.0000 +0.0000 +0.0000 +0.0000 +0.0000 +0.0000 +0.0000 +0.0000 +0.0000 +0.0000 +0.0000 +0.0000 +0.0000 +0.0000 +0.0000 +0.0000 +0.0000 +0.0000 +0.0000 +0.0000 +0.0000 +0.0000 +0.0000 +0.0000 +0.0000 +0.0000 +0.0000 +0.0000 ;
+0.0000 +0.0000 +0.0000 +0.0000 +0.0000 +0.0000 +0.0000 +0.0000 +0.0000 +0.0000 +0.0000 +0.0000 +0.0000 +0.0000 +0.0000 +0.0000 +0.0000 +0.0000 +0.0000 +0.0000 +0.0000 +0.0000 +0.0000 +0.0000 +0.0000 +0.0000 +0.0000 +0.0000 +0.0000 +0.0000 +0.0000 +0.0000 +0.0000 +0.0000 +0.0000 +0.0000 +0.0000 +0.0000 +0.0000 +0.0000 +0.0000 +0.0000 +0.0000 +0.0000 +0.0000 +0.0000 +0.0000 +0.0000 +0.0000 +0.0000 +0.0000 +0.0000 +0.0000 +0.0000 +0.0000 +0.0000 +0.0000 +0.0000 +0.0000 +0.0000 +0.0000 +0.0000 +0.0000 +0.0000 +0.0000 +0.0000 +0.0000 +0.0000 +0.0000 +0.0000 +0.0000 +0.0000 +0.0000 +0.0000 +0.0000 +0.0000 +0.0000 +0.0000 ;
+0.0000 +0.0000 +0.0000 +0.0000 +0.0000 +0.0000 +0.0000 +0.0000 +0.0000 +0.0000 +0.0000 +0.0000 +0.0000 +0.0000 +0.0000 +0.0000 +0.0000 +0.0000 +0.0000 +0.0000 +0.0000 +0.0000 +0.0000 +0.0000 +0.0000 +0.0000 +0.0000 +0.0000 +0.0000 +0.0000 +0.0000 +0.0000 +0.0000 +0.0000 +0.0000 +0.0000 +0.0000 +0.0000 +0.0000 +0.0000 +0.0000 +0.0000 +0.0000 +0.0000 +0.0000 +0.0000 +0.0000 +0.0000 +0.0000 +0.0000 +0.0000 +0.0000 +0.0000 +0.0000 +0.0000 +0.0000 +0.0000 +0.0000 +0.0000 +0.0000 +0.0000 +0.0000 +0.0000 +0.0000 +0.0000 +0.0000 +0.0000 +0.0000 +0.0000 +0.0000 +0.0000 +0.0000 +0.0000 +0.0000 +0.0000 +0.0000 +0.0000 +0.0000 ;
+0.0000 +0.0000 +0.0000 +0.0000 +0.0000 +0.0000 +0.0000 +0.0000 +0.0000 +0.0000 +0.0000 +0.0000 +0.0000 +0.0000 +0.0000 +0.0000 +0.0000 +0.0000 +0.0000 +0.0000 +0.0000 +0.0000 +0.0000 +0.0000 +0.0000 +0.0000 +0.0000 +0.0000 +0.0000 +0.0000 +0.0000 +0.0000 +0.0000 +0.0000 +0.0000 +0.0000 +0.0000 +0.0000 +0.0000 +0.0000 +0.0000 +0.0000 +0.0000 +0.0000 +0.0000 +0.0000 +0.0000 +0.0000 +0.0000 +0.0000 +0.0000 +0.0000 +0.0000 +0.0000 +0.0000 +0.0000 +0.0000 +0.0000 +0.0000 +0.0000 +0.0000 +0.0000 +0.0000 +0.0000 +0.0000 +0.0000 +0.0000 +0.0000 +0.0000 +0.0000 +0.0000 +0.0000 +0.0000 +0.0000 +0.0000 +0.0000 +0.0000 +0.0000 ;
+0.0000 +0.0000 +0.0000 +0.0000 +0.0000 +0.0000 +0.0000 +0.0000 +0.0000 +0.0000 +0.0000 +0.0000 +0.0000 +0.0000 +0.0000 +0.0000 +0.0000 +0.0000 +0.0000 +0.0000 +0.0000 +0.0000 +0.0000 +0.0000 +0.0000 +0.0000 +0.0000 +0.0000 +0.0000 +0.0000 +0.0000 +0.0000 +0.0000 +0.0000 +0.0000 +0.0000 +0.0000 +0.0000 +0.0000 +0.0000 +0.0000 +0.0000 +0.0000 +0.0000 +0.0000 +0.0000 +0.0000 +0.0000 +0.0000 +0.0000 +0.0000 +0.0000 +0.0000 +0.0000 +0.0000 +0.0000 +0.0000 +0.0000 +0.0000 +0.0000 +0.0000 +0.0000 +0.0000 +0.0000 +0.0000 +0.0000 +0.0000 +0.0000 +0.0000 +0.0000 +0.0000 +0.0000 +0.0000 +0.0000 +0.0000 +0.0000 +0.0000 +0.0000 ;
+0.0000 +0.0000 +0.0000 +0.0000 +0.0000 +0.0000 +0.0000 +0.0000 +0.0000 +0.0000 +0.0000 +0.0000 +0.0000 +0.0000 +0.0000 +0.0000 +0.0000 +0.0000 +0.0000 +0.0000 +0.0000 +0.0000 +0.0000 +0.0000 +0.0000 +0.0000 +0.0000 +0.0000 +0.0000 +0.0000 +0.0000 +0.0000 +0.0000 +0.0000 +0.0000 +0.0000 +0.0000 +0.0000 +0.0000 +0.0000 +0.0000 +0.0000 +0.0000 +0.0000 +0.0000 +0.0000 +0.0000 +0.0000 +0.0000 +0.0000 +0.0000 +0.0000 +0.0000 +0.0000 +0.0000 +0.0000 +0.0000 +0.0000 +0.0000 +0.0000 +0.0000 +0.0000 +0.0000 +0.0000 +0.0000 +0.0000 +0.0000 +0.0000 +0.0000 +0.0000 +0.0000 +0.0000 +0.0000 +0.0000 +0.0000 +0.0000 +0.0000 +0.0000 ;
+0.0000 +0.0000 +0.0000 +0.0000 +0.0000 +0.0000 +0.0000 +0.0000 +0.0000 +0.0000 +0.0000 +0.0000 +0.0000 +0.0000 +0.0000 +0.0000 +0.0000 +0.0000 +0.0000 +0.0000 +0.0000 +0.0000 +0.0000 +0.0000 +0.0000 +0.0000 +0.0000 +0.0000 +0.0000 +0.0000 +0.0000 +0.0000 +0.0000 +0.0000 +0.0000 +0.0000 +0.0000 +0.0000 +0.0000 +0.0000 +0.0000 +0.0000 +0.0000 +0.0000 +0.0000 +0.0000 +0.0000 +0.0000 +0.0000 +0.0000 +0.0000 +0.0000 +0.0000 +0.0000 +0.0000 +0.0000 +0.0000 +0.0000 +0.0000 +0.0000 +0.0000 +0.0000 +0.0000 +0.0000 +0.0000 +0.0000 +0.0000 +0.0000 +0.0000 +0.0000 +0.0000 +0.0000 +0.0000 +0.0000 +0.0000 +0.0000 +0.0000 +0.0000 ;
+0.0000 +0.0000 +0.0000 +0.0000 +0.0000 +0.0000 +0.0000 +0.0000 +0.0000 +0.0000 +0.0000 +0.0000 +0.0000 +0.0000 +0.0000 +0.0000 +0.0000 +0.0000 +0.0000 +0.0000 +0.0000 +0.0000 +0.0000 +0.0000 +0.0000 +0.0000 +0.0000 +0.0000 +0.0000 +0.0000 +0.0000 +0.0000 +0.0000 +0.0000 +0.0000 +0.0000 +0.0000 +0.0000 +0.0000 +0.0000 +0.0000 +0.0000 +0.0000 +0.0000 +0.0000 +0.0000 +0.0000 +0.0000 +0.0000 +0.0000 +0.0000 +0.0000 +0.0000 +0.0000 +0.0000 +0.0000 +0.0000 +0.0000 +0.0000 +0.0000 +0.0000 +0.0000 +0.0000 +0.0000 +0.0000 +0.0000 +0.0000 +0.0000 +0.0000 +0.0000 +0.0000 +0.0000 +0.0000 +0.0000 +0.0000 +0.0000 +0.0000 +0.0000 ;
-0.0556 +0.0000 +0.0453 +0.0937 -0.0000 -0.0037 -0.0000 -0.0162 +0.0000 -0.0000 +0.0112 -0.0000 -0.0000 +0.0000 +0.0000 +0.0000 +0.0000 +0.0000 +0.0000 +0.0000 +0.0000 +0.0000 +0.0000 +0.0000 +0.0000 +0.0000 +0.1795 -0.4104 +0.5858 -0.5414 +0.0000 +0.0000 +0.3851 -0.1890 -0.0368 +0.0000 +0.0000 +0.0000 +0.0000 +0.0000 +0.0000 +0.0000 +0.0000 +0.0000 +0.6657 +0.6226 +0.6178 +0.5339 +0.4460 +0.6164 +0.0000 +0.0000 +0.0000 +0.0000 +0.0000 +0.0000 +0.0000 +0.0000 +0.0000 +0.6433 +0.5909 +0.0000 +0.0000 +0.5660 +0.5971 +0.0000 +0.0000 +0.0000 +0.0000 +0.0000 +0.6003 +0.6424 -0.5057 -0.3333 -0.2752 +0.0000 +0.0000 +0.5249 ;
-0.0027 +0.0000 +0.1091 +0.0639 -0.0761 -0.1727 +0.1648 +0.0000 +0.0000 -0.3667 -0.3738 +0.0000 +0.0000 +0.0000 +0.0000 +0.0000 +0.0000 +0.0000 +0.0000 +0.0000 +0.0000 +0.0000 +0.2206 +0.1079 -0.1754 +0.1689 +0.0000 +0.1012 -0.0000 +0.0000 -0.0000 +0.0000 +0.0000 -0.1048 -0.1611 -0.0957 -0.0002 -0.0623 -0.0435 -0.0000 +0.0000 +0.0000 +0.0000 +0.0000 +0.0426 +0.0000 +0.0000 +0.0000 +0.0000 +0.0000 +0.0000 +0.0000 +0.0000 +0.0000 +0.0000 +0.0000 +0.0000 +0.0000 +0.0000 +0.0000 +0.0000 +0.0000 +0.0000 +0.0000 +0.0000 +0.0000 +0.0000 +0.0000 +0.0000 +0.0000 +0.0000 +0.0000 -0.0000 -0.0000 +0.0000 +0.0000 +0.0000 -0.5077 ;
-0.0369 +0.0460 -0.0000 +0.0000 +0.0000 +0.0000 +0.0000 +0.0000 +0.0000 -0.0449 +0.0603 +0.0169 -0.1576 -0.1317 -0.0000 -0.0000 -0.0206 -0.0432 -0.0000 -0.0346 -0.0000 -0.0066 -0.1846 -0.1270 -0.1631 -0.0729 -0.0000 +0.0000 +0.0000 -0.3753 +0.1828 +0.0332 +0.0000 +0.0000 -0.1693 +0.0000 -0.2624 +0.0000 +0.0000 -0.2528 +0.0000 +0.0000 +0.0000 +0.5738 +0.5855 +0.5540 +0.5789 +0.3650 +0.4398 +0.5063 -0.0206 -0.0280 -0.0000 -0.0000 -0.0000 -0.0000 -0.0041 +0.0000 +0.5005 +0.0000 +0.6033 +0.5768 +0.0000 +0.0000 +0.0000 +0.0000 +0.0000 +0.0000 +0.0000 +0.0000 +0.0000 +0.0000 +0.0000 +0.0000 +0.0000 +0.0000 +0.0000 -0.5077 ;
+0.0000 -0.1860 -0.1195 -0.0000 -0.0000 +0.0000 +0.0762 +0.0000 +0.0000 +0.1366 +0.0375 +0.0000 +0.0000 +0.0000 +0.0000 +0.0000 +0.0000 +0.0000 +0.0000 +0.0000 +0.0000 +0.0000 +0.0000 +0.0000 +0.1151 +0.6508 -0.0000 -0.0240 +0.0000 +0.0000 +0.1865 -0.0000 +0.4535 +0.0000 -0.2657 -0.0947 -0.3545 -0.2062 -0.3242 -0.3017 -0.1032 -0.2799 -0.2952 +0.6426 +0.6553 +0.6070 +0.6203 +0.6169 +0.0000 +0.0000 -0.0891 -0.0022 -0.0000 -0.0000 +0.0000 +0.0000 +0.0000 +0.0000 +0.0000 +0.0773 +0.0300 +0.2123 +0.0550 +0.0236 +0.0748 +0.0218 +0.0950 +0.1734 +0.1075 +0.0867 +0.0397 +0.2372 -0.4358 -0.4623 +0.0000 +0.0000 -0.5379 +0.3804 ;
-0.2279 -0.1864 -0.1421 -0.1575 -0.1796 -0.0006 -0.0000 -0.1953 -0.0848 +0.0282 +0.0912 +0.0948 +0.0000 +0.0567 +0.0885 +0.0401 +0.0000 +0.0000 +0.0000 +0.0000 +0.0000 +0.0000 +0.0000 +0.0000 +0.2634 +0.5187 +0.0000 +0.0000 +0.5336 +0.0000 +0.0000 -0.0000 +0.0000 +0.0000 -0.2225 -0.0684 -0.3078 -0.1180 -0.3011 -0.1029 -0.2239 -0.2750 +0.0000 +0.0000 +0.0000 +0.0000 +0.0000 +0.0000 +0.4073 +0.0000 -0.0572 -0.0000 -0.0000 -0.0000 -0.0000 -0.0000 -0.0000 -0.0984 +0.3648 +0.4125 +0.2088 +0.4055 +0.3541 +0.3744 +0.0000 +0.0000 +0.0000 +0.0000 +0.0000 +0.0000 +0.0000 +0.0000 -0.1956 +0.0000 +0.0000 +0.0000 +0.0000 -0.1608 ;
-0.1918 +0.0258 -0.0000 -0.0000 -0.0000 +0.0000 +0.0000 +0.0000 +0.0000 +0.0000 +0.0000 +0.0933 +0.0000 +0.0000 +0.0000 +0.0000 +0.0000 +0.0186 +0.0000 +0.0773 +0.0000 -0.0703 -0.1493 +0.0000 +0.0000 -0.2771 -0.0000 +0.1730 -0.0544 +0.3914 +0.0000 -0.0000 +0.0000 -0.3261 -0.2347 +0.0000 +0.0000 +0.0000 +0.0000 +0.0000 +0.0000 +0.0000 +0.0000 +0.5177 +0.4660 +0.5863 +0.5215 +0.3646 +0.3564 +0.0000 +0.0000 +0.0000 -0.0000 -0.0000 -0.0000 +0.0000 -0.0000 -0.0001 +0.6760 +0.0000 +0.6770 +0.6438 +0.6110 +0.6562 +0.6768 +0.6531 +0.6073 +0.6814 +0.6096 +0.6501 +0.6570 +0.0000 -0.5996 -0.5042 +0.0000 +0.0000 -0.6203 -0.3176 ;
-0.0048 -0.1075 -0.1544 +0.1962 -0.2115 -0.0040 -0.0241 +0.1318 +0.1573 -0.3332 +0.0000 +0.0000 +0.0000 +0.0000 -0.4208 +0.0000 -0.3937 +0.0000 -0.4005 -0.2632 -0.3347 -0.2599 -0.2432 -0.2575 +0.1058 -0.0545 +0.0000 +0.0000 -0.0000 -0.1020 -0.0000 +0.0000 +0.0000 -0.0204 +0.0000 +0.0000 +0.0000 +0.0000 +0.0000 +0.0000 +0.0000 +0.0000 +0.0000 +0.0000 +0.0000 +0.0000 +0.0000 +0.0000 +0.0000 +0.0000 -0.1331 +0.0000 +0.0000 +0.0000 +0.0000 +0.0000 +0.0000 +0.0000 +0.0000 +0.0000 +0.0000 +0.0000 +0.0000 +0.0000 +0.0000 +0.0000 +0.0000 +0.0000 +0.0000 +0.0000 +0.0000 +0.0000 -0.0000 -0.0000 +0.0000 +0.0000 +0.0000 -0.5295 ;
-0.1028 -0.2310 -0.0000 -0.0656 -0.1072 -0.0000 -0.0857 +0.0000 +0.0000 +0.1494 +0.0000 +0.0000 +0.0803 +0.0571 +0.0000 +0.0000 +0.0000 +0.0000 +0.0000 +0.0000 +0.0000 +0.0000 +0.0000 -0.0000 +0.1592 -0.6409 +0.0000 +0.0000 +0.6222 +0.3176 +0.5539 -0.0000 +0.0000 +0.0000 +0.0000 -0.1127 -0.3278 +0.0000 -0.1771 -0.1851 +0.0000 -0.2980 -0.2708 +0.2541 +0.3408 +0.4102 +0.2830 +0.2481 +0.2653 +0.0000 +0.0000 -0.1597 +0.0000 -0.0649 -0.0858 +0.0000 +0.0000 -0.2103 +0.3818 +0.3928 +0.4712 +0.5253 +0.5247 +0.3326 +0.5187 +0.0000 +0.0000 +0.0000 +0.0000 +0.0000 +0.0000 +0.0000 -0.6345 -0.6287 -0.2988 -0.5563 +0.0000 +0.5192 ;
+0.0000 +0.0000 +0.2157 +0.1206 +0.0147 +0.0000 +0.0000 +0.0000 +0.0000 +0.0559 +0.0154 +0.1830 +0.1300 +0.1119 +0.0586 +0.1693 +0.0761 +0.1504 +0.1155 +0.0678 +0.0000 +0.0000 +0.0000 +0.0000 +0.0000 +0.0000 +0.0000 +0.0000 +0.0000 +0.0000 +0.0000 +0.0000 +0.0000 -0.0386 -0.0157 -0.2151 -0.1810 +0.0000 +0.0000 -0.2154 -0.1429 -0.2278 -0.1573 +0.0000 +0.0000 +0.0000 +0.0000 +0.0000 +0.0000 +0.0000 -0.0000 +0.0000 +0.0000 +0.0000 +0.0000 +0.0000 +0.0000 +0.0000 +0.0000 +0.1710 +0.2097 +0.0000 +0.0000 +0.0000 +0.0000 +0.0000 +0.0000 +0.0000 +0.0000 +0.0000 +0.0000 +0.0000 -0.1029 -0.2672 -0.0184 +0.0000 +0.0000 +0.5192 ;
-0.0028 +0.0000 +0.1566 +0.0980 -0.1931 +0.1085 +0.0000 +0.0000 +0.0000 +0.0466 +0.0362 +0.0606 +0.1304 +0.0797 +0.0482 +0.1119 +0.2649 +0.0569 +0.2618 +0.1348 +0.1464 +0.0000 +0.0000 +0.0000 +0.0000 +0.0577 +0.0663 +0.0000 -0.1189 +0.0000 +0.0181 +0.0604 +0.0346 -0.0776 +0.0000 -0.0002 -0.1143 -0.1583 -0.0769 -0.0546 -0.1248 -0.0637 -0.0535 +0.0000 +0.0000 +0.0000 +0.0000 +0.0000 +0.0000 +0.0000 -0.1903 -0.1220 +0.0000 +0.0000 +0.0000 +0.0000 +0.0000 +0.0000 +0.0000 +0.1539 +0.0000 +0.0000 +0.0000 +0.0000 +0.0000 +0.0000 +0.0000 +0.1174 +0.0000 +0.0000 +0.0000 +0.0000 -0.2447 -0.2098 -0.0635 +0.0000 +0.0000 +0.5192 ;
-0.0037 +0.0000 +0.1601 +0.0000 +0.2424 +0.0534 +0.0052 +0.0000 +0.0000 +0.0506 +0.1413 -0.1564 +0.0157 +0.0654 +0.2301 +0.2044 +0.0151 +0.1407 +0.0183 +0.0560 +0.0907 +0.0000 +0.0000 +0.0000 +0.0000 +0.0837 +0.0000 -0.1080 -0.2413 +0.1056 +0.0742 +0.0000 +0.0000 +0.0000 -0.1456 -0.0001 -0.0182 -0.0588 -0.1663 -0.2176 -0.1307 -0.0577 +0.0000 +0.0000 +0.0000 +0.0000 +0.0000 +0.0000 +0.0000 +0.0000 +0.0000 -0.0000 +0.0000 +0.0000 +0.0000 +0.0000 +0.0000 +0.0000 +0.1600 +0.0000 +0.2178 +0.0000 +0.0000 +0.0000 +0.0000 +0.0000 +0.0000 +0.0000 +0.0000 +0.0000 +0.0000 +0.0000 -0.2469 -0.2764 -0.0543 +0.0000 +0.0000 +0.5192 ;
+0.0000 +0.0000 +0.0589 -0.0595 +0.0910 +0.0898 +0.0000 +0.0000 +0.0000 +0.2023 +0.0068 +0.0422 +0.0644 +0.0156 +0.0929 +0.1343 +0.0188 +0.1246 +0.0000 +0.1378 +0.0000 +0.0000 +0.0000 +0.0000 +0.1465 +0.0000 +0.0763 +0.0000 -0.0983 -0.1610 +0.1551 +0.0000 +0.1210 +0.0000 -0.0000 -0.0747 -0.0503 -0.2079 -0.1414 -0.3112 -0.1571 -0.1213 -0.0001 +0.0000 +0.0000 +0.0000 +0.0000 +0.0000 +0.0000 +0.0000 +0.0000 -0.0570 -0.0928 +0.0000 +0.0000 +0.0000 +0.0000 +0.0000 +0.0000 +0.0734 +0.0000 +0.2016 +0.2163 +0.0000 +0.0000 +0.0000 +0.0000 +0.0000 +0.0000 +0.0000 +0.0000 +0.0000 -0.2613 -0.1037 -0.1950 +0.0000 +0.0000 +0.5192 ;
-0.0096 -0.0178 +0.1133 +0.1505 +0.0985 +0.1157 +0.0000 +0.0000 +0.0000 +0.0343 +0.0000 +0.0337 +0.1269 +0.0765 -0.1407 +0.1551 +0.0086 +0.0000 +0.0000 +0.0898 +0.0825 +0.0000 +0.0000 +0.0000 -0.1443 +0.1883 +0.0000 -0.2116 -0.2701 +0.1270 -0.0279 +0.0000 +0.2169 -0.0063 -0.1284 -0.1997 -0.1502 -0.0010 -0.1386 +0.0000 +0.0000 -0.1773 -0.1330 +0.0000 +0.0000 +0.0000 +0.0000 +0.0000 +0.0000 +0.0000 +0.0000 +0.0000 +0.0000 -0.1592 -0.0000 +0.0000 +0.0000 +0.0000 +0.0000 +0.0000 +0.0000 +0.0000 +0.0000 +0.2014 +0.0000 +0.0000 +0.2153 +0.0000 +0.0000 +0.0000 +0.0000 +0.0000 -0.0499 -0.2243 -0.0550 -0.0938 +0.0000 +0.5192 ;
-0.0126 +0.0000 +0.0000 +0.0000 -0.0190 +0.0818 +0.1589 +0.1299 +0.0000 +0.0000 +0.0000 +0.1244 +0.0458 +0.1198 +0.0977 +0.0397 -0.0520 +0.1653 +0.1887 +0.1715 +0.0676 +0.0926 +0.0000 +0.0000 +0.0000 +0.2015 +0.0000 +0.0000 -0.3542 +0.0000 -0.0797 +0.0000 +0.0000 +0.0000 -0.0081 -0.1318 -0.1815 -0.0353 -0.0862 -0.2171 -0.0304 -0.2229 -0.0432 +0.0000 +0.0000 +0.0000 +0.0000 +0.0000 +0.0000 +0.0000 +0.0000 +0.0000 +0.0000 -0.0087 +0.0000 +0.0000 +0.0000 +0.0000 +0.0000 +0.0000 +0.0000 +0.1948 +0.0000 +0.0000 +0.0000 +0.2140 +0.0000 +0.0000 +0.0000 +0.0000 +0.0000 +0.0000 +0.0000 -0.1488 -0.0776 -0.0975 +0.0000 +0.5192 ;
+0.0000 +0.0000 +0.0000 +0.0000 +0.2191 +0.2028 +0.1169 +0.1081 +0.0000 +0.0000 +0.0000 +0.0000 +0.0000 +0.1725 +0.1594 +0.0567 +0.1138 -0.1104 +0.1853 +0.0000 +0.1197 +0.0000 +0.0797 +0.1408 +0.0117 +0.0000 +0.0405 +0.0000 -0.2368 -0.1279 +0.1044 +0.0000 +0.2121 +0.0000 -0.1390 -0.0082 -0.2555 -0.0694 -0.3216 -0.1004 -0.0249 -0.0632 +0.0000 +0.0000 +0.0000 +0.0000 +0.0000 +0.0000 +0.0000 +0.0000 +0.0000 +0.0000 +0.0000 +0.0000 -0.0000 -0.1488 +0.0000 +0.0000 +0.0000 +0.0000 +0.0000 +0.0000 +0.0000 +0.0000 +0.1915 +0.0000 +0.0000 +0.0000 +0.0000 +0.1386 +0.0684 +0.0000 +0.0000 -0.1956 -0.0821 -0.2019 +0.0000 +0.5192 ;
-0.0032 +0.0000 +0.0000 +0.0000 +0.0000 +0.0904 +0.1807 -0.0124 +0.2407 +0.0000 +0.0000 +0.0000 +0.1589 +0.1162 +0.0781 +0.1464 +0.1163 +0.2027 +0.0456 -0.1179 +0.0388 +0.0332 +0.0296 +0.0432 +0.0000 +0.0910 +0.0000 -0.0926 -0.2396 +0.0221 +0.0668 +0.0000 +0.0000 -0.0221 +0.0000 -0.1800 -0.0678 -0.0486 -0.0974 -0.1583 -0.0007 -0.0914 -0.0308 +0.0000 +0.0000 +0.0000 +0.0000 +0.0000 +0.0000 +0.0000 +0.0000 +0.0000 +0.0000 +0.0000 +0.0000 -0.0325 +0.0000 +0.0000 +0.0000 +0.0000 +0.0000 +0.2097 +0.0000 +0.0000 +0.0000 +0.0000 +0.0000 +0.0485 +0.0000 +0.0000 +0.0000 +0.0000 +0.0000 -0.1014 +0.0000 -0.1404 -0.2073 +0.5192 ;
-0.0093 +0.0000 +0.0000 +0.0000 +0.0000 +0.1643 +0.1866 +0.0313 +0.1258 +0.0000 +0.0000 +0.0000 +0.1111 +0.0000 +0.0433 +0.1003 +0.0000 +0.1860 +0.1835 +0.0918 -0.1701 +0.1822 +0.1795 +0.1487 +0.0000 +0.0874 +0.1370 +0.0000 -0.2403 +0.0000 +0.0422 +0.0000 +0.0936 -0.1974 +0.0000 -0.0002 -0.0581 -0.2174 -0.1242 -0.2663 -0.1236 +0.0000 -0.1752 +0.0000 +0.0000 +0.0000 +0.0000 +0.0000 +0.0000 +0.0000 -0.0000 +0.0000 +0.0000 +0.0000 +0.0000 -0.1095 +0.0000 +0.0000 +0.0000 +0.0000 +0.0000 +0.0000 +0.0000 +0.0000 +0.0000 +0.0000 +0.0000 +0.2799 +0.2464 +0.0000 +0.0000 +0.0000 +0.0000 +0.0000 -0.1168 -0.2794 -0.1228 +0.5192 ;
-0.0330 -0.1052 +0.0000 +0.0000 +0.0000 +0.1085 +0.0530 +0.0154 +0.2316 +0.0000 +0.0000 +0.0000 +0.0882 +0.0327 +0.1738 +0.0572 +0.2339 +0.1183 +0.2099 +0.1528 +0.0000 -0.0903 -0.1111 +0.0553 -0.1046 +0.1598 -0.0545 -0.1025 -0.2145 -0.1362 +0.2272 +0.1058 +0.0274 -0.1880 -0.0005 -0.1920 -0.2389 -0.1218 -0.1268 -0.0276 +0.0000 -0.1000 -0.0014 +0.0000 +0.0000 +0.0000 +0.0000 +0.0000 +0.0000 +0.0000 +0.0000 +0.0000 +0.0000 +0.0000 -0.0000 +0.0000 +0.0000 -0.0957 +0.0000 +0.0709 +0.0000 +0.0000 +0.0000 +0.0000 +0.0000 +0.0000 +0.0000 +0.0000 +0.0494 +0.0000 +0.1439 +0.0000 -0.0613 -0.0624 -0.0471 -0.0455 +0.0000 +0.5192 ;
+0.0000 +0.0000 -0.0000 -0.0000 +0.0000 +0.0000 +0.0000 +0.0000 +0.0000 +0.0189 +0.0338 -0.0000 -0.0000 -0.0000 -0.0000 +0.0000 -0.0000 -0.0000 -0.0000 +0.0000 -0.0000 +0.0000 +0.0000 +0.0000 +0.0000 +0.0000 +0.0000 +0.0000 -0.3605 +0.0000 +0.0000 -0.0000 +0.0000 -0.1714 -0.1181 -0.0819 -0.2446 +0.0000 +0.0000 +0.0000 +0.0000 +0.0000 +0.0000 +0.0000 +0.5187 +0.5331 +0.4800 +0.3547 +0.2115 +0.4760 +0.0000 +0.0000 +0.0000 +0.0000 +0.0000 +0.0000 +0.0000 -0.0753 +0.0000 +0.1639 +0.1751 +0.1917 +0.2472 +0.2970 +0.2252 +0.1819 +0.0000 +0.0000 +0.0000 +0.1924 +0.0000 +0.0000 -0.3919 -0.2892 -0.3105 +0.0000 +0.0000 -0.2235 ;
-0.0137 +0.1599 -0.0000 -0.0000 -0.0000 +0.0000 +0.0000 +0.0000 +0.0000 -0.0000 -0.0000 -0.0000 -0.0000 -0.0000 -0.0000 -0.0000 -0.0000 -0.0000 -0.0000 +0.0000 +0.0000 +0.0000 +0.0000 +0.0000 +0.2073 +0.0000 +0.0000 -0.5774 -0.4099 +0.1855 +0.3388 -0.0010 +0.0000 -0.3252 -0.2247 -0.1988 -0.4526 +0.0000 +0.0000 +0.0000 +0.0000 +0.0000 +0.0000 +0.5900 +0.0000 +0.5854 +0.5489 +0.5551 +0.2121 +0.6023 -0.1379 -0.2400 +0.0000 +0.0000 +0.0000 +0.0000 +0.0000 +0.0000 +0.3316 +0.0000 +0.2581 +0.3161 +0.0000 +0.0000 +0.3160 +0.2191 +0.0000 +0.0000 +0.0000 +0.3653 +0.2061 +0.3157 -0.3658 -0.4686 -0.1014 +0.0000 +0.0000 -0.2235 ;
-0.1961 +0.0000 +0.0000 -0.0000 -0.0000 -0.0000 +0.0000 +0.0000 +0.0000 -0.0000 +0.0000 -0.0000 -0.0000 -0.0000 +0.0347 -0.0000 +0.0000 -0.0000 -0.0000 +0.0000 -0.0000 -0.0000 +0.0000 +0.0000 +0.1772 +0.3077 -0.0172 -0.5458 -0.3295 +0.0722 +0.0000 +0.0558 +0.0000 -0.3147 -0.0605 -0.2273 -0.2678 +0.0000 +0.0000 +0.0000 +0.0000 +0.0000 +0.0000 +0.5381 +0.6047 +0.0000 +0.5474 +0.3818 +0.3265 +0.4874 +0.0000 -0.2224 +0.0000 +0.0000 +0.0000 +0.0000 +0.0000 +0.0000 +0.0000 +0.0000 +0.0000 +0.3034 +0.0000 +0.3435 +0.2489 +0.0000 +0.2701 +0.3548 +0.2574 +0.0000 +0.2849 +0.2601 -0.3638 -0.3986 -0.2141 -0.2233 +0.0000 -0.2235 ;
-0.0145 +0.2268 +0.0000 -0.0000 -0.0000 -0.0000 +0.0000 +0.0000 +0.0000 +0.0000 +0.0000 -0.0000 -0.0000 -0.0000 -0.0000 -0.0000 -0.0000 -0.0000 -0.0000 -0.0000 -0.0000 +0.0000 +0.0000 +0.0000 +0.0000 -0.5064 +0.0000 +0.4107 +0.1605 +0.2231 +0.2780 -0.0000 +0.6597 +0.0000 -0.1315 -0.3384 -0.3698 -0.2253 -0.4006 +0.0000 +0.0000 +0.0000 +0.0000 +0.5509 +0.5009 +0.6066 +0.4574 +0.3382 +0.3781 +0.0000 +0.0000 +0.0000 -0.2107 -0.1247 +0.0000 +0.0000 +0.0000 +0.0000 +0.3220 +0.2084 +0.0000 +0.2493 +0.3948 +0.3275 +0.4176 +0.2045 +0.4293 +0.0000 +0.0000 +0.0000 +0.0000 +0.0000 -0.3344 -0.3982 -0.1503 +0.0000 +0.0000 -0.2235 ;
-0.2204 +0.0000 +0.0000 +0.0000 -0.0502 -0.0000 -0.0000 +0.0000 +0.0000 -0.0000 +0.0000 +0.0000 -0.0000 -0.0000 -0.0000 -0.0000 +0.0000 +0.0000 +0.0000 -0.0000 -0.0000 -0.0000 -0.0000 +0.0000 +0.2042 +0.1541 -0.0575 -0.5768 -0.2375 +0.1310 +0.0000 -0.0000 +0.0000 +0.0000 +0.0000 +0.0000 -0.1484 -0.2880 -0.3386 -0.3111 +0.0000 +0.0000 +0.0000 +0.0000 +0.4048 +0.5292 +0.4018 +0.3028 +0.3638 +0.4488 +0.0000 +0.0000 +0.0000 +0.0000 -0.0767 +0.0000 +0.0000 +0.0000 +0.0000 +0.0000 +0.0000 +0.3163 +0.0000 +0.0000 +0.3225 +0.2124 +0.2561 +0.2612 +0.3252 +0.1648 +0.0000 +0.3013 -0.3317 -0.2665 -0.2258 -0.3109 +0.0000 -0.2235 ;
-0.0068 +0.0000 +0.0896 +0.0000 +0.0105 +0.0416 +0.0906 +0.0082 +0.1332 +0.0000 -0.0564 -0.0330 -0.0000 -0.0000 +0.0000 +0.0000 +0.0000 -0.0000 +0.0000 +0.0040 +0.0889 -0.1029 -0.0808 -0.0000 +0.1181 +0.0000 +0.0000 -0.4610 -0.3241 +0.1564 +0.1175 +0.0381 +0.0000 +0.0000 +0.0000 +0.0000 +0.0000 +0.0000 -0.1838 -0.1021 -0.1467 -0.2252 +0.0000 +0.2349 +0.0000 +0.2983 +0.3415 +0.2101 +0.1238 +0.2910 +0.0000 +0.0000 +0.0000 +0.0000 -0.0620 -0.1569 +0.0000 +0.0000 +0.0000 +0.0866 +0.0000 +0.0000 +0.2657 +0.0769 +0.0000 +0.0000 +0.1570 +0.2707 +0.2113 +0.0000 +0.2823 +0.1084 +0.0000 +0.0000 -0.1419 -0.2679 -0.3580 -0.2235 ;
-0.0336 +0.0623 +0.0000 +0.0000 +0.0000 +0.0000 -0.0465 -0.0000 -0.0000 -0.0000 -0.0000 +0.0000 +0.0000 +0.0000 -0.0000 -0.0000 -0.0000 +0.0000 -0.0000 -0.0000 -0.0000 -0.0000 -0.0000 +0.0000 +0.2969 -0.2225 -0.1612 -0.1286 +0.1014 +0.1575 -0.3527 +0.0969 +0.6339 +0.0000 +0.0000 +0.0000 +0.0000 +0.0000 -0.3710 -0.4056 -0.2927 -0.3844 -0.1487 +0.3564 +0.5604 +0.4770 +0.4418 +0.3436 +0.2345 +0.0000 +0.0000 +0.0000 +0.0000 +0.0000 +0.0000 -0.1416 -0.0403 +0.0000 +0.2554 +0.0000 +0.2525 +0.0000 +0.0000 +0.0000 +0.3290 +0.1689 +0.3457 +0.1668 +0.3465 +0.0000 +0.0000 +0.3925 +0.0000 -0.3595 -0.2361 -0.2440 -0.3708 -0.2235 ;
-0.1862 +0.0000 -0.0370 +0.0254 +0.0029 -0.1513 +0.0000 +0.2317 +0.0000 +0.0000 -0.0729 -0.1968 +0.0484 +0.1661 +0.0468 +0.0000 -0.1830 +0.0000 +0.0000 +0.0000 +0.0000 +0.0000 +0.0000 -0.1129 +0.1413 +0.0000 +0.0000 +0.0000 +0.0000 +0.0000 +0.0000 +0.0000 +0.0000 -0.0701 +0.0000 +0.0000 +0.0000 -0.0876 +0.0000 +0.0000 +0.0000 +0.0000 +0.0000 +0.0000 +0.0000 +0.0000 +0.0000 +0.0000 +0.1673 +0.0000 +0.0000 -0.0886 +0.0000 +0.0000 +0.0000 +0.0000 +0.0000 +0.0000 +0.1738 +0.0000 +0.0000 +0.2164 +0.0000 +0.0000 +0.0000 +0.0000 +0.0000 +0.0000 +0.0000 +0.0000 +0.0000 +0.0000 +0.0000 -0.0063 -0.0002 -0.1187 +0.0000 -0.2235 ;
-0.0311 -0.0716 -0.1416 +0.1474 -0.0715 -0.1136 +0.2464 +0.0000 +0.0000 +0.2970 -0.0186 +0.1544 +0.0812 +0.3158 +0.2022 +0.0000 +0.0000 +0.0000 +0.0000 +0.0000 +0.0000 +0.0000 +0.0000 -0.2048 +0.1613 +0.0000 -0.2794 +0.0000 +0.1473 +0.0000 -0.1297 +0.0471 +0.0000 +0.0000 -0.1580 -0.0000 +0.0000 +0.0000 +0.0000 +0.0000 +0.0000 -0.0328 +0.0000 +0.0000 +0.0000 +0.0000 +0.0000 +0.0000 +0.0000 +0.0000 -0.2715 +0.0000 -0.1869 +0.0000 +0.0000 +0.0000 +0.0000 +0.0000 +0.2092 +0.0000 +0.0000 +0.0000 +0.0000 +0.0000 +0.0000 +0.0000 +0.0000 +0.0000 +0.0000 +0.0000 +0.0000 +0.0828 -0.0461 -0.0000 -0.1436 +0.0000 +0.0000 -0.2235 ;
-0.1370 +0.0000 -0.3153 +0.0437 +0.3905 +0.0280 -0.1278 +0.0000 +0.3422 +0.0000 +0.1953 -0.3010 +0.0797 +0.0000 +0.3439 +0.0000 -0.2876 +0.0000 +0.0000 +0.0000 +0.0000 +0.3998 +0.2403 +0.4366 +0.0409 -0.0140 -0.1072 +0.0000 -0.0000 +0.0000 -0.1363 +0.0000 +0.0000 +0.0000 -0.1307 -0.0172 +0.0000 +0.0000 +0.0000 +0.0000 +0.0000 +0.0000 +0.0000 +0.0755 +0.0000 +0.0000 +0.0000 +0.0000 +0.0000 +0.0032 +0.0000 -0.3475 +0.0000 -0.3321 +0.0000 +0.0000 +0.0000 +0.0000 +0.0000 +0.0000 +0.0984 +0.1012 +0.0518 +0.0000 +0.0000 +0.0000 +0.0000 +0.0000 +0.0000 +0.0000 +0.0000 +0.0000 -0.0000 -0.0221 -0.0765 -0.0681 +0.0000 -0.2235 ;
-0.0090 -0.1656 -0.3107 +0.0112 +0.0208 +0.0000 -0.3111 +0.3750 +0.3347 +0.0000 +0.0000 +0.2363 +0.1530 +0.0914 -0.1582 +0.3178 +0.0000 +0.3752 -0.3757 +0.0000 +0.0000 +0.0000 +0.0000 +0.0000 -0.0008 +0.0000 -0.1033 +0.0000 +0.0000 -0.0000 -0.0534 -0.0980 +0.0000 +0.0000 +0.0000 -0.0120 +0.0000 +0.0000 -0.0000 +0.0000 +0.0000 +0.0000 -0.0112 +0.0333 +0.0000 +0.0000 +0.0000 +0.0000 +0.0000 +0.0000 +0.0000 +0.0000 -0.3610 -0.3395 +0.0000 +0.0000 +0.0000 +0.0000 +0.0000 +0.0000 +0.0000 +0.0000 +0.0000 +0.0000 +0.0000 +0.0000 +0.0137 +0.0000 +0.0000 +0.0000 +0.0000 +0.0000 -0.0000 -0.0000 -0.0724 +0.0000 +0.0000 -0.2235 ;
-0.0931 +0.0000 +0.1563 +0.0135 -0.2568 -0.2760 -0.2621 +0.3056 +0.0000 +0.0000 +0.0000 +0.0000 -0.3661 +0.0000 +0.3035 -0.0455 +0.1772 -0.0198 +0.4379 +0.0000 +0.0000 +0.0000 +0.0000 +0.0000 +0.1682 +0.0000 -0.2355 +0.0000 +0.0000 +0.0000 -0.1117 -0.1604 +0.0000 +0.0000 +0.0000 +0.0000 +0.0000 +0.0000 -0.0174 -0.0000 +0.0000 +0.0000 +0.0000 +0.0000 +0.0000 +0.0000 +0.0000 +0.0797 +0.0000 +0.0000 +0.0000 +0.0000 +0.0000 -0.4803 +0.0000 -0.1412 +0.0000 +0.0000 +0.0000 +0.0000 +0.0000 +0.0688 +0.0000 +0.0000 +0.0000 +0.0000 +0.0000 +0.0000 +0.0000 +0.0000 +0.0000 +0.0000 +0.0000 -0.0000 -0.1539 -0.0000 +0.0000 -0.2235 ;
-0.0918 +0.1230 +0.0962 +0.1282 +0.0178 +0.0467 -0.0985 -0.1743 -0.1758 +0.0000 +0.0000 +0.0000 +0.0000 -0.2881 +0.1304 +0.2644 +0.1615 +0.0000 -0.0944 +0.2487 +0.0970 +0.0000 +0.0000 -0.1810 +0.1772 -0.0316 -0.0412 +0.0000 +0.1404 +0.1051 -0.0091 +0.0000 +0.0000 +0.0000 +0.0000 +0.0000 +0.0000 -0.0993 -0.1089 +0.0000 -0.1875 +0.0000 +0.0000 +0.0000 +0.0000 +0.0000 +0.0196 +0.1155 +0.0000 +0.0000 +0.0000 +0.0000 +0.0000 +0.0000 -0.1943 +0.0000 -0.1802 +0.0000 +0.0000 +0.0000 +0.0000 +0.1428 +0.0000 +0.0000 +0.0000 +0.1835 +0.0000 +0.0000 +0.0000 +0.0000 +0.0000 +0.0000 +0.0000 -0.0000 -0.1916 -0.1542 -0.0000 -0.2235 ;
-0.0734 +0.0000 +0.0000 +0.2363 +0.0000 -0.3089 +0.2021 +0.1529 +0.1658 +0.0000 +0.0000 +0.0000 +0.0000 +0.0000 -0.2619 +0.0000 -0.1231 +0.3021 +0.1085 +0.0000 -0.0345 +0.4139 +0.3731 +0.4352 +0.2132 +0.0000 -0.2306 +0.0000 +0.0000 +0.0000 -0.0774 +0.0506 +0.0000 +0.0000 +0.0000 +0.0000 +0.0000 +0.0000 +0.0000 -0.0615 -0.1422 +0.0000 +0.0000 +0.0000 +0.0000 +0.0000 +0.0000 +0.0109 +0.0000 +0.0000 +0.0000 +0.0000 +0.0000 +0.0000 +0.0000 -0.1103 +0.0000 -0.3137 +0.0000 +0.0000 +0.0000 +0.0000 +0.0000 +0.0000 +0.0000 +0.0517 +0.0000 +0.0384 +0.0000 +0.0000 +0.0000 +0.0000 -0.0000 +0.0000 -0.1232 -0.0354 +0.0000 -0.2235 ;
-0.1008 +0.0004 +0.0000 +0.0000 -0.0967 -0.0050 -0.0263 +0.0015 +0.0360 +0.0000 +0.0000 +0.0000 +0.0000 +0.0000 +0.0000 -0.0707 +0.0000 +0.0000 +0.1779 +0.2469 +0.1385 -0.0568 +0.1853 +0.0311 -0.0709 -0.2005 -0.1538 -0.1416 +0.0989 -0.0299 -0.1783 +0.0389 +0.0967 +0.0000 +0.0000 +0.0000 +0.0000 +0.0000 +0.0000 -0.0689 -0.0003 +0.0000 -0.0110 +0.0000 +0.0000 +0.0000 +0.0000 +0.0000 +0.1639 +0.1485 +0.0000 +0.0000 +0.0000 +0.0000 +0.0000 +0.0000 -0.1363 -0.0644 +0.0000 +0.0000 +0.0000 +0.0000 +0.0000 +0.0000 +0.0000 +0.0000 +0.0000 +0.0000 +0.1010 +0.1484 +0.2197 +0.0000 -0.1225 +0.0000 -0.0157 -0.0004 -0.0004 -0.2235 ;
+0.0000 +0.0000 -0.0000 -0.0303 -0.1407 -0.0000 -0.1591 +0.0000 +0.0000 -0.0795 +0.0076 -0.1410 -0.0534 +0.0000 -0.0208 +0.0265 -0.0629 -0.2256 -0.1231 +0.0000 +0.0000 +0.0000 +0.0000 +0.0000 +0.0000 +0.0000 +0.0000 +0.0000 +0.0000 +0.0000 +0.0000 +0.0000 +0.0000 +0.0000 -0.1864 -0.1483 -0.0591 -0.1319 -0.2031 +0.0000 +0.0000 +0.0000 +0.0000 +0.2909 +0.1613 +0.3066 +0.0000 +0.0000 +0.0000 +0.0000 -0.0000 +0.0000 +0.0000 +0.0000 +0.0000 +0.0000 +0.0000 +0.0000 +0.0000 +0.6313 +0.6466 +0.6324 +0.5998 +0.6316 +0.6762 +0.6113 +0.6082 +0.6568 +0.6613 +0.6654 +0.6542 +0.0000 +0.0000 +0.0000 -0.1307 -0.1324 -0.1590 -0.0353 ;
-0.0409 +0.2244 -0.0000 -0.0944 -0.1574 -0.1097 -0.0895 +0.0000 +0.0000 -0.0420 -0.0000 -0.0619 -0.1090 -0.0000 -0.1526 -0.0891 -0.2139 -0.1626 +0.0000 +0.0000 +0.0000 +0.0000 +0.0000 +0.0000 +0.0596 +0.0000 +0.2066 +0.5309 -0.3339 -0.4680 -0.2578 +0.0000 +0.5406 -0.2976 +0.0000 +0.0000 -0.0536 -0.1187 -0.0683 -0.2835 +0.0000 +0.0000 +0.0000 +0.2620 +0.2966 +0.1478 +0.0000 +0.0000 +0.0000 +0.0000 -0.0000 +0.0000 +0.0000 +0.0000 +0.0000 +0.0000 +0.0000 +0.0000 +0.6315 +0.0000 +0.6236 +0.6591 +0.6366 +0.6706 +0.6757 +0.6418 +0.6632 +0.6338 +0.6719 +0.6585 +0.6495 +0.0000 -0.2961 -0.1511 -0.1164 -0.3411 +0.0000 -0.0353 ;
-0.1397 +0.0000 -0.0477 -0.1650 -0.0684 -0.0237 -0.0776 +0.0000 +0.0000 +0.0335 +0.0000 -0.0420 -0.1725 -0.0090 -0.1033 -0.1810 -0.1575 -0.0649 +0.0000 +0.0000 +0.0000 +0.0000 -0.1765 +0.0000 +0.0429 +0.0000 +0.2119 +0.0000 +0.3048 +0.0000 -0.0465 +0.0000 +0.0000 -0.2918 -0.1117 +0.0000 -0.2068 -0.1919 +0.0000 -0.0994 +0.0000 +0.0000 +0.0000 +0.1865 +0.0874 +0.1090 +0.0000 +0.0000 +0.0000 +0.0000 -0.0010 -0.0000 +0.0000 +0.0000 +0.0000 +0.0000 +0.0000 +0.0000 +0.6551 +0.6084 +0.0000 +0.6359 +0.6338 +0.6126 +0.6363 +0.6108 +0.6229 +0.6603 +0.6452 +0.6554 +0.5862 +0.6039 -0.2790 -0.1810 +0.0000 -0.1653 -0.1648 -0.0353 ;
+0.0000 +0.0338 -0.0000 -0.1743 -0.1041 -0.1106 -0.1259 +0.0000 +0.0000 -0.2095 -0.0704 -0.0041 -0.0833 -0.0301 -0.0105 -0.0087 +0.0325 -0.0168 +0.0297 +0.0000 +0.0000 +0.0000 +0.0000 +0.0000 +0.1868 +0.0000 +0.0000 +0.1199 -0.3515 -0.5176 -0.2607 +0.0000 +0.5664 +0.0000 -0.2470 -0.2176 -0.1321 -0.1503 -0.1536 +0.0000 +0.0000 -0.1008 +0.0000 +0.1818 +0.1855 +0.3127 +0.0000 +0.0000 +0.0000 +0.0000 +0.0000 -0.0000 +0.0000 +0.0000 +0.0000 +0.0000 +0.0000 +0.0000 +0.0000 +0.6750 +0.6187 +0.5916 +0.6592 +0.6662 +0.6488 +0.6501 +0.6018 +0.6762 +0.6675 +0.6170 +0.6391 +0.0000 -0.2598 -0.1907 +0.0000 -0.2279 -0.1962 -0.0353 ;
-0.0996 +0.0415 -0.1351 -0.0000 -0.0000 -0.1255 -0.0375 -0.0494 +0.0000 -0.1458 +0.0190 -0.1571 -0.0904 -0.0867 -0.0175 -0.0660 -0.0276 +0.0395 +0.0000 +0.0167 +0.0000 +0.0000 +0.0000 +0.0000 +0.1798 +0.4512 +0.0000 +0.5761 +0.2382 +0.0000 +0.0000 +0.0000 +0.0000 +0.0000 +0.0000 +0.0000 +0.0000 -0.2405 +0.0000 -0.2977 -0.1714 -0.2122 -0.0846 +0.1576 +0.3185 +0.2044 +0.0000 +0.0000 +0.0000 +0.0000 +0.0000 -0.0000 -0.0000 +0.0000 +0.0000 +0.0000 +0.0000 +0.0000 +0.6661 +0.6174 +0.6343 +0.6297 +0.0000 +0.5931 +0.6525 +0.6144 +0.6106 +0.6512 +0.6712 +0.6593 +0.6221 +0.6575 -0.1805 -0.3574 -0.0448 +0.0000 +0.0000 -0.0353 ;
-0.2115 +0.0000 -0.1253 -0.1093 -0.1296 -0.1737 -0.0245 +0.0000 +0.0000 -0.0566 -0.2177 -0.1954 -0.1967 +0.0000 +0.0638 -0.0863 -0.1318 -0.1069 -0.0159 +0.0000 +0.0000 +0.0000 +0.0000 -0.1134 +0.0375 +0.0000 +0.0837 +0.0000 -0.2456 -0.4800 -0.1756 +0.0000 +0.5474 +0.0000 -0.2135 +0.0000 -0.1177 -0.2623 -0.2701 -0.2700 +0.0000 +0.0000 +0.0000 +0.0000 +0.2599 +0.2696 +0.1451 +0.0000 +0.0000 +0.0000 +0.0000 +0.0000 -0.0000 +0.0000 +0.0000 +0.0000 +0.0000 +0.0000 +0.6308 +0.6558 +0.6335 +0.6571 +0.6380 +0.0000 +0.6398 +0.6661 +0.6450 +0.6597 +0.6330 +0.6063 +0.6197 +0.0000 -0.1454 +0.0000 -0.2655 -0.2190 -0.2029 -0.0353 ;
-0.1858 +0.0680 -0.0648 -0.0455 -0.1120 -0.0464 -0.1171 +0.0000 +0.0000 -0.0002 +0.0692 -0.1304 +0.0000 -0.0108 -0.0000 -0.1086 -0.2171 -0.1420 +0.0603 -0.0121 +0.0000 +0.0000 +0.0000 +0.0000 +0.0468 -0.0287 +0.1930 +0.2832 -0.3489 -0.0297 -0.0364 -0.0000 +0.0000 -0.2866 +0.0000 -0.1739 -0.1536 +0.0000 -0.1454 +0.0000 -0.1975 +0.0000 -0.2690 +0.0000 +0.2953 +0.2794 +0.1288 +0.2285 +0.0000 +0.0000 +0.0000 +0.0000 -0.0000 -0.0000 +0.0000 +0.0000 +0.0000 +0.0000 +0.6710 +0.6393 +0.5982 +0.6682 +0.5992 +0.6130 +0.0000 +0.6397 +0.6602 +0.6324 +0.6517 +0.6593 +0.5566 +0.6037 -0.1532 +0.0000 -0.1599 -0.2355 -0.2565 -0.0353 ;
+0.0000 +0.1614 +0.0000 -0.0000 -0.0308 -0.0287 -0.0668 -0.0663 +0.0000 +0.0000 +0.0000 +0.0000 +0.0492 -0.0744 -0.0690 +0.0362 -0.0703 -0.1580 -0.1722 -0.2070 -0.0753 +0.0000 +0.0000 +0.0000 +0.0000 +0.0000 +0.0351 +0.5806 +0.0000 +0.0000 -0.1075 +0.0000 +0.4773 +0.0000 +0.0000 -0.2065 -0.1754 +0.0000 +0.0000 -0.2080 +0.0000 -0.2224 -0.1081 +0.0000 +0.0000 +0.1782 +0.2780 +0.2487 +0.0000 +0.0000 +0.0000 +0.0000 +0.0000 -0.0000 +0.0000 +0.0000 +0.0000 +0.0000 +0.0000 +0.6571 +0.6759 +0.6504 +0.6566 +0.6633 +0.6074 +0.0000 +0.6095 +0.6759 +0.6281 +0.6528 +0.6415 +0.6629 +0.0000 -0.3621 -0.1588 -0.2654 -0.2786 -0.0353 ;
-0.0952 +0.0000 +0.0000 -0.0000 -0.1167 -0.1208 -0.0000 -0.1365 +0.0000 +0.0000 +0.0000 +0.0000 +0.0000 -0.1193 -0.0000 -0.0000 -0.1324 +0.0158 -0.2074 -0.0679 -0.1260 +0.0000 +0.0000 +0.0000 +0.0209 +0.0000 +0.1561 +0.0000 -0.2934 -0.5145 -0.1177 +0.0000 +0.0000 -0.1352 +0.0000 -0.2554 -0.2543 +0.0000 +0.0000 +0.0000 -0.1777 -0.1764 +0.0000 +0.0000 +0.0000 +0.1064 +0.2239 +0.2850 +0.0000 +0.0000 +0.0000 +0.0000 +0.0000 +0.0000 -0.0000 +0.0000 +0.0000 +0.0000 +0.0000 +0.0000 +0.5949 +0.6647 +0.6746 +0.5956 +0.6728 +0.6309 +0.5772 +0.6460 +0.6729 +0.6320 +0.5204 +0.5878 -0.2190 -0.2641 +0.0000 -0.2972 -0.2078 -0.0353 ;
-0.1890 +0.2199 +0.0000 -0.0000 -0.1098 -0.1572 -0.0981 -0.0569 -0.1594 +0.0000 -0.1216 +0.0000 +0.0000 +0.0000 -0.1696 -0.0541 -0.1132 -0.2029 -0.0167 -0.0693 +0.0000 -0.0158 +0.0000 -0.0710 +0.2429 +0.4297 +0.0000 +0.5245 +0.2935 +0.0000 +0.0000 +0.0000 +0.5431 -0.1983 +0.0000 -0.1844 +0.0000 -0.2563 +0.0000 +0.0000 +0.0000 -0.1664 -0.1614 +0.0000 +0.0000 +0.0000 +0.1002 +0.2515 +0.0349 +0.0000 +0.0000 +0.0000 +0.0000 +0.0000 -0.0000 -0.0000 +0.0000 +0.0000 +0.0000 +0.6694 +0.6389 +0.6741 +0.6772 +0.6669 +0.6018 +0.6617 +0.6048 +0.5934 +0.6549 +0.6451 +0.5221 +0.6191 -0.2153 -0.1786 +0.0000 -0.3104 +0.0000 -0.0353 ;
+0.0000 +0.1507 +0.0000 +0.0000 -0.0000 -0.0586 -0.0000 -0.1616 -0.0726 +0.0000 +0.0000 +0.0000 +0.0000 +0.0000 +0.0478 +0.0260 -0.0177 -0.1338 -0.1476 -0.1877 -0.2152 -0.0698 -0.0000 +0.0000 +0.1391 +0.0000 +0.1863 +0.0864 -0.3396 -0.5191 -0.1439 +0.0000 +0.0000 +0.0000 +0.0000 -0.1067 -0.1325 -0.1990 -0.2614 +0.0000 -0.2012 +0.0000 -0.1808 +0.0000 +0.0000 +0.0000 +0.2416 +0.3054 +0.2124 +0.0000 +0.0000 +0.0000 +0.0000 +0.0000 +0.0000 -0.0000 +0.0000 +0.0000 +0.0000 +0.0000 +0.6746 +0.6725 +0.6716 +0.6589 +0.6717 +0.6588 +0.6120 +0.6752 +0.5898 +0.6089 +0.5996 +0.6520 +0.0000 -0.2926 -0.2256 -0.3329 -0.2566 -0.0353 ;
-0.2413 +0.0000 +0.0000 +0.0000 -0.0840 -0.0000 -0.0165 -0.0343 -0.0177 -0.0527 +0.0000 +0.0000 +0.0000 +0.0000 -0.0292 +0.0000 +0.0670 -0.0713 -0.0025 -0.1217 -0.1049 +0.0448 -0.1878 +0.0000 +0.2008 +0.0000 +0.0000 +0.0000 +0.2886 +0.0000 -0.2222 +0.0000 +0.5133 +0.0000 +0.0000 +0.0000 +0.0000 +0.0000 -0.2302 -0.1702 -0.0594 -0.1227 -0.0654 +0.0000 +0.0000 +0.0000 +0.0000 +0.0787 +0.2210 +0.1791 +0.0000 +0.0000 +0.0000 +0.0000 +0.0000 -0.0000 -0.0000 +0.0000 +0.0000 +0.6336 +0.6719 +0.6728 +0.6239 +0.6009 +0.6659 +0.6352 +0.6464 +0.6692 +0.6362 +0.5949 +0.6269 +0.6729 +0.0000 -0.3032 -0.0448 -0.2891 -0.2680 -0.0353 ;
-0.2416 +0.2425 +0.0000 +0.0000 -0.1088 -0.0588 -0.0642 -0.0652 -0.0000 +0.0000 +0.0000 +0.0000 +0.0000 +0.0000 +0.0000 +0.0000 -0.0869 -0.1388 -0.2213 -0.0151 -0.1754 -0.0000 -0.1148 -0.0776 +0.2274 +0.0000 +0.1268 +0.6091 -0.3872 -0.5456 -0.1624 +0.0000 +0.0000 +0.0000 -0.1563 +0.0000 +0.0000 +0.0000 -0.1411 -0.0868 -0.1579 +0.0000 -0.2206 +0.0000 +0.0000 +0.0000 +0.0000 +0.1434 +0.1678 +0.2312 +0.0000 +0.0000 +0.0000 +0.0000 +0.0000 -0.0000 +0.0000 +0.0000 +0.0000 +0.0000 +0.6447 +0.5279 +0.5404 +0.5781 +0.5966 +0.6197 +0.6170 +0.5548 +0.5960 +0.5409 +0.4926 +0.6375 -0.3051 -0.3636 -0.0939 -0.2295 +0.0000 -0.0353 ;
-0.1962 +0.0440 +0.0000 -0.0000 -0.0104 -0.0000 -0.0263 -0.0016 -0.0000 -0.2060 +0.0000 +0.0000 +0.0000 -0.1665 +0.0000 +0.0000 -0.1950 -0.2188 -0.1255 -0.2146 -0.1261 -0.0763 -0.2227 +0.0000 +0.0891 +0.1693 +0.1720 +0.2833 -0.1845 -0.0203 +0.0118 -0.0000 +0.5912 +0.0000 +0.0000 -0.2479 -0.1257 -0.1931 +0.0000 -0.2661 +0.0000 -0.2809 -0.1637 +0.0000 +0.0000 +0.0000 +0.1537 +0.1716 +0.1644 +0.2379 +0.0000 +0.0000 +0.0000 +0.0000 +0.0000 +0.0000 -0.0000 -0.0002 +0.6637 +0.6341 +0.6396 +0.5908 +0.6474 +0.5871 +0.6574 +0.6560 +0.6317 +0.6653 +0.6668 +0.6695 +0.6163 +0.0000 -0.3538 +0.0000 -0.0448 -0.2805 -0.1358 -0.0353 ;
+0.0000 +0.0000 -0.0000 -0.0000 +0.0000 +0.0000 +0.0000 +0.0000 +0.0000 +0.0898 +0.0000 -0.0000 +0.0432 +0.0946 +0.0129 +0.0294 +0.0425 +0.0112 +0.0226 +0.0000 +0.0000 +0.0000 +0.0000 +0.0000 -0.2254 +0.0000 +0.0000 +0.0000 +0.0000 +0.0000 +0.0000 +0.0000 +0.0000 -0.2408 +0.0000 -0.0675 -0.1197 -0.2079 -0.3290 -0.2771 -0.0384 -0.2880 -0.1081 +0.4905 +0.5845 +0.5227 +0.5829 +0.3710 +0.0000 +0.0000 -0.0780 +0.0000 +0.0000 +0.0000 +0.0000 +0.0000 +0.0000 +0.0000 +0.0000 +0.0000 +0.2788 +0.2797 +0.0000 +0.0000 +0.0000 +0.0000 +0.0000 +0.0000 +0.0000 +0.2938 +0.0000 +0.0000 +0.0000 -0.2993 -0.1610 +0.0000 +0.0000 -0.0353 ;
-0.0159 +0.0832 +0.2007 +0.1313 -0.0000 +0.0000 +0.0000 +0.0000 +0.0000 +0.0000 +0.0763 +0.0714 +0.0680 +0.0000 +0.1113 +0.0632 +0.0000 +0.0000 +0.0000 +0.0513 +0.0000 +0.0000 +0.0000 +0.0000 -0.1039 -0.1893 +0.0000 +0.3948 -0.1954 +0.4551 +0.0000 -0.0000 +0.2837 -0.3307 +0.0000 -0.2699 -0.2223 -0.1875 -0.2480 -0.2009 -0.1216 -0.2822 -0.2426 +0.5190 +0.5542 +0.5300 +0.5665 +0.5816 +0.0000 +0.0000 +0.0000 +0.0000 -0.0304 +0.0000 +0.0000 +0.0000 -0.1207 +0.0000 +0.0000 +0.0000 +0.3213 +0.0000 +0.1644 +0.2242 +0.0000 +0.0000 +0.0000 +0.0000 +0.0000 +0.0000 +0.0000 +0.0000 -0.1811 +0.0000 -0.0974 -0.1260 +0.0000 -0.0353 ;
-0.1516 -0.0000 +0.0000 -0.0808 +0.0531 -0.0000 +0.0000 +0.0000 +0.0000 +0.0000 +0.0773 +0.1779 +0.1991 -0.1665 +0.0486 -0.0131 +0.0169 +0.2098 +0.1854 +0.0302 +0.0000 +0.0000 +0.0000 +0.0000 -0.1649 +0.0000 -0.0203 -0.2935 -0.0278 +0.0000 +0.1154 -0.1031 +0.0000 -0.1798 -0.0558 -0.0778 -0.0864 -0.0787 -0.0171 -0.0189 +0.0000 -0.1846 -0.1276 +0.3357 +0.1427 +0.3222 +0.1618 +0.2531 +0.0000 +0.0000 +0.0000 +0.0000 -0.2118 +0.0000 +0.0000 +0.0000 +0.0000 +0.0000 +0.0000 +0.0000 +0.0000 +0.0000 +0.0000 +0.2708 +0.0000 +0.2768 +0.0620 +0.0000 +0.0000 +0.0000 +0.0000 +0.0000 -0.1923 -0.0719 +0.0000 -0.0763 +0.0000 -0.0353 ;
-0.0135 +0.0000 +0.0000 +0.0000 -0.0369 +0.1265 +0.2180 +0.0000 +0.0000 +0.0000 +0.0000 +0.0000 +0.1275 +0.1405 +0.0000 +0.0000 +0.0195 +0.0570 +0.0258 +0.0656 +0.0339 +0.0116 +0.1374 +0.0888 -0.1927 -0.2973 +0.0000 +0.4272 -0.2606 +0.3869 +0.0000 -0.0485 +0.1768 -0.1825 -0.1042 -0.0327 +0.0000 -0.0873 -0.2348 -0.3065 -0.0544 -0.0681 -0.0686 +0.0000 +0.3976 +0.4300 +0.4085 +0.3388 +0.2393 +0.0000 +0.0000 +0.0000 +0.0000 +0.0000 -0.0294 -0.2043 +0.0000 +0.0000 +0.0000 +0.0000 +0.0000 +0.0000 +0.0000 +0.0000 +0.2720 +0.0000 +0.1072 +0.2121 +0.0000 +0.0000 +0.0000 +0.0000 +0.0000 -0.1823 -0.0669 +0.0000 -0.1555 -0.0353 ;
-0.2510 +0.0748 +0.0000 +0.0000 +0.0000 +0.0000 +0.1701 +0.0860 -0.0000 +0.0000 +0.0000 +0.0000 +0.0000 +0.0036 +0.1044 +0.0189 +0.0000 +0.0290 -0.0000 +0.1071 +0.0622 +0.0000 +0.0574 +0.0000 +0.0069 -0.2936 -0.0000 +0.0276 -0.2635 +0.5765 +0.2552 -0.0000 +0.2372 -0.1327 -0.1138 -0.2680 -0.1318 -0.1434 -0.1595 -0.1406 -0.2545 -0.2859 -0.2459 +0.0000 +0.0000 +0.6094 +0.5878 +0.4581 +0.3525 +0.5398 +0.0000 +0.0000 +0.0000 +0.0000 -0.1672 +0.0000 +0.0000 -0.1602 +0.0000 +0.0000 +0.0000 +0.0000 +0.0000 +0.0000 +0.0000 +0.0000 +0.0000 +0.2946 +0.1861 +0.1788 +0.2389 +0.0000 +0.0000 -0.3006 -0.1425 -0.1965 +0.0000 -0.0353 ;
+0.0000 +0.0000 +0.0000 +0.0000 +0.0000 +0.0000 +0.0000 +0.0000 +0.0000 +0.0000 +0.0000 +0.0000 +0.0000 +0.0000 +0.0000 +0.0000 +0.0000 +0.0000 +0.0000 +0.0000 +0.0000 +0.0000 +0.0000 +0.0000 +0.0000 +0.0000 +0.0000 +0.0000 +0.0000 +0.0000 +0.0000 +0.0000 +0.0000 +0.0000 +0.0000 +0.0000 +0.0000 +0.0000 +0.0000 +0.0000 +0.0000 +0.0000 +0.0000 +0.0000 +0.0000 +0.0000 +0.0000 +0.0000 +0.0000 +0.0000 +0.0000 +0.0000 +0.0000 +0.0000 +0.0000 +0.0000 +0.0000 +0.0000 +0.0000 +0.0000 +0.0000 +0.0000 +0.0000 +0.0000 +0.0000 +0.0000 +0.0000 +0.0000 +0.0000 +0.0000 +0.0000 +0.0000 +0.0000 +0.0000 +0.0000 +0.0000 +0.0000 +0.0000 ;
