brain 22890 fitness=12.0091 numneurons+1=78 maxWeight=8 maxBias=8 redinput=2-14 greeninput=15-23 blueinput=24-35
+0.0000 +0.0000 +0.0000 +0.0000 +0.0000 +0.0000 +0.0000 +0.0000 +0.0000 +0.0000 +0.0000 +0.0000 +0.0000 +0.0000 +0.0000 +0.0000 +0.0000 +0.0000 +0.0000 +0.0000 +0.0000 +0.0000 +0.0000 +0.0000 +0.0000 +0.0000 +0.0000 +0.0000 +0.0000 +0.0000 +0.0000 +0.0000 +0.0000 +0.0000 +0.0000 +0.0000 +0.0000 +0.0000 +0.0000 +0.0000 +0.0000 +0.0000 +0.0000 +0.0000 +0.0000 +0.0000 +0.0000 +0.0000 +0.0000 +0.0000 +0.0000 +0.0000 +0.0000 +0.0000 +0.0000 +0.0000 +0.0000 +0.0000 +0.0000 +0.0000 +0.0000 +0.0000 +0.0000 +0.0000 +0.0000 +0.0000 +0.0000 +0.0000 +0.0000 +0.0000 +0.0000 +0.0000 +0.0000 +0.0000 +0.0000 +0.0000 +0.0000 +0.0000 ;
+0.0000 +0.0000 +0.0000 +0.0000 +0.0000 +0.0000 +0.0000 +0.0000 +0.0000 +0.0000 +0.0000 +0.0000 +0.0000 +0.0000 +0.0000 +0.0000 +0.0000 +0.0000 +0.0000 +0.0000 +0.0000 +0.0000 +0.0000 +0.0000 +0.0000 +0.0000 +0.0000 +0.0000 +0.0000 +0.0000 +0.0000 +0.0000 +0.0000 +0.0000 +0.0000 +0.0000 +0.0000 +0.0000 +0.0000 +0.0000 +0.0000 +0.0000 +0.0000 +0.0000 +0.0000 +0.0000 +0.0000 +0.0000 +0.0000 +0.0000 +0.0000 +0.0000 +0.0000 +0.0000 +0.0000 +0.0000 +0.0000 +0.0000 +0.0000 +0.0000 +0.0000 +0.0000 +0.0000 +0.0000 +0.0000 +0.0000 +0.0000 +0.0000 +0.0000 +0.0000 +0.0000 +0.0000 +0.0000 +0.0000 +0.0000 +0.0000 +0.0000 +0.0000 ;
+0.0000 +0.0000 +0.0000 +0.0000 +0.0000 +0.0000 +0.0000 +0.0000 +0.0000 +0.0000 +0.0000 +0.0000 +0.0000 +0.0000 +0.0000 +0.0000 +0.0000 +0.0000 +0.0000 +0.0000 +0.0000 +0.0000 +0.0000 +0.0000 +0.0000 +0.0000 +0.0000 +0.0000 +0.0000 +0.0000 +0.0000 +0.0000 +0.0000 +0.0000 +0.0000 +0.0000 +0.0000 +0.0000 +0.0000 +0.0000 +0.0000 +0.0000 +0.0000 +0.0000 +0.0000 +0.0000 +0.0000 +0.0000 +0.0000 +0.0000 +0.0000 +0.0000 +0.0000 +0.0000 +0.0000 +0.0000 +0.0000 +0.0000 +0.0000 +0.0000 +0.0000 +0.0000 +0.0000 +0.0000 +0.0000 +0.0000 +0.0000 +0.0000 +0.0000 +0.0000 +0.0000 +0.0000 +0.0000 +0.0000 +0.0000 +0.0000 +0.0000 +0.0000 ;
+0.0000 +0.0000 +0.0000 +0.0000 +0.0000 +0.0000 +0.0000 +0.0000 +0.0000 +0.0000 +0.0000 +0.0000 +0.0000 +0.0000 +0.0000 +0.0000 +0.0000 +0.0000 +0.0000 +0.0000 +0.0000 +0.0000 +0.0000 +0.0000 +0.0000 +0.0000 +0.0000 +0.0000 +0.0000 +0.0000 +0.0000 +0.0000 +0.0000 +0.0000 +0.0000 +0.0000 +0.0000 +0.0000 +0.0000 +0.0000 +0.0000 +0.0000 +0.0000 +0.0000 +0.0000 +0.0000 +0.0000 +0.0000 +0.0000 +0.0000 +0.0000 +0.0000 +0.0000 +0.0000 +0.0000 +0.0000 +0.0000 +0.0000 +0.0000 +0.0000 +0.0000 +0.0000 +0.0000 +0.0000 +0.0000 +0.0000 +0.0000 +0.0000 +0.0000 +0.0000 +0.0000 +0.0000 +0.0000 +0.0000 +0.0000 +0.0000 +0.0000 +0.0000 ;
+0.0000 +0.0000 +0.0000 +0.0000 +0.0000 +0.0000 +0.0000 +0.0000 +0.0000 +0.0000 +0.0000 +0.0000 +0.0000 +0.0000 +0.0000 +0.0000 +0.0000 +0.0000 +0.0000 +0.0000 +0.0000 +0.0000 +0.0000 +0.0000 +0.0000 +0.0000 +0.0000 +0.0000 +0.0000 +0.0000 +0.0000 +0.0000 +0.0000 +0.0000 +0.0000 +0.0000 +0.0000 +0.0000 +0.0000 +0.0000 +0.0000 +0.0000 +0.0000 +0.0000 +0.0000 +0.0000 +0.0000 +0.0000 +0.0000 +0.0000 +0.0000 +0.0000 +0.0000 +0.0000 +0.0000 +0.0000 +0.0000 +0.0000 +0.0000 +0.0000 +0.0000 +0.0000 +0.0000 +0.0000 +0.0000 +0.0000 +0.0000 +0.0000 +0.0000 +0.0000 +0.0000 +0.0000 +0.0000 +0.0000 +0.0000 +0.0000 +0.0000 +0.0000 ;
+0.0000 +0.0000 +0.0000 +0.0000 +0.0000 +0.0000 +0.0000 +0.0000 +0.0000 +0.0000 +0.0000 +0.0000 +0.0000 +0.0000 +0.0000 +0.0000 +0.0000 +0.0000 +0.0000 +0.0000 +0.0000 +0.0000 +0.0000 +0.0000 +0.0000 +0.0000 +0.0000 +0.0000 +0.0000 +0.0000 +0.0000 +0.0000 +0.0000 +0.0000 +0.0000 +0.0000 +0.0000 +0.0000 +0.0000 +0.0000 +0.0000 +0.0000 +0.0000 +0.0000 +0.0000 +0.0000 +0.0000 +0.0000 +0.0000 +0.0000 +0.0000 +0.0000 +0.0000 +0.0000 +0.0000 +0.0000 +0.0000 +0.0000 +0.0000 +0.0000 +0.0000 +0.0000 +0.0000 +0.0000 +0.0000 +0.0000 +0.0000 +0.0000 +0.0000 +0.0000 +0.0000 +0.0000 +0.0000 +0.0000 +0.0000 +0.0000 +0.0000 +0.0000 ;
+0.0000 +0.0000 +0.0000 +0.0000 +0.0000 +0.0000 +0.0000 +0.0000 +0.0000 +0.0000 +0.0000 +0.0000 +0.0000 +0.0000 +0.0000 +0.0000 +0.0000 +0.0000 +0.0000 +0.0000 +0.0000 +0.0000 +0.0000 +0.0000 +0.0000 +0.0000 +0.0000 +0.0000 +0.0000 +0.0000 +0.0000 +0.0000 +0.0000 +0.0000 +0.0000 +0.0000 +0.0000 +0.0000 +0.0000 +0.0000 +0.0000 +0.0000 +0.0000 +0.0000 +0.0000 +0.0000 +0.0000 +0.0000 +0.0000 +0.0000 +0.0000 +0.0000 +0.0000 +0.0000 +0.0000 +0.0000 +0.0000 +0.0000 +0.0000 +0.0000 +0.0000 +0.0000 +0.0000 +0.0000 +0.0000 +0.0000 +0.0000 +0.0000 +0.0000 +0.0000 +0.0000 +0.0000 +0.0000 +0.0000 +0.0000 +0.0000 +0.0000 +0.0000 ;
+0.0000 +0.0000 +0.0000 +0.0000 +0.0000 +0.0000 +0.0000 +0.0000 +0.0000 +0.0000 +0.0000 +0.0000 +0.0000 +0.0000 +0.0000 +0.0000 +0.0000 +0.0000 +0.0000 +0.0000 +0.0000 +0.0000 +0.0000 +0.0000 +0.0000 +0.0000 +0.0000 +0.0000 +0.0000 +0.0000 +0.0000 +0.0000 +0.0000 +0.0000 +0.0000 +0.0000 +0.0000 +0.0000 +0.0000 +0.0000 +0.0000 +0.0000 +0.0000 +0.0000 +0.0000 +0.0000 +0.0000 +0.0000 +0.0000 +0.0000 +0.0000 +0.0000 +0.0000 +0.0000 +0.0000 +0.0000 +0.0000 +0.0000 +0.0000 +0.0000 +0.0000 +0.0000 +0.0000 +0.0000 +0.0000 +0.0000 +0.0000 +0.0000 +0.0000 +0.0000 +0.0000 +0.0000 +0.0000 +0.0000 +0.0000 +0.0000 +0.0000 +0.0000 ;
+0.0000 +0.0000 +0.0000 +0.0000 +0.0000 +0.0000 +0.0000 +0.0000 +0.0000 +0.0000 +0.0000 +0.0000 +0.0000 +0.0000 +0.0000 +0.0000 +0.0000 +0.0000 +0.0000 +0.0000 +0.0000 +0.0000 +0.0000 +0.0000 +0.0000 +0.0000 +0.0000 +0.0000 +0.0000 +0.0000 +0.0000 +0.0000 +0.0000 +0.0000 +0.0000 +0.0000 +0.0000 +0.0000 +0.0000 +0.0000 +0.0000 +0.0000 +0.0000 +0.0000 +0.0000 +0.0000 +0.0000 +0.0000 +0.0000 +0.0000 +0.0000 +0.0000 +0.0000 +0.0000 +0.0000 +0.0000 +0.0000 +0.0000 +0.0000 +0.0000 +0.0000 +0.0000 +0.0000 +0.0000 +0.0000 +0.0000 +0.0000 +0.0000 +0.0000 +0.0000 +0.0000 +0.0000 +0.0000 +0.0000 +0.0000 +0.0000 +0.0000 +0.0000 ;
+0.0000 +0.0000 +0.0000 +0.0000 +0.0000 +0.0000 +0.0000 +0.0000 +0.0000 +0.0000 +0.0000 +0.0000 +0.0000 +0.0000 +0.0000 +0.0000 +0.0000 +0.0000 +0.0000 +0.0000 +0.0000 +0.0000 +0.0000 +0.0000 +0.0000 +0.0000 +0.0000 +0.0000 +0.0000 +0.0000 +0.0000 +0.0000 +0.0000 +0.0000 +0.0000 +0.0000 +0.0000 +0.0000 +0.0000 +0.0000 +0.0000 +0.0000 +0.0000 +0.0000 +0.0000 +0.0000 +0.0000 +0.0000 +0.0000 +0.0000 +0.0000 +0.0000 +0.0000 +0.0000 +0.0000 +0.0000 +0.0000 +0.0000 +0.0000 +0.0000 +0.0000 +0.0000 +0.0000 +0.0000 +0.0000 +0.0000 +0.0000 +0.0000 +0.0000 +0.0000 +0.0000 +0.0000 +0.0000 +0.0000 +0.0000 +0.0000 +0.0000 +0.0000 ;
+0.0000 +0.0000 +0.0000 +0.0000 +0.0000 +0.0000 +0.0000 +0.0000 +0.0000 +0.0000 +0.0000 +0.0000 +0.0000 +0.0000 +0.0000 +0.0000 +0.0000 +0.0000 +0.0000 +0.0000 +0.0000 +0.0000 +0.0000 +0.0000 +0.0000 +0.0000 +0.0000 +0.0000 +0.0000 +0.0000 +0.0000 +0.0000 +0.0000 +0.0000 +0.0000 +0.0000 +0.0000 +0.0000 +0.0000 +0.0000 +0.0000 +0.0000 +0.0000 +0.0000 +0.0000 +0.0000 +0.0000 +0.0000 +0.0000 +0.0000 +0.0000 +0.0000 +0.0000 +0.0000 +0.0000 +0.0000 +0.0000 +0.0000 +0.0000 +0.0000 +0.0000 +0.0000 +0.0000 +0.0000 +0.0000 +0.0000 +0.0000 +0.0000 +0.0000 +0.0000 +0.0000 +0.0000 +0.0000 +0.0000 +0.0000 +0.0000 +0.0000 +0.0000 ;
+0.0000 +0.0000 +0.0000 +0.0000 +0.0000 +0.0000 +0.0000 +0.0000 +0.0000 +0.0000 +0.0000 +0.0000 +0.0000 +0.0000 +0.0000 +0.0000 +0.0000 +0.0000 +0.0000 +0.0000 +0.0000 +0.0000 +0.0000 +0.0000 +0.0000 +0.0000 +0.0000 +0.0000 +0.0000 +0.0000 +0.0000 +0.0000 +0.0000 +0.0000 +0.0000 +0.0000 +0.0000 +0.0000 +0.0000 +0.0000 +0.0000 +0.0000 +0.0000 +0.0000 +0.0000 +0.0000 +0.0000 +0.0000 +0.0000 +0.0000 +0.0000 +0.0000 +0.0000 +0.0000 +0.0000 +0.0000 +0.0000 +0.0000 +0.0000 +0.0000 +0.0000 +0.0000 +0.0000 +0.0000 +0.0000 +0.0000 +0.0000 +0.0000 +0.0000 +0.0000 +0.0000 +0.0000 +0.0000 +0.0000 +0.0000 +0.0000 +0.0000 +0.0000 ;
+0.0000 +0.0000 +0.0000 +0.0000 +0.0000 +0.0000 +0.0000 +0.0000 +0.0000 +0.0000 +0.0000 +0.0000 +0.0000 +0.0000 +0.0000 +0.0000 +0.0000 +0.0000 +0.0000 +0.0000 +0.0000 +0.0000 +0.0000 +0.0000 +0.0000 +0.0000 +0.0000 +0.0000 +0.0000 +0.0000 +0.0000 +0.0000 +0.0000 +0.0000 +0.0000 +0.0000 +0.0000 +0.0000 +0.0000 +0.0000 +0.0000 +0.0000 +0.0000 +0.0000 +0.0000 +0.0000 +0.0000 +0.0000 +0.0000 +0.0000 +0.0000 +0.0000 +0.0000 +0.0000 +0.0000 +0.0000 +0.0000 +0.0000 +0.0000 +0.0000 +0.0000 +0.0000 +0.0000 +0.0000 +0.0000 +0.0000 +0.0000 +0.0000 +0.0000 +0.0000 +0.0000 +0.0000 +0.0000 +0.0000 +0.0000 +0.0000 +0.0000 +0.0000 ;
+0.0000 +0.0000 +0.0000 +0.0000 +0.0000 +0.0000 +0.0000 +0.0000 +0.0000 +0.0000 +0.0000 +0.0000 +0.0000 +0.0000 +0.0000 +0.0000 +0.0000 +0.0000 +0.0000 +0.0000 +0.0000 +0.0000 +0.0000 +0.0000 +0.0000 +0.0000 +0.0000 +0.0000 +0.0000 +0.0000 +0.0000 +0.0000 +0.0000 +0.0000 +0.0000 +0.0000 +0.0000 +0.0000 +0.0000 +0.0000 +0.0000 +0.0000 +0.0000 +0.0000 +0.0000 +0.0000 +0.0000 +0.0000 +0.0000 +0.0000 +0.0000 +0.0000 +0.0000 +0.0000 +0.0000 +0.0000 +0.0000 +0.0000 +0.0000 +0.0000 +0.0000 +0.0000 +0.0000 +0.0000 +0.0000 +0.0000 +0.0000 +0.0000 +0.0000 +0.0000 +0.0000 +0.0000 +0.0000 +0.0000 +0.0000 +0.0000 +0.0000 +0.0000 ;
+0.0000 +0.0000 +0.0000 +0.0000 +0.0000 +0.0000 +0.0000 +0.0000 +0.0000 +0.0000 +0.0000 +0.0000 +0.0000 +0.0000 +0.0000 +0.0000 +0.0000 +0.0000 +0.0000 +0.0000 +0.0000 +0.0000 +0.0000 +0.0000 +0.0000 +0.0000 +0.0000 +0.0000 +0.0000 +0.0000 +0.0000 +0.0000 +0.0000 +0.0000 +0.0000 +0.0000 +0.0000 +0.0000 +0.0000 +0.0000 +0.0000 +0.0000 +0.0000 +0.0000 +0.0000 +0.0000 +0.0000 +0.0000 +0.0000 +0.0000 +0.0000 +0.0000 +0.0000 +0.0000 +0.0000 +0.0000 +0.0000 +0.0000 +0.0000 +0.0000 +0.0000 +0.0000 +0.0000 +0.0000 +0.0000 +0.0000 +0.0000 +0.0000 +0.0000 +0.0000 +0.0000 +0.0000 +0.0000 +0.0000 +0.0000 +0.0000 +0.0000 +0.0000 ;
+0.0000 +0.0000 +0.0000 +0.0000 +0.0000 +0.0000 +0.0000 +0.0000 +0.0000 +0.0000 +0.0000 +0.0000 +0.0000 +0.0000 +0.0000 +0.0000 +0.0000 +0.0000 +0.0000 +0.0000 +0.0000 +0.0000 +0.0000 +0.0000 +0.0000 +0.0000 +0.0000 +0.0000 +0.0000 +0.0000 +0.0000 +0.0000 +0.0000 +0.0000 +0.0000 +0.0000 +0.0000 +0.0000 +0.0000 +0.0000 +0.0000 +0.0000 +0.0000 +0.0000 +0.0000 +0.0000 +0.0000 +0.0000 +0.0000 +0.0000 +0.0000 +0.0000 +0.0000 +0.0000 +0.0000 +0.0000 +0.0000 +0.0000 +0.0000 +0.0000 +0.0000 +0.0000 +0.0000 +0.0000 +0.0000 +0.0000 +0.0000 +0.0000 +0.0000 +0.0000 +0.0000 +0.0000 +0.0000 +0.0000 +0.0000 +0.0000 +0.0000 +0.0000 ;
+0.0000 +0.0000 +0.0000 +0.0000 +0.0000 +0.0000 +0.0000 +0.0000 +0.0000 +0.0000 +0.0000 +0.0000 +0.0000 +0.0000 +0.0000 +0.0000 +0.0000 +0.0000 +0.0000 +0.0000 +0.0000 +0.0000 +0.0000 +0.0000 +0.0000 +0.0000 +0.0000 +0.0000 +0.0000 +0.0000 +0.0000 +0.0000 +0.0000 +0.0000 +0.0000 +0.0000 +0.0000 +0.0000 +0.0000 +0.0000 +0.0000 +0.0000 +0.0000 +0.0000 +0.0000 +0.0000 +0.0000 +0.0000 +0.0000 +0.0000 +0.0000 +0.0000 +0.0000 +0.0000 +0.0000 +0.0000 +0.0000 +0.0000 +0.0000 +0.0000 +0.0000 +0.0000 +0.0000 +0.0000 +0.0000 +0.0000 +0.0000 +0.0000 +0.0000 +0.0000 +0.0000 +0.0000 +0.0000 +0.0000 +0.0000 +0.0000 +0.0000 +0.0000 ;
+0.0000 +0.0000 +0.0000 +0.0000 +0.0000 +0.0000 +0.0000 +0.0000 +0.0000 +0.0000 +0.0000 +0.0000 +0.0000 +0.0000 +0.0000 +0.0000 +0.0000 +0.0000 +0.0000 +0.0000 +0.0000 +0.0000 +0.0000 +0.0000 +0.0000 +0.0000 +0.0000 +0.0000 +0.0000 +0.0000 +0.0000 +0.0000 +0.0000 +0.0000 +0.0000 +0.0000 +0.0000 +0.0000 +0.0000 +0.0000 +0.0000 +0.0000 +0.0000 +0.0000 +0.0000 +0.0000 +0.0000 +0.0000 +0.0000 +0.0000 +0.0000 +0.0000 +0.0000 +0.0000 +0.0000 +0.0000 +0.0000 +0.0000 +0.0000 +0.0000 +0.0000 +0.0000 +0.0000 +0.0000 +0.0000 +0.0000 +0.0000 +0.0000 +0.0000 +0.0000 +0.0000 +0.0000 +0.0000 +0.0000 +0.0000 +0.0000 +0.0000 +0.0000 ;
+0.0000 +0.0000 +0.0000 +0.0000 +0.0000 +0.0000 +0.0000 +0.0000 +0.0000 +0.0000 +0.0000 +0.0000 +0.0000 +0.0000 +0.0000 +0.0000 +0.0000 +0.0000 +0.0000 +0.0000 +0.0000 +0.0000 +0.0000 +0.0000 +0.0000 +0.0000 +0.0000 +0.0000 +0.0000 +0.0000 +0.0000 +0.0000 +0.0000 +0.0000 +0.0000 +0.0000 +0.0000 +0.0000 +0.0000 +0.0000 +0.0000 +0.0000 +0.0000 +0.0000 +0.0000 +0.0000 +0.0000 +0.0000 +0.0000 +0.0000 +0.0000 +0.0000 +0.0000 +0.0000 +0.0000 +0.0000 +0.0000 +0.0000 +0.0000 +0.0000 +0.0000 +0.0000 +0.0000 +0.0000 +0.0000 +0.0000 +0.0000 +0.0000 +0.0000 +0.0000 +0.0000 +0.0000 +0.0000 +0.0000 +0.0000 +0.0000 +0.0000 +0.0000 ;
+0.0000 +0.0000 +0.0000 +0.0000 +0.0000 +0.0000 +0.0000 +0.0000 +0.0000 +0.0000 +0.0000 +0.0000 +0.0000 +0.0000 +0.0000 +0.0000 +0.0000 +0.0000 +0.0000 +0.0000 +0.0000 +0.0000 +0.0000 +0.0000 +0.0000 +0.0000 +0.0000 +0.0000 +0.0000 +0.0000 +0.0000 +0.0000 +0.0000 +0.0000 +0.0000 +0.0000 +0.0000 +0.0000 +0.0000 +0.0000 +0.0000 +0.0000 +0.0000 +0.0000 +0.0000 +0.0000 +0.0000 +0.0000 +0.0000 +0.0000 +0.0000 +0.0000 +0.0000 +0.0000 +0.0000 +0.0000 +0.0000 +0.0000 +0.0000 +0.0000 +0.0000 +0.0000 +0.0000 +0.0000 +0.0000 +0.0000 +0.0000 +0.0000 +0.0000 +0.0000 +0.0000 +0.0000 +0.0000 +0.0000 +0.0000 +0.0000 +0.0000 +0.0000 ;
+0.0000 +0.0000 +0.0000 +0.0000 +0.0000 +0.0000 +0.0000 +0.0000 +0.0000 +0.0000 +0.0000 +0.0000 +0.0000 +0.0000 +0.0000 +0.0000 +0.0000 +0.0000 +0.0000 +0.0000 +0.0000 +0.0000 +0.0000 +0.0000 +0.0000 +0.0000 +0.0000 +0.0000 +0.0000 +0.0000 +0.0000 +0.0000 +0.0000 +0.0000 +0.0000 +0.0000 +0.0000 +0.0000 +0.0000 +0.0000 +0.0000 +0.0000 +0.0000 +0.0000 +0.0000 +0.0000 +0.0000 +0.0000 +0.0000 +0.0000 +0.0000 +0.0000 +0.0000 +0.0000 +0.0000 +0.0000 +0.0000 +0.0000 +0.0000 +0.0000 +0.0000 +0.0000 +0.0000 +0.0000 +0.0000 +0.0000 +0.0000 +0.0000 +0.0000 +0.0000 +0.0000 +0.0000 +0.0000 +0.0000 +0.0000 +0.0000 +0.0000 +0.0000 ;
+0.0000 +0.0000 +0.0000 +0.0000 +0.0000 +0.0000 +0.0000 +0.0000 +0.0000 +0.0000 +0.0000 +0.0000 +0.0000 +0.0000 +0.0000 +0.0000 +0.0000 +0.0000 +0.0000 +0.0000 +0.0000 +0.0000 +0.0000 +0.0000 +0.0000 +0.0000 +0.0000 +0.0000 +0.0000 +0.0000 +0.0000 +0.0000 +0.0000 +0.0000 +0.0000 +0.0000 +0.0000 +0.0000 +0.0000 +0.0000 +0.0000 +0.0000 +0.0000 +0.0000 +0.0000 +0.0000 +0.0000 +0.0000 +0.0000 +0.0000 +0.0000 +0.0000 +0.0000 +0.0000 +0.0000 +0.0000 +0.0000 +0.0000 +0.0000 +0.0000 +0.0000 +0.0000 +0.0000 +0.0000 +0.0000 +0.0000 +0.0000 +0.0000 +0.0000 +0.0000 +0.0000 +0.0000 +0.0000 +0.0000 +0.0000 +0.0000 +0.0000 +0.0000 ;
+0.0000 +0.0000 +0.0000 +0.0000 +0.0000 +0.0000 +0.0000 +0.0000 +0.0000 +0.0000 +0.0000 +0.0000 +0.0000 +0.0000 +0.0000 +0.0000 +0.0000 +0.0000 +0.0000 +0.0000 +0.0000 +0.0000 +0.0000 +0.0000 +0.0000 +0.0000 +0.0000 +0.0000 +0.0000 +0.0000 +0.0000 +0.0000 +0.0000 +0.0000 +0.0000 +0.0000 +0.0000 +0.0000 +0.0000 +0.0000 +0.0000 +0.0000 +0.0000 +0.0000 +0.0000 +0.0000 +0.0000 +0.0000 +0.0000 +0.0000 +0.0000 +0.0000 +0.0000 +0.0000 +0.0000 +0.0000 +0.0000 +0.0000 +0.0000 +0.0000 +0.0000 +0.0000 +0.0000 +0.0000 +0.0000 +0.0000 +0.0000 +0.0000 +0.0000 +0.0000 +0.0000 +0.0000 +0.0000 +0.0000 +0.0000 +0.0000 +0.0000 +0.0000 ;
+0.0000 +0.0000 +0.0000 +0.0000 +0.0000 +0.0000 +0.0000 +0.0000 +0.0000 +0.0000 +0.0000 +0.0000 +0.0000 +0.0000 +0.0000 +0.0000 +0.0000 +0.0000 +0.0000 +0.0000 +0.0000 +0.0000 +0.0000 +0.0000 +0.0000 +0.0000 +0.0000 +0.0000 +0.0000 +0.0000 +0.0000 +0.0000 +0.0000 +0.0000 +0.0000 +0.0000 +0.0000 +0.0000 +0.0000 +0.0000 +0.0000 +0.0000 +0.0000 +0.0000 +0.0000 +0.0000 +0.0000 +0.0000 +0.0000 +0.0000 +0.0000 +0.0000 +0.0000 +0.0000 +0.0000 +0.0000 +0.0000 +0.0000 +0.0000 +0.0000 +0.0000 +0.0000 +0.0000 +0.0000 +0.0000 +0.0000 +0.0000 +0.0000 +0.0000 +0.0000 +0.0000 +0.0000 +0.0000 +0.0000 +0.0000 +0.0000 +0.0000 +0.0000 ;
+0.0000 +0.0000 +0.0000 +0.0000 +0.0000 +0.0000 +0.0000 +0.0000 +0.0000 +0.0000 +0.0000 +0.0000 +0.0000 +0.0000 +0.0000 +0.0000 +0.0000 +0.0000 +0.0000 +0.0000 +0.0000 +0.0000 +0.0000 +0.0000 +0.0000 +0.0000 +0.0000 +0.0000 +0.0000 +0.0000 +0.0000 +0.0000 +0.0000 +0.0000 +0.0000 +0.0000 +0.0000 +0.0000 +0.0000 +0.0000 +0.0000 +0.0000 +0.0000 +0.0000 +0.0000 +0.0000 +0.0000 +0.0000 +0.0000 +0.0000 +0.0000 +0.0000 +0.0000 +0.0000 +0.0000 +0.0000 +0.0000 +0.0000 +0.0000 +0.0000 +0.0000 +0.0000 +0.0000 +0.0000 +0.0000 +0.0000 +0.0000 +0.0000 +0.0000 +0.0000 +0.0000 +0.0000 +0.0000 +0.0000 +0.0000 +0.0000 +0.0000 +0.0000 ;
+0.0000 +0.0000 +0.0000 +0.0000 +0.0000 +0.0000 +0.0000 +0.0000 +0.0000 +0.0000 +0.0000 +0.0000 +0.0000 +0.0000 +0.0000 +0.0000 +0.0000 +0.0000 +0.0000 +0.0000 +0.0000 +0.0000 +0.0000 +0.0000 +0.0000 +0.0000 +0.0000 +0.0000 +0.0000 +0.0000 +0.0000 +0.0000 +0.0000 +0.0000 +0.0000 +0.0000 +0.0000 +0.0000 +0.0000 +0.0000 +0.0000 +0.0000 +0.0000 +0.0000 +0.0000 +0.0000 +0.0000 +0.0000 +0.0000 +0.0000 +0.0000 +0.0000 +0.0000 +0.0000 +0.0000 +0.0000 +0.0000 +0.0000 +0.0000 +0.0000 +0.0000 +0.0000 +0.0000 +0.0000 +0.0000 +0.0000 +0.0000 +0.0000 +0.0000 +0.0000 +0.0000 +0.0000 +0.0000 +0.0000 +0.0000 +0.0000 +0.0000 +0.0000 ;
+0.0000 +0.0000 +0.0000 +0.0000 +0.0000 +0.0000 +0.0000 +0.0000 +0.0000 +0.0000 +0.0000 +0.0000 +0.0000 +0.0000 +0.0000 +0.0000 +0.0000 +0.0000 +0.0000 +0.0000 +0.0000 +0.0000 +0.0000 +0.0000 +0.0000 +0.0000 +0.0000 +0.0000 +0.0000 +0.0000 +0.0000 +0.0000 +0.0000 +0.0000 +0.0000 +0.0000 +0.0000 +0.0000 +0.0000 +0.0000 +0.0000 +0.0000 +0.0000 +0.0000 +0.0000 +0.0000 +0.0000 +0.0000 +0.0000 +0.0000 +0.0000 +0.0000 +0.0000 +0.0000 +0.0000 +0.0000 +0.0000 +0.0000 +0.0000 +0.0000 +0.0000 +0.0000 +0.0000 +0.0000 +0.0000 +0.0000 +0.0000 +0.0000 +0.0000 +0.0000 +0.0000 +0.0000 +0.0000 +0.0000 +0.0000 +0.0000 +0.0000 +0.0000 ;
+0.0000 +0.0000 +0.0000 +0.0000 +0.0000 +0.0000 +0.0000 +0.0000 +0.0000 +0.0000 +0.0000 +0.0000 +0.0000 +0.0000 +0.0000 +0.0000 +0.0000 +0.0000 +0.0000 +0.0000 +0.0000 +0.0000 +0.0000 +0.0000 +0.0000 +0.0000 +0.0000 +0.0000 +0.0000 +0.0000 +0.0000 +0.0000 +0.0000 +0.0000 +0.0000 +0.0000 +0.0000 +0.0000 +0.0000 +0.0000 +0.0000 +0.0000 +0.0000 +0.0000 +0.0000 +0.0000 +0.0000 +0.0000 +0.0000 +0.0000 +0.0000 +0.0000 +0.0000 +0.0000 +0.0000 +0.0000 +0.0000 +0.0000 +0.0000 +0.0000 +0.0000 +0.0000 +0.0000 +0.0000 +0.0000 +0.0000 +0.0000 +0.0000 +0.0000 +0.0000 +0.0000 +0.0000 +0.0000 +0.0000 +0.0000 +0.0000 +0.0000 +0.0000 ;
+0.0000 +0.0000 +0.0000 +0.0000 +0.0000 +0.0000 +0.0000 +0.0000 +0.0000 +0.0000 +0.0000 +0.0000 +0.0000 +0.0000 +0.0000 +0.0000 +0.0000 +0.0000 +0.0000 +0.0000 +0.0000 +0.0000 +0.0000 +0.0000 +0.0000 +0.0000 +0.0000 +0.0000 +0.0000 +0.0000 +0.0000 +0.0000 +0.0000 +0.0000 +0.0000 +0.0000 +0.0000 +0.0000 +0.0000 +0.0000 +0.0000 +0.0000 +0.0000 +0.0000 +0.0000 +0.0000 +0.0000 +0.0000 +0.0000 +0.0000 +0.0000 +0.0000 +0.0000 +0.0000 +0.0000 +0.0000 +0.0000 +0.0000 +0.0000 +0.0000 +0.0000 +0.0000 +0.0000 +0.0000 +0.0000 +0.0000 +0.0000 +0.0000 +0.0000 +0.0000 +0.0000 +0.0000 +0.0000 +0.0000 +0.0000 +0.0000 +0.0000 +0.0000 ;
+0.0000 +0.0000 +0.0000 +0.0000 +0.0000 +0.0000 +0.0000 +0.0000 +0.0000 +0.0000 +0.0000 +0.0000 +0.0000 +0.0000 +0.0000 +0.0000 +0.0000 +0.0000 +0.0000 +0.0000 +0.0000 +0.0000 +0.0000 +0.0000 +0.0000 +0.0000 +0.0000 +0.0000 +0.0000 +0.0000 +0.0000 +0.0000 +0.0000 +0.0000 +0.0000 +0.0000 +0.0000 +0.0000 +0.0000 +0.0000 +0.0000 +0.0000 +0.0000 +0.0000 +0.0000 +0.0000 +0.0000 +0.0000 +0.0000 +0.0000 +0.0000 +0.0000 +0.0000 +0.0000 +0.0000 +0.0000 +0.0000 +0.0000 +0.0000 +0.0000 +0.0000 +0.0000 +0.0000 +0.0000 +0.0000 +0.0000 +0.0000 +0.0000 +0.0000 +0.0000 +0.0000 +0.0000 +0.0000 +0.0000 +0.0000 +0.0000 +0.0000 +0.0000 ;
+0.0000 +0.0000 +0.0000 +0.0000 +0.0000 +0.0000 +0.0000 +0.0000 +0.0000 +0.0000 +0.0000 +0.0000 +0.0000 +0.0000 +0.0000 +0.0000 +0.0000 +0.0000 +0.0000 +0.0000 +0.0000 +0.0000 +0.0000 +0.0000 +0.0000 +0.0000 +0.0000 +0.0000 +0.0000 +0.0000 +0.0000 +0.0000 +0.0000 +0.0000 +0.0000 +0.0000 +0.0000 +0.0000 +0.0000 +0.0000 +0.0000 +0.0000 +0.0000 +0.0000 +0.0000 +0.0000 +0.0000 +0.0000 +0.0000 +0.0000 +0.0000 +0.0000 +0.0000 +0.0000 +0.0000 +0.0000 +0.0000 +0.0000 +0.0000 +0.0000 +0.0000 +0.0000 +0.0000 +0.0000 +0.0000 +0.0000 +0.0000 +0.0000 +0.0000 +0.0000 +0.0000 +0.0000 +0.0000 +0.0000 +0.0000 +0.0000 +0.0000 +0.0000 ;
+0.0000 +0.0000 +0.0000 +0.0000 +0.0000 +0.0000 +0.0000 +0.0000 +0.0000 +0.0000 +0.0000 +0.0000 +0.0000 +0.0000 +0.0000 +0.0000 +0.0000 +0.0000 +0.0000 +0.0000 +0.0000 +0.0000 +0.0000 +0.0000 +0.0000 +0.0000 +0.0000 +0.0000 +0.0000 +0.0000 +0.0000 +0.0000 +0.0000 +0.0000 +0.0000 +0.0000 +0.0000 +0.0000 +0.0000 +0.0000 +0.0000 +0.0000 +0.0000 +0.0000 +0.0000 +0.0000 +0.0000 +0.0000 +0.0000 +0.0000 +0.0000 +0.0000 +0.0000 +0.0000 +0.0000 +0.0000 +0.0000 +0.0000 +0.0000 +0.0000 +0.0000 +0.0000 +0.0000 +0.0000 +0.0000 +0.0000 +0.0000 +0.0000 +0.0000 +0.0000 +0.0000 +0.0000 +0.0000 +0.0000 +0.0000 +0.0000 +0.0000 +0.0000 ;
+0.0000 +0.0000 +0.0000 +0.0000 +0.0000 +0.0000 +0.0000 +0.0000 +0.0000 +0.0000 +0.0000 +0.0000 +0.0000 +0.0000 +0.0000 +0.0000 +0.0000 +0.0000 +0.0000 +0.0000 +0.0000 +0.0000 +0.0000 +0.0000 +0.0000 +0.0000 +0.0000 +0.0000 +0.0000 +0.0000 +0.0000 +0.0000 +0.0000 +0.0000 +0.0000 +0.0000 +0.0000 +0.0000 +0.0000 +0.0000 +0.0000 +0.0000 +0.0000 +0.0000 +0.0000 +0.0000 +0.0000 +0.0000 +0.0000 +0.0000 +0.0000 +0.0000 +0.0000 +0.0000 +0.0000 +0.0000 +0.0000 +0.0000 +0.0000 +0.0000 +0.0000 +0.0000 +0.0000 +0.0000 +0.0000 +0.0000 +0.0000 +0.0000 +0.0000 +0.0000 +0.0000 +0.0000 +0.0000 +0.0000 +0.0000 +0.0000 +0.0000 +0.0000 ;
+0.0000 +0.0000 +0.0000 +0.0000 +0.0000 +0.0000 +0.0000 +0.0000 +0.0000 +0.0000 +0.0000 +0.0000 +0.0000 +0.0000 +0.0000 +0.0000 +0.0000 +0.0000 +0.0000 +0.0000 +0.0000 +0.0000 +0.0000 +0.0000 +0.0000 +0.0000 +0.0000 +0.0000 +0.0000 +0.0000 +0.0000 +0.0000 +0.0000 +0.0000 +0.0000 +0.0000 +0.0000 +0.0000 +0.0000 +0.0000 +0.0000 +0.0000 +0.0000 +0.0000 +0.0000 +0.0000 +0.0000 +0.0000 +0.0000 +0.0000 +0.0000 +0.0000 +0.0000 +0.0000 +0.0000 +0.0000 +0.0000 +0.0000 +0.0000 +0.0000 +0.0000 +0.0000 +0.0000 +0.0000 +0.0000 +0.0000 +0.0000 +0.0000 +0.0000 +0.0000 +0.0000 +0.0000 +0.0000 +0.0000 +0.0000 +0.0000 +0.0000 +0.0000 ;
+0.0000 +0.0000 +0.0000 +0.0000 +0.0000 +0.0000 +0.0000 +0.0000 +0.0000 +0.0000 +0.0000 +0.0000 +0.0000 +0.0000 +0.0000 +0.0000 +0.0000 +0.0000 +0.0000 +0.0000 +0.0000 +0.0000 +0.0000 +0.0000 +0.0000 +0.0000 +0.0000 +0.0000 +0.0000 +0.0000 +0.0000 +0.0000 +0.0000 +0.0000 +0.0000 +0.0000 +0.0000 +0.0000 +0.0000 +0.0000 +0.0000 +0.0000 +0.0000 +0.0000 +0.0000 +0.0000 +0.0000 +0.0000 +0.0000 +0.0000 +0.0000 +0.0000 +0.0000 +0.0000 +0.0000 +0.0000 +0.0000 +0.0000 +0.0000 +0.0000 +0.0000 +0.0000 +0.0000 +0.0000 +0.0000 +0.0000 +0.0000 +0.0000 +0.0000 +0.0000 +0.0000 +0.0000 +0.0000 +0.0000 +0.0000 +0.0000 +0.0000 +0.0000 ;
+0.0000 +0.0000 +0.0000 +0.0000 +0.0000 +0.0000 +0.0000 +0.0000 +0.0000 +0.0000 +0.0000 +0.0000 +0.0000 +0.0000 +0.0000 +0.0000 +0.0000 +0.0000 +0.0000 +0.0000 +0.0000 +0.0000 +0.0000 +0.0000 +0.0000 +0.0000 +0.0000 +0.0000 +0.0000 +0.0000 +0.0000 +0.0000 +0.0000 +0.0000 +0.0000 +0.0000 +0.0000 +0.0000 +0.0000 +0.0000 +0.0000 +0.0000 +0.0000 +0.0000 +0.0000 +0.0000 +0.0000 +0.0000 +0.0000 +0.0000 +0.0000 +0.0000 +0.0000 +0.0000 +0.0000 +0.0000 +0.0000 +0.0000 +0.0000 +0.0000 +0.0000 +0.0000 +0.0000 +0.0000 +0.0000 +0.0000 +0.0000 +0.0000 +0.0000 +0.0000 +0.0000 +0.0000 +0.0000 +0.0000 +0.0000 +0.0000 +0.0000 +0.0000 ;
+0.0000 +0.1983 +0.0094 -0.0515 -0.0000 -0.0000 -0.0000 -0.0000 -0.0016 +0.0041 -0.0119 -0.0000 +0.0000 +0.0000 +0.0000 +0.1593 +0.0931 +0.1583 +0.0556 +0.0980 +0.1569 +0.1677 +0.0999 -0.0960 -0.0274 -0.0588 -0.0974 +0.1255 +0.0378 +0.2495 +0.0991 +0.0454 +0.0000 +0.0000 +0.0000 +0.0000 +0.0000 -0.3538 -0.0152 -0.1417 +0.0000 +0.0000 +0.0000 +0.3881 +0.3987 +0.3216 +0.4888 +0.4439 +0.5753 +0.5688 +0.4982 +0.5165 +0.0000 -0.3224 +0.0000 -0.0000 +0.0000 -0.0350 -0.5163 -0.6472 -0.0000 +0.0000 +0.0000 +0.0000 -0.2328 -0.6112 +0.2408 +0.1513 +0.2410 +0.2691 +0.3054 +0.1422 +0.0771 +0.0000 +0.0000 +0.0000 +0.0000 +0.5104 ;
-0.0107 +0.0364 +0.0364 -0.0000 -0.0825 -0.0000 -0.0175 -0.0954 -0.1315 -0.0022 -0.0017 +0.0000 +0.0000 +0.0000 +0.0000 +0.0530 +0.1026 +0.1827 +0.0461 +0.0403 +0.0227 +0.0194 +0.0000 +0.0000 -0.1358 +0.0973 +0.1011 +0.0000 -0.1094 +0.1941 +0.1311 +0.0000 -0.2061 -0.1946 +0.0000 +0.1781 -0.3203 +0.0000 -0.0795 +0.1939 -0.1213 -0.5950 +0.0000 +0.6205 +0.5215 +0.3810 +0.6322 +0.5452 +0.5247 +0.0000 +0.5937 +0.5839 +0.4758 -0.0901 -0.0428 -0.0284 -0.1613 -0.0679 -0.0832 -0.1924 +0.0000 +0.0000 +0.0000 +0.0000 +0.0000 +0.0000 +0.4790 +0.5585 +0.6027 +0.0000 +0.5575 +0.5419 +0.5056 -0.0793 +0.0000 +0.0000 +0.0000 +0.4667 ;
-0.0098 -0.0928 -0.0002 +0.3664 +0.1588 +0.0000 +0.3283 +0.2660 +0.2164 +0.2724 +0.3128 +0.1499 +0.2264 +0.0000 -0.1982 +0.1322 -0.1618 +0.2361 +0.2815 +0.0000 +0.0000 +0.0000 -0.2795 +0.0000 +0.0840 +0.1174 +0.0277 +0.1514 -0.0936 -0.1101 +0.5058 +0.4417 +0.4143 +0.3234 +0.0000 +0.0000 +0.0000 +0.1078 +0.0000 -0.1362 -0.1699 +0.0523 +0.1473 +0.0000 +0.0000 +0.0000 +0.0000 +0.0000 +0.0000 +0.0000 +0.0000 +0.0000 +0.0000 -0.1833 +0.0000 -0.0162 -0.2437 -0.1673 -0.2022 -0.0855 -0.1541 -0.0714 +0.0000 -0.3381 +0.0000 +0.0000 +0.0732 +0.0732 +0.0731 +0.0000 +0.0000 +0.0000 +0.0000 -0.2300 -0.2321 +0.0000 +0.0000 -0.5331 ;
-0.1690 +0.1295 -0.0311 +0.0334 +0.1406 +0.0717 +0.0000 +0.0316 +0.0003 +0.1054 +0.0000 +0.0000 +0.0000 +0.0000 +0.0657 +0.0112 +0.0107 +0.0829 +0.0777 +0.0353 +0.1294 +0.0311 +0.0000 -0.1642 +0.1554 -0.0929 -0.1822 -0.0522 -0.1220 -0.0930 -0.1580 +0.0000 +0.0000 -0.2889 +0.0000 +0.0000 -0.4955 +0.5994 -0.1334 +0.0000 +0.0197 +0.0000 -0.0899 +0.3297 +0.4112 +0.3516 +0.4017 +0.2906 +0.4839 +0.3144 +0.0000 +0.0000 +0.0000 -0.1683 -0.0008 -0.0000 -0.0000 +0.0000 +0.0000 +0.0000 +0.0000 +0.0000 +0.0000 +0.0000 +0.0000 +0.0000 +0.4461 +0.5656 +0.3546 +0.0000 +0.0000 +0.0000 +0.0000 +0.0000 +0.0000 +0.0000 +0.0000 +0.2784 ;
-0.0490 +0.0000 +0.1486 +0.0429 -0.2299 -0.2706 -0.3042 -0.3421 -0.1978 +0.0000 -0.1988 +0.0000 +0.0000 +0.3277 +0.0000 -0.1296 +0.0818 +0.0332 -0.3025 +0.0000 +0.1754 +0.0668 +0.2395 +0.0000 -0.0373 +0.0348 -0.0029 -0.1014 +0.1704 -0.1664 -0.0391 -0.0612 +0.0000 +0.0000 +0.0000 +0.0000 +0.0000 -0.0000 -0.0437 -0.0646 +0.0000 +0.0000 -0.3380 +0.0000 +0.0000 +0.0000 +0.0000 +0.0000 +0.0000 +0.0000 +0.0000 +0.0000 +0.0000 -0.1331 -0.0861 -0.2279 -0.2481 -0.0354 -0.0026 -0.1116 -0.1317 -0.1097 +0.0000 +0.0000 +0.0000 +0.0000 +0.0000 +0.0000 +0.0000 +0.0000 +0.0000 +0.0000 +0.0000 -0.2253 -0.2893 +0.0000 +0.0000 -0.5318 ;
-0.0036 -0.0263 -0.0000 -0.0000 -0.0000 -0.0000 -0.0000 -0.0000 +0.0003 -0.0184 +0.0004 +0.0000 +0.0000 +0.0039 +0.0000 -0.0593 +0.1190 +0.1421 +0.0083 +0.0687 +0.2113 +0.0000 +0.0000 +0.0000 -0.2424 +0.2285 +0.2443 +0.1177 +0.2275 +0.0602 +0.0000 +0.0000 +0.0000 +0.0000 +0.1952 +0.0000 +0.0593 +0.5872 -0.0239 +0.0610 +0.0000 +0.0000 +0.0000 +0.3602 +0.0000 +0.0000 +0.0000 +0.0000 +0.0000 +0.0000 +0.0000 +0.0000 +0.0000 -0.1009 -0.1110 -0.0164 +0.0000 +0.0000 +0.0000 +0.0000 +0.0000 +0.0000 +0.0000 +0.0000 +0.0000 +0.0000 +0.3492 +0.5158 +0.4317 +0.4163 +0.5275 +0.4352 +0.0000 -0.1898 -0.0000 -0.1003 -0.1918 -0.1137 ;
-0.0497 -0.0566 +0.0000 +0.4621 +0.3525 +0.5060 +0.3534 +0.0000 +0.2931 +0.0000 +0.0000 +0.0000 +0.0000 +0.2508 +0.0000 -0.2832 -0.2387 -0.2074 +0.0000 -0.0287 -0.1459 -0.1514 +0.0000 +0.0000 -0.0023 +0.0448 +0.0102 -0.1019 -0.1094 +0.0656 -0.1231 -0.0464 -0.0039 -0.0035 -0.0162 +0.1379 +0.0000 +0.0000 +0.0000 +0.0000 +0.2925 +0.0000 +0.0000 +0.0000 +0.0000 +0.0000 +0.0000 +0.0000 +0.0000 +0.0000 +0.0000 +0.0000 +0.0000 +0.0000 -0.3534 -0.3560 -0.4396 -0.2287 -0.0000 -0.0000 -0.2488 -0.2660 -0.2120 -0.1299 +0.0000 +0.0000 +0.0000 +0.0000 +0.0000 +0.0000 +0.0000 +0.0000 +0.0000 +0.0000 -0.2811 -0.0000 -0.2366 -0.3490 ;
+0.0000 +0.0000 +0.0117 -0.0000 -0.0579 -0.0370 -0.0000 -0.0000 -0.0136 -0.0040 +0.0000 +0.0000 +0.0000 +0.0000 +0.0000 +0.1243 +0.0000 +0.0215 +0.1164 +0.1272 +0.0000 +0.0000 +0.0000 +0.0000 +0.1164 +0.0000 +0.2884 +0.2874 +0.0000 +0.2406 +0.0000 +0.0000 +0.0000 +0.0000 +0.2175 +0.1576 +0.0000 +0.0000 +0.0000 +0.0000 +0.0000 +0.0000 +0.0000 +0.0000 +0.6423 +0.6458 +0.6594 +0.6322 +0.6549 +0.6461 +0.6680 +0.6544 +0.0000 -0.2665 -0.0074 -0.0780 -0.1254 -0.0592 -0.1567 -0.1808 +0.0000 -0.0429 -0.0753 +0.0000 +0.0000 +0.0000 +0.4036 +0.0000 +0.0000 +0.0000 +0.0000 +0.0000 +0.0000 -0.2151 -0.1527 -0.1505 +0.0000 -0.5289 ;
-0.0061 +0.0000 -0.0000 -0.0000 -0.0000 -0.0000 -0.0086 -0.0000 +0.0003 -0.0040 +0.0000 +0.0000 +0.0000 +0.0000 +0.0000 +0.0000 +0.0000 +0.0410 +0.0743 +0.0732 +0.0198 +0.0000 +0.0000 +0.1074 +0.1164 +0.1181 +0.0000 -0.1025 +0.0000 +0.1594 +0.0000 +0.0000 +0.0000 +0.1343 +0.1250 +0.3056 +0.5822 -0.3155 +0.1952 +0.6024 -0.0000 +0.2337 +0.0000 +0.6509 +0.0000 +0.6062 +0.6702 +0.6485 +0.5916 +0.6523 +0.6561 +0.6359 +0.5797 -0.1956 +0.0000 -0.1221 -0.0450 -0.0108 +0.0000 -0.3076 -0.1437 -0.1905 -0.0843 -0.1273 +0.0000 -0.2105 +0.4465 +0.5877 +0.0000 +0.0000 +0.0000 +0.0000 +0.0000 -0.0833 -0.0029 -0.2366 -0.0379 -0.5289 ;
+0.0000 +0.0000 -0.0657 +0.0200 +0.0153 -0.0000 -0.0529 -0.0000 -0.0088 -0.0040 +0.0000 +0.0000 +0.0000 +0.0000 +0.0000 +0.2220 +0.2463 +0.0291 +0.1879 +0.0000 +0.1910 +0.0000 +0.0000 +0.0000 +0.1185 +0.3301 +0.2648 +0.1181 +0.1878 +0.0000 +0.0000 +0.1873 +0.0000 +0.0000 +0.0000 +0.0000 -0.1705 +0.0000 -0.0488 +0.4236 -0.0000 +0.4533 +0.0000 +0.5125 +0.4797 +0.0000 +0.4940 +0.6225 +0.6018 +0.5130 +0.6455 +0.5008 +0.0000 +0.0000 -0.2001 -0.1117 -0.1451 -0.1907 -0.1156 -0.2686 -0.1833 -0.1096 -0.0460 +0.0000 +0.0000 -0.1672 +0.4427 +0.4410 +0.0000 +0.0000 +0.0000 +0.0000 +0.0000 -0.1092 -0.0695 -0.1893 -0.0427 -0.5289 ;
-0.0181 -0.1038 -0.0000 -0.0000 -0.0392 -0.0000 -0.0000 -0.0000 +0.0003 -0.0224 +0.0000 +0.0000 +0.0000 +0.0000 +0.0000 +0.1005 +0.0076 +0.0909 +0.1275 +0.0000 +0.0000 +0.0000 +0.0000 +0.0000 +0.1337 +0.0000 +0.0000 +0.0000 +0.1146 +0.2612 +0.0000 +0.0000 +0.0000 +0.2544 +0.2314 +0.2284 +0.5568 -0.4205 +0.1412 +0.6105 -0.0000 +0.1975 +0.0000 +0.5907 +0.5997 +0.6395 +0.0000 +0.6765 +0.6655 +0.5762 +0.6697 +0.6159 +0.5920 -0.1691 -0.0609 -0.1152 -0.0004 -0.1067 -0.1679 -0.1431 -0.1017 -0.1069 +0.0000 +0.0000 +0.0000 +0.0000 +0.0000 +0.5274 +0.3718 +0.0000 +0.0000 +0.0000 +0.0000 -0.1437 -0.0291 -0.1176 -0.2341 -0.5289 ;
+0.0000 +0.0000 +0.0000 -0.0000 -0.0416 -0.0000 -0.0000 -0.0000 +0.0003 -0.0307 -0.0096 +0.0000 +0.0000 +0.0000 +0.0000 +0.1749 +0.0000 +0.0057 +0.0000 +0.1376 +0.1131 +0.0066 +0.0000 +0.0000 -0.1973 +0.1181 +0.0000 +0.2267 +0.0000 +0.0000 +0.2671 +0.2022 +0.3145 +0.2282 +0.2907 +0.0000 -0.0396 -0.4834 -0.0117 +0.3020 -0.0000 +0.6288 -0.0000 +0.6793 +0.6130 +0.4994 +0.6808 +0.0000 +0.6763 +0.6629 +0.6501 +0.6488 +0.0000 +0.0000 -0.0001 -0.1407 -0.1523 -0.0386 -0.1232 +0.0000 -0.0000 -0.0725 -0.0000 -0.1114 -0.0905 +0.0000 +0.0000 +0.5011 +0.5488 +0.0000 +0.0000 +0.0000 +0.0000 -0.1296 -0.0557 -0.1258 -0.0238 -0.5289 ;
-0.0205 +0.0000 +0.0000 +0.0000 -0.0000 -0.0000 -0.0000 -0.0000 -0.0131 +0.0006 +0.0004 -0.0000 +0.0000 +0.0000 +0.0000 +0.0000 +0.0000 +0.0000 +0.0810 +0.0297 +0.1923 +0.0392 +0.0523 +0.0000 +0.0000 +0.0000 +0.1110 +0.0000 +0.2789 +0.0000 +0.0000 +0.2657 +0.2693 +0.0000 +0.1955 +0.1549 +0.0000 +0.0000 +0.0296 +0.6576 -0.0000 +0.1252 +0.0000 +0.6650 +0.6633 +0.6115 +0.6229 +0.6658 +0.0000 +0.6706 +0.6338 +0.6656 +0.6259 +0.0000 -0.0601 -0.1740 -0.0087 +0.0000 -0.1738 -0.2134 -0.1266 -0.0453 -0.1677 -0.1037 -0.1138 +0.0000 +0.0000 +0.0000 +0.0000 +0.5508 +0.0000 +0.0000 +0.0000 -0.1757 -0.0150 -0.2251 +0.0000 -0.5289 ;
-0.0061 -0.0297 +0.0000 +0.0000 +0.0000 -0.0000 -0.0000 -0.0000 +0.0003 +0.0006 +0.0004 -0.0000 -0.0371 +0.0000 +0.0000 +0.0000 +0.0000 +0.0275 +0.0000 +0.1393 +0.0198 +0.1951 +0.0000 +0.0000 +0.0000 +0.0000 -0.2109 +0.0000 +0.2274 +0.0000 +0.2246 +0.0000 +0.2556 +0.2486 +0.1631 +0.2014 +0.5842 -0.3837 +0.0581 +0.6264 -0.0000 +0.5395 +0.0000 +0.0000 +0.0000 +0.5455 +0.5882 +0.6206 +0.6718 +0.5705 +0.6601 +0.6011 +0.6365 +0.0000 +0.0000 +0.0000 -0.0040 -0.1621 -0.2074 -0.0934 +0.0000 -0.0030 -0.0000 -0.1609 -0.2009 -0.0662 +0.0000 +0.0000 +0.0000 +0.5847 +0.4558 +0.0000 +0.0000 -0.1656 -0.0970 -0.2838 -0.2175 -0.5289 ;
-0.0510 +0.0000 +0.0000 +0.0000 +0.0000 +0.0000 +0.0000 -0.0000 +0.0003 +0.0006 +0.0004 -0.0000 -0.0000 -0.0181 -0.0000 +0.1076 +0.0520 +0.0000 +0.0000 +0.0000 +0.0000 +0.1194 +0.0005 +0.0652 +0.0000 +0.0000 +0.2382 +0.0000 +0.0000 +0.2155 +0.0000 +0.1583 +0.2981 +0.2245 +0.0000 +0.2894 -0.0720 +0.0000 +0.0848 +0.3584 -0.0000 +0.1958 +0.0000 +0.0000 +0.6027 +0.5605 +0.6584 +0.6689 +0.6313 +0.6086 +0.5824 +0.6248 +0.6478 +0.0000 +0.0000 +0.0000 -0.0388 -0.1467 -0.1548 -0.1088 -0.1307 -0.0330 -0.0000 -0.1044 -0.1571 -0.2148 +0.0000 +0.0000 +0.0000 +0.5923 +0.5198 +0.0000 +0.0000 -0.0363 -0.1241 -0.0871 -0.2086 -0.5289 ;
+0.0000 +0.0000 +0.0000 +0.0000 +0.0000 +0.0000 +0.0000 -0.0000 -0.0153 +0.0006 +0.0004 -0.0100 -0.0301 +0.0005 -0.0000 +0.0000 +0.0000 +0.0000 +0.0498 +0.0287 +0.1528 +0.0000 +0.0737 +0.0009 +0.0000 +0.0000 +0.1110 +0.2252 +0.1048 +0.2530 +0.2028 +0.3418 +0.0000 +0.0000 +0.0000 -0.0563 +0.5922 -0.2590 +0.1416 +0.6339 -0.0000 +0.6285 +0.0000 +0.0000 +0.0000 +0.5221 +0.6557 +0.6250 +0.6274 +0.5876 +0.6727 +0.5770 +0.6688 +0.0000 +0.0000 +0.0000 -0.1522 -0.0889 -0.2713 -0.0818 -0.0000 -0.0000 -0.0541 -0.2437 -0.0162 -0.2735 +0.0000 +0.0000 +0.0000 +0.0000 +0.5430 +0.4296 +0.0000 -0.1335 -0.0622 -0.2537 -0.1969 -0.5289 ;
-0.0123 -0.0692 +0.0000 +0.0000 +0.0000 +0.0000 -0.0000 -0.0000 +0.0208 +0.0006 +0.0004 -0.0000 -0.0000 +0.0211 -0.0000 +0.0261 +0.0000 +0.0000 +0.1492 +0.0480 +0.0608 +0.0000 +0.0000 +0.0198 +0.2696 +0.1181 +0.0000 +0.1083 +0.2182 -0.2664 +0.2532 +0.0000 +0.2222 +0.1287 +0.0000 +0.0000 -0.0323 -0.0009 -0.1062 +0.3475 -0.0000 +0.1917 -0.0000 +0.5993 +0.6544 +0.6070 +0.6444 +0.6455 +0.6615 +0.6428 +0.6401 +0.6445 +0.0000 +0.0000 +0.0000 +0.0000 -0.0960 -0.0041 -0.1068 -0.2844 -0.1792 -0.1695 -0.1670 -0.2023 -0.0645 -0.2146 +0.0000 +0.0000 +0.0000 +0.0000 +0.0000 +0.5790 +0.5734 -0.1059 -0.0000 -0.2953 -0.1745 -0.5289 ;
+0.0000 +0.0004 +0.0525 +0.0318 -0.0241 +0.1967 +0.0202 +0.1335 +0.0000 +0.0887 +0.2105 -0.0053 +0.0357 -0.1844 -0.2414 -0.0730 +0.0000 +0.0000 +0.0000 +0.0000 +0.0000 +0.0000 +0.0000 +0.0000 -0.0592 +0.2025 +0.0837 +0.0581 +0.5030 +0.4861 +0.4813 +0.0000 +0.0000 +0.0000 +0.0000 +0.0000 +0.0000 +0.0000 +0.0000 +0.0000 +0.0000 +0.0000 +0.0000 +0.1309 +0.0000 +0.1936 +0.0682 +0.0000 +0.0622 +0.0000 +0.2525 +0.1456 +0.1646 +0.0000 -0.0000 -0.1485 -0.1330 -0.0559 -0.1474 -0.2396 -0.0004 -0.0553 -0.1248 -0.2202 +0.0000 +0.0000 +0.2529 +0.0000 +0.0000 +0.0000 +0.0000 +0.0000 +0.0000 -0.2479 -0.1362 -0.1729 +0.0000 -0.5289 ;
-0.0006 -0.0241 -0.1444 -0.2248 +0.0944 -0.0889 -0.0750 -0.0300 -0.0280 +0.1274 -0.1137 -0.2106 +0.0895 +0.1761 +0.0692 +0.0000 +0.0000 +0.0000 +0.0000 +0.0000 +0.0000 +0.0000 -0.0779 +0.0000 +0.2006 +0.0728 -0.0890 -0.1600 +0.1195 +0.2967 +0.3248 +0.2225 +0.0000 +0.0000 +0.0000 +0.0000 -0.0000 +0.0000 -0.1556 +0.0000 -0.3604 -0.0000 +0.3305 +0.0000 +0.0883 +0.0493 +0.0000 +0.0000 +0.0000 +0.0667 +0.1483 +0.0000 +0.0000 -0.0039 +0.0000 -0.0786 -0.2090 -0.0355 -0.1308 -0.1180 -0.1747 -0.2295 -0.2593 -0.0146 -0.0216 +0.0000 +0.0000 +0.0000 +0.0000 +0.0000 +0.0000 +0.0000 +0.0000 -0.2418 -0.2465 -0.0000 -0.1154 -0.5289 ;
-0.0014 +0.0437 +0.1052 -0.1583 -0.1052 -0.0549 +0.0362 -0.1961 -0.0653 -0.0640 -0.0172 +0.0181 +0.1780 +0.0246 +0.0000 -0.2476 +0.0000 +0.0000 +0.0000 +0.0000 +0.0000 +0.0000 +0.0000 +0.2384 +0.0146 +0.0187 +0.1115 -0.1601 +0.1744 +0.1140 +0.0615 +0.0000 +0.0000 +0.0000 +0.0000 +0.0000 -0.0000 -0.0000 +0.0000 -0.0000 -0.3836 -0.0000 +0.4263 +0.0000 +0.0000 +0.0000 +0.0785 +0.0000 +0.0000 +0.0000 +0.0000 +0.0000 +0.0000 -0.0909 -0.1616 +0.0000 -0.2807 -0.1849 -0.0314 -0.0000 -0.3259 -0.1590 -0.1708 -0.0067 +0.0000 +0.0000 +0.0259 +0.0000 +0.0000 +0.0000 +0.0000 +0.0000 +0.0000 -0.0684 -0.2583 -0.0190 +0.0000 -0.5289 ;
-0.2159 -0.0284 -0.2058 -0.0398 -0.0619 +0.2401 +0.0335 -0.0989 -0.0400 -0.1472 -0.0496 -0.1540 +0.0141 +0.0000 +0.0000 +0.0000 +0.0000 -0.0351 -0.1759 +0.0000 +0.0000 +0.0000 +0.0000 +0.0000 +0.0008 +0.0263 -0.0310 -0.0190 +0.1414 +0.0141 +0.0286 +0.0059 +0.0000 +0.0000 +0.0000 +0.0000 +0.0000 +0.0000 +0.0669 +0.0000 -0.0839 -0.0000 +0.3950 +0.0000 +0.0000 +0.0000 +0.0000 +0.0000 +0.0000 +0.0465 +0.0517 +0.0359 +0.0000 -0.0872 -0.2323 -0.2838 -0.1054 -0.2635 -0.1147 -0.0230 -0.1454 -0.2016 -0.2553 -0.2292 +0.0000 +0.0000 +0.0000 +0.0000 +0.0000 +0.0000 +0.0000 +0.0000 +0.0000 -0.0878 -0.2804 -0.0000 -0.1995 -0.5289 ;
-0.0009 +0.0141 +0.0741 +0.2408 -0.1758 -0.1016 -0.0646 +0.1049 -0.0266 -0.2450 -0.1658 +0.0000 -0.1766 +0.0000 +0.0000 +0.0000 +0.0000 +0.3863 -0.1241 +0.0000 +0.0000 +0.0000 +0.0000 +0.0000 +0.3171 +0.0116 -0.0912 +0.1670 +0.1916 +0.4649 +0.4165 +0.0000 +0.0000 +0.0000 +0.0000 +0.0000 -0.0807 -0.0268 +0.3458 +0.0000 -0.1785 +0.0000 +0.0000 +0.0362 +0.0433 +0.2173 +0.0000 +0.0778 +0.1014 +0.0108 +0.0000 +0.0000 +0.0561 -0.0425 -0.1864 -0.0912 -0.0339 +0.0000 -0.1412 -0.1682 -0.0467 -0.0975 -0.2387 -0.1843 -0.0747 +0.0000 +0.1865 +0.0000 +0.0000 +0.0000 +0.0000 +0.0000 +0.0000 -0.2214 -0.2010 -0.2038 -0.2257 -0.5289 ;
-0.0002 -0.0791 +0.1476 +0.0156 -0.0813 +0.0473 -0.0097 +0.1796 -0.0220 +0.2180 -0.0314 +0.0109 +0.0931 +0.0000 -0.0172 +0.0000 +0.0000 +0.0000 +0.0000 -0.0400 +0.0000 +0.0000 +0.0000 +0.0000 +0.2509 +0.4083 +0.0564 +0.3357 +0.0957 -0.1263 +0.0626 +0.3352 +0.0000 +0.0000 +0.0000 +0.0000 +0.0689 +0.0000 -0.1717 -0.2895 -0.0002 -0.5735 +0.0002 +0.2506 +0.3045 +0.3319 +0.1815 +0.3727 +0.3352 +0.0000 +0.0000 +0.3172 +0.0000 -0.0739 -0.0000 -0.0586 -0.0001 -0.1346 -0.0692 -0.1259 -0.0000 -0.1011 -0.0169 +0.0000 +0.0000 +0.0000 +0.0000 +0.0000 +0.2455 +0.0000 +0.0000 +0.0000 +0.0000 -0.2330 -0.0001 -0.3487 +0.0000 -0.5289 ;
-0.1198 +0.2120 -0.0797 -0.0610 +0.0065 +0.0847 +0.0432 +0.1963 +0.1569 -0.1275 +0.0253 +0.2065 +0.2352 +0.1940 +0.1553 +0.0000 +0.0000 +0.0000 -0.0456 +0.0000 -0.1480 +0.0000 +0.0000 +0.0000 +0.0000 +0.0000 +0.2844 -0.0760 -0.0590 +0.0817 +0.0407 +0.2662 +0.1480 +0.0000 +0.0000 +0.0000 +0.0000 +0.0178 +0.0793 +0.0000 +0.0000 -0.4238 +0.0000 +0.3470 +0.4176 +0.2515 +0.4102 +0.4126 +0.2874 +0.0000 +0.3240 +0.0000 +0.2403 -0.1559 -0.0003 -0.0922 -0.0622 -0.0084 -0.2465 -0.1298 -0.0000 -0.1170 +0.0000 -0.1657 -0.2146 +0.0000 +0.0000 +0.0000 +0.3099 +0.3153 +0.0000 +0.0000 +0.0000 -0.1575 -0.0000 -0.1830 -0.1994 -0.5289 ;
-0.0017 +0.0861 -0.2496 -0.1317 +0.0000 +0.1045 -0.1622 -0.0512 -0.0782 -0.1510 -0.1270 -0.0619 -0.0838 +0.0000 +0.0519 +0.0000 +0.0000 -0.2284 +0.0000 +0.0000 +0.0000 +0.0000 +0.0000 +0.0000 +0.0000 +0.0000 +0.0045 +0.1580 -0.1605 +0.0261 +0.0237 +0.0341 +0.0203 +0.1831 +0.0000 +0.0000 -0.0000 +0.0000 -0.0379 -0.0000 -0.5024 -0.0000 +0.5208 +0.0000 +0.0000 +0.0000 +0.0000 +0.0745 +0.0000 +0.0492 +0.0176 +0.0000 +0.0000 +0.0000 +0.0000 -0.2149 -0.2963 -0.2498 -0.0868 -0.0215 +0.0000 -0.1756 -0.3530 -0.1161 -0.0315 -0.1155 +0.0000 +0.0000 +0.0000 +0.0199 +0.0000 +0.0000 +0.0000 -0.0000 -0.3100 -0.0821 +0.0000 -0.5289 ;
-0.0014 +0.0544 -0.2109 -0.1184 -0.0859 -0.1928 +0.0775 +0.2075 +0.1240 -0.0676 +0.1083 +0.0138 -0.0408 -0.0843 +0.0000 +0.0000 +0.0000 +0.0000 +0.0000 +0.0000 +0.0933 +0.0000 +0.0000 -0.1519 +0.0000 +0.0000 +0.0000 +0.0235 -0.0504 +0.0598 +0.1705 -0.1904 -0.0051 +0.0831 +0.0481 +0.0000 -0.0000 -0.0000 +0.0905 +0.0000 -0.4964 +0.0000 +0.0000 +0.0000 +0.0000 +0.0000 +0.0000 +0.1001 +0.0000 +0.0000 +0.0000 +0.0689 +0.0000 +0.0000 -0.2873 -0.1240 -0.2966 +0.0000 -0.0000 -0.0292 -0.3194 -0.0829 -0.1522 -0.0924 -0.0069 -0.0000 +0.0000 +0.0000 +0.0528 +0.0000 +0.0000 +0.0000 +0.0000 -0.1098 -0.3515 -0.0000 -0.2086 -0.5289 ;
-0.0649 -0.0143 -0.2589 -0.2090 -0.1609 -0.1753 +0.0455 +0.1324 +0.1348 +0.0419 -0.0560 +0.0319 +0.0657 -0.0722 +0.1641 -0.1369 +0.0000 +0.0000 +0.0000 +0.0000 -0.1867 +0.0000 +0.0000 +0.0000 +0.0000 +0.0000 +0.0000 +0.0000 +0.1948 +0.0890 +0.1717 +0.1111 +0.0088 -0.0701 +0.1182 +0.0090 +0.0000 +0.0000 -0.0482 +0.0000 -0.0635 -0.0000 +0.5173 +0.0000 +0.0000 +0.0000 +0.0000 +0.0000 +0.0192 +0.0000 +0.0000 +0.0000 +0.0000 +0.0000 +0.0000 -0.2731 -0.1513 -0.2055 -0.0000 -0.0000 -0.2385 -0.2446 -0.1085 -0.0835 -0.1884 -0.0721 +0.0000 +0.0000 +0.0000 +0.0000 +0.0000 +0.0000 +0.0000 -0.1224 -0.4273 -0.0000 -0.2686 -0.5289 ;
-0.0011 +0.0011 -0.0627 -0.1845 +0.0000 +0.1518 -0.2555 +0.0321 +0.1483 +0.1917 -0.0262 +0.1039 +0.0266 -0.0483 +0.0490 +0.0000 +0.0000 +0.0000 +0.0000 +0.0000 +0.0000 +0.3088 +0.0000 -0.0903 +0.0000 +0.0000 +0.0000 +0.0000 +0.0000 +0.3675 +0.3339 +0.2627 -0.0116 +0.1504 +0.0559 +0.4039 -0.0556 -0.0954 +0.0000 -0.1882 -0.1986 -0.1507 +0.2051 +0.0000 +0.0852 +0.2086 +0.2314 +0.0000 +0.1945 +0.0386 +0.1851 +0.0898 +0.0000 +0.0000 +0.0000 +0.0000 -0.1421 -0.0508 -0.1435 -0.1689 -0.1683 -0.0689 -0.2291 -0.0329 -0.1391 -0.1608 +0.0000 +0.0000 +0.0000 +0.0000 +0.1252 +0.0000 +0.0000 +0.0000 -0.0100 -0.2998 -0.0902 -0.5289 ;
-0.0009 +0.0853 +0.0000 +0.0567 +0.0000 +0.1411 +0.1102 +0.0434 -0.0963 +0.1439 +0.0827 +0.0065 -0.2096 -0.2062 -0.1161 +0.0000 +0.0000 +0.0000 +0.0000 -0.0701 +0.0000 +0.0000 +0.0000 +0.0000 +0.0000 +0.0000 +0.0000 +0.0000 +0.3415 +0.3777 +0.3894 +0.3625 -0.0176 +0.1607 +0.1002 -0.0878 -0.1526 +0.0000 +0.0501 +0.0000 -0.0523 -0.1983 +0.2505 +0.0000 +0.0000 +0.2018 +0.1187 +0.0000 +0.2352 +0.1688 +0.0868 +0.0919 +0.1588 +0.0000 +0.0000 -0.2330 -0.1364 -0.1793 -0.1930 -0.0746 -0.2382 -0.1727 -0.1607 -0.0896 -0.0142 -0.0629 +0.0000 +0.0000 +0.0000 +0.0000 +0.0000 +0.0000 +0.2162 -0.1760 -0.1080 -0.2865 -0.1777 -0.5289 ;
-0.0436 +0.2218 -0.0000 +0.0000 -0.0000 +0.1544 +0.2267 +0.0181 +0.1996 +0.1231 +0.1585 +0.2174 -0.0383 +0.1653 -0.0220 +0.0000 +0.0000 +0.0000 +0.0000 +0.0000 +0.0000 -0.0475 +0.0015 -0.1127 +0.0000 +0.0000 +0.0000 +0.0000 +0.1531 +0.3155 +0.3317 -0.0706 +0.1345 +0.0614 -0.1038 +0.0327 -0.0133 -0.0029 +0.1689 +0.3160 -0.0000 -0.2005 +0.0000 +0.0000 +0.0000 +0.2696 +0.2589 +0.2689 +0.2951 +0.2819 +0.3618 +0.4226 +0.2919 +0.0000 +0.0000 -0.0757 -0.0472 -0.1175 -0.3339 -0.2527 -0.0000 -0.0000 -0.0787 -0.0692 -0.2096 -0.1334 +0.0000 +0.0000 +0.0000 +0.0000 +0.0000 +0.2557 +0.3299 -0.1171 -0.0000 -0.3392 -0.1781 -0.5289 ;
+0.0000 +0.0000 -0.0830 +0.0657 -0.1028 +0.0000 +0.0908 +0.0483 +0.1543 +0.1163 +0.0082 +0.0000 +0.0000 +0.0000 -0.0000 +0.0851 +0.0337 +0.0148 +0.2109 +0.0368 +0.2249 +0.0000 +0.0000 +0.0000 +0.0000 -0.1307 +0.1589 -0.0354 -0.0214 +0.0779 +0.1570 +0.1588 -0.1494 +0.1563 -0.2019 -0.0652 +0.0000 +0.0000 +0.0000 +0.0000 +0.0000 +0.0000 +0.0000 +0.6550 +0.6281 +0.6021 +0.6675 +0.0000 +0.0000 +0.0000 +0.0000 +0.0000 +0.0000 -0.1984 +0.0000 +0.0000 +0.0000 +0.0000 +0.0000 +0.0000 +0.0000 +0.0000 +0.0000 +0.0000 +0.0000 +0.0000 +0.2973 +0.4866 +0.4707 +0.0000 +0.0000 +0.0000 +0.4552 -0.1236 +0.0000 -0.3469 -0.0422 -0.3569 ;
+0.0000 +0.0576 +0.0161 +0.0270 +0.0721 +0.0000 +0.0000 +0.0000 +0.0008 +0.1023 +0.0424 -0.0636 +0.0000 +0.0000 -0.0461 +0.0891 +0.1743 +0.0746 +0.1321 +0.0442 +0.0057 +0.0000 +0.0000 +0.0000 -0.1511 +0.2336 -0.0502 +0.0461 -0.0174 +0.0366 +0.1010 +0.2578 -0.0201 +0.2009 -0.0618 -0.2364 +0.4395 +0.5927 -0.0948 -0.2857 +0.0312 +0.0000 -0.0000 +0.6539 +0.6179 +0.6118 +0.6618 +0.0000 +0.0000 +0.0000 +0.0000 +0.0000 +0.0000 +0.0000 -0.1259 +0.0000 +0.0000 +0.0000 +0.0000 +0.0000 +0.0000 +0.0000 +0.0000 +0.0000 +0.0000 +0.0000 +0.0000 +0.2850 +0.2729 +0.2961 +0.0000 +0.0000 +0.3565 -0.2699 -0.0000 -0.2642 -0.1801 -0.3569 ;
-0.0088 +0.0000 +0.0700 +0.0059 +0.0830 -0.0000 -0.0158 +0.0856 +0.0008 +0.1289 +0.0839 -0.0551 -0.0337 +0.0000 +0.0000 +0.1682 +0.1463 -0.1141 +0.1526 +0.1075 +0.0179 +0.0000 +0.0000 +0.0000 +0.1423 +0.0050 +0.1013 +0.0501 -0.0227 +0.0153 -0.0249 +0.0499 -0.0713 -0.1967 -0.2455 -0.1646 +0.4523 -0.2622 +0.0000 -0.1549 +0.1533 -0.5427 +0.0000 +0.6473 +0.5586 +0.5581 +0.5547 +0.0000 +0.0000 +0.0000 +0.0000 +0.0000 +0.0000 +0.0000 +0.0000 +0.0000 +0.0000 -0.1106 +0.0000 +0.0000 +0.0000 +0.0000 +0.0000 +0.0000 +0.0000 +0.0000 +0.3559 +0.3961 +0.2545 +0.4708 +0.4775 +0.0000 +0.0000 -0.2337 -0.0000 -0.3700 -0.0661 -0.3569 ;
-0.0088 -0.0000 +0.0000 +0.0000 +0.0402 +0.1280 -0.0202 -0.0000 +0.0684 -0.0070 +0.0683 +0.0000 -0.0063 +0.0000 +0.0000 +0.0725 +0.2314 +0.0084 +0.1060 +0.0710 +0.1802 +0.0000 +0.0000 +0.0000 +0.0280 -0.0135 +0.0720 +0.1920 -0.0213 -0.0475 +0.0232 -0.2300 +0.0578 +0.1130 -0.0581 +0.0353 -0.4483 +0.4921 -0.1796 +0.6484 +0.0000 +0.0000 -0.0000 +0.0000 +0.0000 +0.5689 +0.5946 +0.5693 +0.6718 +0.0000 +0.0000 +0.0000 +0.0000 +0.0000 +0.0000 +0.0000 +0.0000 -0.1768 -0.2240 +0.0000 +0.0000 +0.0000 +0.0000 +0.0000 +0.0000 +0.0000 +0.0000 +0.3158 +0.3783 +0.0000 +0.3433 +0.3806 +0.0000 -0.2603 -0.0000 -0.2358 +0.0000 -0.3569 ;
-0.0243 +0.0000 +0.0000 +0.0000 +0.0000 +0.0859 -0.0143 +0.0256 +0.0893 -0.0319 -0.0589 +0.0420 +0.0000 -0.0024 +0.0000 +0.0000 +0.0000 +0.0681 +0.0940 +0.1204 +0.0984 +0.0122 +0.0030 +0.0000 +0.1744 +0.0093 +0.0217 +0.0903 -0.0141 +0.0448 +0.2700 +0.1754 -0.2004 -0.2076 -0.0463 -0.0702 +0.5207 -0.3213 +0.0000 -0.2402 +0.0450 -0.5954 +0.0000 +0.0000 +0.0000 +0.0000 +0.6680 +0.6508 +0.6276 +0.5893 +0.0000 +0.0000 +0.0000 +0.0000 +0.0000 +0.0000 +0.0000 +0.0000 +0.0000 -0.2322 +0.0000 +0.0000 +0.0000 +0.0000 +0.0000 +0.0000 +0.3035 +0.5113 +0.3752 +0.5241 +0.0000 +0.4010 +0.0000 -0.2765 -0.0000 -0.3266 -0.0422 -0.3569 ;
+0.0000 +0.0000 +0.0000 +0.0000 +0.0000 +0.0000 +0.0000 +0.1004 +0.0008 -0.0499 +0.0636 -0.0762 -0.1118 +0.0862 +0.0000 +0.0000 +0.0000 +0.0000 +0.1552 +0.0797 +0.0583 +0.0729 +0.1527 +0.1316 +0.1598 -0.0226 -0.0589 -0.0295 -0.0129 +0.2694 -0.1352 -0.1286 -0.0975 +0.2267 +0.0695 +0.0602 +0.4406 +0.4866 -0.0264 -0.2028 +0.1417 +0.0000 -0.0000 +0.0000 +0.0000 +0.0000 +0.0000 +0.0000 +0.5902 +0.6652 +0.6301 +0.5695 +0.0000 +0.0000 +0.0000 +0.0000 +0.0000 +0.0000 +0.0000 +0.0000 +0.0000 -0.0667 +0.0000 +0.0000 +0.0000 +0.0000 +0.4201 +0.0000 +0.0000 +0.4007 +0.3116 +0.0000 +0.3467 -0.1945 -0.0000 -0.2222 -0.1706 -0.3569 ;
-0.0876 -0.1006 +0.0000 +0.0000 +0.0000 +0.0000 +0.0548 +0.0000 +0.0008 +0.0094 +0.0403 +0.0817 +0.0976 +0.0221 -0.0360 +0.0000 +0.0000 +0.0000 +0.2103 +0.0510 +0.1006 -0.1461 -0.0313 +0.1935 +0.1736 +0.0313 -0.0148 -0.2091 -0.2524 +0.0080 +0.0522 +0.0374 -0.1260 +0.0610 +0.1844 +0.1307 +0.1135 +0.1850 +0.1417 +0.3303 +0.0168 -0.2580 -0.0000 +0.0000 +0.0000 +0.0000 +0.0000 +0.0000 +0.6551 +0.6693 +0.6531 +0.6658 +0.6447 +0.0000 +0.0000 +0.0000 +0.0000 +0.0000 +0.0000 +0.0000 +0.0000 +0.0000 +0.0000 -0.0611 -0.1442 +0.0000 +0.5094 +0.0000 +0.3846 +0.5084 +0.3871 +0.4929 +0.0000 -0.2850 -0.0000 -0.3750 -0.0422 -0.3569 ;
+0.0000 -0.0837 -0.0083 -0.0092 -0.1035 -0.0048 -0.0121 -0.1455 +0.0000 -0.0953 -0.0000 -0.0810 -0.0187 -0.0000 -0.0293 +0.0270 -0.0725 -0.1000 -0.0000 +0.1046 +0.0000 +0.0000 +0.0000 +0.0399 -0.0957 +0.0068 +0.2004 -0.0944 -0.0668 +0.0511 +0.2003 +0.0906 +0.1127 +0.0044 +0.0000 -0.1842 +0.0000 +0.0000 +0.0000 +0.0000 +0.0000 +0.0000 +0.0000 +0.0000 +0.0000 +0.2412 +0.0000 +0.0000 +0.0000 +0.0000 +0.0000 +0.0000 +0.0000 -0.0496 +0.0000 +0.0000 +0.0000 +0.0000 +0.0000 +0.0000 +0.0000 +0.0000 -0.1504 +0.0000 +0.0000 +0.0000 +0.0493 +0.0856 +0.2217 +0.2315 +0.0000 +0.0000 +0.0000 +0.0000 -0.1839 +0.0000 +0.0000 -0.3569 ;
-0.2164 +0.0992 -0.1151 -0.1643 -0.2037 -0.0858 -0.1749 -0.2468 -0.0286 -0.0562 -0.1640 -0.1550 -0.1904 -0.1372 -0.1060 -0.1304 +0.0465 -0.0419 -0.0084 +0.0928 +0.0000 +0.0000 +0.2205 +0.1742 +0.0512 -0.0853 -0.0907 -0.0602 -0.0726 +0.0029 -0.0166 +0.0234 +0.0611 -0.0822 -0.0841 -0.0752 +0.0000 +0.0077 +0.2204 -0.1169 +0.4145 +0.0000 -0.1507 +0.0000 +0.0502 +0.0000 +0.1505 +0.0000 +0.0000 +0.0000 +0.0000 +0.0000 +0.0000 +0.0000 -0.1745 +0.0000 +0.0000 +0.0000 +0.0000 -0.0000 +0.0000 +0.0000 +0.0000 +0.0000 +0.0000 +0.0000 +0.0000 +0.0776 +0.0000 +0.0035 +0.1173 +0.1261 +0.0000 -0.2356 +0.0000 +0.0000 +0.0000 -0.3569 ;
-0.0724 -0.1217 -0.0084 -0.0000 -0.1303 -0.0000 +0.1391 -0.0000 -0.0000 -0.0539 -0.1340 -0.0471 -0.0033 -0.0006 -0.0000 +0.2393 +0.0000 -0.0007 -0.0797 -0.1132 +0.1554 -0.0736 +0.0000 +0.0000 +0.0000 -0.0962 +0.0474 -0.1752 -0.0201 -0.0283 +0.0653 +0.0875 +0.1689 -0.0287 +0.0119 -0.0712 +0.0000 +0.0000 +0.0000 -0.1071 +0.0000 +0.0000 +0.0567 +0.0000 +0.0000 +0.0000 +0.0000 +0.2397 +0.2149 +0.0000 +0.0000 +0.0000 +0.0000 +0.0000 +0.0000 +0.0000 +0.0000 +0.0000 -0.2024 +0.0000 -0.1724 +0.0000 +0.0000 +0.0000 +0.0000 +0.0000 +0.0000 +0.1265 +0.0753 +0.2929 +0.2729 +0.0895 +0.0000 +0.0000 -0.2232 +0.0000 +0.0000 -0.3569 ;
-0.2179 +0.0578 -0.1626 -0.0077 -0.1425 -0.0834 -0.1292 -0.0000 -0.0241 -0.0170 -0.0575 -0.1663 -0.1471 +0.1774 -0.0000 +0.0000 +0.0000 +0.0000 +0.0000 +0.1004 +0.0547 +0.1331 -0.1547 -0.2092 +0.0000 +0.0512 +0.1091 +0.0324 +0.1558 +0.0912 +0.1555 -0.0206 -0.1456 +0.1100 -0.0591 +0.0742 +0.0000 -0.0291 +0.2143 -0.0756 +0.0797 +0.0571 +0.0904 +0.0000 +0.0000 +0.0000 +0.0000 +0.0000 +0.0320 +0.0000 +0.1030 +0.0000 +0.0000 +0.0000 +0.0000 +0.0000 +0.0000 +0.0000 +0.0000 +0.0000 -0.1477 -0.0240 +0.0000 -0.1034 +0.0000 +0.0000 +0.0000 +0.0000 +0.1391 +0.0852 +0.0905 +0.0280 +0.1641 +0.0000 -0.2092 -0.1761 +0.0000 -0.3569 ;
+0.0000 +0.0000 +0.0000 +0.0000 +0.0000 +0.0000 +0.0000 +0.0000 +0.0000 +0.0000 +0.0000 +0.0000 +0.0000 +0.0000 +0.0000 +0.0000 +0.0000 +0.0000 +0.0000 +0.0000 +0.0000 +0.0000 +0.0000 +0.0000 +0.0000 +0.0000 +0.0000 +0.0000 +0.0000 +0.0000 +0.0000 +0.0000 +0.0000 +0.0000 +0.0000 +0.0000 +0.0000 +0.0000 +0.0000 +0.0000 +0.0000 +0.0000 +0.0000 +0.0000 +0.0000 +0.0000 +0.0000 +0.0000 +0.0000 +0.0000 +0.0000 +0.0000 +0.0000 +0.0000 +0.0000 +0.0000 +0.0000 +0.0000 +0.0000 +0.0000 +0.0000 +0.0000 +0.0000 +0.0000 +0.0000 +0.0000 +0.0000 +0.0000 +0.0000 +0.0000 +0.0000 +0.0000 +0.0000 +0.0000 +0.0000 +0.0000 +0.0000 +0.0000 ;
