brain 22863 fitness=1.17525 numneurons+1=73 maxWeight=8 maxBias=8 redinput=2-13 greeninput=14-29 blueinput=30-33
+0.0000 +0.0000 +0.0000 +0.0000 +0.0000 +0.0000 +0.0000 +0.0000 +0.0000 +0.0000 +0.0000 +0.0000 +0.0000 +0.0000 +0.0000 +0.0000 +0.0000 +0.0000 +0.0000 +0.0000 +0.0000 +0.0000 +0.0000 +0.0000 +0.0000 +0.0000 +0.0000 +0.0000 +0.0000 +0.0000 +0.0000 +0.0000 +0.0000 +0.0000 +0.0000 +0.0000 +0.0000 +0.0000 +0.0000 +0.0000 +0.0000 +0.0000 +0.0000 +0.0000 +0.0000 +0.0000 +0.0000 +0.0000 +0.0000 +0.0000 +0.0000 +0.0000 +0.0000 +0.0000 +0.0000 +0.0000 +0.0000 +0.0000 +0.0000 +0.0000 +0.0000 +0.0000 +0.0000 +0.0000 +0.0000 +0.0000 +0.0000 +0.0000 +0.0000 +0.0000 +0.0000 +0.0000 +0.0000 ;
+0.0000 +0.0000 +0.0000 +0.0000 +0.0000 +0.0000 +0.0000 +0.0000 +0.0000 +0.0000 +0.0000 +0.0000 +0.0000 +0.0000 +0.0000 +0.0000 +0.0000 +0.0000 +0.0000 +0.0000 +0.0000 +0.0000 +0.0000 +0.0000 +0.0000 +0.0000 +0.0000 +0.0000 +0.0000 +0.0000 +0.0000 +0.0000 +0.0000 +0.0000 +0.0000 +0.0000 +0.0000 +0.0000 +0.0000 +0.0000 +0.0000 +0.0000 +0.0000 +0.0000 +0.0000 +0.0000 +0.0000 +0.0000 +0.0000 +0.0000 +0.0000 +0.0000 +0.0000 +0.0000 +0.0000 +0.0000 +0.0000 +0.0000 +0.0000 +0.0000 +0.0000 +0.0000 +0.0000 +0.0000 +0.0000 +0.0000 +0.0000 +0.0000 +0.0000 +0.0000 +0.0000 +0.0000 +0.0000 ;
+0.0000 +0.0000 +0.0000 +0.0000 +0.0000 +0.0000 +0.0000 +0.0000 +0.0000 +0.0000 +0.0000 +0.0000 +0.0000 +0.0000 +0.0000 +0.0000 +0.0000 +0.0000 +0.0000 +0.0000 +0.0000 +0.0000 +0.0000 +0.0000 +0.0000 +0.0000 +0.0000 +0.0000 +0.0000 +0.0000 +0.0000 +0.0000 +0.0000 +0.0000 +0.0000 +0.0000 +0.0000 +0.0000 +0.0000 +0.0000 +0.0000 +0.0000 +0.0000 +0.0000 +0.0000 +0.0000 +0.0000 +0.0000 +0.0000 +0.0000 +0.0000 +0.0000 +0.0000 +0.0000 +0.0000 +0.0000 +0.0000 +0.0000 +0.0000 +0.0000 +0.0000 +0.0000 +0.0000 +0.0000 +0.0000 +0.0000 +0.0000 +0.0000 +0.0000 +0.0000 +0.0000 +0.0000 +0.0000 ;
+0.0000 +0.0000 +0.0000 +0.0000 +0.0000 +0.0000 +0.0000 +0.0000 +0.0000 +0.0000 +0.0000 +0.0000 +0.0000 +0.0000 +0.0000 +0.0000 +0.0000 +0.0000 +0.0000 +0.0000 +0.0000 +0.0000 +0.0000 +0.0000 +0.0000 +0.0000 +0.0000 +0.0000 +0.0000 +0.0000 +0.0000 +0.0000 +0.0000 +0.0000 +0.0000 +0.0000 +0.0000 +0.0000 +0.0000 +0.0000 +0.0000 +0.0000 +0.0000 +0.0000 +0.0000 +0.0000 +0.0000 +0.0000 +0.0000 +0.0000 +0.0000 +0.0000 +0.0000 +0.0000 +0.0000 +0.0000 +0.0000 +0.0000 +0.0000 +0.0000 +0.0000 +0.0000 +0.0000 +0.0000 +0.0000 +0.0000 +0.0000 +0.0000 +0.0000 +0.0000 +0.0000 +0.0000 +0.0000 ;
+0.0000 +0.0000 +0.0000 +0.0000 +0.0000 +0.0000 +0.0000 +0.0000 +0.0000 +0.0000 +0.0000 +0.0000 +0.0000 +0.0000 +0.0000 +0.0000 +0.0000 +0.0000 +0.0000 +0.0000 +0.0000 +0.0000 +0.0000 +0.0000 +0.0000 +0.0000 +0.0000 +0.0000 +0.0000 +0.0000 +0.0000 +0.0000 +0.0000 +0.0000 +0.0000 +0.0000 +0.0000 +0.0000 +0.0000 +0.0000 +0.0000 +0.0000 +0.0000 +0.0000 +0.0000 +0.0000 +0.0000 +0.0000 +0.0000 +0.0000 +0.0000 +0.0000 +0.0000 +0.0000 +0.0000 +0.0000 +0.0000 +0.0000 +0.0000 +0.0000 +0.0000 +0.0000 +0.0000 +0.0000 +0.0000 +0.0000 +0.0000 +0.0000 +0.0000 +0.0000 +0.0000 +0.0000 +0.0000 ;
+0.0000 +0.0000 +0.0000 +0.0000 +0.0000 +0.0000 +0.0000 +0.0000 +0.0000 +0.0000 +0.0000 +0.0000 +0.0000 +0.0000 +0.0000 +0.0000 +0.0000 +0.0000 +0.0000 +0.0000 +0.0000 +0.0000 +0.0000 +0.0000 +0.0000 +0.0000 +0.0000 +0.0000 +0.0000 +0.0000 +0.0000 +0.0000 +0.0000 +0.0000 +0.0000 +0.0000 +0.0000 +0.0000 +0.0000 +0.0000 +0.0000 +0.0000 +0.0000 +0.0000 +0.0000 +0.0000 +0.0000 +0.0000 +0.0000 +0.0000 +0.0000 +0.0000 +0.0000 +0.0000 +0.0000 +0.0000 +0.0000 +0.0000 +0.0000 +0.0000 +0.0000 +0.0000 +0.0000 +0.0000 +0.0000 +0.0000 +0.0000 +0.0000 +0.0000 +0.0000 +0.0000 +0.0000 +0.0000 ;
+0.0000 +0.0000 +0.0000 +0.0000 +0.0000 +0.0000 +0.0000 +0.0000 +0.0000 +0.0000 +0.0000 +0.0000 +0.0000 +0.0000 +0.0000 +0.0000 +0.0000 +0.0000 +0.0000 +0.0000 +0.0000 +0.0000 +0.0000 +0.0000 +0.0000 +0.0000 +0.0000 +0.0000 +0.0000 +0.0000 +0.0000 +0.0000 +0.0000 +0.0000 +0.0000 +0.0000 +0.0000 +0.0000 +0.0000 +0.0000 +0.0000 +0.0000 +0.0000 +0.0000 +0.0000 +0.0000 +0.0000 +0.0000 +0.0000 +0.0000 +0.0000 +0.0000 +0.0000 +0.0000 +0.0000 +0.0000 +0.0000 +0.0000 +0.0000 +0.0000 +0.0000 +0.0000 +0.0000 +0.0000 +0.0000 +0.0000 +0.0000 +0.0000 +0.0000 +0.0000 +0.0000 +0.0000 +0.0000 ;
+0.0000 +0.0000 +0.0000 +0.0000 +0.0000 +0.0000 +0.0000 +0.0000 +0.0000 +0.0000 +0.0000 +0.0000 +0.0000 +0.0000 +0.0000 +0.0000 +0.0000 +0.0000 +0.0000 +0.0000 +0.0000 +0.0000 +0.0000 +0.0000 +0.0000 +0.0000 +0.0000 +0.0000 +0.0000 +0.0000 +0.0000 +0.0000 +0.0000 +0.0000 +0.0000 +0.0000 +0.0000 +0.0000 +0.0000 +0.0000 +0.0000 +0.0000 +0.0000 +0.0000 +0.0000 +0.0000 +0.0000 +0.0000 +0.0000 +0.0000 +0.0000 +0.0000 +0.0000 +0.0000 +0.0000 +0.0000 +0.0000 +0.0000 +0.0000 +0.0000 +0.0000 +0.0000 +0.0000 +0.0000 +0.0000 +0.0000 +0.0000 +0.0000 +0.0000 +0.0000 +0.0000 +0.0000 +0.0000 ;
+0.0000 +0.0000 +0.0000 +0.0000 +0.0000 +0.0000 +0.0000 +0.0000 +0.0000 +0.0000 +0.0000 +0.0000 +0.0000 +0.0000 +0.0000 +0.0000 +0.0000 +0.0000 +0.0000 +0.0000 +0.0000 +0.0000 +0.0000 +0.0000 +0.0000 +0.0000 +0.0000 +0.0000 +0.0000 +0.0000 +0.0000 +0.0000 +0.0000 +0.0000 +0.0000 +0.0000 +0.0000 +0.0000 +0.0000 +0.0000 +0.0000 +0.0000 +0.0000 +0.0000 +0.0000 +0.0000 +0.0000 +0.0000 +0.0000 +0.0000 +0.0000 +0.0000 +0.0000 +0.0000 +0.0000 +0.0000 +0.0000 +0.0000 +0.0000 +0.0000 +0.0000 +0.0000 +0.0000 +0.0000 +0.0000 +0.0000 +0.0000 +0.0000 +0.0000 +0.0000 +0.0000 +0.0000 +0.0000 ;
+0.0000 +0.0000 +0.0000 +0.0000 +0.0000 +0.0000 +0.0000 +0.0000 +0.0000 +0.0000 +0.0000 +0.0000 +0.0000 +0.0000 +0.0000 +0.0000 +0.0000 +0.0000 +0.0000 +0.0000 +0.0000 +0.0000 +0.0000 +0.0000 +0.0000 +0.0000 +0.0000 +0.0000 +0.0000 +0.0000 +0.0000 +0.0000 +0.0000 +0.0000 +0.0000 +0.0000 +0.0000 +0.0000 +0.0000 +0.0000 +0.0000 +0.0000 +0.0000 +0.0000 +0.0000 +0.0000 +0.0000 +0.0000 +0.0000 +0.0000 +0.0000 +0.0000 +0.0000 +0.0000 +0.0000 +0.0000 +0.0000 +0.0000 +0.0000 +0.0000 +0.0000 +0.0000 +0.0000 +0.0000 +0.0000 +0.0000 +0.0000 +0.0000 +0.0000 +0.0000 +0.0000 +0.0000 +0.0000 ;
+0.0000 +0.0000 +0.0000 +0.0000 +0.0000 +0.0000 +0.0000 +0.0000 +0.0000 +0.0000 +0.0000 +0.0000 +0.0000 +0.0000 +0.0000 +0.0000 +0.0000 +0.0000 +0.0000 +0.0000 +0.0000 +0.0000 +0.0000 +0.0000 +0.0000 +0.0000 +0.0000 +0.0000 +0.0000 +0.0000 +0.0000 +0.0000 +0.0000 +0.0000 +0.0000 +0.0000 +0.0000 +0.0000 +0.0000 +0.0000 +0.0000 +0.0000 +0.0000 +0.0000 +0.0000 +0.0000 +0.0000 +0.0000 +0.0000 +0.0000 +0.0000 +0.0000 +0.0000 +0.0000 +0.0000 +0.0000 +0.0000 +0.0000 +0.0000 +0.0000 +0.0000 +0.0000 +0.0000 +0.0000 +0.0000 +0.0000 +0.0000 +0.0000 +0.0000 +0.0000 +0.0000 +0.0000 +0.0000 ;
+0.0000 +0.0000 +0.0000 +0.0000 +0.0000 +0.0000 +0.0000 +0.0000 +0.0000 +0.0000 +0.0000 +0.0000 +0.0000 +0.0000 +0.0000 +0.0000 +0.0000 +0.0000 +0.0000 +0.0000 +0.0000 +0.0000 +0.0000 +0.0000 +0.0000 +0.0000 +0.0000 +0.0000 +0.0000 +0.0000 +0.0000 +0.0000 +0.0000 +0.0000 +0.0000 +0.0000 +0.0000 +0.0000 +0.0000 +0.0000 +0.0000 +0.0000 +0.0000 +0.0000 +0.0000 +0.0000 +0.0000 +0.0000 +0.0000 +0.0000 +0.0000 +0.0000 +0.0000 +0.0000 +0.0000 +0.0000 +0.0000 +0.0000 +0.0000 +0.0000 +0.0000 +0.0000 +0.0000 +0.0000 +0.0000 +0.0000 +0.0000 +0.0000 +0.0000 +0.0000 +0.0000 +0.0000 +0.0000 ;
+0.0000 +0.0000 +0.0000 +0.0000 +0.0000 +0.0000 +0.0000 +0.0000 +0.0000 +0.0000 +0.0000 +0.0000 +0.0000 +0.0000 +0.0000 +0.0000 +0.0000 +0.0000 +0.0000 +0.0000 +0.0000 +0.0000 +0.0000 +0.0000 +0.0000 +0.0000 +0.0000 +0.0000 +0.0000 +0.0000 +0.0000 +0.0000 +0.0000 +0.0000 +0.0000 +0.0000 +0.0000 +0.0000 +0.0000 +0.0000 +0.0000 +0.0000 +0.0000 +0.0000 +0.0000 +0.0000 +0.0000 +0.0000 +0.0000 +0.0000 +0.0000 +0.0000 +0.0000 +0.0000 +0.0000 +0.0000 +0.0000 +0.0000 +0.0000 +0.0000 +0.0000 +0.0000 +0.0000 +0.0000 +0.0000 +0.0000 +0.0000 +0.0000 +0.0000 +0.0000 +0.0000 +0.0000 +0.0000 ;
+0.0000 +0.0000 +0.0000 +0.0000 +0.0000 +0.0000 +0.0000 +0.0000 +0.0000 +0.0000 +0.0000 +0.0000 +0.0000 +0.0000 +0.0000 +0.0000 +0.0000 +0.0000 +0.0000 +0.0000 +0.0000 +0.0000 +0.0000 +0.0000 +0.0000 +0.0000 +0.0000 +0.0000 +0.0000 +0.0000 +0.0000 +0.0000 +0.0000 +0.0000 +0.0000 +0.0000 +0.0000 +0.0000 +0.0000 +0.0000 +0.0000 +0.0000 +0.0000 +0.0000 +0.0000 +0.0000 +0.0000 +0.0000 +0.0000 +0.0000 +0.0000 +0.0000 +0.0000 +0.0000 +0.0000 +0.0000 +0.0000 +0.0000 +0.0000 +0.0000 +0.0000 +0.0000 +0.0000 +0.0000 +0.0000 +0.0000 +0.0000 +0.0000 +0.0000 +0.0000 +0.0000 +0.0000 +0.0000 ;
+0.0000 +0.0000 +0.0000 +0.0000 +0.0000 +0.0000 +0.0000 +0.0000 +0.0000 +0.0000 +0.0000 +0.0000 +0.0000 +0.0000 +0.0000 +0.0000 +0.0000 +0.0000 +0.0000 +0.0000 +0.0000 +0.0000 +0.0000 +0.0000 +0.0000 +0.0000 +0.0000 +0.0000 +0.0000 +0.0000 +0.0000 +0.0000 +0.0000 +0.0000 +0.0000 +0.0000 +0.0000 +0.0000 +0.0000 +0.0000 +0.0000 +0.0000 +0.0000 +0.0000 +0.0000 +0.0000 +0.0000 +0.0000 +0.0000 +0.0000 +0.0000 +0.0000 +0.0000 +0.0000 +0.0000 +0.0000 +0.0000 +0.0000 +0.0000 +0.0000 +0.0000 +0.0000 +0.0000 +0.0000 +0.0000 +0.0000 +0.0000 +0.0000 +0.0000 +0.0000 +0.0000 +0.0000 +0.0000 ;
+0.0000 +0.0000 +0.0000 +0.0000 +0.0000 +0.0000 +0.0000 +0.0000 +0.0000 +0.0000 +0.0000 +0.0000 +0.0000 +0.0000 +0.0000 +0.0000 +0.0000 +0.0000 +0.0000 +0.0000 +0.0000 +0.0000 +0.0000 +0.0000 +0.0000 +0.0000 +0.0000 +0.0000 +0.0000 +0.0000 +0.0000 +0.0000 +0.0000 +0.0000 +0.0000 +0.0000 +0.0000 +0.0000 +0.0000 +0.0000 +0.0000 +0.0000 +0.0000 +0.0000 +0.0000 +0.0000 +0.0000 +0.0000 +0.0000 +0.0000 +0.0000 +0.0000 +0.0000 +0.0000 +0.0000 +0.0000 +0.0000 +0.0000 +0.0000 +0.0000 +0.0000 +0.0000 +0.0000 +0.0000 +0.0000 +0.0000 +0.0000 +0.0000 +0.0000 +0.0000 +0.0000 +0.0000 +0.0000 ;
+0.0000 +0.0000 +0.0000 +0.0000 +0.0000 +0.0000 +0.0000 +0.0000 +0.0000 +0.0000 +0.0000 +0.0000 +0.0000 +0.0000 +0.0000 +0.0000 +0.0000 +0.0000 +0.0000 +0.0000 +0.0000 +0.0000 +0.0000 +0.0000 +0.0000 +0.0000 +0.0000 +0.0000 +0.0000 +0.0000 +0.0000 +0.0000 +0.0000 +0.0000 +0.0000 +0.0000 +0.0000 +0.0000 +0.0000 +0.0000 +0.0000 +0.0000 +0.0000 +0.0000 +0.0000 +0.0000 +0.0000 +0.0000 +0.0000 +0.0000 +0.0000 +0.0000 +0.0000 +0.0000 +0.0000 +0.0000 +0.0000 +0.0000 +0.0000 +0.0000 +0.0000 +0.0000 +0.0000 +0.0000 +0.0000 +0.0000 +0.0000 +0.0000 +0.0000 +0.0000 +0.0000 +0.0000 +0.0000 ;
+0.0000 +0.0000 +0.0000 +0.0000 +0.0000 +0.0000 +0.0000 +0.0000 +0.0000 +0.0000 +0.0000 +0.0000 +0.0000 +0.0000 +0.0000 +0.0000 +0.0000 +0.0000 +0.0000 +0.0000 +0.0000 +0.0000 +0.0000 +0.0000 +0.0000 +0.0000 +0.0000 +0.0000 +0.0000 +0.0000 +0.0000 +0.0000 +0.0000 +0.0000 +0.0000 +0.0000 +0.0000 +0.0000 +0.0000 +0.0000 +0.0000 +0.0000 +0.0000 +0.0000 +0.0000 +0.0000 +0.0000 +0.0000 +0.0000 +0.0000 +0.0000 +0.0000 +0.0000 +0.0000 +0.0000 +0.0000 +0.0000 +0.0000 +0.0000 +0.0000 +0.0000 +0.0000 +0.0000 +0.0000 +0.0000 +0.0000 +0.0000 +0.0000 +0.0000 +0.0000 +0.0000 +0.0000 +0.0000 ;
+0.0000 +0.0000 +0.0000 +0.0000 +0.0000 +0.0000 +0.0000 +0.0000 +0.0000 +0.0000 +0.0000 +0.0000 +0.0000 +0.0000 +0.0000 +0.0000 +0.0000 +0.0000 +0.0000 +0.0000 +0.0000 +0.0000 +0.0000 +0.0000 +0.0000 +0.0000 +0.0000 +0.0000 +0.0000 +0.0000 +0.0000 +0.0000 +0.0000 +0.0000 +0.0000 +0.0000 +0.0000 +0.0000 +0.0000 +0.0000 +0.0000 +0.0000 +0.0000 +0.0000 +0.0000 +0.0000 +0.0000 +0.0000 +0.0000 +0.0000 +0.0000 +0.0000 +0.0000 +0.0000 +0.0000 +0.0000 +0.0000 +0.0000 +0.0000 +0.0000 +0.0000 +0.0000 +0.0000 +0.0000 +0.0000 +0.0000 +0.0000 +0.0000 +0.0000 +0.0000 +0.0000 +0.0000 +0.0000 ;
+0.0000 +0.0000 +0.0000 +0.0000 +0.0000 +0.0000 +0.0000 +0.0000 +0.0000 +0.0000 +0.0000 +0.0000 +0.0000 +0.0000 +0.0000 +0.0000 +0.0000 +0.0000 +0.0000 +0.0000 +0.0000 +0.0000 +0.0000 +0.0000 +0.0000 +0.0000 +0.0000 +0.0000 +0.0000 +0.0000 +0.0000 +0.0000 +0.0000 +0.0000 +0.0000 +0.0000 +0.0000 +0.0000 +0.0000 +0.0000 +0.0000 +0.0000 +0.0000 +0.0000 +0.0000 +0.0000 +0.0000 +0.0000 +0.0000 +0.0000 +0.0000 +0.0000 +0.0000 +0.0000 +0.0000 +0.0000 +0.0000 +0.0000 +0.0000 +0.0000 +0.0000 +0.0000 +0.0000 +0.0000 +0.0000 +0.0000 +0.0000 +0.0000 +0.0000 +0.0000 +0.0000 +0.0000 +0.0000 ;
+0.0000 +0.0000 +0.0000 +0.0000 +0.0000 +0.0000 +0.0000 +0.0000 +0.0000 +0.0000 +0.0000 +0.0000 +0.0000 +0.0000 +0.0000 +0.0000 +0.0000 +0.0000 +0.0000 +0.0000 +0.0000 +0.0000 +0.0000 +0.0000 +0.0000 +0.0000 +0.0000 +0.0000 +0.0000 +0.0000 +0.0000 +0.0000 +0.0000 +0.0000 +0.0000 +0.0000 +0.0000 +0.0000 +0.0000 +0.0000 +0.0000 +0.0000 +0.0000 +0.0000 +0.0000 +0.0000 +0.0000 +0.0000 +0.0000 +0.0000 +0.0000 +0.0000 +0.0000 +0.0000 +0.0000 +0.0000 +0.0000 +0.0000 +0.0000 +0.0000 +0.0000 +0.0000 +0.0000 +0.0000 +0.0000 +0.0000 +0.0000 +0.0000 +0.0000 +0.0000 +0.0000 +0.0000 +0.0000 ;
+0.0000 +0.0000 +0.0000 +0.0000 +0.0000 +0.0000 +0.0000 +0.0000 +0.0000 +0.0000 +0.0000 +0.0000 +0.0000 +0.0000 +0.0000 +0.0000 +0.0000 +0.0000 +0.0000 +0.0000 +0.0000 +0.0000 +0.0000 +0.0000 +0.0000 +0.0000 +0.0000 +0.0000 +0.0000 +0.0000 +0.0000 +0.0000 +0.0000 +0.0000 +0.0000 +0.0000 +0.0000 +0.0000 +0.0000 +0.0000 +0.0000 +0.0000 +0.0000 +0.0000 +0.0000 +0.0000 +0.0000 +0.0000 +0.0000 +0.0000 +0.0000 +0.0000 +0.0000 +0.0000 +0.0000 +0.0000 +0.0000 +0.0000 +0.0000 +0.0000 +0.0000 +0.0000 +0.0000 +0.0000 +0.0000 +0.0000 +0.0000 +0.0000 +0.0000 +0.0000 +0.0000 +0.0000 +0.0000 ;
+0.0000 +0.0000 +0.0000 +0.0000 +0.0000 +0.0000 +0.0000 +0.0000 +0.0000 +0.0000 +0.0000 +0.0000 +0.0000 +0.0000 +0.0000 +0.0000 +0.0000 +0.0000 +0.0000 +0.0000 +0.0000 +0.0000 +0.0000 +0.0000 +0.0000 +0.0000 +0.0000 +0.0000 +0.0000 +0.0000 +0.0000 +0.0000 +0.0000 +0.0000 +0.0000 +0.0000 +0.0000 +0.0000 +0.0000 +0.0000 +0.0000 +0.0000 +0.0000 +0.0000 +0.0000 +0.0000 +0.0000 +0.0000 +0.0000 +0.0000 +0.0000 +0.0000 +0.0000 +0.0000 +0.0000 +0.0000 +0.0000 +0.0000 +0.0000 +0.0000 +0.0000 +0.0000 +0.0000 +0.0000 +0.0000 +0.0000 +0.0000 +0.0000 +0.0000 +0.0000 +0.0000 +0.0000 +0.0000 ;
+0.0000 +0.0000 +0.0000 +0.0000 +0.0000 +0.0000 +0.0000 +0.0000 +0.0000 +0.0000 +0.0000 +0.0000 +0.0000 +0.0000 +0.0000 +0.0000 +0.0000 +0.0000 +0.0000 +0.0000 +0.0000 +0.0000 +0.0000 +0.0000 +0.0000 +0.0000 +0.0000 +0.0000 +0.0000 +0.0000 +0.0000 +0.0000 +0.0000 +0.0000 +0.0000 +0.0000 +0.0000 +0.0000 +0.0000 +0.0000 +0.0000 +0.0000 +0.0000 +0.0000 +0.0000 +0.0000 +0.0000 +0.0000 +0.0000 +0.0000 +0.0000 +0.0000 +0.0000 +0.0000 +0.0000 +0.0000 +0.0000 +0.0000 +0.0000 +0.0000 +0.0000 +0.0000 +0.0000 +0.0000 +0.0000 +0.0000 +0.0000 +0.0000 +0.0000 +0.0000 +0.0000 +0.0000 +0.0000 ;
+0.0000 +0.0000 +0.0000 +0.0000 +0.0000 +0.0000 +0.0000 +0.0000 +0.0000 +0.0000 +0.0000 +0.0000 +0.0000 +0.0000 +0.0000 +0.0000 +0.0000 +0.0000 +0.0000 +0.0000 +0.0000 +0.0000 +0.0000 +0.0000 +0.0000 +0.0000 +0.0000 +0.0000 +0.0000 +0.0000 +0.0000 +0.0000 +0.0000 +0.0000 +0.0000 +0.0000 +0.0000 +0.0000 +0.0000 +0.0000 +0.0000 +0.0000 +0.0000 +0.0000 +0.0000 +0.0000 +0.0000 +0.0000 +0.0000 +0.0000 +0.0000 +0.0000 +0.0000 +0.0000 +0.0000 +0.0000 +0.0000 +0.0000 +0.0000 +0.0000 +0.0000 +0.0000 +0.0000 +0.0000 +0.0000 +0.0000 +0.0000 +0.0000 +0.0000 +0.0000 +0.0000 +0.0000 +0.0000 ;
+0.0000 +0.0000 +0.0000 +0.0000 +0.0000 +0.0000 +0.0000 +0.0000 +0.0000 +0.0000 +0.0000 +0.0000 +0.0000 +0.0000 +0.0000 +0.0000 +0.0000 +0.0000 +0.0000 +0.0000 +0.0000 +0.0000 +0.0000 +0.0000 +0.0000 +0.0000 +0.0000 +0.0000 +0.0000 +0.0000 +0.0000 +0.0000 +0.0000 +0.0000 +0.0000 +0.0000 +0.0000 +0.0000 +0.0000 +0.0000 +0.0000 +0.0000 +0.0000 +0.0000 +0.0000 +0.0000 +0.0000 +0.0000 +0.0000 +0.0000 +0.0000 +0.0000 +0.0000 +0.0000 +0.0000 +0.0000 +0.0000 +0.0000 +0.0000 +0.0000 +0.0000 +0.0000 +0.0000 +0.0000 +0.0000 +0.0000 +0.0000 +0.0000 +0.0000 +0.0000 +0.0000 +0.0000 +0.0000 ;
+0.0000 +0.0000 +0.0000 +0.0000 +0.0000 +0.0000 +0.0000 +0.0000 +0.0000 +0.0000 +0.0000 +0.0000 +0.0000 +0.0000 +0.0000 +0.0000 +0.0000 +0.0000 +0.0000 +0.0000 +0.0000 +0.0000 +0.0000 +0.0000 +0.0000 +0.0000 +0.0000 +0.0000 +0.0000 +0.0000 +0.0000 +0.0000 +0.0000 +0.0000 +0.0000 +0.0000 +0.0000 +0.0000 +0.0000 +0.0000 +0.0000 +0.0000 +0.0000 +0.0000 +0.0000 +0.0000 +0.0000 +0.0000 +0.0000 +0.0000 +0.0000 +0.0000 +0.0000 +0.0000 +0.0000 +0.0000 +0.0000 +0.0000 +0.0000 +0.0000 +0.0000 +0.0000 +0.0000 +0.0000 +0.0000 +0.0000 +0.0000 +0.0000 +0.0000 +0.0000 +0.0000 +0.0000 +0.0000 ;
+0.0000 +0.0000 +0.0000 +0.0000 +0.0000 +0.0000 +0.0000 +0.0000 +0.0000 +0.0000 +0.0000 +0.0000 +0.0000 +0.0000 +0.0000 +0.0000 +0.0000 +0.0000 +0.0000 +0.0000 +0.0000 +0.0000 +0.0000 +0.0000 +0.0000 +0.0000 +0.0000 +0.0000 +0.0000 +0.0000 +0.0000 +0.0000 +0.0000 +0.0000 +0.0000 +0.0000 +0.0000 +0.0000 +0.0000 +0.0000 +0.0000 +0.0000 +0.0000 +0.0000 +0.0000 +0.0000 +0.0000 +0.0000 +0.0000 +0.0000 +0.0000 +0.0000 +0.0000 +0.0000 +0.0000 +0.0000 +0.0000 +0.0000 +0.0000 +0.0000 +0.0000 +0.0000 +0.0000 +0.0000 +0.0000 +0.0000 +0.0000 +0.0000 +0.0000 +0.0000 +0.0000 +0.0000 +0.0000 ;
+0.0000 +0.0000 +0.0000 +0.0000 +0.0000 +0.0000 +0.0000 +0.0000 +0.0000 +0.0000 +0.0000 +0.0000 +0.0000 +0.0000 +0.0000 +0.0000 +0.0000 +0.0000 +0.0000 +0.0000 +0.0000 +0.0000 +0.0000 +0.0000 +0.0000 +0.0000 +0.0000 +0.0000 +0.0000 +0.0000 +0.0000 +0.0000 +0.0000 +0.0000 +0.0000 +0.0000 +0.0000 +0.0000 +0.0000 +0.0000 +0.0000 +0.0000 +0.0000 +0.0000 +0.0000 +0.0000 +0.0000 +0.0000 +0.0000 +0.0000 +0.0000 +0.0000 +0.0000 +0.0000 +0.0000 +0.0000 +0.0000 +0.0000 +0.0000 +0.0000 +0.0000 +0.0000 +0.0000 +0.0000 +0.0000 +0.0000 +0.0000 +0.0000 +0.0000 +0.0000 +0.0000 +0.0000 +0.0000 ;
+0.0000 +0.0000 +0.0000 +0.0000 +0.0000 +0.0000 +0.0000 +0.0000 +0.0000 +0.0000 +0.0000 +0.0000 +0.0000 +0.0000 +0.0000 +0.0000 +0.0000 +0.0000 +0.0000 +0.0000 +0.0000 +0.0000 +0.0000 +0.0000 +0.0000 +0.0000 +0.0000 +0.0000 +0.0000 +0.0000 +0.0000 +0.0000 +0.0000 +0.0000 +0.0000 +0.0000 +0.0000 +0.0000 +0.0000 +0.0000 +0.0000 +0.0000 +0.0000 +0.0000 +0.0000 +0.0000 +0.0000 +0.0000 +0.0000 +0.0000 +0.0000 +0.0000 +0.0000 +0.0000 +0.0000 +0.0000 +0.0000 +0.0000 +0.0000 +0.0000 +0.0000 +0.0000 +0.0000 +0.0000 +0.0000 +0.0000 +0.0000 +0.0000 +0.0000 +0.0000 +0.0000 +0.0000 +0.0000 ;
+0.0000 +0.0000 +0.0000 +0.0000 +0.0000 +0.0000 +0.0000 +0.0000 +0.0000 +0.0000 +0.0000 +0.0000 +0.0000 +0.0000 +0.0000 +0.0000 +0.0000 +0.0000 +0.0000 +0.0000 +0.0000 +0.0000 +0.0000 +0.0000 +0.0000 +0.0000 +0.0000 +0.0000 +0.0000 +0.0000 +0.0000 +0.0000 +0.0000 +0.0000 +0.0000 +0.0000 +0.0000 +0.0000 +0.0000 +0.0000 +0.0000 +0.0000 +0.0000 +0.0000 +0.0000 +0.0000 +0.0000 +0.0000 +0.0000 +0.0000 +0.0000 +0.0000 +0.0000 +0.0000 +0.0000 +0.0000 +0.0000 +0.0000 +0.0000 +0.0000 +0.0000 +0.0000 +0.0000 +0.0000 +0.0000 +0.0000 +0.0000 +0.0000 +0.0000 +0.0000 +0.0000 +0.0000 +0.0000 ;
+0.0000 +0.0000 +0.0000 +0.0000 +0.0000 +0.0000 +0.0000 +0.0000 +0.0000 +0.0000 +0.0000 +0.0000 +0.0000 +0.0000 +0.0000 +0.0000 +0.0000 +0.0000 +0.0000 +0.0000 +0.0000 +0.0000 +0.0000 +0.0000 +0.0000 +0.0000 +0.0000 +0.0000 +0.0000 +0.0000 +0.0000 +0.0000 +0.0000 +0.0000 +0.0000 +0.0000 +0.0000 +0.0000 +0.0000 +0.0000 +0.0000 +0.0000 +0.0000 +0.0000 +0.0000 +0.0000 +0.0000 +0.0000 +0.0000 +0.0000 +0.0000 +0.0000 +0.0000 +0.0000 +0.0000 +0.0000 +0.0000 +0.0000 +0.0000 +0.0000 +0.0000 +0.0000 +0.0000 +0.0000 +0.0000 +0.0000 +0.0000 +0.0000 +0.0000 +0.0000 +0.0000 +0.0000 +0.0000 ;
+0.0000 +0.0000 +0.0000 +0.0000 +0.0000 +0.0000 +0.0000 +0.0000 +0.0000 +0.0000 +0.0000 +0.0000 +0.0000 +0.0000 +0.0000 +0.0000 +0.0000 +0.0000 +0.0000 +0.0000 +0.0000 +0.0000 +0.0000 +0.0000 +0.0000 +0.0000 +0.0000 +0.0000 +0.0000 +0.0000 +0.0000 +0.0000 +0.0000 +0.0000 +0.0000 +0.0000 +0.0000 +0.0000 +0.0000 +0.0000 +0.0000 +0.0000 +0.0000 +0.0000 +0.0000 +0.0000 +0.0000 +0.0000 +0.0000 +0.0000 +0.0000 +0.0000 +0.0000 +0.0000 +0.0000 +0.0000 +0.0000 +0.0000 +0.0000 +0.0000 +0.0000 +0.0000 +0.0000 +0.0000 +0.0000 +0.0000 +0.0000 +0.0000 +0.0000 +0.0000 +0.0000 +0.0000 +0.0000 ;
+0.0000 +0.0000 +0.0000 +0.0000 +0.0000 +0.0000 +0.0000 +0.0000 +0.0000 +0.0000 +0.0000 +0.0000 +0.0000 +0.0000 +0.0000 +0.0000 +0.0000 +0.0000 +0.0000 +0.0000 +0.0000 +0.0000 +0.0000 +0.0000 +0.0000 +0.0000 +0.0000 +0.0000 +0.0000 +0.0000 +0.0000 +0.0000 +0.0000 +0.0000 +0.0000 +0.0000 +0.0000 +0.0000 +0.0000 +0.0000 +0.0000 +0.0000 +0.0000 +0.0000 +0.0000 +0.0000 +0.0000 +0.0000 +0.0000 +0.0000 +0.0000 +0.0000 +0.0000 +0.0000 +0.0000 +0.0000 +0.0000 +0.0000 +0.0000 +0.0000 +0.0000 +0.0000 +0.0000 +0.0000 +0.0000 +0.0000 +0.0000 +0.0000 +0.0000 +0.0000 +0.0000 +0.0000 +0.0000 ;
-0.0171 +0.1610 -0.0601 +0.1541 +0.0000 -0.0282 -0.2003 -0.0425 -0.1996 +0.0000 -0.0906 +0.0000 -0.2120 +0.1239 +0.0882 -0.0624 +0.0896 +0.0326 -0.0857 +0.0511 +0.1198 +0.0429 -0.0744 +0.1678 +0.0509 +0.0000 +0.2333 +0.1095 -0.0000 +0.0000 +0.0168 +0.0000 +0.0000 +0.0000 +0.0000 +0.0000 +0.0000 +0.0000 -0.0000 +0.0000 +0.0000 +0.1988 +0.1168 +0.0888 +0.0000 +0.0000 +0.0000 +0.0000 +0.0000 +0.0000 +0.0000 -0.0000 -0.1432 +0.0000 -0.0657 -0.1615 -0.1672 -0.1431 -0.0000 -0.0000 -0.0000 +0.0000 +0.0000 +0.0000 +0.2410 +0.1420 +0.1469 +0.2709 +0.2571 +0.0000 +0.0000 +0.0000 -0.4431 ;
+0.0000 +0.0273 +0.0746 -0.1314 +0.0000 -0.1379 +0.0000 -0.2412 -0.1450 -0.0128 -0.0953 -0.0998 +0.0000 -0.1370 +0.0037 -0.1875 +0.0262 +0.0000 +0.0671 +0.1149 +0.0581 -0.0209 +0.2210 +0.0825 +0.1160 +0.0080 +0.0265 +0.1870 +0.1444 -0.0830 +0.0644 +0.1403 +0.1065 +0.2702 +0.3197 +0.0000 -0.0834 +0.0000 -0.0000 +0.2412 +0.0000 +0.0551 +0.1301 +0.1150 +0.1073 +0.0569 +0.0000 +0.0091 +0.1598 +0.0576 +0.1191 +0.0000 -0.0000 -0.0000 +0.0000 +0.0000 +0.0000 +0.0000 +0.0000 +0.0000 +0.0000 +0.0000 -0.0000 +0.0000 +0.0000 +0.2218 +0.0000 +0.2544 +0.1467 -0.1194 -0.1114 +0.0000 +0.3333 ;
-0.0996 +0.0548 -0.0660 +0.0073 +0.1267 +0.2341 +0.2048 +0.0164 +0.1257 +0.0945 +0.2353 +0.0000 +0.2011 -0.1246 +0.1002 -0.0871 -0.1942 -0.1787 -0.0325 +0.0160 -0.1101 -0.1196 +0.0000 +0.0000 +0.0000 +0.0000 +0.0000 +0.0000 +0.0000 +0.0000 +0.0636 -0.1492 -0.1524 +0.0000 +0.0000 -0.0129 +0.0000 -0.0541 -0.2043 +0.0097 +0.0000 +0.0000 +0.0000 +0.0000 +0.0000 +0.0000 +0.0000 +0.0000 +0.0000 +0.0000 +0.0000 -0.0064 -0.1572 +0.0000 +0.0000 -0.0311 -0.1043 -0.1574 -0.0677 -0.0882 -0.0010 -0.0041 -0.0010 -0.1020 +0.0000 +0.0000 +0.0000 +0.1825 +0.0000 -0.1792 -0.0008 -0.0095 +0.1686 ;
+0.0000 +0.0750 -0.0283 -0.1826 +0.0605 +0.0000 +0.0329 +0.1186 +0.1277 +0.2111 +0.0721 +0.0000 +0.0000 +0.0000 +0.1298 -0.1152 +0.1758 +0.1057 +0.2241 +0.1374 +0.2250 +0.0414 +0.2464 +0.0596 +0.1669 +0.0973 +0.0000 -0.1229 +0.0000 +0.0000 +0.0431 +0.2122 +0.1498 +0.1762 +0.0000 -0.1715 -0.0450 +0.0000 +0.0000 +0.0000 +0.0000 +0.1087 +0.1331 +0.0000 +0.0000 +0.0273 +0.0000 +0.1295 +0.0966 +0.0000 +0.0000 -0.1685 -0.0652 -0.0000 -0.1062 +0.0000 +0.0000 +0.0000 +0.0000 +0.0000 +0.0000 +0.0000 +0.0000 +0.0000 +0.0000 +0.0000 +0.0000 +0.0000 +0.0000 +0.0000 +0.0000 -0.0684 +0.4039 ;
+0.0000 +0.0000 -0.1559 +0.0234 -0.1240 +0.0000 +0.0000 +0.0000 +0.0000 +0.0000 +0.0000 +0.0000 +0.0000 +0.0000 +0.0344 +0.2258 +0.0180 +0.2406 -0.0051 +0.1471 +0.0894 +0.1789 +0.0413 +0.0000 +0.0000 +0.0000 +0.0000 +0.0000 -0.1804 +0.0000 +0.0092 +0.1724 +0.0000 +0.0000 +0.0000 +0.0000 +0.0574 -0.1064 +0.0000 -0.1837 +0.0000 +0.0874 +0.2207 +0.0851 +0.1407 +0.0000 +0.0000 +0.0000 +0.0000 +0.0000 +0.0000 -0.1810 -0.2783 -0.2736 -0.2012 -0.2410 +0.0000 +0.0000 +0.0000 +0.0000 +0.0000 +0.0000 +0.0000 +0.0000 +0.0000 +0.0000 +0.0000 +0.0000 +0.0000 -0.1147 -0.1435 -0.2692 -0.5230 ;
-0.0477 +0.1609 +0.1936 +0.0000 +0.0368 -0.0735 +0.0816 +0.1954 +0.1276 +0.1851 +0.1842 +0.0080 +0.0318 +0.0000 +0.0984 -0.1310 +0.0086 +0.0293 +0.0000 +0.1410 +0.1531 +0.0984 +0.0931 +0.2402 +0.1770 +0.2027 +0.0940 +0.0000 +0.0000 +0.0000 +0.1292 +0.1432 +0.0000 -0.2583 -0.0794 +0.2280 -0.0608 +0.0142 +0.0000 +0.0000 +0.0000 +0.0500 +0.0997 +0.0227 +0.0000 +0.0000 +0.0000 +0.0000 +0.0000 +0.0000 +0.0000 -0.1195 +0.0000 -0.1992 -0.0291 -0.0581 -0.2425 -0.2383 -0.1037 +0.0000 +0.0000 +0.0000 +0.0000 +0.0000 +0.2981 +0.2909 +0.0886 +0.2509 +0.0829 -0.2214 -0.0997 +0.0000 +0.2627 ;
-0.1056 -0.0005 +0.0295 +0.0911 +0.1817 -0.1420 -0.0815 -0.1138 -0.0246 +0.0000 +0.0000 -0.1668 -0.1569 -0.2445 -0.2476 +0.0000 +0.0000 -0.1930 -0.2102 -0.1455 -0.0607 +0.0000 +0.0000 -0.0492 -0.2191 -0.1369 -0.0732 -0.0759 -0.0826 +0.0000 -0.0324 +0.2140 +0.2204 +0.0000 -0.0214 -0.0045 -0.0531 -0.0710 +0.0000 +0.0000 +0.0000 +0.1184 +0.2632 +0.0000 +0.0000 +0.0000 +0.0000 +0.0000 +0.0000 +0.0000 +0.0000 +0.0000 -0.2967 -0.2775 -0.0549 -0.2622 -0.3188 -0.3193 -0.1902 +0.0000 +0.0000 +0.0000 -0.2650 -0.4065 +0.0000 +0.0000 +0.0000 +0.0000 +0.0000 +0.0000 +0.0000 +0.0000 -0.5553 ;
+0.0000 +0.0000 -0.0268 -0.0086 +0.0837 -0.1795 +0.1781 -0.0817 +0.0557 +0.2120 +0.1245 +0.0000 +0.0000 +0.0000 -0.0925 +0.1993 -0.1795 -0.2144 -0.1464 -0.1508 -0.0759 +0.0000 -0.1988 -0.1766 -0.0111 -0.1871 -0.0300 +0.0000 -0.0618 -0.0920 +0.0000 +0.1920 -0.0776 +0.0000 +0.0000 +0.0000 +0.0000 +0.0000 +0.0000 +0.0000 +0.0000 +0.0000 +0.0893 +0.1338 +0.0000 +0.0000 +0.0000 +0.0000 +0.0000 +0.0000 +0.0000 +0.0000 -0.1181 -0.1543 +0.0000 -0.2218 +0.0000 -0.1803 +0.0000 +0.0000 +0.0000 +0.0000 +0.0000 -0.2154 +0.1969 +0.2193 +0.0000 +0.0000 +0.0000 -0.1142 -0.2574 +0.0000 -0.3569 ;
-0.0648 -0.0981 -0.0278 +0.1987 +0.1628 -0.2024 +0.0916 +0.1028 +0.1077 +0.2023 +0.2301 +0.1027 +0.0000 +0.0000 +0.1626 -0.0296 -0.0125 -0.1232 -0.1986 -0.2162 -0.0344 -0.1863 -0.0723 -0.1335 -0.0421 -0.0120 -0.0922 -0.0316 +0.1706 -0.0501 +0.0000 +0.0019 +0.1472 +0.0000 -0.0057 +0.0128 +0.0000 +0.0541 -0.1653 +0.0183 -0.1223 +0.1369 +0.0333 +0.0000 +0.0000 +0.0000 +0.0000 +0.0000 +0.0000 +0.0000 +0.0000 -0.2352 +0.0000 -0.2001 -0.0404 +0.0000 -0.2734 +0.0000 -0.1587 +0.0000 +0.0000 +0.0000 +0.0000 +0.0000 +0.0620 +0.0192 +0.0101 +0.0000 +0.0000 -0.0642 -0.1194 +0.0000 -0.3569 ;
-0.2178 +0.0775 -0.1224 +0.0436 -0.0480 -0.1841 +0.0467 -0.0410 +0.1874 +0.0440 +0.0286 +0.0468 +0.0000 -0.1940 -0.2016 -0.0305 -0.0920 -0.1962 -0.0825 -0.0804 -0.1347 -0.1703 -0.2236 +0.0999 -0.2431 -0.0624 -0.0487 -0.2264 +0.0000 +0.0695 +0.0628 -0.0087 -0.0553 +0.0000 -0.0488 -0.0000 +0.0000 +0.1482 -0.2990 +0.1544 -0.0619 +0.1203 +0.0000 +0.0000 +0.0000 +0.0000 +0.0000 +0.0000 +0.2508 +0.0000 +0.0000 -0.1101 -0.2007 -0.2009 -0.2062 +0.0000 +0.0000 +0.0000 -0.0795 +0.0000 +0.0000 +0.0000 +0.0000 +0.0000 +0.1288 +0.0245 +0.0358 +0.0000 +0.0000 -0.0667 -0.0967 +0.0000 -0.3569 ;
-0.0001 -0.0641 -0.2162 -0.0693 +0.1175 +0.1646 +0.1593 +0.0896 +0.1397 +0.2190 +0.1514 +0.0000 +0.0000 +0.0000 -0.0232 -0.0157 -0.2399 -0.0228 -0.2041 -0.2438 +0.1061 +0.0078 -0.1416 -0.1742 -0.2475 -0.0947 -0.0592 -0.2153 -0.2165 +0.0000 -0.0425 +0.1375 -0.1098 +0.0000 +0.1516 +0.1083 +0.0000 +0.0000 -0.1733 +0.0291 -0.1658 +0.0000 +0.0000 +0.2846 +0.0784 +0.0000 +0.0000 +0.0000 +0.0000 +0.0000 +0.0000 +0.0000 -0.2961 -0.2355 -0.1147 -0.2262 +0.0000 +0.0000 -0.2311 +0.0000 +0.0000 +0.0000 +0.0000 +0.0000 +0.0212 +0.1931 +0.0000 +0.0000 +0.0000 -0.0023 -0.1073 -0.2562 -0.3569 ;
-0.2193 +0.0521 +0.0062 +0.1249 +0.1653 -0.1077 +0.2014 +0.1295 +0.1110 +0.0726 +0.1488 +0.0724 +0.0000 +0.0000 -0.0964 -0.0481 -0.1939 -0.1815 -0.2329 -0.1675 -0.0432 -0.1197 -0.0558 -0.1867 -0.1157 -0.0344 -0.0727 -0.1828 -0.1178 +0.1364 -0.1959 +0.0000 -0.0200 +0.2050 -0.0623 +0.0805 +0.0000 +0.0977 -0.2268 +0.1889 -0.0069 +0.0000 +0.0822 +0.0000 +0.0000 +0.0000 +0.0000 +0.0830 +0.0000 +0.0000 +0.0000 +0.0000 -0.0756 +0.0000 -0.0278 -0.1899 -0.1248 -0.1456 +0.0000 -0.2132 +0.0000 +0.0000 +0.0000 +0.0000 +0.1802 +0.0576 +0.0547 +0.0000 +0.0000 -0.0091 -0.2457 +0.0000 -0.3569 ;
-0.0553 +0.0000 +0.0000 +0.1200 +0.1008 +0.0710 +0.0051 +0.0791 +0.1525 +0.0347 -0.0754 +0.2492 +0.0903 +0.0000 -0.0319 -0.2146 -0.1035 -0.2098 +0.0000 +0.0524 -0.1895 -0.0110 -0.0264 -0.1892 -0.1044 -0.0247 +0.0000 -0.0492 -0.1591 -0.2169 +0.0000 +0.1009 +0.0000 +0.0000 -0.1061 -0.0414 +0.0000 +0.0000 -0.1352 +0.0234 -0.0756 +0.0000 +0.1054 +0.0000 +0.0000 +0.0888 +0.0000 +0.0000 +0.0000 +0.0000 +0.0000 +0.0000 +0.0000 +0.0000 +0.0000 +0.0000 -0.2427 -0.1688 -0.2997 -0.1395 -0.0783 +0.0000 +0.0000 +0.0000 +0.0000 +0.1524 +0.1036 +0.2360 +0.0000 -0.1016 -0.1605 +0.0000 -0.3569 ;
-0.0000 -0.1131 +0.0000 +0.0000 +0.1398 +0.2063 -0.0801 +0.1108 +0.0178 +0.1944 -0.0522 -0.0267 +0.1533 +0.0000 -0.0139 -0.2189 -0.1012 -0.2432 -0.0640 +0.0000 -0.2217 -0.2091 -0.0440 -0.0398 -0.0537 -0.1003 +0.0178 -0.2562 -0.1723 -0.1005 +0.0000 -0.0558 -0.0194 +0.0000 +0.0572 +0.1752 +0.0000 +0.0000 -0.0973 +0.0001 -0.3041 +0.0000 +0.0000 +0.0000 +0.0000 +0.0000 +0.0000 +0.0000 +0.0000 +0.2955 +0.2984 +0.0000 +0.0000 +0.0000 +0.0000 -0.2677 +0.0000 -0.1643 -0.2934 -0.1749 -0.2111 +0.0000 +0.0000 +0.0000 +0.0000 +0.0000 +0.2297 +0.2241 +0.0000 -0.0495 -0.1337 -0.2021 -0.3569 ;
-0.0095 +0.1434 +0.0000 +0.0000 +0.1903 +0.2170 -0.1338 -0.0742 +0.0351 +0.0425 -0.0578 +0.1092 -0.0433 +0.1838 -0.1947 -0.0971 -0.2222 +0.0000 +0.0000 -0.1837 -0.0592 -0.0156 -0.2249 -0.0919 +0.0292 +0.0578 -0.0932 -0.0953 -0.1233 -0.1003 -0.1060 -0.0145 +0.0000 +0.1509 -0.0069 +0.0657 +0.0000 -0.0336 -0.2882 -0.0000 -0.1796 +0.0000 +0.0000 +0.0000 +0.0000 +0.0000 +0.0000 +0.1306 +0.0000 +0.3041 +0.0000 +0.0000 +0.0000 +0.0000 +0.0000 +0.0000 +0.0000 -0.1604 -0.1513 -0.1781 -0.1543 -0.1586 +0.0000 +0.0000 +0.0000 +0.0000 +0.1921 +0.1520 +0.0001 +0.0000 -0.2054 -0.0902 -0.3569 ;
-0.1790 -0.1892 +0.0000 +0.0000 +0.1723 +0.0764 +0.1460 +0.2573 -0.0135 +0.0059 -0.1020 -0.1081 -0.0676 +0.0872 -0.0825 -0.1542 -0.1096 -0.1334 -0.2424 -0.0810 -0.2269 -0.0259 -0.1801 -0.0135 -0.0584 -0.1551 +0.0000 -0.1747 -0.0877 -0.0895 +0.0000 +0.0000 -0.0413 -0.1878 +0.0979 +0.0650 +0.0000 +0.0000 -0.0949 +0.0683 -0.2175 +0.0000 +0.0000 +0.0000 +0.2308 +0.0000 +0.0000 +0.3182 +0.0000 +0.0000 +0.0000 +0.0000 +0.0000 +0.0000 +0.0000 +0.0000 -0.1998 +0.0000 -0.2476 -0.0834 +0.0000 +0.0000 -0.2460 -0.2204 +0.0000 +0.0000 +0.0161 +0.0017 +0.1186 +0.0000 -0.0977 -0.0784 -0.3569 ;
-0.0477 +0.2724 +0.0000 +0.0000 +0.1644 +0.1699 +0.0305 -0.1359 +0.0835 -0.0475 -0.0943 +0.0161 +0.0411 -0.1102 -0.1206 -0.1472 -0.2394 -0.0413 -0.0634 -0.0491 -0.0315 -0.2447 -0.1567 -0.0688 -0.2186 -0.2149 +0.2031 -0.1172 -0.0484 -0.1881 +0.0000 -0.1765 +0.0497 -0.0444 -0.0825 +0.0898 -0.0764 -0.0000 -0.0739 -0.0000 -0.0398 +0.0000 +0.1679 +0.0000 +0.0000 +0.0000 +0.0000 +0.2071 +0.0000 +0.2085 +0.0000 +0.0000 +0.0000 +0.0000 +0.0000 +0.0000 +0.0000 +0.0000 -0.1769 -0.3284 -0.2072 -0.2223 -0.1939 -0.2213 +0.0000 +0.0000 +0.0140 +0.2305 +0.1979 -0.1380 -0.2140 -0.2303 -0.3569 ;
+0.0000 +0.0000 +0.0000 -0.0827 +0.0000 +0.0000 +0.0000 +0.0000 +0.0000 +0.0000 +0.0000 +0.0000 +0.0000 +0.0000 +0.0000 -0.1248 +0.0000 -0.0399 -0.0113 -0.1617 -0.2404 +0.0000 +0.0000 +0.0000 -0.2439 +0.0000 +0.0000 -0.0888 -0.1141 +0.0000 +0.1199 -0.0197 -0.0000 +0.0000 +0.0000 +0.0859 +0.0000 +0.0000 +0.0000 +0.0000 +0.0000 +0.2429 +0.0161 +0.2613 +0.2155 +0.0658 +0.0374 +0.2168 +0.0944 +0.0000 +0.0000 +0.0000 -0.2513 +0.0000 +0.0000 +0.0000 +0.0000 +0.0000 +0.0000 +0.0000 +0.0000 +0.0000 +0.0000 +0.0000 +0.1736 +0.0000 +0.0000 +0.0000 +0.0000 -0.2044 +0.0000 +0.0000 -0.3569 ;
-0.0003 +0.0000 +0.0000 -0.1952 +0.0000 +0.0000 +0.0000 +0.0000 +0.0000 +0.0000 +0.0000 +0.0000 +0.0000 -0.0564 +0.1579 -0.1920 +0.0000 +0.0000 -0.1918 -0.2290 -0.2437 +0.0000 -0.2431 +0.0000 -0.0398 +0.0000 -0.1040 +0.0000 +0.0000 -0.0472 +0.1626 -0.1380 -0.1352 +0.0000 -0.0000 -0.0348 +0.0000 -0.0553 +0.2800 -0.0352 +0.0000 +0.0000 +0.2282 +0.2161 +0.2429 +0.0878 +0.1718 +0.0537 +0.1988 +0.2203 +0.0854 -0.1179 +0.0000 +0.0000 +0.0000 +0.0000 +0.0000 +0.0000 +0.0000 +0.0000 +0.0000 +0.0000 +0.0000 +0.0000 +0.0000 +0.0987 +0.0000 +0.0000 +0.0000 -0.1687 +0.0000 +0.0000 -0.3569 ;
-0.2445 +0.0000 +0.0000 -0.2213 +0.0000 +0.0000 +0.0000 +0.0000 +0.0000 +0.0000 +0.0000 +0.0000 +0.0000 +0.0000 +0.0000 -0.2617 -0.2063 +0.0000 -0.0911 -0.1058 -0.0310 +0.0000 -0.1057 -0.2386 +0.0000 +0.0000 +0.0000 -0.1098 +0.0000 +0.0000 -0.1760 -0.0000 -0.0389 +0.0000 +0.0000 -0.1032 +0.1385 -0.0000 +0.2427 -0.0302 +0.2403 +0.1859 +0.2432 +0.1677 +0.1445 +0.0000 +0.2014 +0.0643 +0.1504 +0.0712 +0.2564 +0.0000 -0.2661 +0.0000 +0.0000 +0.0000 +0.0000 +0.0000 +0.0000 +0.0000 +0.0000 +0.0000 +0.0000 +0.0000 +0.0692 +0.0000 +0.0971 +0.0000 +0.0000 -0.0288 +0.0000 +0.0000 -0.3569 ;
+0.0000 +0.0000 +0.0000 -0.1146 -0.0900 +0.1905 +0.0000 +0.0000 +0.0000 +0.0000 +0.0000 +0.0000 +0.0000 +0.0000 -0.1770 -0.0839 +0.0000 +0.1011 -0.0215 -0.0000 -0.2000 -0.0576 -0.0412 -0.1694 +0.0000 +0.0000 +0.0000 +0.0000 +0.0000 +0.0000 +0.1986 -0.0084 -0.1579 +0.0000 -0.2101 +0.1653 +0.0000 +0.2172 -0.1267 +0.1845 -0.0092 +0.1358 +0.2469 +0.0613 +0.1959 +0.0785 +0.2202 +0.1542 +0.0000 +0.2459 +0.2390 +0.0000 +0.0000 -0.0326 +0.0000 +0.0000 +0.0000 +0.0000 +0.0000 +0.0000 +0.0000 +0.0000 +0.0000 +0.0000 +0.1188 +0.0377 +0.0000 +0.0000 +0.0000 -0.0183 +0.0000 +0.0000 -0.3569 ;
-0.0781 +0.0000 +0.0000 +0.0000 +0.0000 -0.0773 +0.0000 +0.0000 +0.0000 +0.0000 +0.0000 +0.0000 +0.0000 +0.0000 -0.1980 -0.2442 +0.0000 -0.1231 -0.1171 -0.2733 +0.0000 +0.0000 -0.1103 +0.0000 +0.0000 +0.0000 -0.0400 -0.1256 +0.0000 +0.0000 -0.0937 -0.0446 -0.0000 +0.0000 +0.0218 +0.0355 -0.1403 -0.0000 +0.2498 -0.1719 +0.2726 +0.0455 +0.0404 +0.1620 +0.2486 +0.2101 +0.0990 +0.0859 +0.2723 +0.0000 +0.0000 +0.0000 +0.0000 +0.0000 -0.0122 +0.0000 +0.0000 +0.0000 +0.0000 +0.0000 +0.0000 +0.0000 +0.0000 +0.0000 +0.0000 +0.0518 +0.0000 +0.0000 +0.0000 -0.0893 +0.0000 +0.0000 -0.3569 ;
-0.0005 +0.0000 +0.0000 +0.0000 +0.0000 -0.2108 -0.1842 +0.0000 +0.0000 +0.0000 +0.0000 +0.0000 +0.0000 +0.0000 +0.0000 +0.0000 -0.0574 -0.2467 -0.2306 +0.0307 -0.1653 -0.1364 +0.0000 -0.2598 -0.1495 +0.0000 +0.0000 +0.0000 +0.0000 +0.0000 +0.0381 +0.1106 -0.1585 +0.0000 -0.0886 -0.0313 +0.1310 -0.0443 +0.1634 -0.2272 +0.0000 +0.1633 +0.1515 +0.2703 +0.2075 +0.0639 +0.2481 +0.1177 +0.1262 +0.1030 +0.0000 +0.0000 +0.0000 +0.0000 +0.0000 -0.2259 +0.0000 +0.0000 +0.0000 +0.0000 +0.0000 +0.0000 +0.0000 +0.0000 +0.0336 +0.0284 +0.0000 +0.0000 +0.0000 -0.1021 +0.0000 +0.0000 -0.3569 ;
-0.2328 -0.1859 +0.0000 +0.0000 +0.0000 +0.0000 +0.0000 +0.1076 -0.0206 +0.0000 +0.0000 +0.0000 +0.0000 +0.0000 +0.0000 +0.0000 +0.0000 -0.0294 -0.1335 +0.0000 +0.0000 -0.0663 -0.2416 -0.0520 -0.0787 -0.2621 -0.2083 +0.0000 +0.0000 +0.0000 -0.1857 -0.0000 -0.1188 +0.1937 +0.0000 -0.0018 -0.0848 -0.0000 -0.2227 -0.1795 -0.0162 +0.2292 +0.1377 +0.0514 +0.1254 +0.1034 +0.0000 +0.0740 +0.0874 +0.0358 +0.0839 +0.0000 +0.0000 +0.0000 +0.0000 +0.0000 -0.0567 +0.0000 -0.0365 +0.0000 +0.0000 +0.0000 +0.0000 +0.0000 +0.0000 +0.0000 +0.0832 +0.0000 +0.0000 -0.0000 +0.0000 +0.0000 -0.3569 ;
-0.0003 +0.0000 +0.0000 +0.0000 +0.0000 +0.0000 -0.1699 +0.0000 -0.1243 +0.0000 +0.0000 +0.0000 +0.0000 +0.0000 +0.0000 +0.0000 +0.0000 +0.0000 -0.1548 +0.0000 -0.1275 +0.0000 -0.0155 -0.0303 -0.0211 -0.1420 -0.2623 +0.0000 -0.0327 +0.0000 +0.1376 -0.1153 -0.0000 +0.0000 -0.1022 +0.0275 +0.0000 -0.0000 +0.1689 -0.0395 +0.0000 +0.0000 +0.0558 +0.0355 +0.1610 +0.0209 +0.1362 +0.2124 +0.2215 +0.2737 +0.1356 +0.0000 +0.0000 +0.0000 +0.0000 +0.0000 +0.0000 +0.0000 +0.0000 -0.1154 +0.0000 +0.0000 +0.0000 +0.0000 +0.0000 +0.0000 +0.1214 +0.0000 +0.0000 +0.0000 -0.2791 +0.0000 -0.3569 ;
-0.1383 +0.0000 +0.0000 +0.0000 +0.0000 +0.0000 +0.0000 +0.0000 -0.1248 +0.0000 +0.0000 +0.0000 +0.0000 +0.0000 +0.0000 +0.0000 -0.1183 +0.0000 -0.2284 +0.0000 -0.0333 -0.2425 +0.0000 -0.1507 +0.0000 -0.2283 -0.2563 +0.0000 -0.1594 +0.0000 -0.0432 -0.0263 -0.1757 +0.0000 +0.0002 +0.0665 -0.1730 -0.0000 +0.2679 -0.0720 +0.2744 +0.0000 +0.2500 +0.0333 +0.2175 +0.2613 +0.0248 +0.0000 +0.2351 +0.0891 +0.2214 +0.0000 +0.0000 +0.0000 +0.0000 +0.0000 +0.0000 +0.0000 -0.2639 +0.0000 +0.0000 +0.0000 +0.0000 +0.0000 +0.0000 +0.0000 +0.1562 +0.0000 +0.0000 +0.0000 -0.2676 +0.0000 -0.3569 ;
+0.0000 +0.0000 +0.0000 +0.0000 +0.0000 +0.0000 +0.0000 +0.0000 +0.0000 +0.1373 -0.2251 -0.2361 +0.0000 +0.0000 -0.2488 +0.0000 +0.0000 +0.0000 +0.0000 -0.2626 +0.0000 -0.0267 -0.2332 +0.0000 +0.0149 -0.1318 -0.0915 -0.1370 -0.2156 +0.0000 +0.0000 -0.0930 -0.1450 -0.1838 -0.0377 +0.0668 +0.0000 +0.1125 -0.0736 -0.0530 -0.2545 +0.0000 +0.0291 +0.0982 +0.0629 +0.0620 +0.2596 +0.0932 +0.1808 +0.0391 +0.2547 +0.0000 +0.0000 +0.0000 +0.0000 +0.0000 +0.0000 +0.0000 +0.0000 -0.0717 +0.0000 +0.0000 +0.0000 +0.0000 +0.0000 +0.0000 +0.2090 +0.0248 +0.0000 +0.0000 -0.2142 +0.0000 -0.3569 ;
-0.1510 +0.0000 +0.0000 +0.0000 +0.0000 +0.0000 +0.0000 +0.0000 +0.0000 +0.0000 -0.0478 +0.0000 +0.0000 +0.0000 +0.0000 +0.0000 -0.2180 -0.0334 +0.0000 -0.1378 +0.0000 +0.0000 -0.0156 -0.0877 -0.1045 -0.1698 -0.1701 +0.0000 +0.0000 +0.0000 +0.0000 -0.0172 -0.0743 +0.0777 +0.0000 -0.0785 +0.0215 -0.0000 +0.2458 -0.1494 +0.1862 +0.0000 +0.2509 +0.0525 +0.1800 +0.0897 +0.1678 +0.1666 +0.0533 +0.1181 +0.2444 +0.0000 +0.0000 +0.0000 +0.0000 +0.0000 +0.0000 +0.0000 +0.0000 +0.0000 -0.0569 +0.0000 +0.0000 +0.0000 +0.0000 +0.0725 +0.0000 +0.0809 +0.0000 +0.0000 -0.0876 +0.0000 -0.3569 ;
-0.0003 +0.0000 +0.0000 +0.0000 +0.0000 +0.0000 +0.0000 +0.0000 +0.0000 +0.0000 +0.0000 -0.1747 -0.1499 +0.0000 +0.0000 +0.0000 +0.0000 -0.2318 +0.0000 +0.0000 +0.0000 +0.0000 +0.0000 -0.1566 -0.2323 -0.1983 -0.1831 -0.1415 -0.1296 -0.1713 +0.0000 -0.0000 -0.0000 -0.0456 -0.1352 -0.0000 +0.0000 -0.0330 +0.1334 +0.0473 +0.0000 +0.0000 +0.0367 +0.0661 +0.1886 +0.2451 +0.2430 +0.1365 +0.2460 +0.0574 +0.2302 +0.0000 +0.0000 +0.0000 +0.0000 +0.0000 +0.0000 +0.0000 +0.0000 +0.0000 +0.0000 -0.1033 +0.0000 +0.0000 +0.0000 +0.0000 +0.0000 +0.0000 +0.1296 +0.0000 +0.0000 -0.1994 -0.3569 ;
-0.0607 -0.0450 +0.1506 +0.0000 +0.0000 +0.0000 +0.0000 +0.0000 +0.0000 +0.0000 +0.0000 +0.0000 -0.1961 -0.1653 -0.0932 +0.0000 +0.0000 +0.0000 +0.0000 +0.0000 +0.0000 -0.2491 -0.2014 -0.1782 +0.0000 -0.2047 -0.0400 +0.0000 +0.0239 -0.2557 -0.0640 -0.1287 -0.0087 +0.0970 -0.0228 +0.0152 -0.1161 -0.0220 +0.0119 -0.1799 -0.0176 +0.0000 +0.2486 +0.1671 +0.2411 +0.1269 +0.2331 +0.1185 +0.2099 +0.1173 +0.0952 -0.2197 +0.0000 +0.0000 +0.0000 +0.0000 +0.0000 +0.0000 +0.0000 +0.0000 +0.0000 +0.0000 -0.0830 +0.0000 +0.0000 +0.0000 +0.0000 +0.0000 +0.1257 +0.0000 -0.2003 -0.0838 -0.3569 ;
-0.0041 +0.0000 +0.0000 -0.1864 -0.2047 +0.1473 -0.1447 -0.1468 -0.1137 +0.0000 +0.0000 +0.0000 +0.1174 +0.1752 +0.2281 -0.0054 +0.0420 +0.1282 +0.0000 +0.2143 +0.0802 -0.1760 +0.2042 +0.2429 +0.0000 +0.0953 -0.0206 +0.0000 +0.0000 +0.0000 +0.0000 +0.0000 +0.0000 +0.0000 +0.0000 +0.0000 +0.0000 +0.0000 +0.0000 +0.3402 +0.0000 +0.0000 +0.0000 +0.0000 +0.0000 +0.0000 +0.0000 +0.0000 +0.0000 +0.0000 +0.0000 -0.0141 -0.1352 -0.0145 +0.0000 +0.0000 +0.0000 +0.0000 +0.0000 +0.0000 +0.0000 +0.0000 +0.0000 +0.0000 +0.0000 +0.0000 +0.0000 +0.0000 +0.0000 -0.1618 -0.0367 -0.0768 -0.0431 ;
-0.0052 +0.0000 +0.0000 +0.0885 +0.1810 -0.0921 -0.1014 -0.0510 -0.0438 +0.0000 +0.1464 +0.0000 -0.1424 +0.0000 +0.2446 +0.1145 -0.0933 +0.1081 +0.0244 +0.0886 +0.1123 +0.2097 +0.1310 +0.0000 +0.1458 -0.0118 -0.0778 +0.0000 +0.0000 +0.0000 +0.0747 +0.0000 +0.0000 +0.0000 +0.0000 +0.0000 +0.0000 +0.1787 +0.0520 +0.3711 +0.0000 +0.0000 +0.0428 +0.0000 +0.0000 +0.0000 +0.0000 +0.0000 +0.0000 +0.0000 +0.0000 +0.0000 -0.0984 -0.0353 -0.0745 +0.0000 +0.0000 +0.0000 +0.0000 +0.0000 +0.0000 +0.0000 +0.0000 +0.0000 +0.0000 +0.0000 +0.0000 +0.0000 +0.0000 -0.0907 -0.0380 -0.0098 -0.0431 ;
-0.0012 +0.0000 -0.1938 -0.0113 +0.1520 +0.0000 +0.0762 +0.0998 +0.1468 -0.1610 +0.0000 +0.0000 +0.0000 +0.0000 -0.1303 +0.0410 -0.1441 +0.0882 +0.0475 +0.0015 -0.0067 +0.0492 +0.0523 +0.0333 +0.0878 +0.1720 -0.0516 +0.0000 +0.0000 +0.0000 +0.0000 +0.0000 +0.0000 +0.0000 +0.0000 +0.0000 +0.2032 +0.0487 +0.0000 -0.1622 +0.2258 +0.0000 +0.0000 +0.0000 +0.0000 +0.0000 +0.0000 +0.0000 +0.0000 +0.0000 +0.0000 +0.0000 +0.0000 +0.0000 -0.0830 -0.0416 -0.1142 +0.0000 +0.0000 +0.0000 +0.0000 +0.0000 +0.0000 +0.0000 +0.0000 +0.1853 +0.0000 +0.0000 +0.0000 -0.1338 -0.1389 -0.0092 -0.0431 ;
-0.0041 +0.0000 +0.0000 +0.0000 +0.0995 +0.1284 -0.0430 -0.0806 +0.1461 +0.1652 +0.0725 -0.0641 -0.2148 +0.0000 +0.0000 +0.1679 +0.0000 +0.0000 +0.0993 -0.1088 +0.1224 +0.0871 +0.1846 +0.1343 +0.0982 +0.2228 +0.0000 +0.1168 -0.0003 -0.2124 +0.0000 +0.1597 +0.0000 +0.0000 +0.0000 +0.0000 +0.0000 +0.0606 +0.1566 +0.3019 +0.0000 +0.0000 +0.0000 +0.0000 +0.0000 +0.0000 +0.2339 +0.0000 +0.0000 +0.0000 +0.0000 +0.0000 +0.0000 +0.0000 +0.0000 +0.0000 +0.0000 -0.1653 -0.1563 -0.0711 +0.0000 +0.0000 +0.0000 +0.0000 +0.0000 +0.0000 +0.0000 +0.0000 +0.0000 -0.2303 -0.1158 -0.1506 -0.0431 ;
-0.0787 +0.0636 +0.0000 +0.0000 +0.0000 -0.0192 +0.0000 +0.0000 +0.0635 -0.0738 +0.1414 -0.1003 -0.0695 -0.0811 +0.2429 -0.2102 +0.0000 +0.0000 +0.0008 +0.1615 +0.0177 -0.0990 -0.0566 +0.0000 +0.1946 +0.0047 +0.0609 +0.1435 +0.1824 +0.0000 +0.0000 +0.0000 -0.1759 +0.0000 +0.0487 +0.0278 +0.1623 +0.0222 +0.1026 -0.0228 +0.0086 +0.0000 +0.0000 +0.0000 +0.0000 +0.0000 +0.0000 +0.0000 +0.0114 +0.0000 +0.0000 +0.0000 +0.0000 +0.0000 +0.0000 +0.0000 +0.0000 +0.0000 +0.0000 -0.1025 -0.0577 -0.0293 +0.0000 +0.0000 +0.0000 +0.0000 +0.1473 +0.0000 +0.0000 -0.1962 -0.0872 -0.0648 -0.0431 ;
+0.0000 +0.0000 +0.0000 +0.2306 -0.0765 +0.0635 +0.2315 -0.0005 +0.0307 +0.0000 +0.0000 +0.0000 -0.0191 -0.0037 -0.1076 -0.1380 -0.2274 +0.0106 -0.0405 +0.1152 -0.1471 +0.0688 -0.0673 +0.0000 +0.0000 +0.2196 +0.0000 +0.1602 +0.0000 +0.0013 +0.0900 -0.0178 +0.0795 +0.1042 +0.0000 +0.0000 +0.0000 +0.0000 +0.0000 +0.0000 +0.0000 +0.0947 +0.1027 +0.0000 +0.0000 +0.0000 +0.0000 +0.0000 +0.0000 +0.0000 +0.0000 -0.0652 -0.1131 -0.0000 +0.0000 -0.1791 +0.0000 -0.1810 +0.0000 -0.0482 +0.0000 +0.0000 +0.0000 +0.0000 +0.1552 +0.0000 +0.0000 +0.0000 +0.0000 +0.0000 +0.0000 +0.0000 -0.0431 ;
-0.1974 +0.0858 +0.0000 +0.0000 +0.1245 -0.1492 -0.0169 +0.1786 +0.0884 +0.0338 +0.0000 +0.0000 +0.0000 +0.0000 +0.0000 +0.2269 +0.0281 -0.0366 +0.0560 -0.2435 -0.0542 -0.0427 +0.0000 -0.2131 +0.1069 +0.0000 +0.2075 +0.0000 -0.2477 +0.0000 -0.1804 -0.0867 +0.0271 +0.0000 -0.0599 +0.0000 +0.0000 -0.1169 -0.0365 +0.1592 +0.2242 +0.0000 +0.0000 +0.2547 +0.1469 +0.0000 +0.0000 +0.0000 +0.0000 +0.0000 +0.0000 -0.1055 -0.1463 +0.0000 +0.0000 +0.0000 +0.0000 +0.0000 +0.0000 -0.1978 -0.1437 -0.1703 +0.0000 -0.1822 +0.0000 +0.0000 +0.0670 +0.0000 +0.0000 +0.0000 +0.0000 +0.0000 -0.0431 ;
-0.1885 +0.0405 -0.0588 +0.0000 +0.0000 +0.0000 +0.0000 +0.2017 +0.1475 +0.1787 -0.0606 +0.0997 +0.1250 +0.0000 +0.1808 +0.1713 +0.0000 +0.0000 +0.0000 +0.0000 +0.0000 +0.0000 -0.1766 -0.0955 -0.1640 -0.1523 +0.1470 -0.0412 +0.0090 -0.0944 +0.0566 -0.0432 +0.0446 +0.1039 -0.2145 -0.1920 +0.0015 +0.0542 +0.1203 -0.0780 +0.1772 +0.0000 +0.0000 +0.0000 +0.0000 +0.0000 +0.0787 +0.1954 +0.0000 +0.0000 +0.0000 +0.0000 -0.1599 +0.0000 +0.0000 +0.0000 +0.0000 +0.0000 -0.1584 -0.2391 -0.0932 -0.1872 -0.0662 -0.2920 +0.0000 +0.0000 +0.2185 +0.0000 +0.0000 +0.0000 -0.1892 +0.0000 -0.0431 ;
+0.0000 +0.0000 +0.0000 +0.0000 +0.0000 +0.0000 +0.0000 +0.0000 +0.0000 +0.0000 +0.0000 +0.0000 +0.0000 +0.0000 +0.0000 +0.0000 +0.0000 +0.0000 +0.0000 +0.0000 +0.0000 +0.0000 +0.0000 +0.0000 +0.0000 +0.0000 +0.0000 +0.0000 +0.0000 +0.0000 +0.0000 +0.0000 +0.0000 +0.0000 +0.0000 +0.0000 +0.0000 +0.0000 +0.0000 +0.0000 +0.0000 +0.0000 +0.0000 +0.0000 +0.0000 +0.0000 +0.0000 +0.0000 +0.0000 +0.0000 +0.0000 +0.0000 +0.0000 +0.0000 +0.0000 +0.0000 +0.0000 +0.0000 +0.0000 +0.0000 +0.0000 +0.0000 +0.0000 +0.0000 +0.0000 +0.0000 +0.0000 +0.0000 +0.0000 +0.0000 +0.0000 +0.0000 +0.0000 ;
