brainFunction 22867 22 15 153 24777 2-6 7-12 13-14
0 0.744194
1 0.305925
2 0.405704
3 0.354367
4 0.587701
5 0.492692
6 0.49287
7 0.615686
8 0.63672
9 0.593583
10 0.53262
11 0.600357
12 0.579323
13 0.57754
14 0.397148
15 0.977735
16 0.835465
17 0.125582
18 0.939658
19 0.0597565
20 0.244034
21 0.0973716
0 0.731788
1 1.01008
2 0.310695
3 0.34902
4 0.34902
5 0.34902
6 0.34902
7 0.231729
8 0.25098
9 0.25098
10 0.25098
11 0.25098
12 0.25098
13 0.151872
14 0.14902
15 0.985033
16 0.841774
17 0.132201
18 0.960738
19 0.0882511
20 0.336142
21 0.129591
0 0.162016
1 1.00166
2 0.34902
3 0.34902
4 0.34902
5 0.34902
6 0.34902
7 0.25098
8 0.25098
9 0.25098
10 0.25098
11 0.25098
12 0.25098
13 0.14902
14 0.14902
15 0.985498
16 0.836661
17 0.129249
18 0.95892
19 0.082025
20 0.332267
21 0.129741
0 0.202688
1 0.993072
2 0.34902
3 0.34902
4 0.34902
5 0.34902
6 0.34902
7 0.25098
8 0.25098
9 0.25098
10 0.25098
11 0.25098
12 0.25098
13 0.14902
14 0.14902
15 0.980864
16 0.814177
17 0.142203
18 0.963701
19 0.0532539
20 0.276646
21 0.116019
0 0.161363
1 0.984422
2 0.34902
3 0.34902
4 0.333155
5 0
6 0
7 0.25098
8 0.25098
9 0.25098
10 0.136898
11 0
12 0
13 0.14902
14 0.0270945
15 0.979196
16 0.834482
17 0.183201
18 0.969678
19 0.0521788
20 0.110471
21 0.122536
0 0.552273
1 0.97554
2 0
3 0
4 0
5 0
6 0.128342
7 0
8 0
9 0
10 0
11 0.00178253
12 0.0196078
13 0
14 0.246702
15 0.981223
16 0.773409
17 0.136095
18 0.949677
19 0.0946085
20 0.330462
21 0.075738
0 0.578593
1 0.966707
2 0.439216
3 0.439216
4 0.371836
5 0.368627
6 0.368627
7 0.0196078
8 0.0196078
9 0.209982
10 0.368627
11 0.368627
12 0.368627
13 0.705526
14 0.368627
15 0.975376
16 0.844102
17 0.143719
18 0.947014
19 0.0391256
20 0.298526
21 0.124527
0 0.748723
1 0.957806
2 0.321569
3 0.321569
4 0.353654
5 0.439216
6 0.439216
7 0.321569
8 0.321569
9 0.321569
10 0.101961
11 0.0196078
12 0.0196078
13 0.321569
14 0.706595
15 0.961394
16 0.717472
17 0.0979477
18 0.938033
19 0.165704
20 0.119622
21 0.177166
0 0.965413
1 0.94861
2 0.121569
3 0.2
4 0.121569
5 0.2
6 0.2
7 0.274866
8 0.6
9 0.437433
10 0.437433
11 0.6
12 0.6
13 0.386096
14 0.262032
15 0.943251
16 0.709358
17 0.0924659
18 0.925311
19 0.198612
20 0.137328
21 0.190551
0 0.898167
1 1
2 0.2
3 0.2
4 0.2
5 0.2
6 0.2
7 0.6
8 0.6
9 0.6
10 0.6
11 0.6
12 0.6
13 0.2
14 0.2
15 0.9777
16 0.718919
17 0.240298
18 0.963872
19 0.123596
20 0.225246
21 0.0945944
0 0.190743
1 1
2 0.027451
3 0.027451
4 0.027451
5 0.027451
6 0.027451
7 0.00392157
8 0.00392157
9 0.00392157
10 0.00392157
11 0.00392157
12 0.00392157
13 0.901961
14 0.901961
15 0.981086
16 0.770255
17 0.213511
18 0.967548
19 0.100694
20 0.190504
21 0.125651
0 0.250163
1 0.990438
2 0.0431373
3 0.0431373
4 0.0431373
5 0.114439
6 0.203565
7 0.00392157
8 0.00392157
9 0.00392157
10 0.00392157
11 0.153654
12 0.172905
13 0.490196
14 0.409269
15 0.984025
16 0.770613
17 0.197945
18 0.966414
19 0.147689
20 0.243554
21 0.112684
0 0.304715
1 1
2 0.0431373
3 0.165062
4 0.177005
5 0.33975
6 0.315151
7 0.00392157
8 0.0139037
9 0.0110517
10 0.289483
11 0.25098
12 0.346168
13 0.656685
14 0.194296
15 0.96664
16 0.754818
17 0.197787
18 0.953986
19 0.0824685
20 0.116953
21 0.0902505
0 0.897853
1 1
2 0.0352941
3 0.0352941
4 0.232086
5 0.101069
6 0.0909091
7 0.00392157
8 0.00392157
9 0.0862745
10 0.250267
11 0.163636
12 0.327273
13 0.505526
14 0.137968
15 0.983078
16 0.784241
17 0.172051
18 0.969254
19 0.0957912
20 0.260841
21 0.140853
0 0.347142
1 1
2 0.0313726
3 0.142068
4 0.314795
5 0.34902
6 0.34902
7 0.00392157
8 0.0310161
9 0.301961
10 0.264884
11 0.25098
12 0.25098
13 0.441711
14 0.162923
15 0.98416
16 0.76573
17 0.220532
18 0.975621
19 0.0988347
20 0.209205
21 0.128715
0 0.0147274
1 0.990733
2 0.0235294
3 0.0235294
4 0.0235294
5 0.0235294
6 0.0235294
7 0.00392157
8 0.00392157
9 0.00392157
10 0.00392157
11 0.00392157
12 0.00392157
13 0.52549
14 0.52549
15 0.982592
16 0.763969
17 0.22371
18 0.974699
19 0.0920302
20 0.2003
21 0.129111
0 0.0813819
1 0.981426
2 0.0235294
3 0.0235294
4 0.0235294
5 0.0235294
6 0.0235294
7 0.00392157
8 0.00392157
9 0.00392157
10 0.00392157
11 0.00392157
12 0.00392157
13 0.52549
14 0.52549
15 0.979206
16 0.748594
17 0.137714
18 0.958665
19 0.0782941
20 0.229656
21 0.140255
0 0.792349
1 0.972703
2 0.0235294
3 0.338503
4 0.388235
5 0.388235
6 0.388235
7 0.00392157
8 0.248485
9 0.388235
10 0.388235
11 0.388235
12 0.388235
13 0.450624
14 0.388235
15 0.958444
16 0.769434
17 0.108925
18 0.939111
19 0.0698883
20 0.246275
21 0.108011
0 0.990954
1 0.964329
2 0.392157
3 0.392157
4 0.392157
5 0.392157
6 0.308378
7 0.392157
8 0.392157
9 0.392157
10 0.392157
11 0.392157
12 0.286274
13 0.392157
14 0.404635
15 0.968375
16 0.753418
17 0.137699
18 0.960256
19 0.0560585
20 0.288714
21 0.124319
0 0.370888
1 0.955949
2 0.388235
3 0.388235
4 0.371658
5 0.0235294
6 0.0235294
7 0.388235
8 0.388235
9 0.388235
10 0.213547
11 0.00392157
12 0.00392157
13 0.388235
14 0.503743
15 0.95912
16 0.81046
17 0.169857
18 0.957179
19 0.0499622
20 0.121488
21 0.100895
0 0.733197
1 0.947336
2 0.361497
3 0.0475936
4 0
5 0
6 0.0641711
7 0.31943
8 0.0912656
9 0
10 0
11 0
12 0.0106952
13 0.109091
14 0.116221
15 0.98896
16 0.815198
17 0.191572
18 0.968248
19 0.0493132
20 0.556952
21 0.0785535
0 0.0167213
1 0.938426
2 0.490196
3 0.490196
4 0.490196
5 0.490196
6 0.490196
7 0.0196078
8 0.0196078
9 0.0196078
10 0.0196078
11 0.0196078
12 0.0196078
13 0.737255
14 0.737255
15 0.987694
16 0.816858
17 0.18339
18 0.962483
19 0.0322885
20 0.494598
21 0.0706181
0 0.342826
1 0.929581
2 0.498039
3 0.498039
4 0.498039
5 0.498039
6 0.498039
7 0.0196078
8 0.0196078
9 0.0196078
10 0.0196078
11 0.0196078
12 0.0196078
13 0.733333
14 0.733333
15 0.964256
16 0.770576
17 0.147476
18 0.963709
19 0.0499832
20 0.148334
21 0.189126
0 0.706266
1 0.920704
2 0.154545
3 0.2
4 0.0404635
5 0.0431372
6 0.0431372
7 0.436364
8 0.6
9 0.273797
10 0.00392157
11 0.00392157
12 0.00392157
13 0.222103
14 0.843137
15 0.975684
16 0.73258
17 0.21681
18 0.967872
19 0.0801478
20 0.16093
21 0.104283
0 0.550884
1 0.911995
2 0.0210339
3 0.0352941
4 0.0352941
5 0.0352941
6 0.0352941
7 0.00392157
8 0.00392157
9 0.00392157
10 0.00392157
11 0.00392157
12 0.00392157
13 0.814617
14 0.796078
15 0.974401
16 0.687295
17 0.0918267
18 0.966994
19 0.175053
20 0.286544
21 0.207256
0 0.269222
1 0.904648
2 0.289127
3 0.208021
4 0.2
5 0.2
6 0.301604
7 0.140463
8 0.38467
9 0.6
10 0.6
11 0.6
12 0.314438
13 0.365419
14 0.186096
15 0.981726
16 0.804304
17 0.0830731
18 0.963704
19 0.114214
20 0.344153
21 0.165743
0 0.145718
1 0.445464
2 0.309804
3 0.309804
4 0.309804
5 0.309804
6 0.309804
7 0.309804
8 0.309804
9 0.309804
10 0.309804
11 0.309804
12 0.309804
13 0.309804
14 0.309804
15 0.981082
16 0.802755
17 0.081183
18 0.965016
19 0.104569
20 0.315814
21 0.158271
0 0.360899
1 0.488776
2 0.337255
3 0.337255
4 0.337255
5 0.337255
6 0.337255
7 0.337255
8 0.337255
9 0.337255
10 0.337255
11 0.337255
12 0.337255
13 0.337255
14 0.337255
15 0.979002
16 0.806038
17 0.0837172
18 0.963885
19 0.0923803
20 0.276129
21 0.150157
0 0.500631
1 0.481674
2 0.317647
3 0.317647
4 0.317647
5 0.317647
6 0.317647
7 0.317647
8 0.317647
9 0.317647
10 0.317647
11 0.317647
12 0.317647
13 0.317647
14 0.317647
15 0.985624
16 0.815863
17 0.0954956
18 0.974574
19 0.111571
20 0.306182
21 0.173893
0 0.0552364
1 0.474323
2 0.25098
3 0.25098
4 0.25098
5 0.25098
6 0.25098
7 0.25098
8 0.25098
9 0.25098
10 0.25098
11 0.25098
12 0.25098
13 0.25098
14 0.25098
15 0.984841
16 0.796956
17 0.0772571
18 0.970286
19 0.129115
20 0.387531
21 0.174845
0 0.117868
1 0.467177
2 0.368627
3 0.368627
4 0.368627
5 0.368627
6 0.368627
7 0.368627
8 0.368627
9 0.368627
10 0.368627
11 0.368627
12 0.368627
13 0.368627
14 0.368627
15 0.9788
16 0.832825
17 0.0848213
18 0.960248
19 0.0496562
20 0.247417
21 0.121503
0 0.744115
1 0.460045
2 0.34902
3 0.34902
4 0.34902
5 0.34902
6 0.34902
7 0.25098
8 0.25098
9 0.25098
10 0.25098
11 0.25098
12 0.25098
13 0.14902
14 0.14902
15 0.984813
16 0.840655
17 0.0878397
18 0.972786
19 0.0735333
20 0.315024
21 0.14936
0 0.285481
1 0.453072
2 0.34902
3 0.34902
4 0.34902
5 0.34902
6 0.34902
7 0.25098
8 0.25098
9 0.25098
10 0.25098
11 0.25098
12 0.25098
13 0.14902
14 0.14902
15 0.982988
16 0.83153
17 0.0984683
18 0.970381
19 0.0403856
20 0.252465
21 0.142194
0 0.448731
1 0.446114
2 0.34902
3 0.34902
4 0.299822
5 0.168627
6 0.250624
7 0.25098
8 0.25098
9 0.25098
10 0.0827094
11 0.0196078
12 0.145811
13 0.14902
14 0.688057
15 0.983611
16 0.789726
17 0.107015
18 0.971398
19 0.0649938
20 0.290459
21 0.103742
0 0.633144
1 0.438111
2 0.176471
3 0.267023
4 0.363815
5 0.34902
6 0.190374
7 0.0196078
8 0.0196078
9 0.324421
10 0.25098
11 0.25098
12 0.114082
13 0.738681
14 0.121925
15 0.972742
16 0.849778
17 0.126109
18 0.970305
19 0.0479722
20 0.123305
21 0.115271
0 0.596044
1 0.430117
2 0.317291
3 0
4 0
5 0
6 0
7 0.25098
8 0.0228164
9 0
10 0
11 0
12 0
13 0.0541889
14 0
15 0.983469
16 0.839567
17 0.15066
18 0.976557
19 0.0465655
20 0.146736
21 0.12456
0 0.61801
1 0.422179
2 0
3 0.087344
4 0.137255
5 0.137255
6 0.0748663
7 0
8 0.00713013
9 0.0196078
10 0.0196078
11 0.0196078
12 0.00891265
13 0.294118
14 0.529412
15 0.993017
16 0.858988
17 0.153724
18 0.979998
19 0.0327424
20 0.418629
21 0.121169
0 0.240641
1 0.413405
2 0.0459893
3 0.505882
4 0.505882
5 0.505882
6 0.505882
7 0
8 0.0178253
9 0.0196078
10 0.0196078
11 0.0196078
12 0.0196078
13 0.45918
14 0.721569
15 0.987219
16 0.850319
17 0.122358
18 0.964543
19 0.0204766
20 0.420022
21 0.0664772
0 0.700149
1 0.404866
2 0.513726
3 0.513726
4 0.513726
5 0.513725
6 0.513725
7 0.0196078
8 0.0196078
9 0.0196078
10 0.0196078
11 0.0196078
12 0.0196078
13 0.686275
14 0.686275
15 0.981659
16 0.79029
17 0.16626
18 0.974157
19 0.0595098
20 0.150137
21 0.10582
0 0.735455
1 0.396522
2 0.0666667
3 0.0666667
4 0.0666667
5 0.0666667
6 0.0666667
7 0.00392157
8 0.00392157
9 0.00392157
10 0.00392157
11 0.00392157
12 0.00392157
13 0.815686
14 0.815686
15 0.982015
16 0.812522
17 0.126401
18 0.978686
19 0.0972672
20 0.27241
21 0.15094
0 0.19036
1 0.389464
2 0.188057
3 0.0980392
4 0.166845
5 0.230125
6 0.11016
7 0.438503
8 0.129412
9 0.159358
10 0.0196078
11 0.203565
12 0.0196078
13 0.548663
14 0.736185
15 0.990004
16 0.767089
17 0.103452
18 0.980101
19 0.111673
20 0.326853
21 0.199599
0 0.0333329
1 0.382547
2 0.15508
3 0.225312
4 0.193761
5 0.230125
6 0.34902
7 0.0196078
8 0.211052
9 0.382175
10 0.211408
11 0.183601
12 0.25098
13 0.561497
14 0.211408
15 0.979391
16 0.79991
17 0.0995845
18 0.967836
19 0.073388
20 0.159367
21 0.105548
0 0.948202
1 0.375656
2 0.0705882
3 0.15508
4 0.34902
5 0.34902
6 0.168093
7 0.0142603
8 0.119786
9 0.25098
10 0.25098
11 0.28271
12 0.436364
13 0.471658
14 0.149376
15 0.982785
16 0.796766
17 0.0899329
18 0.981066
19 0.102623
20 0.229051
21 0.218212
0 0.0137112
1 0.368761
2 0.25615
3 0.154545
4 0.145455
5 0
6 0.0525847
7 0.205348
8 0.381818
9 0.436364
10 0.327273
11 0
12 0.172193
13 0.131551
14 0.0573975
15 0.986712
16 0.830026
17 0.100922
18 0.979629
19 0.131323
20 0.255774
21 0.157448
0 0.261774
1 0.361964
2 0.0909091
3 0.0467023
4 0.440998
5 0.31123
6 0.34902
7 0.327273
8 0.059893
9 0.190374
10 0.433868
11 0.25098
12 0.25098
13 0.34082
14 0.272371
15 0.980159
16 0.817899
17 0.0851267
18 0.970509
19 0.067774
20 0.28287
21 0.118937
0 0.604356
1 0.355178
2 0.414082
3 0.34902
4 0.34902
5 0.34902
6 0.34902
7 0.436007
8 0.25098
9 0.25098
10 0.25098
11 0.25098
12 0.25098
13 0.271658
14 0.14902
15 0.988618
16 0.833301
17 0.0870413
18 0.980491
19 0.0878208
20 0.359177
21 0.155721
0 0.0336601
1 0.348438
2 0.34902
3 0.34902
4 0.34902
5 0.34902
6 0.34902
7 0.25098
8 0.25098
9 0.25098
10 0.25098
11 0.25098
12 0.25098
13 0.14902
14 0.14902
15 0.984585
16 0.83069
17 0.0812467
18 0.974481
19 0.0580905
20 0.267632
21 0.128178
0 0.549889
1 0.341723
2 0.34902
3 0.34902
4 0.34902
5 0.34902
6 0.34902
7 0.25098
8 0.25098
9 0.25098
10 0.25098
11 0.25098
12 0.25098
13 0.14902
14 0.14902
15 0.987334
16 0.833531
17 0.0845111
18 0.979383
19 0.0773625
20 0.319362
21 0.144979
0 0.230815
1 0.335128
2 0.34902
3 0.34902
4 0.34902
5 0.34902
6 0.34902
7 0.25098
8 0.25098
9 0.25098
10 0.25098
11 0.25098
12 0.25098
13 0.14902
14 0.14902
15 0.987068
16 0.843785
17 0.116748
18 0.9569
19 0.0140664
20 0.562039
21 0.0398937
0 0.874142
1 0.328086
2 0.709804
3 0.709804
4 0.709804
5 0.709804
6 0.709804
7 0.0196078
8 0.0196078
9 0.0196078
10 0.0196078
11 0.0196078
12 0.0196078
13 0.894118
14 0.894118
15 0.983174
16 0.854968
17 0.142563
18 0.979741
19 0.0347267
20 0.0773876
21 0.129654
0 0.865064
1 0.320755
2 0
3 0
4 0
5 0
6 0
7 0
8 0
9 0
10 0
11 0
12 0
13 0
14 0
15 0.988535
16 0.833698
17 0.139311
18 0.983659
19 0.0603616
20 0.17262
21 0.168057
0 0.294016
1 0.314016
2 0
3 0.12549
4 0.101961
5 0.101961
6 0.0787879
7 0
8 0.188235
9 0.0652406
10 0.0196078
11 0.0196078
12 0.0196078
13 0.235294
14 0.641711
15 0.983271
16 0.840414
17 0.0970245
18 0.975553
19 0.0296568
20 0.251119
21 0.142702
0 0.770592
1 0.306046
2 0.230303
3 0.298039
4 0.320499
5 0.380392
6 0.380392
7 0.216756
8 0.298039
9 0.298039
10 0.0955437
11 0.0196078
12 0.0196078
13 0.270945
14 0.743672
15 0.985486
16 0.784981
17 0.148626
18 0.975353
19 0.0495756
20 0.23192
21 0.0757939
0 0.596957
1 0.298371
2 0.262745
3 0.262745
4 0.262745
5 0.105526
6 0.0705882
7 0.0156863
8 0.0156863
9 0.0156863
10 0.0135472
11 0.00392157
12 0.00392157
13 0.87451
14 0.87451
15 0.990532
16 0.79957
17 0.167062
18 0.983018
19 0.095267
20 0.286376
21 0.127262
0 0.0199274
1 0.291121
2 0.168627
3 0.168627
4 0.168627
5 0.168627
6 0.211408
7 0.0196078
8 0.0196078
9 0.0196078
10 0.0196078
11 0.0196078
12 0.111586
13 0.733333
14 0.699109
15 0.985554
16 0.799299
17 0.15577
18 0.975732
19 0.050249
20 0.196962
21 0.0983476
0 0.644078
1 0.284205
2 0.160784
3 0.160784
4 0.160784
5 0.160784
6 0.160784
7 0.0196078
8 0.0196078
9 0.0196078
10 0.0196078
11 0.0196078
12 0.0196078
13 0.694118
14 0.694118
15 0.983331
16 0.804796
17 0.15474
18 0.975085
19 0.0474698
20 0.181639
21 0.0931745
0 0.773787
1 0.277238
2 0.172549
3 0.172549
4 0.172549
5 0.172549
6 0.172549
7 0.0196078
8 0.0196078
9 0.0196078
10 0.0196078
11 0.0196078
12 0.0196078
13 0.701961
14 0.701961
15 0.984743
16 0.772696
17 0.0753302
18 0.983206
19 0.0803694
20 0.273173
21 0.157929
0 0.19528
1 0.269973
2 0.34902
3 0.34902
4 0.27451
5 0.0541889
6 0.0454545
7 0.25098
8 0.25098
9 0.4959
10 0.317647
11 0.202139
12 0.163636
13 0.212834
14 0.396791
15 0.981088
16 0.836432
17 0.0849695
18 0.979967
19 0.091156
20 0.179142
21 0.170298
0 0.691959
1 0.263159
2 0.136364
3 0.0454545
4 0.265419
5 0.34902
6 0.34902
7 0.436364
8 0.218182
9 0.327273
10 0.25098
11 0.25098
12 0.25098
13 0.109091
14 0.14902
15 0.986153
16 0.825879
17 0.0800255
18 0.979106
19 0.0688365
20 0.283067
21 0.126079
0 0.463853
1 0.25638
2 0.34902
3 0.34902
4 0.34902
5 0.34902
6 0.34902
7 0.25098
8 0.25098
9 0.25098
10 0.25098
11 0.25098
12 0.25098
13 0.14902
14 0.14902
15 0.983606
16 0.822245
17 0.0995502
18 0.975959
19 0.0765661
20 0.224093
21 0.106946
0 0.687721
1 0.249769
2 0.34902
3 0.313369
4 0.161854
5 0.34902
6 0.34902
7 0.25098
8 0.25098
9 0.0616756
10 0.124777
11 0.25098
12 0.25098
13 0.353298
14 0.285205
15 0.98189
16 0.827146
17 0.0829043
18 0.976558
19 0.0553556
20 0.229288
21 0.111991
0 0.789882
1 0.24319
2 0.34902
3 0.34902
4 0.34902
5 0.34902
6 0.34902
7 0.25098
8 0.25098
9 0.25098
10 0.25098
11 0.25098
12 0.25098
13 0.14902
14 0.14902
15 0.983434
16 0.818534
17 0.114742
18 0.97693
19 0.0641833
20 0.188339
21 0.115799
0 0.672111
1 0.236527
2 0.34902
3 0.276649
4 0.156863
5 0.183066
6 0.34902
7 0.25098
8 0.24492
9 0.0463458
10 0.0156863
11 0.101248
12 0.25098
13 0.355437
14 0.555437
15 0.988961
16 0.831309
17 0.0851225
18 0.984744
19 0.0784973
20 0.368111
21 0.13089
0 0.0557754
1 0.229805
2 0.34902
3 0.34902
4 0.34902
5 0.34902
6 0.190374
7 0.25098
8 0.25098
9 0.25098
10 0.25098
11 0.25098
12 0.114082
13 0.14902
14 0.121925
15 0.984916
16 0.84701
17 0.125435
18 0.981379
19 0.0549688
20 0.136517
21 0.115927
0 0.419199
1 0.223032
2 0.317291
3 0
4 0
5 0
6 0
7 0.25098
8 0.0228164
9 0
10 0
11 0
12 0
13 0.0541889
14 0
15 0.98804
16 0.849972
17 0.150121
18 0.984493
19 0.0506205
20 0.101359
21 0.145243
0 0.53722
1 0.216028
2 0
3 0
4 0
5 0
6 0
7 0
8 0
9 0
10 0
11 0
12 0
13 0
14 0
15 0.986171
16 0.808417
17 0.097454
18 0.983128
19 0.0388328
20 0.17547
21 0.137446
0 0.837673
1 0.208985
2 0
3 0.31836
4 0.368627
5 0.187879
6 0.0983957
7 0
8 0.234581
9 0.368627
10 0.368627
11 0.0370766
12 0.0627451
13 0.20107
14 0.626738
15 0.98814
16 0.819317
17 0.136943
18 0.975785
19 0.0314089
20 0.368349
21 0.0625917
0 0.633116
1 0.20157
2 0.419608
3 0.419608
4 0.419608
5 0.419608
6 0.419608
7 0.0196078
8 0.0196078
9 0.0196078
10 0.0196078
11 0.0196078
12 0.0196078
13 0.776471
14 0.776471
15 0.988019
16 0.807616
17 0.160583
18 0.981167
19 0.0504445
20 0.217116
21 0.0914529
0 0.617793
1 0.194377
2 0.196078
3 0.196078
4 0.196078
5 0.196078
6 0.196078
7 0.0196078
8 0.0196078
9 0.0196078
10 0.0196078
11 0.0196078
12 0.0196078
13 0.705882
14 0.705882
15 0.989775
16 0.808133
17 0.160496
18 0.982842
19 0.0578816
20 0.265515
21 0.099258
0 0.367186
1 0.18746
2 0.211765
3 0.211765
4 0.211765
5 0.211765
6 0.211765
7 0.0196078
8 0.0196078
9 0.0196078
10 0.0196078
11 0.0196078
12 0.0196078
13 0.686275
14 0.686275
15 0.986451
16 0.806186
17 0.15629
18 0.978781
19 0.0428483
20 0.204313
21 0.0853625
0 0.762929
1 0.180151
2 0.207843
3 0.207843
4 0.207843
5 0.207843
6 0.207843
7 0.0196078
8 0.0196078
9 0.0196078
10 0.0196078
11 0.0196078
12 0.0196078
13 0.690196
14 0.690196
15 0.988749
16 0.804795
17 0.0870751
18 0.986838
19 0.107302
20 0.263626
21 0.134591
0 0.0698775
1 0.172849
2 0.34902
3 0.34902
4 0.342246
5 0.0818181
6 0.0909091
7 0.25098
8 0.25098
9 0.25098
10 0.300535
11 0.163636
12 0.327273
13 0.14902
14 0.0998217
15 0.981768
16 0.832471
17 0.0957461
18 0.981854
19 0.0670779
20 0.136364
21 0.141523
0 0.826443
1 0.165463
2 0.0636364
3 0.0727273
4 0.0909091
5 0.206239
6 0.0156863
7 0.109091
8 0.381818
9 0.163636
10 0.272727
11 0.19287
12 0.00392157
13 0.0727273
14 0.350446
15 0.985245
16 0.810236
17 0.116959
18 0.981835
19 0.0589279
20 0.172235
21 0.113721
0 0.511431
1 0.158427
2 0.34902
3 0.288414
4 0.0156863
5 0.0156863
6 0.0967914
7 0.25098
8 0.25098
9 0.0488413
10 0.00392157
11 0.00392157
12 0.104456
13 0.273084
14 0.582888
15 0.992224
16 0.816207
17 0.145907
18 0.98696
19 0.200982
20 0.237264
21 0.142056
0 0.215742
1 0.151169
2 0.0156863
3 0.0156863
4 0.117291
5 0.35615
6 0.34902
7 0.00392157
8 0.00392157
9 0.00392157
10 0.258467
11 0.25098
12 0.25098
13 0.603922
14 0.233868
15 0.989519
16 0.783632
17 0.124299
18 0.982668
19 0.0864047
20 0.229763
21 0.11909
0 0.72416
1 0.143688
2 0.0156863
3 0.0912656
4 0.37148
5 0.34902
6 0.34902
7 0.00392157
8 0.00392157
9 0.304456
10 0.25098
11 0.25098
12 0.25098
13 0.545455
14 0.14902
15 0.987195
16 0.822031
17 0.0830756
18 0.983825
19 0.072711
20 0.285736
21 0.120377
0 0.48244
1 0.136389
2 0.316934
3 0.34902
4 0.34902
5 0.34902
6 0.34902
7 0.265954
8 0.25098
9 0.25098
10 0.25098
11 0.25098
12 0.25098
13 0.172549
14 0.14902
15 0.98638
16 0.785667
17 0.0563326
18 0.985465
19 0.0931124
20 0.298019
21 0.142876
0 0.525097
1 0.129163
2 0.34902
3 0.321925
4 0.2
5 0.288057
6 0.247415
7 0.25098
8 0.25098
9 0.536542
10 0.6
11 0.282709
12 0.0616755
13 0.162923
14 0.377184
15 0.987971
16 0.833542
17 0.108454
18 0.983303
19 0.0465379
20 0.292199
21 0.0915002
0 0.404451
1 0.121894
2 0.34902
3 0.34902
4 0.341533
5 0.341176
6 0.212834
7 0.25098
8 0.25098
9 0.124777
10 0.0196078
11 0.0420678
12 0.193939
13 0.288057
14 0.654189
15 0.98243
16 0.781517
17 0.109795
18 0.977288
19 0.03522
20 0.18759
21 0.0636059
0 0.838445
1 0.114591
2 0.52549
3 0.288414
4 0.145989
5 0
6 0
7 0.0196078
8 0.0680927
9 0.152941
10 0.0834225
11 0
12 0
13 0.572192
14 0.0278075
15 0.991083
16 0.848201
17 0.154541
18 0.98818
19 0.0948208
20 0.114308
21 0.177529
0 0.262941
1 0.107316
2 0.0454545
3 0
4 0
5 0
6 0.208556
7 0.0545455
8 0
9 0
10 0
11 0
12 0.250267
13 0.0181818
14 0.0834225
15 0.981505
16 0.773151
17 0.098924
18 0.982298
19 0.0779438
20 0.315038
21 0.0873485
0 0.355749
1 0.0998762
2 0.631373
3 0.397148
4 0.0588235
5 0.0588235
6 0.0588235
7 0.631373
8 0.574331
9 0.00392157
10 0.00392157
11 0.00392157
12 0.00392157
13 0.708378
14 0.843137
15 0.98686
16 0.823651
17 0.140232
18 0.978639
19 0.0423073
20 0.243013
21 0.0808496
0 0.927626
1 0.0921135
2 0.231373
3 0.231373
4 0.236364
5 0.429233
6 0.490196
7 0.0196078
8 0.0196078
9 0.0196078
10 0.165775
11 0.0488413
12 0.0196078
13 0.619608
14 0.626381
15 0.989591
16 0.813385
17 0.147535
18 0.984399
19 0.0502622
20 0.232569
21 0.0888518
0 0.518902
1 0.0840469
2 0.254011
3 0.196078
4 0.196078
5 0.196078
6 0.196078
7 0.0196078
8 0.0196078
9 0.0196078
10 0.0196078
11 0.0196078
12 0.0196078
13 0.612478
14 0.603922
15 0.993363
16 0.810368
17 0.156329
18 0.988826
19 0.0768797
20 0.304762
21 0.115193
0 0.00578743
1 0.0761339
2 0.184314
3 0.184314
4 0.184314
5 0.184314
6 0.184314
7 0.0196078
8 0.0196078
9 0.0196078
10 0.0196078
11 0.0196078
12 0.0196078
13 0.619608
14 0.619608
15 0.992357
16 0.799682
17 0.153651
18 0.986817
19 0.0642296
20 0.282384
21 0.100743
0 0.235995
1 0.0689147
2 0.192157
3 0.192157
4 0.192157
5 0.192157
6 0.192157
7 0.0196078
8 0.0196078
9 0.0196078
10 0.0196078
11 0.0196078
12 0.0196078
13 0.705882
14 0.705882
15 0.988695
16 0.796999
17 0.0819513
18 0.988071
19 0.0344245
20 0.250037
21 0.14308
0 0.349726
1 0.0617192
2 0.34902
3 0.34902
4 0.109804
5 0.0666667
6 0.0666667
7 0.25098
8 0.25098
9 0.441355
10 0.00178253
11 0.00392157
12 0.00392157
13 0.158289
14 0.551872
15 0.991609
16 0.807787
17 0.137396
18 0.986767
19 0.138931
20 0.163151
21 0.137811
0 0.519006
1 0.0547408
2 0.0196078
3 0.0196078
4 0.0196078
5 0.21426
6 0.34902
7 0.00392157
8 0.00392157
9 0.00392157
10 0.00392157
11 0.228521
12 0.25098
13 0.619608
14 0.320143
15 0.993519
16 0.798216
17 0.101207
18 0.989347
19 0.10627
20 0.315885
21 0.148496
0 0.231324
1 0.0474166
2 0.0156863
3 0.309804
4 0.34902
5 0.34902
6 0.34902
7 0.00392157
8 0.195365
9 0.25098
10 0.25098
11 0.25098
12 0.25098
13 0.380036
14 0.14902
15 0.992447
16 0.80953
17 0.106169
18 0.988023
19 0.0904309
20 0.292787
21 0.132288
0 0.013064
1 0.0401187
2 0.34902
3 0.31123
4 0.141176
5 0.141176
6 0.330125
7 0.25098
8 0.25098
9 0.0616756
10 0.0196078
11 0.0406418
12 0.25098
13 0.355437
14 0.63066
15 0.988271
16 0.822785
17 0.0665257
18 0.98552
19 0.0633119
20 0.266574
21 0.103927
0 0.629503
1 0.0328986
2 0.34902
3 0.34902
4 0.34902
5 0.34902
6 0.34902
7 0.25098
8 0.25098
9 0.25098
10 0.25098
11 0.25098
12 0.25098
13 0.14902
14 0.14902
15 0.986723
16 0.808602
17 0.0828673
18 0.986236
19 0.0330294
20 0.191135
21 0.0955607
0 0.648706
1 0.0256426
2 0.34902
3 0.34902
4 0.255971
5 0.00784314
6 0.00784314
7 0.25098
8 0.25098
9 0.25098
10 0.0827094
11 0.0196078
12 0.0196078
13 0.14902
14 0.665954
15 0.987821
16 0.810424
17 0.0618337
18 0.989818
19 0.111354
20 0.260031
21 0.187882
0 0.565783
1 0.0183323
2 0.125134
3 0.2
4 0.342246
5 0.34902
6 0.34902
7 0.283422
8 0.6
9 0.409626
10 0.25098
11 0.25098
12 0.25098
13 0.274866
14 0.14902
15 0.989199
16 0.806366
17 0.0805903
18 0.986382
19 0.032763
20 0.224408
21 0.109591
0 0.464446
1 0.0109569
2 0.34902
3 0.34902
4 0.17451
5 0.0342246
6 0.0941176
7 0.25098
8 0.25098
9 0.25098
10 0
11 0.00249554
12 0.00392157
13 0.14902
14 0.370053
15 0.991968
16 0.849703
17 0.134146
18 0.989601
19 0.0575898
20 0.119109
21 0.145175
end fitness = 5.88463
