brain 22874 fitness=15.4048 numneurons+1=44 maxWeight=8 maxBias=8 redinput=2-5 greeninput=6-13 blueinput=14-15
+0.0000 +0.0000 +0.0000 +0.0000 +0.0000 +0.0000 +0.0000 +0.0000 +0.0000 +0.0000 +0.0000 +0.0000 +0.0000 +0.0000 +0.0000 +0.0000 +0.0000 +0.0000 +0.0000 +0.0000 +0.0000 +0.0000 +0.0000 +0.0000 +0.0000 +0.0000 +0.0000 +0.0000 +0.0000 +0.0000 +0.0000 +0.0000 +0.0000 +0.0000 +0.0000 +0.0000 +0.0000 +0.0000 +0.0000 +0.0000 +0.0000 +0.0000 +0.0000 +0.0000 ;
+0.0000 +0.0000 +0.0000 +0.0000 +0.0000 +0.0000 +0.0000 +0.0000 +0.0000 +0.0000 +0.0000 +0.0000 +0.0000 +0.0000 +0.0000 +0.0000 +0.0000 +0.0000 +0.0000 +0.0000 +0.0000 +0.0000 +0.0000 +0.0000 +0.0000 +0.0000 +0.0000 +0.0000 +0.0000 +0.0000 +0.0000 +0.0000 +0.0000 +0.0000 +0.0000 +0.0000 +0.0000 +0.0000 +0.0000 +0.0000 +0.0000 +0.0000 +0.0000 +0.0000 ;
+0.0000 +0.0000 +0.0000 +0.0000 +0.0000 +0.0000 +0.0000 +0.0000 +0.0000 +0.0000 +0.0000 +0.0000 +0.0000 +0.0000 +0.0000 +0.0000 +0.0000 +0.0000 +0.0000 +0.0000 +0.0000 +0.0000 +0.0000 +0.0000 +0.0000 +0.0000 +0.0000 +0.0000 +0.0000 +0.0000 +0.0000 +0.0000 +0.0000 +0.0000 +0.0000 +0.0000 +0.0000 +0.0000 +0.0000 +0.0000 +0.0000 +0.0000 +0.0000 +0.0000 ;
+0.0000 +0.0000 +0.0000 +0.0000 +0.0000 +0.0000 +0.0000 +0.0000 +0.0000 +0.0000 +0.0000 +0.0000 +0.0000 +0.0000 +0.0000 +0.0000 +0.0000 +0.0000 +0.0000 +0.0000 +0.0000 +0.0000 +0.0000 +0.0000 +0.0000 +0.0000 +0.0000 +0.0000 +0.0000 +0.0000 +0.0000 +0.0000 +0.0000 +0.0000 +0.0000 +0.0000 +0.0000 +0.0000 +0.0000 +0.0000 +0.0000 +0.0000 +0.0000 +0.0000 ;
+0.0000 +0.0000 +0.0000 +0.0000 +0.0000 +0.0000 +0.0000 +0.0000 +0.0000 +0.0000 +0.0000 +0.0000 +0.0000 +0.0000 +0.0000 +0.0000 +0.0000 +0.0000 +0.0000 +0.0000 +0.0000 +0.0000 +0.0000 +0.0000 +0.0000 +0.0000 +0.0000 +0.0000 +0.0000 +0.0000 +0.0000 +0.0000 +0.0000 +0.0000 +0.0000 +0.0000 +0.0000 +0.0000 +0.0000 +0.0000 +0.0000 +0.0000 +0.0000 +0.0000 ;
+0.0000 +0.0000 +0.0000 +0.0000 +0.0000 +0.0000 +0.0000 +0.0000 +0.0000 +0.0000 +0.0000 +0.0000 +0.0000 +0.0000 +0.0000 +0.0000 +0.0000 +0.0000 +0.0000 +0.0000 +0.0000 +0.0000 +0.0000 +0.0000 +0.0000 +0.0000 +0.0000 +0.0000 +0.0000 +0.0000 +0.0000 +0.0000 +0.0000 +0.0000 +0.0000 +0.0000 +0.0000 +0.0000 +0.0000 +0.0000 +0.0000 +0.0000 +0.0000 +0.0000 ;
+0.0000 +0.0000 +0.0000 +0.0000 +0.0000 +0.0000 +0.0000 +0.0000 +0.0000 +0.0000 +0.0000 +0.0000 +0.0000 +0.0000 +0.0000 +0.0000 +0.0000 +0.0000 +0.0000 +0.0000 +0.0000 +0.0000 +0.0000 +0.0000 +0.0000 +0.0000 +0.0000 +0.0000 +0.0000 +0.0000 +0.0000 +0.0000 +0.0000 +0.0000 +0.0000 +0.0000 +0.0000 +0.0000 +0.0000 +0.0000 +0.0000 +0.0000 +0.0000 +0.0000 ;
+0.0000 +0.0000 +0.0000 +0.0000 +0.0000 +0.0000 +0.0000 +0.0000 +0.0000 +0.0000 +0.0000 +0.0000 +0.0000 +0.0000 +0.0000 +0.0000 +0.0000 +0.0000 +0.0000 +0.0000 +0.0000 +0.0000 +0.0000 +0.0000 +0.0000 +0.0000 +0.0000 +0.0000 +0.0000 +0.0000 +0.0000 +0.0000 +0.0000 +0.0000 +0.0000 +0.0000 +0.0000 +0.0000 +0.0000 +0.0000 +0.0000 +0.0000 +0.0000 +0.0000 ;
+0.0000 +0.0000 +0.0000 +0.0000 +0.0000 +0.0000 +0.0000 +0.0000 +0.0000 +0.0000 +0.0000 +0.0000 +0.0000 +0.0000 +0.0000 +0.0000 +0.0000 +0.0000 +0.0000 +0.0000 +0.0000 +0.0000 +0.0000 +0.0000 +0.0000 +0.0000 +0.0000 +0.0000 +0.0000 +0.0000 +0.0000 +0.0000 +0.0000 +0.0000 +0.0000 +0.0000 +0.0000 +0.0000 +0.0000 +0.0000 +0.0000 +0.0000 +0.0000 +0.0000 ;
+0.0000 +0.0000 +0.0000 +0.0000 +0.0000 +0.0000 +0.0000 +0.0000 +0.0000 +0.0000 +0.0000 +0.0000 +0.0000 +0.0000 +0.0000 +0.0000 +0.0000 +0.0000 +0.0000 +0.0000 +0.0000 +0.0000 +0.0000 +0.0000 +0.0000 +0.0000 +0.0000 +0.0000 +0.0000 +0.0000 +0.0000 +0.0000 +0.0000 +0.0000 +0.0000 +0.0000 +0.0000 +0.0000 +0.0000 +0.0000 +0.0000 +0.0000 +0.0000 +0.0000 ;
+0.0000 +0.0000 +0.0000 +0.0000 +0.0000 +0.0000 +0.0000 +0.0000 +0.0000 +0.0000 +0.0000 +0.0000 +0.0000 +0.0000 +0.0000 +0.0000 +0.0000 +0.0000 +0.0000 +0.0000 +0.0000 +0.0000 +0.0000 +0.0000 +0.0000 +0.0000 +0.0000 +0.0000 +0.0000 +0.0000 +0.0000 +0.0000 +0.0000 +0.0000 +0.0000 +0.0000 +0.0000 +0.0000 +0.0000 +0.0000 +0.0000 +0.0000 +0.0000 +0.0000 ;
+0.0000 +0.0000 +0.0000 +0.0000 +0.0000 +0.0000 +0.0000 +0.0000 +0.0000 +0.0000 +0.0000 +0.0000 +0.0000 +0.0000 +0.0000 +0.0000 +0.0000 +0.0000 +0.0000 +0.0000 +0.0000 +0.0000 +0.0000 +0.0000 +0.0000 +0.0000 +0.0000 +0.0000 +0.0000 +0.0000 +0.0000 +0.0000 +0.0000 +0.0000 +0.0000 +0.0000 +0.0000 +0.0000 +0.0000 +0.0000 +0.0000 +0.0000 +0.0000 +0.0000 ;
+0.0000 +0.0000 +0.0000 +0.0000 +0.0000 +0.0000 +0.0000 +0.0000 +0.0000 +0.0000 +0.0000 +0.0000 +0.0000 +0.0000 +0.0000 +0.0000 +0.0000 +0.0000 +0.0000 +0.0000 +0.0000 +0.0000 +0.0000 +0.0000 +0.0000 +0.0000 +0.0000 +0.0000 +0.0000 +0.0000 +0.0000 +0.0000 +0.0000 +0.0000 +0.0000 +0.0000 +0.0000 +0.0000 +0.0000 +0.0000 +0.0000 +0.0000 +0.0000 +0.0000 ;
+0.0000 +0.0000 +0.0000 +0.0000 +0.0000 +0.0000 +0.0000 +0.0000 +0.0000 +0.0000 +0.0000 +0.0000 +0.0000 +0.0000 +0.0000 +0.0000 +0.0000 +0.0000 +0.0000 +0.0000 +0.0000 +0.0000 +0.0000 +0.0000 +0.0000 +0.0000 +0.0000 +0.0000 +0.0000 +0.0000 +0.0000 +0.0000 +0.0000 +0.0000 +0.0000 +0.0000 +0.0000 +0.0000 +0.0000 +0.0000 +0.0000 +0.0000 +0.0000 +0.0000 ;
+0.0000 +0.0000 +0.0000 +0.0000 +0.0000 +0.0000 +0.0000 +0.0000 +0.0000 +0.0000 +0.0000 +0.0000 +0.0000 +0.0000 +0.0000 +0.0000 +0.0000 +0.0000 +0.0000 +0.0000 +0.0000 +0.0000 +0.0000 +0.0000 +0.0000 +0.0000 +0.0000 +0.0000 +0.0000 +0.0000 +0.0000 +0.0000 +0.0000 +0.0000 +0.0000 +0.0000 +0.0000 +0.0000 +0.0000 +0.0000 +0.0000 +0.0000 +0.0000 +0.0000 ;
+0.0000 +0.0000 +0.0000 +0.0000 +0.0000 +0.0000 +0.0000 +0.0000 +0.0000 +0.0000 +0.0000 +0.0000 +0.0000 +0.0000 +0.0000 +0.0000 +0.0000 +0.0000 +0.0000 +0.0000 +0.0000 +0.0000 +0.0000 +0.0000 +0.0000 +0.0000 +0.0000 +0.0000 +0.0000 +0.0000 +0.0000 +0.0000 +0.0000 +0.0000 +0.0000 +0.0000 +0.0000 +0.0000 +0.0000 +0.0000 +0.0000 +0.0000 +0.0000 +0.0000 ;
-0.0151 +0.0000 -0.0416 +0.0000 +0.0000 +0.0000 +0.0696 +0.1407 +0.0003 +0.0000 +0.0000 +0.0000 +0.0000 +0.0000 +0.0615 +0.1459 +0.0000 +0.1871 +0.0000 +0.3162 -0.1055 +0.0000 -0.0846 +0.0000 +0.0000 +0.0000 +0.0000 +0.0000 +0.0000 -0.1164 -0.0756 -0.0351 -0.0000 -0.0770 -0.0000 -0.0000 -0.0445 -0.0000 -0.0000 -0.0000 -0.0227 -0.0000 +0.0000 +0.1843 ;
+0.0000 +0.1705 -0.0000 +0.0412 +0.2273 +0.0385 +0.0412 +0.0859 +0.1077 +0.0000 +0.0000 +0.0000 +0.0000 +0.0000 -0.1003 +0.0000 +0.1902 +0.0000 -0.0240 +0.0912 -0.1166 +0.0000 +0.1195 +0.0000 +0.0000 +0.0000 +0.0000 +0.0000 +0.0000 +0.0000 +0.0000 -0.1855 +0.0000 +0.0000 +0.0000 -0.1128 +0.0000 +0.0000 +0.0000 -0.2367 +0.0000 +0.0000 +0.0000 +0.4196 ;
-0.1604 +0.0000 -0.1515 +0.2675 +0.0000 +0.0000 +0.0463 +0.1827 -0.2765 -0.1564 +0.0958 +0.1091 -0.0317 -0.2737 -0.1800 -0.0989 +0.1488 -0.0000 +0.0000 -0.0072 -0.2461 -0.2690 +0.0661 +0.4543 +0.0000 +0.0000 +0.0000 +0.0000 +0.0000 -0.1677 -0.3447 +0.0000 +0.0000 -0.3157 -0.3961 -0.2711 -0.1912 -0.1925 -0.1700 -0.3309 -0.2840 -0.2091 -0.2539 -0.0118 ;
+0.0000 -0.1212 +0.0748 -0.0423 -0.0276 -0.0000 -0.0261 +0.0000 +0.0000 +0.0000 +0.0000 +0.0000 +0.0000 +0.0000 +0.0744 +0.1765 -0.1343 -0.2403 -0.2166 +0.0000 +0.0001 +0.0000 +0.0000 +0.0000 +0.0000 +0.0000 +0.0000 +0.0000 +0.0000 +0.0000 -0.0000 +0.0000 -0.0323 +0.0000 +0.0000 +0.0000 +0.0000 +0.0000 +0.0000 +0.0000 -0.0000 -0.0000 +0.0000 +0.5179 ;
+0.0000 +0.0000 -0.1726 +0.0000 +0.0000 +0.0000 -0.0456 +0.1835 +0.2948 +0.1605 +0.0599 +0.1537 +0.1688 +0.2221 -0.1000 +0.0000 +0.1132 +0.1377 +0.0000 +0.0009 +0.0000 +0.0011 +0.0000 +0.0000 +0.0000 +0.0000 +0.0000 +0.0000 +0.0000 -0.2627 -0.1569 -0.0448 +0.0000 +0.0000 +0.0000 +0.0000 +0.0000 +0.0000 -0.2312 +0.0000 -0.1875 -0.0575 -0.1117 -0.5007 ;
-0.0460 +0.2242 -0.2253 +0.0000 +0.0000 +0.0000 +0.0139 -0.0393 -0.3442 +0.0000 +0.0000 +0.0000 +0.0000 +0.0000 -0.0514 +0.0000 +0.0000 +0.0000 -0.2741 -0.0000 +0.1693 +0.0000 +0.2516 +0.2901 +0.4938 +0.0000 +0.0000 +0.0000 +0.0000 -0.4702 -0.4840 -0.5963 -0.5791 -0.5858 -0.4104 -0.5201 -0.4319 +0.0000 +0.0000 +0.0000 +0.0000 +0.0000 +0.0000 -0.5159 ;
-0.0676 -0.0492 -0.0075 +0.0852 +0.0580 +0.2992 -0.1496 -0.1641 -0.0656 +0.0000 +0.0000 +0.0000 +0.0000 +0.0000 +0.2667 +0.1115 -0.0190 -0.0000 -0.2058 -0.0959 +0.1667 +0.0000 +0.0000 +0.0842 +0.0000 +0.0000 +0.0000 +0.0000 +0.0000 -0.1946 -0.2591 +0.0000 -0.1474 -0.1735 -0.2681 -0.2129 -0.2547 -0.3305 -0.1784 +0.0000 +0.0000 -0.1523 +0.0000 -0.0902 ;
+0.0000 +0.0000 -0.0360 +0.2560 +0.1576 +0.0000 +0.0000 +0.0000 -0.2183 +0.0000 +0.0000 +0.0000 -0.3749 +0.0000 -0.1690 +0.0000 +0.0000 +0.0000 +0.0000 +0.0000 +0.0000 +0.4799 -0.1765 +0.0000 +0.4686 +0.0000 +0.0000 +0.0000 +0.0000 -0.1170 -0.0802 +0.0000 -0.2475 -0.0789 -0.0990 +0.0000 +0.0000 +0.0000 +0.0000 +0.0000 +0.0000 +0.0000 +0.0000 -0.5032 ;
+0.0000 -0.1174 -0.0579 -0.0182 +0.1855 +0.0000 +0.3161 +0.0000 -0.3686 +0.0000 +0.0000 +0.0000 -0.2738 -0.3426 +0.1266 +0.0000 -0.0538 +0.0000 +0.0000 +0.0000 -0.1345 +0.1356 -0.0315 +0.5914 +0.0000 +0.0000 +0.0000 +0.0000 +0.0000 +0.0000 -0.2616 -0.1116 -0.1932 -0.1566 +0.0000 -0.2298 +0.0000 +0.0000 +0.0000 +0.0000 +0.0000 +0.0000 -0.0795 -0.5032 ;
+0.0000 -0.0538 -0.0445 -0.0802 +0.2349 +0.0000 -0.3297 -0.2271 +0.0000 +0.3509 +0.0000 +0.0000 +0.0000 -0.0000 +0.1483 +0.0000 -0.0621 +0.0000 +0.0813 -0.0532 -0.2828 +0.3112 -0.0852 +0.0000 +0.5254 +0.0000 +0.0000 +0.0000 +0.0000 +0.0000 +0.0000 -0.0627 +0.0000 -0.1852 -0.2313 -0.2404 -0.2077 +0.0000 +0.0000 +0.0000 +0.0000 +0.0000 -0.2104 -0.5032 ;
+0.0000 -0.1874 +0.2958 -0.0586 +0.1887 +0.0000 -0.3522 -0.3234 +0.3767 -0.3396 +0.0000 +0.0000 +0.0000 +0.0000 +0.0452 +0.0000 +0.0000 +0.0000 +0.0000 +0.0000 -0.1991 +0.4451 -0.2728 +0.0000 +0.0000 +0.5982 +0.0000 +0.0000 +0.0000 +0.0000 +0.0000 +0.0000 +0.0000 -0.1910 -0.1245 -0.1685 -0.1172 -0.1465 +0.0000 +0.0000 +0.0000 +0.0000 +0.0000 -0.5032 ;
+0.0000 -0.2486 +0.0000 -0.0978 +0.1540 +0.1650 +0.0000 -0.2460 +0.0000 +0.0000 -0.1117 +0.0000 +0.0000 -0.2385 -0.0721 +0.0000 -0.0144 +0.0000 +0.0000 +0.0000 -0.1500 +0.3292 -0.0450 +0.0000 +0.0000 +0.4835 +0.0000 +0.0000 +0.0000 +0.0000 +0.0000 +0.0000 +0.0000 +0.0000 +0.0000 -0.1719 -0.2708 -0.2491 -0.1017 -0.1518 -0.1928 +0.0000 +0.0000 -0.5032 ;
-0.1602 +0.2181 +0.2675 -0.1356 +0.1105 -0.0341 +0.0000 +0.0000 +0.0000 -0.3928 -0.1481 +0.0000 -0.0342 +0.0000 +0.0000 +0.0147 -0.1065 +0.0623 +0.1116 -0.0000 -0.1673 +0.0841 +0.0642 +0.0000 +0.0000 +0.0000 +0.4559 +0.5493 +0.0000 +0.0000 +0.0000 +0.0000 +0.0000 +0.0000 +0.0000 +0.0000 +0.0000 -0.0585 -0.0426 -0.2631 -0.2361 -0.2586 -0.1413 -0.5032 ;
+0.0000 +0.0000 +0.0000 +0.0000 +0.0000 +0.0000 -0.2294 -0.2585 -0.1974 -0.0951 +0.0000 +0.0000 +0.0000 +0.0000 +0.1609 -0.1830 +0.0000 +0.0000 +0.0000 +0.0000 +0.0000 +0.0000 +0.0000 +0.1683 +0.0000 +0.1182 +0.3037 +0.3342 +0.1669 +0.0000 +0.0000 +0.0000 +0.0000 +0.0000 +0.0000 +0.0000 +0.0000 +0.0000 +0.0000 +0.0000 +0.0000 +0.0000 +0.0000 -0.5032 ;
-0.1797 +0.0000 -0.2662 +0.0000 +0.0000 +0.0000 -0.3268 -0.3313 -0.3159 -0.2512 +0.0000 +0.0000 +0.0000 +0.0000 +0.1363 -0.1641 -0.0000 -0.0000 +0.0000 -0.0000 -0.2494 +0.0538 +0.0000 +0.0000 +0.1672 +0.2914 +0.3089 +0.2137 +0.2653 +0.0000 +0.0000 +0.0000 +0.0000 +0.0000 +0.0000 +0.0000 +0.0000 +0.0000 +0.0000 -0.1380 +0.0000 +0.0000 +0.0000 -0.5032 ;
-0.2317 +0.0000 +0.0000 +0.0000 +0.0000 +0.0000 -0.2184 -0.2364 -0.3107 -0.1898 +0.0000 +0.0000 +0.0000 +0.0000 +0.0916 +0.0000 +0.0000 -0.0000 -0.0179 +0.0379 -0.2343 -0.1653 +0.1294 +0.1519 +0.0000 +0.2999 +0.1940 +0.1280 +0.3636 +0.0000 +0.0000 +0.0000 +0.0000 +0.0000 +0.0000 +0.0000 +0.0000 +0.0000 +0.0000 +0.0000 +0.0000 +0.0000 +0.0000 -0.5032 ;
-0.2187 +0.0000 -0.4807 +0.0000 +0.0000 +0.0000 -0.3288 -0.1802 -0.1480 -0.1526 +0.0000 +0.0000 +0.0000 +0.0000 +0.1525 -0.0874 -0.0000 -0.0038 +0.0000 -0.0000 -0.2775 -0.0692 -0.2450 +0.3680 +0.2952 +0.1711 +0.2879 +0.1656 +0.0000 +0.0000 +0.0000 +0.0000 +0.0000 +0.0000 +0.0000 -0.1223 +0.0000 +0.0000 +0.0000 +0.0000 +0.0000 +0.0000 +0.0000 -0.5032 ;
-0.1506 +0.0000 +0.0000 +0.0000 +0.0000 +0.0000 -0.1241 -0.2418 -0.2519 -0.2812 +0.0000 +0.0000 +0.0000 +0.0000 -0.0004 +0.0000 -0.0000 -0.0031 +0.3752 +0.0052 +0.0000 -0.4646 +0.0000 +0.3054 +0.3287 +0.1586 +0.3039 +0.2777 +0.3091 +0.0000 +0.0000 +0.0000 +0.0000 +0.0000 +0.0000 +0.0000 +0.0000 +0.0000 +0.0000 +0.0000 +0.0000 +0.0000 +0.0000 -0.5032 ;
-0.1103 +0.0000 -0.3447 +0.0000 +0.0000 +0.0000 -0.3218 -0.1520 -0.3121 -0.3134 +0.0000 +0.0000 +0.0000 +0.0000 +0.1145 -0.0162 +0.0000 -0.0000 +0.0000 -0.0281 -0.0487 -0.0655 +0.2967 +0.2157 +0.1580 +0.2646 +0.1880 +0.3424 +0.0000 +0.0000 +0.0000 +0.0000 +0.0000 -0.1813 +0.0000 +0.0000 +0.0000 +0.0000 +0.0000 +0.0000 +0.0000 +0.0000 +0.0000 -0.5032 ;
-0.0356 +0.1798 +0.0000 +0.0000 +0.2056 +0.0000 -0.2723 -0.0991 -0.2052 -0.2989 -0.2236 +0.0000 +0.0000 +0.0000 -0.0210 -0.1431 -0.0000 -0.0000 +0.1447 +0.0832 +0.0280 +0.0083 -0.2100 +0.1657 +0.1365 +0.3364 +0.2880 +0.2109 +0.0000 +0.0000 +0.0000 +0.0000 +0.0000 +0.0000 +0.0000 +0.0000 -0.2764 +0.0000 +0.0000 +0.0000 +0.0000 +0.0000 +0.0000 -0.5032 ;
-0.1469 +0.0000 +0.0000 -0.2581 +0.0000 +0.0000 +0.0000 +0.0000 -0.1658 -0.2735 -0.2065 -0.2572 +0.0000 +0.0000 -0.0548 +0.0000 -0.0175 +0.0000 +0.0000 -0.0546 -0.2996 -0.0432 +0.0000 +0.2937 +0.3631 +0.0000 +0.2142 +0.1846 +0.1631 +0.0000 +0.0000 +0.0000 +0.0000 +0.0000 +0.0000 +0.0000 +0.0000 +0.0000 +0.0000 +0.0000 +0.0000 +0.0000 +0.0000 -0.5032 ;
-0.0125 +0.0000 +0.0000 +0.0000 +0.0000 +0.0000 +0.0000 +0.0000 -0.3067 -0.1084 -0.3097 -0.1919 +0.0000 +0.0000 +0.0274 +0.1459 +0.0000 -0.0000 +0.0000 -0.0488 -0.1727 +0.1131 +0.2746 +0.2023 +0.1554 +0.2922 +0.2515 +0.2150 +0.0000 +0.0000 +0.0000 +0.0000 +0.0000 +0.0000 +0.0000 +0.0000 +0.0000 +0.0000 +0.0000 -0.3057 +0.0000 +0.0000 +0.0000 -0.5032 ;
-0.2516 +0.0000 +0.0000 +0.0000 -0.3448 +0.0000 +0.0000 +0.0000 +0.0000 -0.2923 -0.0879 -0.2861 -0.1329 +0.0000 +0.1493 +0.0000 -0.0876 -0.0000 +0.1195 +0.0075 +0.0000 -0.3711 +0.0000 +0.3196 +0.2947 +0.3026 +0.2649 +0.1815 +0.2182 +0.0000 +0.0000 +0.0000 +0.0000 +0.0000 +0.0000 +0.0000 +0.0000 +0.0000 +0.0000 +0.0000 +0.0000 +0.0000 +0.0000 -0.5032 ;
-0.0283 +0.0000 +0.0000 +0.0000 +0.0000 +0.0000 +0.0000 +0.0000 +0.0000 -0.1070 -0.2047 -0.2972 -0.2640 +0.0000 +0.1590 -0.0113 -0.0030 -0.0000 +0.0000 -0.0710 -0.2435 -0.1896 -0.2389 +0.0000 +0.2970 +0.2998 +0.2065 +0.1930 +0.2390 +0.0000 +0.0000 +0.0000 +0.0000 +0.0000 +0.0000 +0.0000 +0.0000 +0.0000 +0.0000 +0.0000 +0.0000 +0.0000 -0.2738 -0.5032 ;
-0.2230 +0.0000 +0.0000 +0.0000 -0.3974 +0.0000 +0.0000 +0.0000 +0.0000 +0.0000 -0.2680 -0.1941 -0.2210 -0.0913 +0.0000 -0.0983 +0.0000 -0.0121 +0.1879 +0.1638 -0.2166 -0.1312 +0.1227 +0.1218 +0.0000 +0.2753 +0.1246 +0.2385 +0.2136 +0.0000 +0.0000 +0.0000 +0.0000 +0.0000 +0.0000 +0.0000 +0.0000 +0.0000 +0.0000 +0.0000 +0.0000 +0.0000 +0.0000 -0.5032 ;
-0.0446 +0.0000 +0.0000 +0.0000 +0.0000 +0.0000 +0.0000 +0.0000 +0.0000 +0.0000 -0.1595 -0.2556 -0.2908 -0.2489 -0.0418 -0.0833 -0.0009 -0.0000 +0.0000 -0.0000 -0.2046 -0.0877 +0.0000 +0.1758 +0.1485 +0.3091 +0.3044 +0.2358 +0.0000 +0.0000 -0.2323 +0.0000 +0.0000 +0.0000 +0.0000 +0.0000 +0.0000 +0.0000 +0.0000 +0.0000 +0.0000 +0.0000 +0.0000 -0.5032 ;
-0.0733 +0.1037 +0.0000 +0.0000 -0.1982 +0.0000 +0.0000 +0.0000 +0.0000 -0.1519 -0.1565 -0.1036 -0.1732 -0.2328 -0.0179 -0.0339 -0.0000 -0.0000 +0.1221 -0.0748 -0.0640 -0.0070 -0.0905 +0.2494 +0.2787 +0.2468 +0.3127 +0.3309 +0.2560 +0.0000 +0.0000 +0.0000 +0.0000 +0.0000 +0.0000 +0.0000 +0.0000 +0.0000 +0.0000 +0.0000 +0.0000 -0.1358 +0.0000 -0.5032 ;
+0.0000 +0.0000 +0.0000 +0.0000 +0.0000 +0.0000 +0.0000 +0.0000 +0.0000 +0.0000 +0.0000 +0.0000 +0.0000 +0.0000 +0.0000 +0.0000 +0.0000 +0.0000 +0.0000 +0.0000 +0.0000 +0.0000 +0.0000 +0.0000 +0.0000 +0.0000 +0.0000 +0.0000 +0.0000 +0.0000 +0.0000 +0.0000 +0.0000 +0.0000 +0.0000 +0.0000 +0.0000 +0.0000 +0.0000 +0.0000 +0.0000 +0.0000 +0.0000 +0.0000 ;
