brain 22905 fitness=2.45234 numneurons+1=22 maxWeight=8 maxBias=8 redinput=2-4 greeninput=5-10 blueinput=11-13
+0.0000 +0.0000 +0.0000 +0.0000 +0.0000 +0.0000 +0.0000 +0.0000 +0.0000 +0.0000 +0.0000 +0.0000 +0.0000 +0.0000 +0.0000 +0.0000 +0.0000 +0.0000 +0.0000 +0.0000 +0.0000 +0.0000 ;
+0.0000 +0.0000 +0.0000 +0.0000 +0.0000 +0.0000 +0.0000 +0.0000 +0.0000 +0.0000 +0.0000 +0.0000 +0.0000 +0.0000 +0.0000 +0.0000 +0.0000 +0.0000 +0.0000 +0.0000 +0.0000 +0.0000 ;
+0.0000 +0.0000 +0.0000 +0.0000 +0.0000 +0.0000 +0.0000 +0.0000 +0.0000 +0.0000 +0.0000 +0.0000 +0.0000 +0.0000 +0.0000 +0.0000 +0.0000 +0.0000 +0.0000 +0.0000 +0.0000 +0.0000 ;
+0.0000 +0.0000 +0.0000 +0.0000 +0.0000 +0.0000 +0.0000 +0.0000 +0.0000 +0.0000 +0.0000 +0.0000 +0.0000 +0.0000 +0.0000 +0.0000 +0.0000 +0.0000 +0.0000 +0.0000 +0.0000 +0.0000 ;
+0.0000 +0.0000 +0.0000 +0.0000 +0.0000 +0.0000 +0.0000 +0.0000 +0.0000 +0.0000 +0.0000 +0.0000 +0.0000 +0.0000 +0.0000 +0.0000 +0.0000 +0.0000 +0.0000 +0.0000 +0.0000 +0.0000 ;
+0.0000 +0.0000 +0.0000 +0.0000 +0.0000 +0.0000 +0.0000 +0.0000 +0.0000 +0.0000 +0.0000 +0.0000 +0.0000 +0.0000 +0.0000 +0.0000 +0.0000 +0.0000 +0.0000 +0.0000 +0.0000 +0.0000 ;
+0.0000 +0.0000 +0.0000 +0.0000 +0.0000 +0.0000 +0.0000 +0.0000 +0.0000 +0.0000 +0.0000 +0.0000 +0.0000 +0.0000 +0.0000 +0.0000 +0.0000 +0.0000 +0.0000 +0.0000 +0.0000 +0.0000 ;
+0.0000 +0.0000 +0.0000 +0.0000 +0.0000 +0.0000 +0.0000 +0.0000 +0.0000 +0.0000 +0.0000 +0.0000 +0.0000 +0.0000 +0.0000 +0.0000 +0.0000 +0.0000 +0.0000 +0.0000 +0.0000 +0.0000 ;
+0.0000 +0.0000 +0.0000 +0.0000 +0.0000 +0.0000 +0.0000 +0.0000 +0.0000 +0.0000 +0.0000 +0.0000 +0.0000 +0.0000 +0.0000 +0.0000 +0.0000 +0.0000 +0.0000 +0.0000 +0.0000 +0.0000 ;
+0.0000 +0.0000 +0.0000 +0.0000 +0.0000 +0.0000 +0.0000 +0.0000 +0.0000 +0.0000 +0.0000 +0.0000 +0.0000 +0.0000 +0.0000 +0.0000 +0.0000 +0.0000 +0.0000 +0.0000 +0.0000 +0.0000 ;
+0.0000 +0.0000 +0.0000 +0.0000 +0.0000 +0.0000 +0.0000 +0.0000 +0.0000 +0.0000 +0.0000 +0.0000 +0.0000 +0.0000 +0.0000 +0.0000 +0.0000 +0.0000 +0.0000 +0.0000 +0.0000 +0.0000 ;
+0.0000 +0.0000 +0.0000 +0.0000 +0.0000 +0.0000 +0.0000 +0.0000 +0.0000 +0.0000 +0.0000 +0.0000 +0.0000 +0.0000 +0.0000 +0.0000 +0.0000 +0.0000 +0.0000 +0.0000 +0.0000 +0.0000 ;
+0.0000 +0.0000 +0.0000 +0.0000 +0.0000 +0.0000 +0.0000 +0.0000 +0.0000 +0.0000 +0.0000 +0.0000 +0.0000 +0.0000 +0.0000 +0.0000 +0.0000 +0.0000 +0.0000 +0.0000 +0.0000 +0.0000 ;
+0.0000 +0.0000 +0.0000 +0.0000 +0.0000 +0.0000 +0.0000 +0.0000 +0.0000 +0.0000 +0.0000 +0.0000 +0.0000 +0.0000 +0.0000 +0.0000 +0.0000 +0.0000 +0.0000 +0.0000 +0.0000 +0.0000 ;
+0.0000 +0.1890 +0.1176 +0.0793 +0.0000 +0.1779 -0.1708 -0.1316 -0.1298 -0.0603 -0.2083 -0.0404 +0.0000 +0.0000 +0.0000 +0.0000 -0.1991 -0.0536 +0.0000 +0.0289 -0.2348 +0.4667 ;
-0.0712 +0.1608 -0.0593 -0.0000 +0.0000 +0.0491 +0.0659 -0.1093 -0.1060 -0.1359 +0.0000 -0.1964 +0.2038 -0.0247 +0.0000 +0.0000 +0.0000 +0.3094 +0.1799 +0.0000 +0.0000 +0.2706 ;
-0.2184 -0.0879 +0.1152 +0.0762 +0.1338 +0.1269 +0.0652 -0.0609 -0.0886 +0.1664 -0.0876 -0.0571 -0.1136 -0.0240 -0.0000 -0.1826 +0.0000 +0.0000 +0.1563 -0.1943 +0.1468 -0.3490 ;
-0.1742 +0.0000 -0.1065 +0.1273 +0.1037 +0.0233 +0.1570 +0.0000 +0.0000 +0.0000 -0.1317 -0.0783 +0.1775 -0.1603 -0.1540 +0.0000 +0.1507 +0.0000 +0.0975 -0.0000 +0.0000 +0.5508 ;
-0.1216 -0.1244 +0.0579 +0.0000 +0.0000 +0.0189 +0.1671 +0.1160 +0.2487 +0.0000 +0.0000 +0.1728 -0.0113 +0.0000 +0.2115 +0.0000 +0.0157 -0.2347 +0.0000 +0.0801 +0.0000 +0.0588 ;
+0.0000 +0.0000 -0.0099 +0.0180 +0.0000 -0.1662 -0.0259 -0.1502 -0.2035 -0.1043 -0.1873 +0.1399 +0.1872 -0.1621 -0.1265 +0.0872 +0.0000 +0.0384 +0.2188 +0.0000 +0.0000 -0.5544 ;
-0.0050 -0.0556 +0.0209 +0.1296 +0.0000 +0.0051 +0.0876 +0.0000 -0.0713 -0.2083 -0.0232 +0.0000 +0.0000 +0.0000 +0.0000 -0.1245 -0.0792 -0.1785 +0.2066 +0.1534 +0.0000 +0.5691 ;
+0.0000 +0.0000 +0.0000 +0.0000 +0.0000 +0.0000 +0.0000 +0.0000 +0.0000 +0.0000 +0.0000 +0.0000 +0.0000 +0.0000 +0.0000 +0.0000 +0.0000 +0.0000 +0.0000 +0.0000 +0.0000 +0.0000 ;
