brain 22868 fitness=22.4219 numneurons+1=41 maxWeight=8 maxBias=8 redinput=2-8 greeninput=9-16 blueinput=17-20
+0.0000 +0.0000 +0.0000 +0.0000 +0.0000 +0.0000 +0.0000 +0.0000 +0.0000 +0.0000 +0.0000 +0.0000 +0.0000 +0.0000 +0.0000 +0.0000 +0.0000 +0.0000 +0.0000 +0.0000 +0.0000 +0.0000 +0.0000 +0.0000 +0.0000 +0.0000 +0.0000 +0.0000 +0.0000 +0.0000 +0.0000 +0.0000 +0.0000 +0.0000 +0.0000 +0.0000 +0.0000 +0.0000 +0.0000 +0.0000 +0.0000 ;
+0.0000 +0.0000 +0.0000 +0.0000 +0.0000 +0.0000 +0.0000 +0.0000 +0.0000 +0.0000 +0.0000 +0.0000 +0.0000 +0.0000 +0.0000 +0.0000 +0.0000 +0.0000 +0.0000 +0.0000 +0.0000 +0.0000 +0.0000 +0.0000 +0.0000 +0.0000 +0.0000 +0.0000 +0.0000 +0.0000 +0.0000 +0.0000 +0.0000 +0.0000 +0.0000 +0.0000 +0.0000 +0.0000 +0.0000 +0.0000 +0.0000 ;
+0.0000 +0.0000 +0.0000 +0.0000 +0.0000 +0.0000 +0.0000 +0.0000 +0.0000 +0.0000 +0.0000 +0.0000 +0.0000 +0.0000 +0.0000 +0.0000 +0.0000 +0.0000 +0.0000 +0.0000 +0.0000 +0.0000 +0.0000 +0.0000 +0.0000 +0.0000 +0.0000 +0.0000 +0.0000 +0.0000 +0.0000 +0.0000 +0.0000 +0.0000 +0.0000 +0.0000 +0.0000 +0.0000 +0.0000 +0.0000 +0.0000 ;
+0.0000 +0.0000 +0.0000 +0.0000 +0.0000 +0.0000 +0.0000 +0.0000 +0.0000 +0.0000 +0.0000 +0.0000 +0.0000 +0.0000 +0.0000 +0.0000 +0.0000 +0.0000 +0.0000 +0.0000 +0.0000 +0.0000 +0.0000 +0.0000 +0.0000 +0.0000 +0.0000 +0.0000 +0.0000 +0.0000 +0.0000 +0.0000 +0.0000 +0.0000 +0.0000 +0.0000 +0.0000 +0.0000 +0.0000 +0.0000 +0.0000 ;
+0.0000 +0.0000 +0.0000 +0.0000 +0.0000 +0.0000 +0.0000 +0.0000 +0.0000 +0.0000 +0.0000 +0.0000 +0.0000 +0.0000 +0.0000 +0.0000 +0.0000 +0.0000 +0.0000 +0.0000 +0.0000 +0.0000 +0.0000 +0.0000 +0.0000 +0.0000 +0.0000 +0.0000 +0.0000 +0.0000 +0.0000 +0.0000 +0.0000 +0.0000 +0.0000 +0.0000 +0.0000 +0.0000 +0.0000 +0.0000 +0.0000 ;
+0.0000 +0.0000 +0.0000 +0.0000 +0.0000 +0.0000 +0.0000 +0.0000 +0.0000 +0.0000 +0.0000 +0.0000 +0.0000 +0.0000 +0.0000 +0.0000 +0.0000 +0.0000 +0.0000 +0.0000 +0.0000 +0.0000 +0.0000 +0.0000 +0.0000 +0.0000 +0.0000 +0.0000 +0.0000 +0.0000 +0.0000 +0.0000 +0.0000 +0.0000 +0.0000 +0.0000 +0.0000 +0.0000 +0.0000 +0.0000 +0.0000 ;
+0.0000 +0.0000 +0.0000 +0.0000 +0.0000 +0.0000 +0.0000 +0.0000 +0.0000 +0.0000 +0.0000 +0.0000 +0.0000 +0.0000 +0.0000 +0.0000 +0.0000 +0.0000 +0.0000 +0.0000 +0.0000 +0.0000 +0.0000 +0.0000 +0.0000 +0.0000 +0.0000 +0.0000 +0.0000 +0.0000 +0.0000 +0.0000 +0.0000 +0.0000 +0.0000 +0.0000 +0.0000 +0.0000 +0.0000 +0.0000 +0.0000 ;
+0.0000 +0.0000 +0.0000 +0.0000 +0.0000 +0.0000 +0.0000 +0.0000 +0.0000 +0.0000 +0.0000 +0.0000 +0.0000 +0.0000 +0.0000 +0.0000 +0.0000 +0.0000 +0.0000 +0.0000 +0.0000 +0.0000 +0.0000 +0.0000 +0.0000 +0.0000 +0.0000 +0.0000 +0.0000 +0.0000 +0.0000 +0.0000 +0.0000 +0.0000 +0.0000 +0.0000 +0.0000 +0.0000 +0.0000 +0.0000 +0.0000 ;
+0.0000 +0.0000 +0.0000 +0.0000 +0.0000 +0.0000 +0.0000 +0.0000 +0.0000 +0.0000 +0.0000 +0.0000 +0.0000 +0.0000 +0.0000 +0.0000 +0.0000 +0.0000 +0.0000 +0.0000 +0.0000 +0.0000 +0.0000 +0.0000 +0.0000 +0.0000 +0.0000 +0.0000 +0.0000 +0.0000 +0.0000 +0.0000 +0.0000 +0.0000 +0.0000 +0.0000 +0.0000 +0.0000 +0.0000 +0.0000 +0.0000 ;
+0.0000 +0.0000 +0.0000 +0.0000 +0.0000 +0.0000 +0.0000 +0.0000 +0.0000 +0.0000 +0.0000 +0.0000 +0.0000 +0.0000 +0.0000 +0.0000 +0.0000 +0.0000 +0.0000 +0.0000 +0.0000 +0.0000 +0.0000 +0.0000 +0.0000 +0.0000 +0.0000 +0.0000 +0.0000 +0.0000 +0.0000 +0.0000 +0.0000 +0.0000 +0.0000 +0.0000 +0.0000 +0.0000 +0.0000 +0.0000 +0.0000 ;
+0.0000 +0.0000 +0.0000 +0.0000 +0.0000 +0.0000 +0.0000 +0.0000 +0.0000 +0.0000 +0.0000 +0.0000 +0.0000 +0.0000 +0.0000 +0.0000 +0.0000 +0.0000 +0.0000 +0.0000 +0.0000 +0.0000 +0.0000 +0.0000 +0.0000 +0.0000 +0.0000 +0.0000 +0.0000 +0.0000 +0.0000 +0.0000 +0.0000 +0.0000 +0.0000 +0.0000 +0.0000 +0.0000 +0.0000 +0.0000 +0.0000 ;
+0.0000 +0.0000 +0.0000 +0.0000 +0.0000 +0.0000 +0.0000 +0.0000 +0.0000 +0.0000 +0.0000 +0.0000 +0.0000 +0.0000 +0.0000 +0.0000 +0.0000 +0.0000 +0.0000 +0.0000 +0.0000 +0.0000 +0.0000 +0.0000 +0.0000 +0.0000 +0.0000 +0.0000 +0.0000 +0.0000 +0.0000 +0.0000 +0.0000 +0.0000 +0.0000 +0.0000 +0.0000 +0.0000 +0.0000 +0.0000 +0.0000 ;
+0.0000 +0.0000 +0.0000 +0.0000 +0.0000 +0.0000 +0.0000 +0.0000 +0.0000 +0.0000 +0.0000 +0.0000 +0.0000 +0.0000 +0.0000 +0.0000 +0.0000 +0.0000 +0.0000 +0.0000 +0.0000 +0.0000 +0.0000 +0.0000 +0.0000 +0.0000 +0.0000 +0.0000 +0.0000 +0.0000 +0.0000 +0.0000 +0.0000 +0.0000 +0.0000 +0.0000 +0.0000 +0.0000 +0.0000 +0.0000 +0.0000 ;
+0.0000 +0.0000 +0.0000 +0.0000 +0.0000 +0.0000 +0.0000 +0.0000 +0.0000 +0.0000 +0.0000 +0.0000 +0.0000 +0.0000 +0.0000 +0.0000 +0.0000 +0.0000 +0.0000 +0.0000 +0.0000 +0.0000 +0.0000 +0.0000 +0.0000 +0.0000 +0.0000 +0.0000 +0.0000 +0.0000 +0.0000 +0.0000 +0.0000 +0.0000 +0.0000 +0.0000 +0.0000 +0.0000 +0.0000 +0.0000 +0.0000 ;
+0.0000 +0.0000 +0.0000 +0.0000 +0.0000 +0.0000 +0.0000 +0.0000 +0.0000 +0.0000 +0.0000 +0.0000 +0.0000 +0.0000 +0.0000 +0.0000 +0.0000 +0.0000 +0.0000 +0.0000 +0.0000 +0.0000 +0.0000 +0.0000 +0.0000 +0.0000 +0.0000 +0.0000 +0.0000 +0.0000 +0.0000 +0.0000 +0.0000 +0.0000 +0.0000 +0.0000 +0.0000 +0.0000 +0.0000 +0.0000 +0.0000 ;
+0.0000 +0.0000 +0.0000 +0.0000 +0.0000 +0.0000 +0.0000 +0.0000 +0.0000 +0.0000 +0.0000 +0.0000 +0.0000 +0.0000 +0.0000 +0.0000 +0.0000 +0.0000 +0.0000 +0.0000 +0.0000 +0.0000 +0.0000 +0.0000 +0.0000 +0.0000 +0.0000 +0.0000 +0.0000 +0.0000 +0.0000 +0.0000 +0.0000 +0.0000 +0.0000 +0.0000 +0.0000 +0.0000 +0.0000 +0.0000 +0.0000 ;
+0.0000 +0.0000 +0.0000 +0.0000 +0.0000 +0.0000 +0.0000 +0.0000 +0.0000 +0.0000 +0.0000 +0.0000 +0.0000 +0.0000 +0.0000 +0.0000 +0.0000 +0.0000 +0.0000 +0.0000 +0.0000 +0.0000 +0.0000 +0.0000 +0.0000 +0.0000 +0.0000 +0.0000 +0.0000 +0.0000 +0.0000 +0.0000 +0.0000 +0.0000 +0.0000 +0.0000 +0.0000 +0.0000 +0.0000 +0.0000 +0.0000 ;
+0.0000 +0.0000 +0.0000 +0.0000 +0.0000 +0.0000 +0.0000 +0.0000 +0.0000 +0.0000 +0.0000 +0.0000 +0.0000 +0.0000 +0.0000 +0.0000 +0.0000 +0.0000 +0.0000 +0.0000 +0.0000 +0.0000 +0.0000 +0.0000 +0.0000 +0.0000 +0.0000 +0.0000 +0.0000 +0.0000 +0.0000 +0.0000 +0.0000 +0.0000 +0.0000 +0.0000 +0.0000 +0.0000 +0.0000 +0.0000 +0.0000 ;
+0.0000 +0.0000 +0.0000 +0.0000 +0.0000 +0.0000 +0.0000 +0.0000 +0.0000 +0.0000 +0.0000 +0.0000 +0.0000 +0.0000 +0.0000 +0.0000 +0.0000 +0.0000 +0.0000 +0.0000 +0.0000 +0.0000 +0.0000 +0.0000 +0.0000 +0.0000 +0.0000 +0.0000 +0.0000 +0.0000 +0.0000 +0.0000 +0.0000 +0.0000 +0.0000 +0.0000 +0.0000 +0.0000 +0.0000 +0.0000 +0.0000 ;
+0.0000 +0.0000 +0.0000 +0.0000 +0.0000 +0.0000 +0.0000 +0.0000 +0.0000 +0.0000 +0.0000 +0.0000 +0.0000 +0.0000 +0.0000 +0.0000 +0.0000 +0.0000 +0.0000 +0.0000 +0.0000 +0.0000 +0.0000 +0.0000 +0.0000 +0.0000 +0.0000 +0.0000 +0.0000 +0.0000 +0.0000 +0.0000 +0.0000 +0.0000 +0.0000 +0.0000 +0.0000 +0.0000 +0.0000 +0.0000 +0.0000 ;
+0.0000 +0.0000 +0.0000 +0.0000 +0.0000 +0.0000 +0.0000 +0.0000 +0.0000 +0.0000 +0.0000 +0.0000 +0.0000 +0.0000 +0.0000 +0.0000 +0.0000 +0.0000 +0.0000 +0.0000 +0.0000 +0.0000 +0.0000 +0.0000 +0.0000 +0.0000 +0.0000 +0.0000 +0.0000 +0.0000 +0.0000 +0.0000 +0.0000 +0.0000 +0.0000 +0.0000 +0.0000 +0.0000 +0.0000 +0.0000 +0.0000 ;
-0.0070 -0.1263 -0.0000 -0.0315 -0.0688 +0.0000 +0.0000 -0.0000 +0.0000 -0.0000 -0.0000 +0.0834 +0.0434 +0.0959 +0.0000 +0.0000 +0.0001 +0.0959 -0.0936 -0.1263 -0.1472 +0.0000 -0.1934 +0.0000 +0.0000 -0.0422 +0.0000 -0.0227 +0.0123 +0.0000 +0.0352 +0.0487 +0.0000 +0.0000 +0.0000 +0.0000 +0.0000 +0.0000 +0.0000 +0.0000 +0.4353 ;
-0.0072 +0.0488 +0.1445 -0.0000 +0.0000 +0.0000 +0.0000 +0.0000 +0.2294 +0.0080 -0.0605 -0.1034 -0.0569 +0.0777 +0.0769 +0.1205 +0.0000 -0.1630 -0.0975 -0.2324 +0.0000 +0.0000 +0.0000 +0.0000 +0.0000 +0.0097 -0.0000 +0.0000 +0.0000 +0.0000 +0.0000 +0.0000 +0.0000 +0.0000 +0.0000 +0.0000 +0.0000 +0.0000 +0.0000 -0.1853 +0.2863 ;
-0.0455 +0.1866 -0.1730 +0.0000 -0.6133 -0.5860 -0.6282 +0.0000 +0.0000 -0.5668 -0.5924 -0.5917 -0.5505 -0.6050 -0.5528 -0.5995 -0.6029 +0.0334 -0.0490 +0.1197 +0.0000 +0.0000 +0.0000 +0.0000 +0.0000 -0.4227 +0.3910 -0.0110 +0.0000 +0.0000 +0.0000 +0.0000 +0.0000 +0.0000 -0.5451 +0.0000 +0.0000 +0.0000 +0.0000 +0.0000 -0.0667 ;
-0.0017 -0.0000 +0.1400 +0.1059 +0.0630 +0.1302 +0.0000 +0.0000 +0.0000 +0.0514 -0.0000 +0.1206 +0.0000 +0.0000 +0.0000 +0.0000 +0.0000 +0.0724 -0.0550 -0.1741 +0.0000 +0.0000 +0.0572 -0.0407 +0.0000 +0.0000 +0.0000 +0.0000 +0.0000 +0.0000 +0.0000 +0.0000 +0.0000 +0.0000 -0.0000 +0.0000 -0.0000 -0.0000 -0.0000 -0.0000 +0.1765 ;
-0.0831 -0.1305 -0.2139 -0.2176 -0.0099 -0.2764 +0.0938 -0.2342 +0.2990 +0.2001 -0.1024 -0.1758 +0.0040 +0.1328 +0.2040 +0.1484 +0.0000 +0.1734 +0.2345 +0.1795 +0.0000 +0.1742 -0.1027 +0.2384 +0.0000 +0.0000 +0.1561 +0.0000 +0.0000 +0.0000 +0.0000 +0.0000 +0.0000 +0.0000 -0.2730 -0.2670 -0.1003 -0.2384 -0.1046 -0.1320 -0.5019 ;
+0.0000 +0.0934 +0.3805 +0.4338 +0.2910 +0.3871 +0.1465 +0.4309 +0.5309 +0.0000 +0.0000 +0.1553 +0.0000 +0.0000 +0.0000 +0.2662 -0.2936 -0.1618 -0.1507 -0.1689 -0.1277 -0.1588 +0.0000 +0.4287 +0.0000 +0.2628 +0.0000 +0.0983 +0.2531 +0.0000 +0.0000 +0.0000 +0.0000 +0.0000 -0.5887 +0.0000 +0.0000 +0.0000 +0.0000 +0.0000 -0.5024 ;
-0.1213 -0.1930 +0.1666 -0.0813 -0.0559 -0.0540 -0.0903 -0.2101 -0.0252 +0.0926 +0.2900 +0.0000 +0.0000 +0.0000 +0.0000 +0.0000 +0.0000 +0.1047 +0.0000 +0.0000 +0.0000 +0.0000 +0.1729 -0.2023 +0.0000 +0.0000 +0.0000 +0.0000 +0.0875 +0.1566 +0.0478 +0.0999 +0.0000 +0.0000 -0.2483 -0.1523 -0.2184 -0.3404 +0.0000 +0.0000 -0.0588 ;
-0.0440 +0.0000 -0.1596 -0.3161 -0.3603 -0.3836 -0.3821 +0.0000 +0.0000 -0.0950 -0.1794 +0.1098 -0.0284 +0.0731 +0.5397 +0.0000 +0.0000 +0.0388 +0.0075 +0.0000 +0.0000 +0.0000 +0.0000 +0.0000 +0.0000 +0.0000 +0.0000 +0.0000 +0.0000 +0.0845 +0.0000 +0.0000 +0.0000 +0.0000 -0.2313 -0.2694 +0.0000 +0.0000 +0.0000 +0.0000 -0.5002 ;
-0.0246 +0.0000 -0.2230 -0.0175 -0.4031 -0.3840 -0.4609 +0.0000 +0.0000 +0.0642 +0.0879 -0.1130 +0.1356 -0.0943 +0.0000 +0.4642 +0.0000 -0.1072 +0.0609 +0.0550 +0.0000 -0.0185 +0.1236 -0.6100 -0.0000 -0.4135 +0.2167 -0.1147 +0.0627 +0.0000 +0.2506 +0.0000 +0.0000 +0.0000 -0.4046 -0.3107 +0.0000 +0.0000 +0.0000 +0.0000 -0.5002 ;
-0.2354 -0.0755 -0.3943 -0.2518 -0.2744 -0.3152 -0.4930 +0.0000 +0.0000 +0.0844 -0.0084 -0.0389 -0.0236 -0.0675 -0.0634 +0.5986 +0.0000 -0.0452 +0.1107 +0.0270 +0.0000 -0.0048 +0.0159 +0.1224 -0.0000 -0.3992 +0.3097 -0.3679 +0.0000 +0.1452 +0.0000 +0.0261 +0.0000 +0.0000 -0.2315 -0.3253 +0.0000 -0.4165 +0.0000 +0.0000 -0.5002 ;
-0.2004 +0.0000 +0.0000 -0.1562 -0.2137 -0.0845 -0.3274 -0.1518 +0.0000 +0.0000 -0.4258 -0.0138 -0.0750 +0.1568 +0.3491 -0.0603 +0.4579 +0.0635 +0.1158 +0.0830 +0.0000 +0.1333 +0.1490 -0.5633 +0.0000 -0.2143 +0.2038 +0.0000 +0.0000 +0.0000 +0.0784 +0.0000 +0.0301 +0.0000 +0.0000 +0.0000 -0.2780 -0.3091 +0.0000 +0.0000 -0.5002 ;
-0.2231 +0.0000 +0.0000 +0.0000 -0.4665 -0.2296 -0.0950 -0.4160 -0.4311 +0.5637 +0.0000 -0.0405 -0.5730 -0.1218 +0.0236 -0.0028 +0.5079 +0.0000 +0.0075 -0.0000 +0.0092 +0.0810 +0.1576 +0.0000 -0.0000 -0.4687 +0.2949 -0.3744 +0.0000 +0.0000 +0.0265 +0.0000 +0.0000 +0.1587 +0.0000 +0.0000 +0.0000 -0.2205 -0.3094 +0.0000 -0.5002 ;
-0.2524 -0.2007 +0.0000 +0.0000 -0.2737 -0.5219 -0.3561 -0.2876 -0.3441 +0.5765 +0.4798 +0.0266 -0.0688 +0.0050 -0.1523 -0.5476 -0.1268 +0.0088 +0.0077 -0.0710 +0.0004 +0.0819 +0.1793 -0.4468 -0.0000 -0.3211 +0.3987 -0.2035 +0.0000 +0.0000 +0.0000 +0.2519 +0.0684 +0.0000 +0.0000 +0.0000 +0.0000 -0.3980 -0.3195 -0.2674 -0.5002 ;
+0.0000 +0.2343 +0.0000 +0.0613 +0.1338 +0.2497 +0.0658 +0.0366 +0.0640 -0.4134 +0.0000 -0.4230 -0.5694 -0.5397 -0.4759 +0.0000 +0.0000 -0.1826 -0.0411 +0.0000 +0.0238 +0.0000 -0.0894 +0.4894 +0.0000 +0.0000 +0.5495 +0.0000 +0.0000 +0.6235 +0.0000 +0.0000 +0.0000 +0.6373 +0.0000 -0.4086 -0.1939 +0.0000 +0.0000 +0.0000 -0.5002 ;
+0.0000 +0.2003 +0.1250 +0.0736 +0.1187 +0.2516 +0.0893 +0.2099 -0.3647 +0.5257 -0.5574 -0.5623 -0.5319 -0.5172 -0.5978 -0.4785 +0.0000 +0.0591 -0.1475 +0.0000 +0.0016 -0.0000 -0.1480 +0.1522 -0.0000 -0.2323 +0.0235 +0.2242 +0.6353 +0.6374 +0.6473 +0.0000 +0.0000 +0.0000 -0.4156 +0.0000 -0.3725 +0.0000 +0.0000 +0.0000 -0.5002 ;
-0.0377 +0.2681 +0.0709 +0.0000 +0.2715 +0.2617 +0.1766 +0.0913 -0.4543 -0.4022 -0.5622 +0.5759 -0.5644 -0.4298 -0.4562 -0.4629 +0.0000 -0.0617 -0.0270 +0.0000 +0.0000 -0.0456 -0.0236 +0.4700 -0.0000 +0.2777 +0.1588 +0.0000 +0.6386 +0.0000 +0.6411 +0.0000 +0.0000 +0.0000 +0.0000 -0.2402 +0.0000 -0.3688 +0.0000 +0.0000 -0.5002 ;
+0.0000 +0.1935 +0.1265 +0.1199 +0.0946 +0.2144 -0.5070 +0.0834 +0.0849 -0.5743 +0.0000 -0.5443 +0.5198 -0.4954 -0.5853 -0.4669 -0.4739 +0.0000 -0.0480 -0.1166 +0.0015 +0.0000 -0.1070 +0.2996 +0.0000 -0.3823 +0.5531 +0.3212 +0.0000 +0.6380 +0.0000 +0.4879 +0.6403 +0.0000 +0.0000 +0.0000 -0.3987 +0.0000 -0.3021 +0.0000 -0.5002 ;
+0.0000 +0.3511 +0.0484 -0.3848 +0.0000 +0.2085 +0.2147 +0.1432 +0.1264 -0.4377 -0.4701 -0.4435 -0.4750 +0.0090 -0.5453 +0.0000 +0.0000 +0.0000 -0.0845 -0.0000 +0.0015 -0.0000 -0.0000 +0.4249 -0.0000 +0.1406 +0.0732 +0.0000 +0.0000 +0.0000 +0.0000 +0.0000 +0.6454 +0.6473 +0.0000 +0.0000 +0.0000 -0.1973 +0.0000 -0.3059 -0.5002 ;
-0.2538 +0.1676 +0.1266 +0.2669 +0.1057 +0.0738 +0.2068 -0.4447 +0.1447 +0.0000 -0.5613 -0.4577 -0.5036 -0.5771 -0.5000 +0.5803 -0.5840 +0.0000 +0.0057 -0.1306 +0.0011 -0.0000 -0.1081 +0.3128 -0.0000 -0.2583 +0.0450 +0.3564 +0.0000 +0.0000 +0.6568 +0.0000 +0.6478 +0.6483 +0.0000 +0.0000 +0.0000 -0.4224 -0.3167 +0.0000 -0.5002 ;
+0.0000 +0.0000 +0.0000 +0.0000 +0.0000 +0.0000 +0.0000 +0.0000 +0.0000 +0.0000 +0.0000 +0.0000 +0.0000 +0.0000 +0.0000 +0.0000 +0.0000 +0.0000 +0.0000 +0.0000 +0.0000 +0.0000 +0.0000 +0.0000 +0.0000 +0.0000 +0.0000 +0.0000 +0.0000 +0.0000 +0.0000 +0.0000 +0.0000 +0.0000 +0.0000 +0.0000 +0.0000 +0.0000 +0.0000 +0.0000 +0.0000 ;
