brain 22859 fitness=6.01932 numneurons+1=23 maxWeight=8 maxBias=8 redinput=2-5 greeninput=6-11 blueinput=12-14
+0.0000 +0.0000 +0.0000 +0.0000 +0.0000 +0.0000 +0.0000 +0.0000 +0.0000 +0.0000 +0.0000 +0.0000 +0.0000 +0.0000 +0.0000 +0.0000 +0.0000 +0.0000 +0.0000 +0.0000 +0.0000 +0.0000 +0.0000 ;
+0.0000 +0.0000 +0.0000 +0.0000 +0.0000 +0.0000 +0.0000 +0.0000 +0.0000 +0.0000 +0.0000 +0.0000 +0.0000 +0.0000 +0.0000 +0.0000 +0.0000 +0.0000 +0.0000 +0.0000 +0.0000 +0.0000 +0.0000 ;
+0.0000 +0.0000 +0.0000 +0.0000 +0.0000 +0.0000 +0.0000 +0.0000 +0.0000 +0.0000 +0.0000 +0.0000 +0.0000 +0.0000 +0.0000 +0.0000 +0.0000 +0.0000 +0.0000 +0.0000 +0.0000 +0.0000 +0.0000 ;
+0.0000 +0.0000 +0.0000 +0.0000 +0.0000 +0.0000 +0.0000 +0.0000 +0.0000 +0.0000 +0.0000 +0.0000 +0.0000 +0.0000 +0.0000 +0.0000 +0.0000 +0.0000 +0.0000 +0.0000 +0.0000 +0.0000 +0.0000 ;
+0.0000 +0.0000 +0.0000 +0.0000 +0.0000 +0.0000 +0.0000 +0.0000 +0.0000 +0.0000 +0.0000 +0.0000 +0.0000 +0.0000 +0.0000 +0.0000 +0.0000 +0.0000 +0.0000 +0.0000 +0.0000 +0.0000 +0.0000 ;
+0.0000 +0.0000 +0.0000 +0.0000 +0.0000 +0.0000 +0.0000 +0.0000 +0.0000 +0.0000 +0.0000 +0.0000 +0.0000 +0.0000 +0.0000 +0.0000 +0.0000 +0.0000 +0.0000 +0.0000 +0.0000 +0.0000 +0.0000 ;
+0.0000 +0.0000 +0.0000 +0.0000 +0.0000 +0.0000 +0.0000 +0.0000 +0.0000 +0.0000 +0.0000 +0.0000 +0.0000 +0.0000 +0.0000 +0.0000 +0.0000 +0.0000 +0.0000 +0.0000 +0.0000 +0.0000 +0.0000 ;
+0.0000 +0.0000 +0.0000 +0.0000 +0.0000 +0.0000 +0.0000 +0.0000 +0.0000 +0.0000 +0.0000 +0.0000 +0.0000 +0.0000 +0.0000 +0.0000 +0.0000 +0.0000 +0.0000 +0.0000 +0.0000 +0.0000 +0.0000 ;
+0.0000 +0.0000 +0.0000 +0.0000 +0.0000 +0.0000 +0.0000 +0.0000 +0.0000 +0.0000 +0.0000 +0.0000 +0.0000 +0.0000 +0.0000 +0.0000 +0.0000 +0.0000 +0.0000 +0.0000 +0.0000 +0.0000 +0.0000 ;
+0.0000 +0.0000 +0.0000 +0.0000 +0.0000 +0.0000 +0.0000 +0.0000 +0.0000 +0.0000 +0.0000 +0.0000 +0.0000 +0.0000 +0.0000 +0.0000 +0.0000 +0.0000 +0.0000 +0.0000 +0.0000 +0.0000 +0.0000 ;
+0.0000 +0.0000 +0.0000 +0.0000 +0.0000 +0.0000 +0.0000 +0.0000 +0.0000 +0.0000 +0.0000 +0.0000 +0.0000 +0.0000 +0.0000 +0.0000 +0.0000 +0.0000 +0.0000 +0.0000 +0.0000 +0.0000 +0.0000 ;
+0.0000 +0.0000 +0.0000 +0.0000 +0.0000 +0.0000 +0.0000 +0.0000 +0.0000 +0.0000 +0.0000 +0.0000 +0.0000 +0.0000 +0.0000 +0.0000 +0.0000 +0.0000 +0.0000 +0.0000 +0.0000 +0.0000 +0.0000 ;
+0.0000 +0.0000 +0.0000 +0.0000 +0.0000 +0.0000 +0.0000 +0.0000 +0.0000 +0.0000 +0.0000 +0.0000 +0.0000 +0.0000 +0.0000 +0.0000 +0.0000 +0.0000 +0.0000 +0.0000 +0.0000 +0.0000 +0.0000 ;
+0.0000 +0.0000 +0.0000 +0.0000 +0.0000 +0.0000 +0.0000 +0.0000 +0.0000 +0.0000 +0.0000 +0.0000 +0.0000 +0.0000 +0.0000 +0.0000 +0.0000 +0.0000 +0.0000 +0.0000 +0.0000 +0.0000 +0.0000 ;
+0.0000 +0.0000 +0.0000 +0.0000 +0.0000 +0.0000 +0.0000 +0.0000 +0.0000 +0.0000 +0.0000 +0.0000 +0.0000 +0.0000 +0.0000 +0.0000 +0.0000 +0.0000 +0.0000 +0.0000 +0.0000 +0.0000 +0.0000 ;
+0.0000 +0.0851 -0.1039 +0.0000 +0.1480 +0.0000 +0.0799 +0.1752 +0.0278 +0.0000 +0.0000 +0.0894 -0.0318 -0.0612 +0.0000 +0.0000 +0.0489 +0.0000 +0.0062 +0.0000 +0.0000 -0.2959 +0.4667 ;
-0.0021 -0.1620 +0.0472 -0.1287 -0.0816 +0.0000 +0.0849 +0.0000 +0.0000 +0.0000 +0.0000 +0.0000 -0.1933 +0.0327 +0.0071 -0.2155 +0.0000 -0.1533 -0.1225 +0.1238 +0.0452 +0.2517 +0.2706 ;
+0.0000 +0.0000 +0.1777 +0.1725 +0.3435 +0.0000 -0.1146 +0.2329 +0.0000 +0.0000 +0.0000 +0.0000 +0.0262 +0.1623 +0.0000 -0.0000 +0.0000 +0.0000 -0.0139 +0.0851 +0.1641 +0.0000 -0.5585 ;
-0.0004 +0.1569 -0.0000 +0.1743 +0.0000 +0.0000 -0.0000 -0.1727 -0.1643 +0.0000 +0.0000 +0.0000 +0.1459 +0.0944 +0.0674 +0.2099 +0.1267 +0.1243 +0.0000 +0.0000 +0.0000 -0.4586 +0.5307 ;
+0.0000 -0.0844 -0.1958 -0.0129 -0.1698 +0.0000 -0.0212 +0.0627 +0.1584 +0.1364 +0.0000 +0.0000 +0.2237 +0.0000 +0.0000 +0.0014 +0.0000 -0.2412 -0.1169 +0.0000 -0.1772 +0.0000 +0.0588 ;
+0.0000 -0.0843 -0.3303 -0.2270 -0.0545 +0.0468 -0.0001 +0.2225 +0.0495 +0.0000 +0.0000 +0.0000 +0.1066 +0.0000 -0.0547 -0.0000 +0.0000 -0.0132 -0.0000 -0.2056 +0.0000 +0.0113 -0.5429 ;
-0.2365 +0.0528 +0.1070 +0.1122 +0.0000 -0.0179 +0.0786 -0.1050 +0.0402 +0.0295 +0.0000 +0.0000 +0.1317 +0.0100 +0.0000 +0.0637 -0.0487 -0.0000 -0.1321 -0.0475 +0.0000 +0.0000 +0.5482 ;
+0.0000 +0.0000 +0.0000 +0.0000 +0.0000 +0.0000 +0.0000 +0.0000 +0.0000 +0.0000 +0.0000 +0.0000 +0.0000 +0.0000 +0.0000 +0.0000 +0.0000 +0.0000 +0.0000 +0.0000 +0.0000 +0.0000 +0.0000 ;
