brain 22886 fitness=1.22274 numneurons+1=24 maxWeight=8 maxBias=8 redinput=2-5 greeninput=6-13 blueinput=14-15
+0.0000 +0.0000 +0.0000 +0.0000 +0.0000 +0.0000 +0.0000 +0.0000 +0.0000 +0.0000 +0.0000 +0.0000 +0.0000 +0.0000 +0.0000 +0.0000 +0.0000 +0.0000 +0.0000 +0.0000 +0.0000 +0.0000 +0.0000 +0.0000 ;
+0.0000 +0.0000 +0.0000 +0.0000 +0.0000 +0.0000 +0.0000 +0.0000 +0.0000 +0.0000 +0.0000 +0.0000 +0.0000 +0.0000 +0.0000 +0.0000 +0.0000 +0.0000 +0.0000 +0.0000 +0.0000 +0.0000 +0.0000 +0.0000 ;
+0.0000 +0.0000 +0.0000 +0.0000 +0.0000 +0.0000 +0.0000 +0.0000 +0.0000 +0.0000 +0.0000 +0.0000 +0.0000 +0.0000 +0.0000 +0.0000 +0.0000 +0.0000 +0.0000 +0.0000 +0.0000 +0.0000 +0.0000 +0.0000 ;
+0.0000 +0.0000 +0.0000 +0.0000 +0.0000 +0.0000 +0.0000 +0.0000 +0.0000 +0.0000 +0.0000 +0.0000 +0.0000 +0.0000 +0.0000 +0.0000 +0.0000 +0.0000 +0.0000 +0.0000 +0.0000 +0.0000 +0.0000 +0.0000 ;
+0.0000 +0.0000 +0.0000 +0.0000 +0.0000 +0.0000 +0.0000 +0.0000 +0.0000 +0.0000 +0.0000 +0.0000 +0.0000 +0.0000 +0.0000 +0.0000 +0.0000 +0.0000 +0.0000 +0.0000 +0.0000 +0.0000 +0.0000 +0.0000 ;
+0.0000 +0.0000 +0.0000 +0.0000 +0.0000 +0.0000 +0.0000 +0.0000 +0.0000 +0.0000 +0.0000 +0.0000 +0.0000 +0.0000 +0.0000 +0.0000 +0.0000 +0.0000 +0.0000 +0.0000 +0.0000 +0.0000 +0.0000 +0.0000 ;
+0.0000 +0.0000 +0.0000 +0.0000 +0.0000 +0.0000 +0.0000 +0.0000 +0.0000 +0.0000 +0.0000 +0.0000 +0.0000 +0.0000 +0.0000 +0.0000 +0.0000 +0.0000 +0.0000 +0.0000 +0.0000 +0.0000 +0.0000 +0.0000 ;
+0.0000 +0.0000 +0.0000 +0.0000 +0.0000 +0.0000 +0.0000 +0.0000 +0.0000 +0.0000 +0.0000 +0.0000 +0.0000 +0.0000 +0.0000 +0.0000 +0.0000 +0.0000 +0.0000 +0.0000 +0.0000 +0.0000 +0.0000 +0.0000 ;
+0.0000 +0.0000 +0.0000 +0.0000 +0.0000 +0.0000 +0.0000 +0.0000 +0.0000 +0.0000 +0.0000 +0.0000 +0.0000 +0.0000 +0.0000 +0.0000 +0.0000 +0.0000 +0.0000 +0.0000 +0.0000 +0.0000 +0.0000 +0.0000 ;
+0.0000 +0.0000 +0.0000 +0.0000 +0.0000 +0.0000 +0.0000 +0.0000 +0.0000 +0.0000 +0.0000 +0.0000 +0.0000 +0.0000 +0.0000 +0.0000 +0.0000 +0.0000 +0.0000 +0.0000 +0.0000 +0.0000 +0.0000 +0.0000 ;
+0.0000 +0.0000 +0.0000 +0.0000 +0.0000 +0.0000 +0.0000 +0.0000 +0.0000 +0.0000 +0.0000 +0.0000 +0.0000 +0.0000 +0.0000 +0.0000 +0.0000 +0.0000 +0.0000 +0.0000 +0.0000 +0.0000 +0.0000 +0.0000 ;
+0.0000 +0.0000 +0.0000 +0.0000 +0.0000 +0.0000 +0.0000 +0.0000 +0.0000 +0.0000 +0.0000 +0.0000 +0.0000 +0.0000 +0.0000 +0.0000 +0.0000 +0.0000 +0.0000 +0.0000 +0.0000 +0.0000 +0.0000 +0.0000 ;
+0.0000 +0.0000 +0.0000 +0.0000 +0.0000 +0.0000 +0.0000 +0.0000 +0.0000 +0.0000 +0.0000 +0.0000 +0.0000 +0.0000 +0.0000 +0.0000 +0.0000 +0.0000 +0.0000 +0.0000 +0.0000 +0.0000 +0.0000 +0.0000 ;
+0.0000 +0.0000 +0.0000 +0.0000 +0.0000 +0.0000 +0.0000 +0.0000 +0.0000 +0.0000 +0.0000 +0.0000 +0.0000 +0.0000 +0.0000 +0.0000 +0.0000 +0.0000 +0.0000 +0.0000 +0.0000 +0.0000 +0.0000 +0.0000 ;
+0.0000 +0.0000 +0.0000 +0.0000 +0.0000 +0.0000 +0.0000 +0.0000 +0.0000 +0.0000 +0.0000 +0.0000 +0.0000 +0.0000 +0.0000 +0.0000 +0.0000 +0.0000 +0.0000 +0.0000 +0.0000 +0.0000 +0.0000 +0.0000 ;
+0.0000 +0.0000 +0.0000 +0.0000 +0.0000 +0.0000 +0.0000 +0.0000 +0.0000 +0.0000 +0.0000 +0.0000 +0.0000 +0.0000 +0.0000 +0.0000 +0.0000 +0.0000 +0.0000 +0.0000 +0.0000 +0.0000 +0.0000 +0.0000 ;
+0.0000 +0.0454 -0.0272 -0.0761 -0.1897 +0.0000 -0.0124 +0.0565 +0.0494 +0.0319 +0.0000 +0.0000 +0.0000 +0.0000 -0.1231 -0.1233 +0.0000 +0.0146 +0.0000 -0.0083 +0.0000 -0.0654 +0.0000 +0.4667 ;
-0.0450 -0.0573 -0.1381 -0.2171 -0.1085 +0.0000 -0.0698 +0.1863 -0.0872 +0.0000 +0.1076 -0.1434 -0.2182 -0.0110 -0.0437 -0.0866 -0.1647 +0.0000 +0.0000 -0.0744 +0.3342 -0.1280 -0.0976 +0.2549 ;
-0.0020 +0.0000 -0.1459 +0.1896 +0.1509 +0.0000 -0.0290 +0.2147 +0.0869 +0.0000 +0.0000 +0.0000 +0.0000 +0.0000 +0.1154 -0.1120 -0.2078 +0.0000 +0.0000 -0.1496 +0.1496 +0.0000 +0.0000 -0.5434 ;
-0.0056 +0.0213 +0.1264 +0.0593 +0.2417 +0.0000 -0.0674 -0.0507 -0.0029 -0.1251 +0.0000 +0.0000 +0.0000 +0.0000 -0.0863 +0.1391 +0.3304 +0.1072 +0.0473 +0.0000 +0.2103 +0.0706 +0.0000 +0.5241 ;
-0.0021 +0.1214 +0.0511 -0.2461 -0.0411 +0.0000 -0.1096 +0.0127 +0.1731 -0.2159 -0.0115 +0.0550 +0.1568 -0.0122 +0.0494 +0.0000 +0.0214 +0.0892 +0.2874 +0.0000 +0.0000 +0.0000 -0.0000 -0.6488 ;
+0.0000 -0.1169 +0.0214 -0.0122 -0.1306 -0.0297 +0.0974 -0.0500 +0.1351 +0.0000 +0.0000 +0.0000 +0.0000 +0.0000 -0.0479 +0.0000 +0.0318 -0.1404 +0.0000 +0.0000 +0.0000 +0.0000 +0.1527 -0.6454 ;
-0.0362 -0.0358 -0.0412 -0.1856 +0.0000 +0.2218 +0.0257 +0.0000 +0.1319 +0.1902 +0.0000 +0.0000 +0.0000 +0.0000 +0.2063 +0.1937 +0.0000 -0.1032 -0.0767 +0.0000 +0.1165 +0.0000 +0.0000 +0.6308 ;
+0.0000 +0.0000 +0.0000 +0.0000 +0.0000 +0.0000 +0.0000 +0.0000 +0.0000 +0.0000 +0.0000 +0.0000 +0.0000 +0.0000 +0.0000 +0.0000 +0.0000 +0.0000 +0.0000 +0.0000 +0.0000 +0.0000 +0.0000 +0.0000 ;
