brainFunction 22877 77 36 2273 24786 2-14 15-30 31-35
0 0.641926
1 0.115049
2 0.538146
3 0.159715
4 0.189127
5 0.423173
6 0.738681
7 0.509091
8 0.390196
9 0.530125
10 0.512834
11 0.575045
12 0.530125
13 0.451872
14 0.615864
15 0.241711
16 0.811408
17 0.439216
18 0.591087
19 0.583601
20 0.559358
21 0.626025
22 0.670945
23 0.507308
24 0.46738
25 0.63066
26 0.445276
27 0.68984
28 0.410339
29 0.354367
30 0.276649
31 0.408913
32 0.797148
33 0.268806
34 0.499287
35 0.393939
36 0.999449
37 0.999998
38 0.132585
39 0.999948
40 0.23905
41 0.999534
42 0.372006
43 0.741538
44 0.475176
45 0.817233
46 0.225695
47 0.72124
48 0.777773
49 0.143123
50 0.619431
51 0.949075
52 0.140172
53 0.841851
54 0.311956
55 0.274057
56 0.630547
57 0.880676
58 0.658239
59 0.636853
60 0.297846
61 0.947299
62 0.344226
63 0.892744
64 0.946708
65 0.941591
66 0.999667
67 0.999968
68 0.999977
69 0.997779
70 0.999631
71 0.999997
72 0.999618
73 0.999637
74 0.0815886
75 0.0540929
76 0.0981878
0 0.880429
1 0.428625
2 0
3 0
4 0.024599
5 0.541176
6 0.541176
7 0.541177
8 0.541176
9 0.541176
10 0.541176
11 0.541176
12 0.541177
13 0.541177
14 0.541176
15 0.556863
16 0.556863
17 0.556863
18 0.551159
19 0.541176
20 0.541176
21 0.541176
22 0.541176
23 0.541176
24 0.541176
25 0.541176
26 0.541176
27 0.541176
28 0.541176
29 0.541176
30 0.541176
31 0.996078
32 0.603209
33 0.541176
34 0.541176
35 0.541176
36 0.999002
37 0.999999
38 0.0170629
39 0.999999
40 0.260918
41 0.999693
42 0.243053
43 0.858174
44 0.251618
45 0.884651
46 0.250405
47 0.518873
48 0.825117
49 0.0138412
50 0.492656
51 0.88236
52 0.0609261
53 0.939227
54 0.341235
55 0.11726
56 0.759722
57 0.972888
58 0.968317
59 0.543485
60 0.283418
61 0.902083
62 0.0794298
63 0.607912
64 0.759116
65 0.806009
66 0.999966
67 0.999992
68 0.999999
69 0.998949
70 0.999894
71 1
72 0.999962
73 0.999924
74 0.00174325
75 0.00140912
76 0.179388
0 0.67616
1 0.472234
2 0.446702
3 0.984314
4 0.984314
5 0.984314
6 0.984314
7 0.984314
8 0.984314
9 0.69483
10 0.0745098
11 0.0745098
12 0.0745098
13 0.0745098
14 0.0745098
15 0.67344
16 0.984314
17 0.984314
18 0.984314
19 0.984314
20 0.984314
21 0.984314
22 0.984314
23 0.984314
24 0.751159
25 0.556863
26 0.556863
27 0.556863
28 0.556863
29 0.556863
30 0.556863
31 0.987879
32 0.984314
33 0.985027
34 1
35 1
36 0.99633
37 0.999994
38 0.0308195
39 0.998435
40 0.0329104
41 0.999081
42 0.788821
43 0.0841811
44 0.104052
45 0.310357
46 0.0333163
47 0.125243
48 0.111736
49 0.0102662
50 0.104633
51 0.466898
52 0.135235
53 0.832751
54 0.421974
55 0.333195
56 0.384241
57 0.758166
58 0.703347
59 0.506277
60 0.527444
61 0.75523
62 0.179472
63 0.729367
64 0.767817
65 0.846836
66 0.997217
67 0.999749
68 0.998929
69 0.995959
70 0.998459
71 0.999979
72 0.99415
73 0.99877
74 0.0453992
75 0.0400678
76 0.0612234
0 0.391765
1 0.464923
2 0.129412
3 0.129412
4 0.129412
5 0.129412
6 0.129412
7 0.117647
8 0
9 0
10 0
11 0
12 0
13 0
14 0
15 0.129412
16 0.129412
17 0.129412
18 0.129412
19 0.129412
20 0.129412
21 0.129412
22 0.440285
23 0.556863
24 0.556863
25 0.556863
26 0.556863
27 0.556863
28 0.556863
29 0.556863
30 0.556863
31 0.129412
32 0.129412
33 0.762567
34 1
35 1
36 0.995256
37 0.999958
38 0.0461257
39 0.999906
40 0.0972432
41 0.998841
42 0.132578
43 0.416572
44 0.119365
45 0.572013
46 0.0313287
47 0.542646
48 0.622527
49 0.0190657
50 0.36821
51 0.706928
52 0.0132338
53 0.582088
54 0.106132
55 0.0688118
56 0.455035
57 0.549842
58 0.477911
59 0.249169
60 0.0698969
61 0.704709
62 0.0728951
63 0.405994
64 0.331781
65 0.806492
66 0.998969
67 0.999937
68 0.999899
69 0.994388
70 0.999031
71 0.99999
72 0.990058
73 0.994577
74 0.0159817
75 0.0102699
76 0.082074
0 0.837596
1 0.457463
2 0.619608
3 0.619608
4 0.619608
5 0.619608
6 0.619608
7 0.619608
8 0.619608
9 0.619608
10 0.619608
11 0.619608
12 0.619608
13 0.619608
14 0.619607
15 0.556863
16 0.556863
17 0.556863
18 0.556863
19 0.556863
20 0.556863
21 0.556863
22 0.556863
23 0.556863
24 0.556863
25 0.556863
26 0.556863
27 0.556863
28 0.556863
29 0.556863
30 0.556863
31 1
32 1
33 1
34 1
35 1
36 0.970628
37 0.999165
38 0.213075
39 0.923797
40 0.0450833
41 0.99903
42 0.578295
43 0.133349
44 0.236987
45 0.522055
46 0.0976687
47 0.556948
48 0.227919
49 0.0821981
50 0.340245
51 0.624684
52 0.167251
53 0.706129
54 0.512912
55 0.331061
56 0.380746
57 0.806825
58 0.451592
59 0.513331
60 0.362736
61 0.637006
62 0.52322
63 0.481389
64 0.730931
65 0.565792
66 0.881266
67 0.990991
68 0.985337
69 0.927593
70 0.969891
71 0.998513
72 0.9354
73 0.991658
74 0.357396
75 0.569781
76 0.433614
0 0.957022
1 0.448934
2 0
3 0
4 0
5 0
6 0
7 0
8 0
9 0
10 0
11 0
12 0
13 0
14 0
15 0
16 0
17 0
18 0
19 0
20 0
21 0
22 0
23 0
24 0
25 0
26 0
27 0
28 0
29 0
30 0
31 0
32 0
33 0
34 0
35 0
36 0.978267
37 0.999686
38 0.0834268
39 0.959475
40 0.0195824
41 0.998137
42 0.50598
43 0.079376
44 0.0817748
45 0.365549
46 0.0388105
47 0.361815
48 0.133085
49 0.0212572
50 0.112531
51 0.405308
52 0.0573322
53 0.564611
54 0.466696
55 0.372958
56 0.410825
57 0.476479
58 0.363296
59 0.524037
60 0.195055
61 0.588068
62 0.336625
63 0.822733
64 0.712567
65 0.731032
66 0.96486
67 0.998001
68 0.98462
69 0.971991
70 0.970891
71 0.997715
72 0.690952
73 0.983731
74 0.264948
75 0.513523
76 0.100404
0 0.450942
1 0.441652
2 0
3 0
4 0
5 0
6 0
7 0
8 0
9 0.249554
10 0.264349
11 0.565775
12 0.433155
13 0.168271
14 0.0823528
15 0
16 0
17 0
18 0
19 0
20 0
21 0
22 0
23 0.0117647
24 0.0431373
25 0.0937611
26 0.567201
27 0.564706
28 0.201783
29 0.184314
30 0.0531194
31 0
32 0
33 0.272727
34 0.76221
35 0.459715
36 0.891794
37 0.998992
38 0.126178
39 0.970041
40 0.0257245
41 0.98374
42 0.806316
43 0.0399265
44 0.0115589
45 0.0728268
46 0.00832543
47 0.0971462
48 0.0423242
49 0.00722009
50 0.0405513
51 0.152273
52 0.00625006
53 0.539498
54 0.239702
55 0.113255
56 0.358052
57 0.571529
58 0.366565
59 0.360329
60 0.281937
61 0.535753
62 0.173098
63 0.360068
64 0.2308
65 0.345818
66 0.950756
67 0.995282
68 0.972887
69 0.826653
70 0.943226
71 0.998236
72 0.694279
73 0.969219
74 0.0565775
75 0.0543931
76 0.0685435
0 0.573153
1 0.432764
2 0
3 0
4 0.082353
5 0.129412
6 0.162567
7 0.0878788
8 0.0117647
9 0.0117647
10 0.0117647
11 0.0117647
12 0.0117647
13 0.0117647
14 0.173975
15 0
16 0
17 0.00392157
18 0.0431373
19 0.0431373
20 0.0809269
21 0.138681
22 0.00392157
23 0.00392157
24 0.00392157
25 0.00392157
26 0.00392157
27 0.00392157
28 0.00392157
29 0.00392157
30 0.383244
31 0.0909091
32 0.863815
33 0.954724
34 0.988235
35 0.974866
36 0.987862
37 0.999801
38 0.23712
39 0.995525
40 0.0990012
41 0.999376
42 0.517444
43 0.155893
44 0.21665
45 0.624782
46 0.0669415
47 0.423762
48 0.308217
49 0.0228708
50 0.170468
51 0.362755
52 0.0108099
53 0.39615
54 0.298733
55 0.335394
56 0.447906
57 0.289183
58 0.0978221
59 0.518523
60 0.0868147
61 0.674792
62 0.0758858
63 0.406866
64 0.164398
65 0.680062
66 0.980499
67 0.999317
68 0.994314
69 0.970367
70 0.969244
71 0.999249
72 0.66665
73 0.984091
74 0.164885
75 0.131524
76 0.0902767
0 0.223708
1 0.425604
2 0.00392157
3 0.00392157
4 0.00392157
5 0.00392157
6 0.0550802
7 0.663458
8 0.2
9 0.247415
10 0.688413
11 0.927986
12 0.623708
13 0.00392157
14 0.00392157
15 0.00392157
16 0.00392157
17 0.00392157
18 0.00392157
19 0.00392157
20 0.00106952
21 0.00392157
22 0.437433
23 0.6
24 0.409626
25 0.262032
26 0.620677
27 0.63066
28 0.0930481
29 0.00392157
30 0.00392157
31 0.992157
32 0.761676
33 0.41426
34 0.780749
35 0.802495
36 0.995491
37 0.999826
38 0.171118
39 0.99982
40 0.0511892
41 0.999818
42 0.485512
43 0.803139
44 0.465361
45 0.898935
46 0.298635
47 0.698724
48 0.772131
49 0.0346919
50 0.636212
51 0.880459
52 0.0793762
53 0.662975
54 0.397831
55 0.314753
56 0.704515
57 0.869545
58 0.698922
59 0.494589
60 0.0799235
61 0.84839
62 0.243523
63 0.829532
64 0.505256
65 0.677945
66 0.999057
67 0.999631
68 0.999641
69 0.983338
70 0.99475
71 0.999868
72 0.988179
73 0.999154
74 0.0947075
75 0.107204
76 0.295844
0 0.322944
1 0.418379
2 0.780392
3 0.648485
4 0.2
5 0.2
6 0.416399
7 0.861498
8 0.858823
9 0.893761
10 0.614973
11 0.764706
12 0.049198
13 0.00392157
14 0.00392157
15 0.00392157
16 0.00392157
17 0.491622
18 0.6
19 0.6
20 0.359002
21 0.804278
22 0.271658
23 0.0117647
24 0.53369
25 0.602852
26 0.333333
27 0.00392157
28 0.00392157
29 0.00392157
30 0.00392157
31 0.745455
32 0.273975
33 0.951515
34 0.846167
35 0.776471
36 0.994084
37 0.999865
38 0.0498459
39 0.998979
40 0.103849
41 0.998341
42 0.637789
43 0.248589
44 0.366948
45 0.530667
46 0.0768078
47 0.58465
48 0.370569
49 0.0156988
50 0.132753
51 0.504627
52 0.026175
53 0.963282
54 0.611068
55 0.547682
56 0.915657
57 0.981526
58 0.906578
59 0.854791
60 0.535568
61 0.954983
62 0.521191
63 0.823508
64 0.786849
65 0.851528
66 0.997353
67 0.999483
68 0.998509
69 0.973129
70 0.997465
71 0.999935
72 0.993347
73 0.999329
74 0.0518646
75 0.094378
76 0.761325
0 0.596473
1 0.41119
2 0.878431
3 0.878431
4 0.371836
5 0.271301
6 0.498039
7 0.160963
8 0.458824
9 0.0844918
10 0.00392157
11 0.00392157
12 0.00392157
13 0.00392157
14 0.00392157
15 0.0117647
16 0.0117647
17 0.0263815
18 0.172549
19 0.394652
20 0.521569
21 0.286275
22 0.129412
23 0.648485
24 0.00392157
25 0.00392157
26 0.00392157
27 0.00392157
28 0.00392157
29 0.00392157
30 0.00392157
31 0.953654
32 0.659537
33 0.697148
34 0.74902
35 0.74902
36 0.990702
37 0.999661
38 0.0266222
39 0.9982
40 0.0340473
41 0.99879
42 0.490268
43 0.217008
44 0.0697532
45 0.317074
46 0.0162458
47 0.39624
48 0.240762
49 0.00613369
50 0.0397829
51 0.102593
52 0.0101326
53 0.684227
54 0.40585
55 0.184745
56 0.41112
57 0.770865
58 0.593315
59 0.179403
60 0.135759
61 0.856187
62 0.207642
63 0.385923
64 0.250273
65 0.662289
66 0.990865
67 0.9992
68 0.992743
69 0.973848
70 0.992481
71 0.999697
72 0.884284
73 0.993597
74 0.023322
75 0.163867
76 0.216634
0 0.925464
1 0.404066
2 0.607843
3 0.588235
4 0.718895
5 0.0705882
6 0.0130125
7 0.00392157
8 0.00392157
9 0.527986
10 0.580392
11 0.580392
12 0.580392
13 0.141176
14 0
15 0.521569
16 0.521569
17 0.17861
18 0.714795
19 0.407843
20 0.0406417
21 0.00392157
22 0.00392157
23 0.161141
24 0.580392
25 0.580392
26 0.580392
27 0.580392
28 0.475579
29 0.00213904
30 0
31 0.538146
32 0.91533
33 0.859893
34 0.580392
35 0.411943
36 0.942665
37 0.999238
38 0.329465
39 0.977041
40 0.0728262
41 0.988702
42 0.756016
43 0.04051
44 0.0478321
45 0.0935583
46 0.0105359
47 0.150348
48 0.0525645
49 0.0120268
50 0.0530824
51 0.20256
52 0.0078958
53 0.563104
54 0.191042
55 0.224121
56 0.513474
57 0.512518
58 0.19732
59 0.465528
60 0.163777
61 0.563971
62 0.211564
63 0.507422
64 0.248304
65 0.712891
66 0.92664
67 0.997013
68 0.95363
69 0.874819
70 0.918682
71 0.999396
72 0.409983
73 0.983554
74 0.0868208
75 0.0921592
76 0.110548
0 0.063998
1 0.396587
2 0.00392157
3 0.00392157
4 0.00392157
5 0.00392157
6 0.00392157
7 0.00392157
8 0.00392157
9 0.00392157
10 0.00392157
11 0.142959
12 0.258824
13 0.258824
14 0.258823
15 0.00392157
16 0.00392157
17 0.00392157
18 0.00392157
19 0.00392157
20 0.00392157
21 0.00392157
22 0.00392157
23 0.00392157
24 0.00392157
25 0.00392157
26 0.00392157
27 0.00392157
28 0.00392157
29 0.00392157
30 0.00392157
31 0.854902
32 0.854902
33 0.854902
34 0.907665
35 1
36 0.89495
37 0.997024
38 0.387377
39 0.969947
40 0.0814152
41 0.996901
42 0.753165
43 0.0617081
44 0.0511555
45 0.356423
46 0.0113333
47 0.368336
48 0.261034
49 0.0186081
50 0.0735069
51 0.202505
52 0.0093796
53 0.355695
54 0.306985
55 0.259163
56 0.385036
57 0.555322
58 0.142509
59 0.228056
60 0.140791
61 0.540105
62 0.231259
63 0.152522
64 0.154454
65 0.224454
66 0.848866
67 0.984481
68 0.906045
69 0.471967
70 0.902026
71 0.997148
72 0.714565
73 0.968651
74 0.109538
75 0.199074
76 0.140436
0 0.339858
1 0.389452
2 0.00392157
3 0.00392157
4 0.00392157
5 0.00392157
6 0.00392157
7 0.00392157
8 0.00392157
9 0.285918
10 0.242781
11 0
12 0
13 0
14 0
15 0.00392157
16 0.00392157
17 0.00392157
18 0.00392157
19 0.00392157
20 0.00392157
21 0.00392157
22 0.00392157
23 0.00392157
24 0.487344
25 0.161854
26 0
27 0
28 0
29 0
30 0
31 0.760784
32 0.760784
33 0.766667
34 0.161854
35 0
36 0.998984
37 0.999926
38 0.0443739
39 0.999996
40 0.48551
41 0.999985
42 0.0518228
43 0.986896
44 0.718235
45 0.990661
46 0.83813
47 0.975209
48 0.977318
49 0.211027
50 0.895979
51 0.965466
52 0.133308
53 0.577504
54 0.204771
55 0.0376473
56 0.295837
57 0.80257
58 0.768213
59 0.224559
60 0.0198938
61 0.794278
62 0.0167239
63 0.249061
64 0.13896
65 0.409231
66 0.999931
67 0.999929
68 0.999989
69 0.997367
70 0.998583
71 0.999991
72 0.997837
73 0.999613
74 0.0110156
75 0.0242192
76 0.390824
0 0.50901
1 0.382127
2 0.905882
3 0.905882
4 0.905882
5 0.905882
6 0.905882
7 0.905883
8 0.905882
9 0.905882
10 0.905882
11 0.905882
12 0.576471
13 0
14 0
15 0.905882
16 0.905882
17 0.905882
18 0.905882
19 0.905882
20 0.905882
21 0.905882
22 0.905882
23 0.905882
24 0.905882
25 0.905882
26 0.905882
27 0.905882
28 0.0823529
29 0
30 0
31 0.905882
32 0.905882
33 0.905882
34 0.905882
35 0.0823529
36 0.998783
37 0.99993
38 0.212381
39 0.993322
40 0.163601
41 0.999901
42 0.778921
43 0.665254
44 0.758031
45 0.819173
46 0.47247
47 0.902059
48 0.63146
49 0.22021
50 0.594386
51 0.916497
52 0.687985
53 0.964929
54 0.812206
55 0.847288
56 0.878231
57 0.980543
58 0.883749
59 0.919164
60 0.811506
61 0.970393
62 0.845312
63 0.96477
64 0.972301
65 0.960727
66 0.992165
67 0.999262
68 0.998792
69 0.990083
70 0.997397
71 0.999961
72 0.996376
73 0.999843
74 0.561618
75 0.777246
76 0.713261
0 0.162718
1 0.374322
2 0.109804
3 0.109804
4 0.109804
5 0.109804
6 0.109804
7 0.109804
8 0.109804
9 0.109804
10 0.109804
11 0.109804
12 0.109804
13 0.109804
14 0.109804
15 0.109804
16 0.109804
17 0.109804
18 0.109804
19 0.109804
20 0.109804
21 0.109804
22 0.109804
23 0.109804
24 0.109804
25 0.109804
26 0.109804
27 0.109804
28 0.109804
29 0.109804
30 0.109804
31 0.109804
32 0.109804
33 0.109804
34 0.109804
35 0.109804
36 0.96214
37 0.99934
38 0.0513242
39 0.956738
40 0.0121957
41 0.996372
42 0.71624
43 0.059633
44 0.0191866
45 0.142202
46 0.0156803
47 0.30752
48 0.0492535
49 0.00279079
50 0.0243928
51 0.072091
52 0.0260881
53 0.881405
54 0.891379
55 0.781855
56 0.753409
57 0.943339
58 0.723182
59 0.845211
60 0.772747
61 0.944054
62 0.866485
63 0.921652
64 0.938302
65 0.797428
66 0.898918
67 0.993284
68 0.942206
69 0.789101
70 0.965588
71 0.99652
72 0.941532
73 0.993188
74 0.238343
75 0.674576
76 0.348311
0 0.466912
1 0.367327
2 0
3 0
4 0
5 0
6 0
7 0
8 0
9 0
10 0
11 0
12 0
13 0
14 0
15 0
16 0
17 0
18 0
19 0
20 0
21 0
22 0
23 0
24 0
25 0
26 0
27 0
28 0
29 0
30 0
31 0
32 0
33 0
34 0
35 0
36 0.629355
37 0.986364
38 0.0759715
39 0.824761
40 0.0080129
41 0.987585
42 0.384152
43 0.0107591
44 0.00306888
45 0.0389174
46 0.00226213
47 0.0615449
48 0.0138434
49 0.000970728
50 0.00821006
51 0.0102626
52 0.00471711
53 0.309404
54 0.351602
55 0.19054
56 0.214254
57 0.427065
58 0.177902
59 0.207914
60 0.0861715
61 0.266337
62 0.276693
63 0.165558
64 0.301976
65 0.157017
66 0.48928
67 0.951758
68 0.614949
69 0.320777
70 0.543774
71 0.953462
72 0.336643
73 0.841347
74 0.12151
75 0.336043
76 0.147053
0 0.892702
1 0.360126
2 0
3 0
4 0
5 0
6 0
7 0
8 0
9 0
10 0
11 0
12 0
13 0
14 0
15 0
16 0
17 0
18 0
19 0
20 0
21 0
22 0
23 0
24 0
25 0
26 0
27 0
28 0
29 0
30 0
31 0
32 0
33 0
34 0
35 0
36 0.596839
37 0.979952
38 0.301867
39 0.826446
40 0.0361541
41 0.995577
42 0.542852
43 0.100332
44 0.0755202
45 0.415383
46 0.0650143
47 0.458492
48 0.122562
49 0.0584378
50 0.136537
51 0.284476
52 0.0925168
53 0.257331
54 0.213183
55 0.227916
56 0.181223
57 0.345673
58 0.10854
59 0.276144
60 0.0852204
61 0.17814
62 0.251441
63 0.17238
64 0.179521
65 0.153668
66 0.612346
67 0.916681
68 0.733123
69 0.48501
70 0.594322
71 0.965705
72 0.380307
73 0.908265
74 0.305822
75 0.498964
76 0.315462
0 0.200772
1 0.353506
2 0
3 0
4 0
5 0
6 0
7 0
8 0
9 0
10 0
11 0
12 0
13 0
14 0
15 0
16 0
17 0
18 0
19 0
20 0
21 0
22 0
23 0
24 0
25 0
26 0
27 0
28 0
29 0
30 0
31 0
32 0
33 0
34 0
35 0
36 0.831911
37 0.993136
38 0.185342
39 0.908039
40 0.0397991
41 0.998088
42 0.635556
43 0.205788
44 0.225063
45 0.569599
46 0.122646
47 0.665206
48 0.245486
49 0.127583
50 0.219743
51 0.509885
52 0.123176
53 0.420292
54 0.451819
55 0.288279
56 0.266685
57 0.603765
58 0.251989
59 0.41825
60 0.170452
61 0.401791
62 0.377854
63 0.326436
64 0.447603
65 0.193196
66 0.790083
67 0.952444
68 0.890113
69 0.664855
70 0.856704
71 0.979148
72 0.673211
73 0.974274
74 0.388457
75 0.61693
76 0.334709
0 0.670407
1 0.34678
2 0
3 0
4 0
5 0
6 0
7 0
8 0
9 0
10 0
11 0
12 0
13 0
14 0
15 0
16 0
17 0
18 0
19 0
20 0
21 0
22 0
23 0
24 0
25 0
26 0
27 0
28 0
29 0
30 0
31 0
32 0
33 0
34 0
35 0
36 0.97856
37 0.999708
38 0.050948
39 0.961366
40 0.023753
41 0.998534
42 0.610184
43 0.157681
44 0.235529
45 0.443604
46 0.128702
47 0.462697
48 0.0963153
49 0.0518032
50 0.151432
51 0.543974
52 0.160203
53 0.569528
54 0.522939
55 0.388088
56 0.340538
57 0.47275
58 0.302683
59 0.596283
60 0.182444
61 0.580548
62 0.273822
63 0.748465
64 0.639314
65 0.62512
66 0.962339
67 0.996266
68 0.98341
69 0.963485
70 0.966738
71 0.997244
72 0.794268
73 0.993526
74 0.347207
75 0.401589
76 0.0872423
0 0.316901
1 0.340145
2 0
3 0
4 0
5 0
6 0
7 0
8 0
9 0
10 0.136364
11 0.454545
12 0
13 0
14 0
15 0
16 0
17 0
18 0
19 0
20 0
21 0
22 0
23 0
24 0
25 0.0909091
26 0.714795
27 0.215686
28 0.215686
29 0.215686
30 0.215686
31 0
32 0
33 0
34 0.590909
35 1
36 0.97355
37 0.999678
38 0.158233
39 0.996364
40 0.0260596
41 0.999194
42 0.664415
43 0.340143
44 0.0401052
45 0.482421
46 0.0487113
47 0.438694
48 0.359659
49 0.0320767
50 0.316206
51 0.734925
52 0.0462118
53 0.6674
54 0.238625
55 0.091533
56 0.579618
57 0.726649
58 0.577493
59 0.576801
60 0.363101
61 0.877708
62 0.257292
63 0.731309
64 0.542249
65 0.709705
66 0.997264
67 0.999092
68 0.996157
69 0.961257
70 0.988861
71 0.999558
72 0.965204
73 0.997376
74 0.102362
75 0.126152
76 0.168056
0 0.673866
1 0.333532
2 0
3 0
4 0
5 0.454545
6 0.573262
7 0.505883
8 0.505882
9 0.505882
10 0.505882
11 0.505882
12 0.321925
13 0.0584672
14 0.196435
15 0
16 0
17 0
18 0
19 0.636364
20 0.286988
21 0.215686
22 0.215686
23 0.215686
24 0.215686
25 0.215686
26 0.215686
27 0.215686
28 0.424599
29 0.0196078
30 0.0146168
31 0
32 0.636364
33 1
34 1
35 0.762923
36 0.982119
37 0.999875
38 0.332861
39 0.999412
40 0.133515
41 0.998321
42 0.470597
43 0.298797
44 0.0772788
45 0.333763
46 0.0329062
47 0.253002
48 0.33136
49 0.0165215
50 0.209993
51 0.678089
52 0.0104518
53 0.695834
54 0.183437
55 0.162527
56 0.709603
57 0.906024
58 0.406412
59 0.679689
60 0.241278
61 0.82618
62 0.158927
63 0.685166
64 0.599644
65 0.784437
66 0.988457
67 0.999451
68 0.999242
69 0.941065
70 0.988769
71 0.999933
72 0.989766
73 0.998065
74 0.0650868
75 0.0128925
76 0.159106
0 0.106565
1 0.326609
2 0
3 0
4 0
5 0.327986
6 0.721569
7 0.721569
8 0.721569
9 0.144207
10 0.0673797
11 0.00427807
12 0.0750446
13 0.180036
14 0.980391
15 0.215686
16 0.215686
17 0.215686
18 0.215686
19 0.432799
20 0.556863
21 0.556863
22 0.556863
23 0.404991
24 0.0235294
25 0.0110517
26 0.00392157
27 0.0787879
28 0.0139037
29 0.0713012
30 0.156863
31 1
32 1
33 0.772727
34 0.831194
35 0.410339
36 0.990619
37 0.999791
38 0.714141
39 0.987598
40 0.146254
41 0.997804
42 0.294335
43 0.372128
44 0.269776
45 0.568335
46 0.0759422
47 0.591479
48 0.58311
49 0.0788972
50 0.196053
51 0.536152
52 0.0179199
53 0.432793
54 0.336316
55 0.276362
56 0.47892
57 0.513886
58 0.160955
59 0.455643
60 0.16657
61 0.877698
62 0.517335
63 0.733424
64 0.631313
65 0.922917
66 0.962518
67 0.999425
68 0.996156
69 0.985924
70 0.98783
71 0.999735
72 0.825154
73 0.984196
74 0.246241
75 0.530017
76 0.222016
0 0.240586
1 0.318492
2 0
3 0
4 0
5 0.00534759
6 0.0117647
7 0.0456329
8 0.235294
9 0.377005
10 0.957219
11 0.941176
12 0.941177
13 0.782175
14 0.233512
15 0.556863
16 0.556863
17 0.556863
18 0.354367
19 0.00249554
20 0.00392157
21 0.00392157
22 0.00392157
23 0.0862745
24 0.0413547
25 0.129055
26 0.156863
27 0.156863
28 0.156863
29 0.087344
30 0.183601
31 1
32 0.730303
33 0.548663
34 0.376827
35 0.3959
36 0.997179
37 0.99988
38 0.0688515
39 0.995478
40 0.0719539
41 0.998736
42 0.603278
43 0.133388
44 0.299457
45 0.190478
46 0.063152
47 0.4527
48 0.239402
49 0.0889248
50 0.171413
51 0.551765
52 0.0117213
53 0.695069
54 0.311114
55 0.193192
56 0.621688
57 0.579968
58 0.193367
59 0.384731
60 0.157338
61 0.645745
62 0.212003
63 0.542412
64 0.655966
65 0.653419
66 0.976722
67 0.998284
68 0.995786
69 0.899475
70 0.982677
71 0.999813
72 0.955166
73 0.988742
74 0.307474
75 0.211138
76 0.0797119
0 0.856035
1 0.311248
2 0.289661
3 0
4 0
5 0.0320856
6 0.0705882
7 0.0705883
8 0.0392157
9 0.00784314
10 0.0340463
11 0.281283
12 0.34902
13 0.34902
14 0.678075
15 0.357576
16 0.00392157
17 0.00392157
18 0.00392157
19 0.101248
20 0.156863
21 0.156863
22 0.156863
23 0.00392157
24 0.00392157
25 0.0581105
26 0.473084
27 0.25098
28 0.25098
29 0.25098
30 0.727273
31 0.868984
32 0.735829
33 0.798039
34 0.508734
35 0.321034
36 0.982267
37 0.9997
38 0.28483
39 0.992815
40 0.0606685
41 0.999023
42 0.649108
43 0.314187
44 0.144879
45 0.508872
46 0.0938436
47 0.305022
48 0.483422
49 0.00899863
50 0.231448
51 0.861659
52 0.0709701
53 0.625584
54 0.435653
55 0.334932
56 0.792634
57 0.611118
58 0.652022
59 0.518644
60 0.306614
61 0.652256
62 0.396753
63 0.767171
64 0.750369
65 0.861319
66 0.989893
67 0.999602
68 0.997502
69 0.960713
70 0.988973
71 0.999473
72 0.952373
73 0.983411
74 0.106895
75 0.0517406
76 0.105053
0 0.138495
1 0.303397
2 0.0980392
3 0.0980392
4 0.0655972
5 0.0470588
6 0.307843
7 0.40107
8 0.894117
9 0.866666
10 0.250267
11 0
12 0
13 0.47861
14 0.0196078
15 0.156863
16 0.156863
17 0.142959
18 0.00392157
19 0.00392157
20 0.22852
21 0.25098
22 0.738681
23 0.0117647
24 0.0117647
25 0.127986
26 0.00392157
27 0.00392157
28 0.149376
29 0.623886
30 0.407843
31 0.557932
32 0.651872
33 0.710874
34 0.946524
35 0.868093
36 0.997413
37 0.999912
38 0.0733887
39 0.998154
40 0.0698107
41 0.999867
42 0.265908
43 0.301852
44 0.171363
45 0.804623
46 0.0678448
47 0.538926
48 0.641335
49 0.0509889
50 0.381295
51 0.535119
52 0.0642226
53 0.786357
54 0.34403
55 0.199185
56 0.559143
57 0.762384
58 0.73889
59 0.548966
60 0.250727
61 0.861734
62 0.143721
63 0.705965
64 0.479067
65 0.867674
66 0.9967
67 0.999624
68 0.99941
69 0.993587
70 0.997822
71 0.999959
72 0.960562
73 0.996496
74 0.0527584
75 0.141759
76 0.241052
0 0.127598
1 0.296766
2 0.0841355
3 0.411943
4 0.745098
5 0.745098
6 0.312121
7 0.101248
8 0.0843137
9 0.626738
10 0.396078
11 0.719073
12 0.628877
13 0.0832443
14 0.173975
15 0.172193
16 0.409626
17 0.0552585
18 0.0117647
19 0.0117647
20 0.214973
21 0.0959002
22 0.00392157
23 0.52656
24 0.605704
25 0.407843
26 0.618895
27 0.988235
28 0.147594
29 0.248128
30 0.0534759
31 0.598396
32 0.73262
33 0.885205
34 0.903387
35 0.455258
36 0.996335
37 0.999866
38 0.100105
39 0.999827
40 0.1859
41 0.999746
42 0.497852
43 0.638238
44 0.375676
45 0.778061
46 0.125709
47 0.645191
48 0.921771
49 0.0157023
50 0.443473
51 0.727272
52 0.034428
53 0.792833
54 0.291382
55 0.156269
56 0.652268
57 0.906556
58 0.85753
59 0.292062
60 0.325574
61 0.904752
62 0.29731
63 0.517528
64 0.681568
65 0.66336
66 0.998623
67 0.999724
68 0.999713
69 0.98638
70 0.99648
71 0.99994
72 0.990927
73 0.998477
74 0.0123322
75 0.0130964
76 0.218757
0 0.68123
1 0.290319
2 0.52549
3 0.52549
4 0.52549
5 0.52549
6 0.108913
7 0.124421
8 0.937255
9 0.937255
10 0.265775
11 0.0488414
12 0.210874
13 0.219608
14 0.0898394
15 0.407843
16 0.407843
17 0.407843
18 0.407843
19 0.407843
20 0.407843
21 0.407843
22 0.79287
23 0.937255
24 0.937255
25 0.173619
26 0.0324421
27 0.0174688
28 0.0117647
29 0.0117647
30 0.00320856
31 0.894118
32 0.892513
33 0.924421
34 0.494652
35 0.524242
36 0.989541
37 0.999787
38 0.22705
39 0.999682
40 0.246461
41 0.999278
42 0.428209
43 0.882448
44 0.470921
45 0.814736
46 0.126762
47 0.710453
48 0.480822
49 0.0588389
50 0.465991
51 0.606845
52 0.174003
53 0.932944
54 0.619962
55 0.168861
56 0.828519
57 0.986697
58 0.903056
59 0.79326
60 0.299534
61 0.918148
62 0.422423
63 0.639021
64 0.605801
65 0.753377
66 0.9816
67 0.999093
68 0.999459
69 0.982097
70 0.991013
71 0.999979
72 0.995466
73 0.999478
74 0.048499
75 0.156366
76 0.80473
0 0.652153
1 0.283668
2 0.103743
3 0.288235
4 0.980392
5 0.868093
6 0.768627
7 0.539216
8 0.388235
9 0.035294
10 0
11 0
12 0
13 0.00499111
14 0.027451
15 0.407843
16 0.407843
17 0.876292
18 0.980392
19 0.363993
20 0.166488
21 0.475936
22 0.0117647
23 0.00855615
24 0
25 0
26 0
27 0
28 0
29 0.00178253
30 0.00392157
31 0.896613
32 0.928699
33 0.50713
34 0
35 0.447415
36 0.989839
37 0.999277
38 0.0344555
39 0.986362
40 0.0715748
41 0.997518
42 0.250537
43 0.129733
44 0.237305
45 0.178651
46 0.0951991
47 0.561185
48 0.132645
49 0.0164365
50 0.0551358
51 0.296359
52 0.0516212
53 0.919063
54 0.468054
55 0.612366
56 0.787657
57 0.948262
58 0.579201
59 0.732971
60 0.385842
61 0.871438
62 0.477056
63 0.590512
64 0.678789
65 0.716065
66 0.961711
67 0.996637
68 0.992628
69 0.883313
70 0.988348
71 0.999783
72 0.962842
73 0.997484
74 0.322162
75 0.211393
76 0.704385
0 0.598524
1 0.276427
2 0.776471
3 0.694118
4 0.14902
5 0.14902
6 0.576471
7 0
8 0
9 0
10 0
11 0
12 0
13 0.0869879
14 0.478431
15 0.0117647
16 0.484492
17 0.16934
18 0.0117647
19 0.0117647
20 0.685561
21 0
22 0
23 0
24 0
25 0
26 0
27 0
28 0
29 0.00178253
30 0.00392157
31 0.882353
32 0.654189
33 0
34 0
35 0.452763
36 0.848807
37 0.994347
38 0.115796
39 0.870917
40 0.00723897
41 0.99863
42 0.480388
43 0.0302467
44 0.0271889
45 0.122771
46 0.0166764
47 0.154995
48 0.0432504
49 0.00796234
50 0.0384047
51 0.0853152
52 0.0202879
53 0.418819
54 0.381997
55 0.244013
56 0.274477
57 0.584619
58 0.184757
59 0.351664
60 0.178556
61 0.38656
62 0.379956
63 0.312297
64 0.413257
65 0.372408
66 0.693333
67 0.978072
68 0.832338
69 0.634371
70 0.807546
71 0.99136
72 0.582271
73 0.9669
74 0.148737
75 0.442124
76 0.284321
0 0.365278
1 0.269788
2 0
3 0
4 0
5 0
6 0
7 0
8 0
9 0
10 0
11 0
12 0
13 0
14 0
15 0
16 0
17 0
18 0
19 0
20 0
21 0
22 0
23 0
24 0
25 0
26 0
27 0
28 0
29 0
30 0
31 0
32 0
33 0
34 0
35 0
36 0.845689
37 0.989979
38 0.215549
39 0.835082
40 0.0224694
41 0.998878
42 0.492118
43 0.0777927
44 0.0613138
45 0.383928
46 0.0555918
47 0.451169
48 0.116325
49 0.0383324
50 0.125866
51 0.281379
52 0.0726738
53 0.289191
54 0.276844
55 0.214796
56 0.205794
57 0.414621
58 0.138624
59 0.309007
60 0.0963334
61 0.232229
62 0.272849
63 0.200901
64 0.234927
65 0.191504
66 0.694024
67 0.965048
68 0.838441
69 0.577006
70 0.742094
71 0.986467
72 0.475792
73 0.957246
74 0.292096
75 0.451743
76 0.280385
0 0.32802
1 0.263352
2 0
3 0
4 0
5 0
6 0
7 0
8 0
9 0
10 0
11 0
12 0
13 0
14 0
15 0
16 0
17 0
18 0
19 0
20 0
21 0
22 0
23 0
24 0
25 0
26 0
27 0
28 0
29 0
30 0
31 0
32 0
33 0
34 0
35 0
36 0.904261
37 0.995053
38 0.18797
39 0.891629
40 0.0321881
41 0.999366
42 0.586071
43 0.177222
44 0.204576
45 0.574
46 0.141236
47 0.667949
48 0.230507
49 0.107566
50 0.247404
51 0.510388
52 0.134071
53 0.397713
54 0.41523
55 0.252841
56 0.2495
57 0.596563
58 0.23222
59 0.419187
60 0.159546
61 0.397168
62 0.352132
63 0.322514
64 0.405493
65 0.22633
66 0.801489
67 0.968662
68 0.924982
69 0.711026
70 0.867354
71 0.990586
72 0.678046
73 0.982379
74 0.369384
75 0.531973
76 0.334526
0 0.556322
1 0.25645
2 0
3 0
4 0
5 0
6 0
7 0
8 0
9 0
10 0
11 0
12 0
13 0
14 0
15 0
16 0
17 0
18 0
19 0
20 0
21 0
22 0
23 0
24 0
25 0
26 0
27 0
28 0
29 0
30 0
31 0
32 0
33 0
34 0
35 0
36 0.95308
37 0.997612
38 0.143377
39 0.921733
40 0.0299881
41 0.999532
42 0.647216
43 0.176946
44 0.206323
45 0.559165
46 0.121132
47 0.664133
48 0.243349
49 0.0745998
50 0.204421
51 0.493547
52 0.154152
53 0.561104
54 0.600146
55 0.362474
56 0.353613
57 0.768356
58 0.375204
59 0.552308
60 0.271587
61 0.640332
62 0.484861
63 0.529316
64 0.637452
65 0.365608
66 0.860795
67 0.98299
68 0.955999
69 0.811631
70 0.922129
71 0.994676
72 0.827274
73 0.992045
74 0.372004
75 0.577327
76 0.365591
0 0.552618
1 0.249965
2 0
3 0
4 0
5 0
6 0
7 0
8 0
9 0
10 0
11 0
12 0
13 0
14 0
15 0
16 0
17 0
18 0
19 0
20 0
21 0
22 0
23 0
24 0
25 0
26 0
27 0
28 0
29 0
30 0
31 0
32 0
33 0
34 0
35 0
36 0.941949
37 0.997344
38 0.138735
39 0.915312
40 0.0200773
41 0.999303
42 0.617054
43 0.0920073
44 0.0858207
45 0.364332
46 0.0505959
47 0.474091
48 0.136226
49 0.0246449
50 0.0944542
51 0.251539
52 0.0821134
53 0.5438
54 0.597983
55 0.393738
56 0.345023
57 0.757648
58 0.366507
59 0.525409
60 0.256196
61 0.639066
62 0.473286
63 0.562381
64 0.626327
65 0.411583
66 0.825794
67 0.984846
68 0.940608
69 0.777194
70 0.896911
71 0.993763
72 0.788235
73 0.990141
74 0.302462
75 0.524628
76 0.321488
0 0.259632
1 0.243497
2 0
3 0
4 0
5 0
6 0
7 0
8 0
9 0
10 0
11 0
12 0
13 0
14 0
15 0
16 0
17 0
18 0
19 0
20 0
21 0
22 0
23 0
24 0
25 0
26 0
27 0
28 0
29 0
30 0
31 0
32 0
33 0
34 0
35 0
36 0.900588
37 0.994761
38 0.137805
39 0.883607
40 0.0175312
41 0.999112
42 0.528966
43 0.0609163
44 0.0500364
45 0.275511
46 0.0345729
47 0.386705
48 0.0911877
49 0.0185994
50 0.0718762
51 0.17082
52 0.0484909
53 0.396377
54 0.438717
55 0.261518
56 0.255084
57 0.596484
58 0.238261
59 0.366777
60 0.148328
61 0.417576
62 0.350832
63 0.336534
64 0.421221
65 0.269613
66 0.747541
67 0.9771
68 0.894288
69 0.662322
70 0.818855
71 0.989779
72 0.61952
73 0.978585
74 0.270346
75 0.457758
76 0.265312
0 0.429515
1 0.237183
2 0
3 0
4 0
5 0
6 0
7 0
8 0
9 0
10 0
11 0
12 0
13 0
14 0
15 0
16 0
17 0
18 0
19 0
20 0
21 0
22 0
23 0
24 0
25 0
26 0
27 0
28 0
29 0
30 0
31 0
32 0
33 0
34 0
35 0
36 0.893851
37 0.993587
38 0.152207
39 0.873796
40 0.0237013
41 0.999349
42 0.526883
43 0.0980761
44 0.0977221
45 0.420019
46 0.073891
47 0.531738
48 0.141277
49 0.046421
50 0.137951
51 0.317747
52 0.0820714
53 0.34734
54 0.363013
55 0.200091
56 0.225355
57 0.523699
58 0.191262
59 0.333535
60 0.124848
61 0.328014
62 0.312202
63 0.241938
64 0.331136
65 0.19725
66 0.754535
67 0.969295
68 0.896782
69 0.654176
70 0.810678
71 0.989936
72 0.588083
73 0.97582
74 0.315971
75 0.475699
76 0.291865
0 0.661834
1 0.23097
2 0
3 0
4 0
5 0
6 0
7 0
8 0
9 0
10 0
11 0
12 0
13 0
14 0
15 0
16 0
17 0
18 0
19 0
20 0
21 0
22 0
23 0
24 0
25 0
26 0
27 0
28 0
29 0
30 0
31 0
32 0
33 0
34 0
35 0
36 0.963194
37 0.998581
38 0.0644934
39 0.920022
40 0.0204109
41 0.999389
42 0.528978
43 0.141116
44 0.160117
45 0.404876
46 0.122644
47 0.497871
48 0.12087
49 0.0586456
50 0.187108
51 0.520979
52 0.200953
53 0.429465
54 0.369871
55 0.200924
56 0.263481
57 0.512057
58 0.228674
59 0.408075
60 0.119357
61 0.32236
62 0.255647
63 0.471373
64 0.45071
65 0.326594
66 0.907359
67 0.989617
68 0.972615
69 0.91875
70 0.910532
71 0.995918
72 0.605802
73 0.988894
74 0.323113
75 0.309147
76 0.12305
0 0.824128
1 0.22468
2 0
3 0
4 0
5 0
6 0
7 0
8 0
9 0
10 0
11 0
12 0.0057041
13 0.133868
14 0.159358
15 0
16 0
17 0
18 0
19 0
20 0
21 0
22 0
23 0
24 0
25 0
26 0.202496
27 0.556863
28 0.0541889
29 0.00392157
30 0.112299
31 0
32 0
33 0
34 0.363636
35 0.773618
36 0.975684
37 0.999248
38 0.154664
39 0.986034
40 0.0168056
41 0.999838
42 0.691501
43 0.335727
44 0.21961
45 0.648794
46 0.267463
47 0.430169
48 0.542124
49 0.0477579
50 0.53221
51 0.6001
52 0.127519
53 0.506258
54 0.542814
55 0.200781
56 0.485632
57 0.559289
58 0.539119
59 0.54046
60 0.424968
61 0.654533
62 0.362752
63 0.723939
64 0.609079
65 0.607077
66 0.974795
67 0.998179
68 0.993353
69 0.979351
70 0.969232
71 0.998895
72 0.870248
73 0.991834
74 0.234118
75 0.19465
76 0.219266
0 0.629054
1 0.218497
2 0
3 0
4 0
5 0
6 0
7 0.636364
8 0.496078
9 0.258824
10 0.130481
11 0.0245989
12 0.592335
13 0.188592
14 0.0549019
15 0
16 0
17 0
18 0
19 0
20 0
21 0.253119
22 0.556863
23 0.0438503
24 0.245633
25 0.084492
26 0.0153298
27 0.0253119
28 0.0331551
29 0.156863
30 0.156863
31 0
32 0
33 0.711943
34 0.653298
35 0.657041
36 0.998193
37 0.999961
38 0.050027
39 0.998515
40 0.0415686
41 0.999587
42 0.456236
43 0.434003
44 0.738744
45 0.507301
46 0.148445
47 0.611799
48 0.704641
49 0.176998
50 0.673041
51 0.729936
52 0.0828023
53 0.809899
54 0.281353
55 0.295407
56 0.733459
57 0.603614
58 0.448011
59 0.443442
60 0.338493
61 0.870573
62 0.491509
63 0.954592
64 0.821683
65 0.965426
66 0.992182
67 0.999784
68 0.999391
69 0.997018
70 0.997936
71 0.999971
72 0.971462
73 0.994133
74 0.280617
75 0.205331
76 0.0923731
0 0.901082
1 0.212236
2 0
3 0.426738
4 0.321034
5 0.0994652
6 0.0613191
7 0.0819966
8 0.437255
9 0.301961
10 0.3918
11 0.907308
12 0.862745
13 0.70927
14 0.949019
15 0
16 0.00213904
17 0.690196
18 0.367201
19 0.125134
20 0.0196078
21 0.00392157
22 0.417469
23 0.156863
24 0.156863
25 0.229947
26 0.615686
27 0.0117647
28 0.114439
29 0.745811
30 0.94902
31 0.517825
32 0.58877
33 0.666488
34 0.7918
35 0.871836
36 0.998875
37 0.999935
38 0.181649
39 0.999356
40 0.0270408
41 0.999851
42 0.623103
43 0.809581
44 0.272097
45 0.730697
46 0.274011
47 0.415779
48 0.53603
49 0.0271283
50 0.476246
51 0.892591
52 0.548119
53 0.923117
54 0.670908
55 0.52073
56 0.852073
57 0.877986
58 0.851751
59 0.875936
60 0.248161
61 0.984294
62 0.492296
63 0.966631
64 0.87486
65 0.959381
66 0.998462
67 0.999815
68 0.999574
69 0.9866
70 0.997025
71 0.999945
72 0.997631
73 0.998855
74 0.171897
75 0.249735
76 0.370644
0 0.0391982
1 0.205972
2 0.0980392
3 0.0980392
4 0.103743
5 0.212834
6 0.791265
7 0.876827
8 0.843137
9 0.6959
10 0.785383
11 0.466667
12 0.0745098
13 0.0745098
14 0.0304812
15 0.156863
16 0.156863
17 0.156863
18 0.189661
19 0.471658
20 0.227094
21 0.522995
22 0.0117647
23 0.0117647
24 0.0245989
25 0.773262
26 0.744742
27 0.407843
28 0.407843
29 0.407843
30 0.114082
31 0.494118
32 0.660606
33 0.931551
34 0.754011
35 0.883422
36 0.997265
37 0.999581
38 0.239033
39 0.998956
40 0.0194574
41 0.999413
42 0.251971
43 0.764416
44 0.757521
45 0.80973
46 0.259661
47 0.646748
48 0.906569
49 0.0445461
50 0.637763
51 0.773224
52 0.0381491
53 0.924997
54 0.482555
55 0.517537
56 0.9879
57 0.971871
58 0.935285
59 0.758291
60 0.626097
61 0.981541
62 0.889967
63 0.993626
64 0.897083
65 0.995208
66 0.996826
67 0.999952
68 0.999609
69 0.996579
70 0.99781
71 0.999955
72 0.956277
73 0.997902
74 0.299267
75 0.387312
76 0.772795
0 0.432863
1 0.19973
2 0.819608
3 0.819608
4 0.856328
5 0.0980392
6 0.0980392
7 0.710339
8 0.996078
9 0.996078
10 0.996078
11 0.996078
12 0.996079
13 0.996079
14 0.996078
15 0.0117647
16 0.0117647
17 0.0959002
18 0.744742
19 0.407843
20 0.407843
21 0.224242
22 0.00392157
23 0.00392157
24 0.00392157
25 0.00392157
26 0.00392157
27 0.00392157
28 0.00392157
29 0.00392157
30 0.00392157
31 0.937255
32 0.883066
33 0.97558
34 0.980392
35 0.980392
36 0.991879
37 0.999912
38 0.149637
39 0.991235
40 0.0222466
41 0.993079
42 0.915806
43 0.0327279
44 0.0163914
45 0.0366998
46 0.00809666
47 0.0381475
48 0.0181897
49 0.00117607
50 0.00647142
51 0.0609619
52 0.00464063
53 0.922783
54 0.56196
55 0.547347
56 0.880946
57 0.921167
58 0.635892
59 0.841836
60 0.73922
61 0.950032
62 0.641428
63 0.913313
64 0.791551
65 0.89839
66 0.96975
67 0.998634
68 0.976068
69 0.89791
70 0.967341
71 0.999745
72 0.890235
73 0.992253
74 0.0525516
75 0.109192
76 0.163646
0 0.149086
1 0.193308
2 0.00784314
3 0.00784314
4 0.00784314
5 0.00784314
6 0.00784314
7 0.00784314
8 0.00784314
9 0.00784314
10 0.00784314
11 0.00784314
12 0.00784314
13 0.065419
14 0.0823529
15 0.00392157
16 0.00392157
17 0.00392157
18 0.00392157
19 0.00392157
20 0.00392157
21 0.00392157
22 0.00392157
23 0.00392157
24 0.00392157
25 0.00392157
26 0.00392157
27 0.00392157
28 0.00392157
29 0.00392157
30 0.00392157
31 0.988235
32 0.988235
33 0.988235
34 0.988235
35 0.996257
36 0.796615
37 0.984835
38 0.0811374
39 0.996347
40 0.0081179
41 0.99925
42 0.18705
43 0.196274
44 0.0559038
45 0.348844
46 0.00512705
47 0.246688
48 0.465169
49 0.00271906
50 0.147016
51 0.104324
52 0.0088782
53 0.872934
54 0.518621
55 0.28912
56 0.887823
57 0.901159
58 0.778712
59 0.574463
60 0.217993
61 0.793624
62 0.188199
63 0.0696052
64 0.103805
65 0.383843
66 0.948726
67 0.993623
68 0.986103
69 0.522491
70 0.940186
71 0.999241
72 0.832328
73 0.98064
74 0.0584703
75 0.0886698
76 0.936714
0 0.685624
1 0.186875
2 0.796078
3 0.796078
4 0.796079
5 0.88877
6 1
7 1
8 0.547058
9 0.567023
10 0
11 0
12 0
13 0
14 0
15 0.00392157
16 0.00392157
17 0.00392157
18 0.00392157
19 0.00392157
20 0.00392157
21 0.00392157
22 0.00392157
23 0.48877
24 0.42959
25 0
26 0
27 0
28 0
29 0
30 0
31 0.996078
32 0.998574
33 0.85918
34 0
35 0
36 0.94629
37 0.992179
38 0.147213
39 0.917353
40 0.00845783
41 0.999458
42 0.381802
43 0.1408
44 0.198764
45 0.210333
46 0.0630956
47 0.552785
48 0.0648942
49 0.0210341
50 0.0977825
51 0.282725
52 0.0746973
53 0.432526
54 0.396402
55 0.221786
56 0.201435
57 0.528698
58 0.194735
59 0.346861
60 0.139599
61 0.337561
62 0.379194
63 0.188818
64 0.32286
65 0.3911
66 0.75081
67 0.966003
68 0.816665
69 0.761107
70 0.792558
71 0.996268
72 0.494837
73 0.982742
74 0.195847
75 0.353717
76 0.593041
0 0.255329
1 0.180685
2 0.558467
3 0
4 0
5 0
6 0
7 0
8 0
9 0
10 0
11 0
12 0
13 0
14 0
15 0.687344
16 0
17 0
18 0
19 0
20 0
21 0
22 0
23 0
24 0
25 0
26 0
27 0
28 0
29 0
30 0
31 0.214795
32 0
33 0
34 0
35 0
36 0.928295
37 0.994681
38 0.178188
39 0.872487
40 0.0159934
41 0.999679
42 0.537559
43 0.12488
44 0.131322
45 0.53831
46 0.130972
47 0.573616
48 0.196716
49 0.0769833
50 0.214317
51 0.411004
52 0.115486
53 0.429294
54 0.423063
55 0.25238
56 0.284519
57 0.604953
58 0.201979
59 0.452197
60 0.179366
61 0.40674
62 0.373498
63 0.333335
64 0.355878
65 0.263893
66 0.788586
67 0.978337
68 0.924759
69 0.731682
70 0.862396
71 0.994139
72 0.694027
73 0.985618
74 0.347549
75 0.52763
76 0.367483
0 0.256587
1 0.172864
2 0
3 0
4 0
5 0
6 0
7 0
8 0
9 0
10 0
11 0
12 0
13 0
14 0
15 0
16 0
17 0
18 0
19 0
20 0
21 0
22 0
23 0
24 0
25 0
26 0
27 0
28 0
29 0
30 0
31 0
32 0
33 0
34 0
35 0
36 0.959375
37 0.99703
38 0.178429
39 0.908355
40 0.0208967
41 0.999732
42 0.608528
43 0.156715
44 0.177766
45 0.520579
46 0.121146
47 0.619695
48 0.213896
49 0.0677126
50 0.197032
51 0.464464
52 0.15173
53 0.490585
54 0.516749
55 0.345139
56 0.30702
57 0.722935
58 0.31438
59 0.529509
60 0.220907
61 0.562946
62 0.432551
63 0.509328
64 0.552902
65 0.36799
66 0.842388
67 0.983618
68 0.948894
69 0.791409
70 0.906307
71 0.995431
72 0.766105
73 0.992305
74 0.343689
75 0.520393
76 0.371753
0 0.223177
1 0.165142
2 0
3 0
4 0
5 0
6 0
7 0
8 0
9 0
10 0
11 0
12 0
13 0
14 0
15 0
16 0
17 0
18 0
19 0
20 0
21 0
22 0
23 0
24 0
25 0
26 0
27 0
28 0
29 0
30 0
31 0
32 0
33 0
34 0
35 0
36 0.958065
37 0.997282
38 0.155088
39 0.908857
40 0.0176121
41 0.999704
42 0.590936
43 0.106615
44 0.108518
45 0.418876
46 0.076611
47 0.532772
48 0.153691
49 0.0369939
50 0.12675
51 0.313853
52 0.0982083
53 0.511974
54 0.565176
55 0.347765
56 0.332916
57 0.744132
58 0.32903
59 0.518177
60 0.248397
61 0.604297
62 0.457364
63 0.528792
64 0.57694
65 0.389437
66 0.825933
67 0.985051
68 0.947541
69 0.797919
70 0.903342
71 0.995026
72 0.776204
73 0.991609
74 0.324709
75 0.508035
76 0.33936
0 0.254962
1 0.157363
2 0
3 0
4 0
5 0
6 0
7 0
8 0
9 0
10 0
11 0
12 0
13 0
14 0
15 0
16 0
17 0
18 0
19 0
20 0
21 0
22 0
23 0
24 0
25 0
26 0
27 0
28 0
29 0
30 0
31 0
32 0
33 0
34 0
35 0
36 0.941736
37 0.99597
38 0.11984
39 0.892786
40 0.015413
41 0.999641
42 0.527458
43 0.0773695
44 0.0723996
45 0.338861
46 0.0544429
47 0.447364
48 0.115579
49 0.0258346
50 0.0934483
51 0.231067
52 0.0637167
53 0.424616
54 0.46994
55 0.229785
56 0.273529
57 0.652
58 0.255628
59 0.393014
60 0.175223
61 0.47216
62 0.378214
63 0.352886
64 0.458825
65 0.269535
66 0.784461
67 0.97995
68 0.925609
69 0.732041
70 0.860117
71 0.993096
72 0.679014
73 0.985796
74 0.294874
75 0.466336
76 0.289066
0 0.649131
1 0.149842
2 0
3 0
4 0
5 0
6 0
7 0
8 0
9 0
10 0
11 0
12 0
13 0
14 0
15 0
16 0
17 0
18 0
19 0
20 0
21 0
22 0
23 0
24 0
25 0
26 0
27 0
28 0
29 0
30 0
31 0
32 0
33 0
34 0
35 0
36 0.93744
37 0.995122
38 0.135904
39 0.882234
40 0.0188035
41 0.999715
42 0.522581
43 0.09981
44 0.107887
45 0.43684
46 0.085008
47 0.53389
48 0.150274
49 0.0436918
50 0.137265
51 0.333688
52 0.0945102
53 0.372772
54 0.393978
55 0.186596
56 0.240158
57 0.583398
58 0.20793
59 0.358358
60 0.142845
61 0.385826
62 0.333078
63 0.272662
64 0.366789
65 0.215319
66 0.782423
67 0.976061
68 0.923745
69 0.719916
70 0.84675
71 0.993508
72 0.637274
73 0.984393
74 0.321428
75 0.465876
76 0.308663
0 0.741275
1 0.142595
2 0
3 0
4 0
5 0
6 0
7 0
8 0
9 0
10 0
11 0
12 0
13 0
14 0
15 0
16 0
17 0
18 0
19 0
20 0
21 0
22 0
23 0
24 0
25 0
26 0
27 0
28 0
29 0
30 0
31 0
32 0
33 0
34 0
35 0
36 0.954939
37 0.996428
38 0.130806
39 0.898889
40 0.0217514
41 0.999799
42 0.561264
43 0.149942
44 0.182525
45 0.548272
46 0.134794
47 0.636423
48 0.213884
49 0.0731154
50 0.202619
51 0.473522
52 0.136434
53 0.427908
54 0.455171
55 0.202629
56 0.269756
57 0.658079
58 0.253318
59 0.419115
60 0.182559
61 0.470156
62 0.378718
63 0.329462
64 0.44439
65 0.235906
66 0.825214
67 0.977841
68 0.946486
69 0.777365
70 0.891065
71 0.994824
72 0.723741
73 0.989252
74 0.357322
75 0.503497
76 0.343037
0 0.857182
1 0.136316
2 0
3 0
4 0
5 0
6 0
7 0
8 0
9 0
10 0
11 0
12 0
13 0
14 0
15 0
16 0
17 0
18 0
19 0
20 0
21 0
22 0
23 0
24 0
25 0
26 0
27 0
28 0
29 0
30 0
31 0
32 0
33 0
34 0
35 0
36 0.980627
37 0.999332
38 0.0809103
39 0.927939
40 0.0118562
41 0.999648
42 0.59843
43 0.141816
44 0.297948
45 0.355626
46 0.128319
47 0.502474
48 0.186387
49 0.21899
50 0.37558
51 0.797581
52 0.314282
53 0.514011
54 0.320749
55 0.345566
56 0.325598
57 0.557292
58 0.260384
59 0.484715
60 0.280195
61 0.476522
62 0.512557
63 0.732051
64 0.767599
65 0.767586
66 0.915348
67 0.996466
68 0.983138
69 0.93269
70 0.967906
71 0.998874
72 0.851029
73 0.994479
74 0.432907
75 0.318667
76 0.16627
0 0.0160963
1 0.130157
2 0
3 0
4 0
5 0
6 0
7 0
8 0
9 0
10 0
11 0.00213904
12 0.0709448
13 0.546168
14 0.495365
15 0
16 0
17 0
18 0
19 0
20 0
21 0
22 0
23 0
24 0
25 0
26 0.00142602
27 0.00392157
28 0.513726
29 0.586096
30 0.486275
31 0
32 0
33 0
34 0.343672
35 0.788235
36 0.995494
37 0.999759
38 0.077858
39 0.988094
40 0.00332204
41 0.999936
42 0.55709
43 0.269506
44 0.158763
45 0.670967
46 0.0899768
47 0.265821
48 0.681021
49 0.0411418
50 0.629881
51 0.784749
52 0.245946
53 0.611834
54 0.61484
55 0.379323
56 0.61952
57 0.681051
58 0.53384
59 0.560268
60 0.487428
61 0.791638
62 0.481286
63 0.820186
64 0.802754
65 0.876011
66 0.97786
67 0.998728
68 0.997256
69 0.977026
70 0.986876
71 0.99955
72 0.94526
73 0.995188
74 0.19617
75 0.170024
76 0.183057
0 0.338269
1 0.124092
2 0
3 0
4 0
5 0
6 0
7 0.681819
8 0.535294
9 0.467914
10 0.137968
11 0.114438
12 0.254189
13 0.412656
14 0.431372
15 0
16 0
17 0
18 0
19 0
20 0
21 0.00178253
22 0.00392157
23 0.52549
24 0.497683
25 0.0894831
26 0.220677
27 0.6
28 0.31123
29 0.407843
30 0.407843
31 0
32 0
33 0.716756
34 0.601069
35 0.661676
36 0.998695
37 0.999923
38 0.0720697
39 0.995937
40 0.0468743
41 0.999891
42 0.611181
43 0.215951
44 0.335128
45 0.61135
46 0.148281
47 0.431712
48 0.415703
49 0.028702
50 0.231693
51 0.410141
52 0.05276
53 0.741188
54 0.373602
55 0.437394
56 0.629797
57 0.776235
58 0.439829
59 0.601259
60 0.328192
61 0.909924
62 0.290192
63 0.916258
64 0.637746
65 0.932627
66 0.984469
67 0.999684
68 0.997654
69 0.993059
70 0.993537
71 0.999871
72 0.936767
73 0.993418
74 0.158091
75 0.105509
76 0.162473
0 0.00934353
1 0.116949
2 0.00160428
3 0.148307
4 0.329946
5 0.00392157
6 0.0178253
7 0.0680928
8 0.27451
9 0.381105
10 0.437255
11 0.838859
12 0.605526
13 0.087344
14 0.0313725
15 0.00106952
16 0.00392157
17 0.0513369
18 0.335829
19 0.00392157
20 0.0131907
21 0.054902
22 0.451337
23 0.293761
24 0.407843
25 0.413191
26 0.622103
27 0.33262
28 0.194296
29 0.112299
30 0.176471
31 0.745455
32 0.807308
33 0.334938
34 0.925134
35 0.641711
36 0.995002
37 0.999655
38 0.100507
39 0.998359
40 0.0621143
41 0.999696
42 0.650267
43 0.510816
44 0.142887
45 0.328
46 0.0605201
47 0.248407
48 0.293523
49 0.00570498
50 0.231623
51 0.482762
52 0.0369509
53 0.713134
54 0.487434
55 0.128369
56 0.743441
57 0.888629
58 0.687117
59 0.611664
60 0.146895
61 0.823412
62 0.181339
63 0.651349
64 0.537556
65 0.688871
66 0.975067
67 0.998952
68 0.99742
69 0.942448
70 0.983945
71 0.999799
72 0.977649
73 0.996101
74 0.0591362
75 0.0679906
76 0.216914
0 0.883505
1 0.110288
2 0.165597
3 0.0606061
4 0.170053
5 0.191087
6 0.298039
7 0.733868
8 0.937255
9 0.167914
10 0.0705882
11 0.0705882
12 0.0705883
13 0.057754
14 0.0509804
15 0.195009
16 0.00392157
17 0.484848
18 0.335829
19 0.260963
20 0.407843
21 0.648485
22 0.264171
23 0.0363636
24 0.131907
25 0.156863
26 0.156863
27 0.156863
28 0.156863
29 0.087344
30 0.0638146
31 0.600535
32 0.92549
33 0.734403
34 0.533333
35 0.536007
36 0.995774
37 0.999654
38 0.398203
39 0.978501
40 0.0304426
41 0.999583
42 0.351035
43 0.319166
44 0.335554
45 0.552877
46 0.246127
47 0.648114
48 0.403798
49 0.0963643
50 0.163356
51 0.755008
52 0.112898
53 0.522896
54 0.262354
55 0.207354
56 0.595524
57 0.451638
58 0.425095
59 0.402698
60 0.397597
61 0.79414
62 0.566045
63 0.774817
64 0.687411
65 0.964043
66 0.985384
67 0.999497
68 0.991581
69 0.991983
70 0.991409
71 0.999778
72 0.822419
73 0.994547
74 0.317975
75 0.339618
76 0.280449
0 0.0150965
1 0.103568
2 0.540998
3 0.0484848
4 0.054902
5 0.054902
6 0.054902
7 0.0531194
8 0.0352941
9 0.669875
10 0.733333
11 0.733333
12 0.816043
13 0.786096
14 0
15 0.661319
16 0.0944742
17 0.156863
18 0.156863
19 0.156863
20 0.156863
21 0.156863
22 0.159715
23 0.118004
24 0.00392157
25 0.00392157
26 0.00392157
27 0.00392157
28 0.873797
29 0.525847
30 0.00392157
31 0.474688
32 0.486275
33 0.621747
34 0.996078
35 0.981818
36 0.999326
37 0.999881
38 0.130639
39 0.999123
40 0.0399475
41 0.999966
42 0.560783
43 0.753516
44 0.662205
45 0.853866
46 0.524867
47 0.469314
48 0.791614
49 0.0553987
50 0.411815
51 0.889614
52 0.242458
53 0.665734
54 0.477298
55 0.223768
56 0.847271
57 0.784292
58 0.652725
59 0.55922
60 0.113902
61 0.804206
62 0.243959
63 0.816995
64 0.809293
65 0.807121
66 0.990512
67 0.999524
68 0.99893
69 0.965078
70 0.994236
71 0.999872
72 0.996145
73 0.997234
74 0.185053
75 0.232623
76 0.109657
0 0.447352
1 0.0964292
2 0.222282
3 0.0424242
4 0.0789661
5 0.0156863
6 0.255793
7 0.901961
8 0.705882
9 0.705882
10 0.636898
11 0.2
12 0.2
13 0.2
14 0.2
15 0.225312
16 0.167558
17 0.170053
18 0.215686
19 0.407843
20 0.332977
21 0.921569
22 0.254189
23 0.00392157
24 0.00392157
25 0.0581105
26 0.6
27 0.6
28 0.6
29 0.6
30 0.6
31 0.720856
32 0.526025
33 0.97861
34 0.527273
35 0.2
36 0.99886
37 0.999913
38 0.157874
39 0.998212
40 0.183093
41 0.999829
42 0.718642
43 0.360184
44 0.250298
45 0.644796
46 0.308292
47 0.521071
48 0.4288
49 0.016004
50 0.176677
51 0.690183
52 0.157013
53 0.818662
54 0.429017
55 0.418261
56 0.888761
57 0.939283
58 0.682852
59 0.745967
60 0.501371
61 0.949357
62 0.649726
63 0.957564
64 0.936727
65 0.871811
66 0.993431
67 0.99902
68 0.997693
69 0.959236
70 0.990897
71 0.99991
72 0.991117
73 0.998363
74 0.17141
75 0.0672221
76 0.080678
0 0.645665
1 0.0898231
2 0
3 0
4 0
5 0.0909091
6 0.2
7 0.2
8 0.466667
9 0.546167
10 0.125312
11 0
12 0.0313726
13 0.160428
14 0.494117
15 0.00392157
16 0.00392157
17 0.00392157
18 0.00392157
19 0.383244
20 0.6
21 0.6
22 0.6
23 0.0117647
24 0.17861
25 0.28877
26 0
27 0
28 0.0320856
29 0.0263815
30 0.0156863
31 1
32 0.490909
33 0.576114
34 0.386631
35 0.8877
36 0.994863
37 0.999747
38 0.0823214
39 0.996965
40 0.142179
41 0.999478
42 0.252472
43 0.536229
44 0.0498863
45 0.26584
46 0.0908911
47 0.317601
48 0.110443
49 0.00781669
50 0.0821011
51 0.169046
52 0.0205437
53 0.559334
54 0.403163
55 0.0521607
56 0.423461
57 0.835534
58 0.631468
59 0.329594
60 0.308785
61 0.732769
62 0.24265
63 0.578203
64 0.552514
65 0.701633
66 0.990146
67 0.998315
68 0.997584
69 0.986577
70 0.988928
71 0.999842
72 0.967901
73 0.994855
74 0.0345444
75 0.0588047
76 0.292617
0 0.768279
1 0.082989
2 0.2
3 0.2
4 0.2
5 0.173262
6 0.655793
7 0.184314
8 0.184314
9 0.0167558
10 0.0128342
11 0.0941176
12 0.434759
13 0.178253
14 0.0980392
15 0.6
16 0.6
17 0.6
18 0.6
19 0.387879
20 0.803565
21 0.317647
22 0.317647
23 0.231016
24 0
25 0.00320856
26 0.0352941
27 0.0228164
28 0.0705882
29 0.317647
30 0.317647
31 0.2
32 0.482531
33 0.687344
34 0.584314
35 0.734759
36 0.990904
37 0.998021
38 0.291223
39 0.966431
40 0.0898511
41 0.999832
42 0.384551
43 0.110599
44 0.156781
45 0.40321
46 0.0627774
47 0.471152
48 0.11326
49 0.0206756
50 0.0502334
51 0.216739
52 0.0434112
53 0.439148
54 0.24575
55 0.173332
56 0.446617
57 0.716887
58 0.112404
59 0.453125
60 0.093644
61 0.336867
62 0.269543
63 0.151578
64 0.232613
65 0.454904
66 0.726346
67 0.994033
68 0.968886
69 0.832196
70 0.92484
71 0.999383
72 0.763286
73 0.99135
74 0.173661
75 0.256229
76 0.391969
0 0.337887
1 0.0763328
2 0.160784
3 0.160784
4 0.160784
5 0.130481
6 0.0128342
7 0
8 0
9 0
10 0
11 0
12 0
13 0
14 0
15 0.317647
16 0.317647
17 0.317647
18 0.317647
19 0.175401
20 0.00855615
21 0
22 0
23 0
24 0
25 0
26 0
27 0
28 0
29 0
30 0
31 0.945098
32 0.365062
33 0
34 0
35 0
36 0.97203
37 0.996699
38 0.227045
39 0.891776
40 0.0194155
41 0.999936
42 0.542184
43 0.165959
44 0.215596
45 0.522154
46 0.160586
47 0.634351
48 0.203168
49 0.0826475
50 0.196671
51 0.62086
52 0.129011
53 0.419872
54 0.421451
55 0.225917
56 0.290854
57 0.631103
58 0.209983
59 0.468256
60 0.170131
61 0.386051
62 0.361924
63 0.317789
64 0.416762
65 0.355755
66 0.850421
67 0.987865
68 0.951389
69 0.81435
70 0.919003
71 0.998348
72 0.752897
73 0.99344
74 0.352139
75 0.540552
76 0.397913
0 0.322953
1 0.177217
2 0.055615
3 0
4 0
5 0
6 0
7 0
8 0
9 0
10 0
11 0
12 0
13 0
14 0.00463458
15 0.0684492
16 0
17 0
18 0
19 0
20 0
21 0
22 0
23 0
24 0
25 0
26 0
27 0
28 0
29 0
30 0.0057041
31 0.0213904
32 0
33 0
34 0
35 0.00178253
36 0.992673
37 0.999646
38 0.669033
39 0.98947
40 0.00751535
41 0.99995
42 0.415996
43 0.858091
44 0.673158
45 0.898337
46 0.750336
47 0.668685
48 0.965539
49 0.220018
50 0.882276
51 0.961004
52 0.304863
53 0.638783
54 0.53714
55 0.356219
56 0.837614
57 0.672087
58 0.797137
59 0.740093
60 0.49077
61 0.955157
62 0.827102
63 0.992936
64 0.946385
65 0.975589
66 0.996169
67 0.999762
68 0.998625
69 0.996539
70 0.989238
71 0.999669
72 0.834711
73 0.997583
74 0.730992
75 0.726195
76 0.275529
0 0.352172
1 0.276131
2 0
3 0
4 0
5 0
6 0
7 0.588949
8 0.972549
9 0.972549
10 0.972549
11 0.972549
12 0.972549
13 0.972549
14 0.64581
15 0
16 0
17 0
18 0
19 0
20 0
21 0.385027
22 0.256684
23 0.0352941
24 0.0352941
25 0.0352941
26 0.0352941
27 0.0352941
28 0.0352941
29 0.0352941
30 0.0210339
31 0
32 0
33 0.919786
34 1
35 0.99287
36 0.99875
37 0.999923
38 0.161646
39 0.996973
40 0.0325538
41 0.999536
42 0.757172
43 0.491395
44 0.411074
45 0.381657
46 0.16245
47 0.469011
48 0.499161
49 0.0301861
50 0.229559
51 0.571176
52 0.0750242
53 0.979991
54 0.773493
55 0.830157
56 0.98154
57 0.977915
58 0.940554
59 0.963605
60 0.931863
61 0.991628
62 0.915777
63 0.990439
64 0.969441
65 0.988614
66 0.995669
67 0.999768
68 0.999153
69 0.980696
70 0.993218
71 0.999925
72 0.964625
73 0.996849
74 0.295313
75 0.490702
76 0.63944
0 0.0364906
1 0.267868
2 0.376471
3 0.376471
4 0.376471
5 0.376471
6 0.376471
7 0.376471
8 0.376471
9 0.376471
10 0.376471
11 0.376471
12 0.376471
13 0.376471
14 0.37647
15 0.0352941
16 0.0352941
17 0.0352941
18 0.0352941
19 0.0352941
20 0.0352941
21 0.0352941
22 0.0352941
23 0.0352941
24 0.0352941
25 0.0352941
26 0.0352941
27 0.0352941
28 0.0352941
29 0.0352941
30 0.0352941
31 0.992157
32 0.992157
33 0.992157
34 0.992157
35 0.992157
36 0.988008
37 0.999341
38 0.103455
39 0.991922
40 0.00538982
41 0.997839
42 0.422342
43 0.120392
44 0.0227983
45 0.0470437
46 0.00858914
47 0.138397
48 0.06043
49 0.00139665
50 0.0181329
51 0.0516237
52 0.00318246
53 0.871036
54 0.621209
55 0.274991
56 0.874734
57 0.845917
58 0.710494
59 0.77753
60 0.572066
61 0.941922
62 0.565595
63 0.733182
64 0.572668
65 0.898108
66 0.976825
67 0.998668
68 0.990149
69 0.920549
70 0.968727
71 0.999622
72 0.745932
73 0.983548
74 0.094863
75 0.119978
76 0.483476
0 0.795698
1 0.260688
2 0.717825
3 0.321569
4 0.321569
5 0.321569
6 0.321569
7 0.321569
8 0.321569
9 0.321569
10 0.321569
11 0.321569
12 0.321569
13 0.321569
14 0.321568
15 0.725847
16 0.0156863
17 0.0156863
18 0.0156863
19 0.0156863
20 0.0156863
21 0.0156863
22 0.0156863
23 0.0156863
24 0.0156863
25 0.0156863
26 0.0156863
27 0.0156863
28 0.0156863
29 0.0156863
30 0.0156863
31 0.964884
32 0.956863
33 0.956863
34 0.956863
35 0.956863
36 0.94134
37 0.99779
38 0.335281
39 0.986046
40 0.00557141
41 0.998579
42 0.314451
43 0.0905848
44 0.0582525
45 0.10629
46 0.0142698
47 0.106724
48 0.156409
49 0.00731851
50 0.0789936
51 0.158948
52 0.00771505
53 0.732645
54 0.163396
55 0.18895
56 0.838536
57 0.630332
58 0.437561
59 0.610276
60 0.225546
61 0.726126
62 0.316281
63 0.616447
64 0.20278
65 0.855572
66 0.967447
67 0.99922
68 0.985796
69 0.931297
70 0.95071
71 0.999723
72 0.400396
73 0.981194
74 0.122817
75 0.150993
76 0.506515
0 0.0361668
1 0.25399
2 0.423529
3 0.423529
4 0.423529
5 0.423529
6 0.423529
7 0.42353
8 0.423529
9 0.423529
10 0.423529
11 0.423529
12 0.42353
13 0.42353
14 0.423529
15 0.0156863
16 0.0156863
17 0.0156863
18 0.0156863
19 0.0156863
20 0.0156863
21 0.0156863
22 0.0156863
23 0.0156863
24 0.0156863
25 0.0156863
26 0.0156863
27 0.0156863
28 0.0156863
29 0.0156863
30 0.0156863
31 0.964706
32 0.964706
33 0.964706
34 0.964706
35 0.964706
36 0.992593
37 0.999521
38 0.0432132
39 0.994703
40 0.0539193
41 0.999834
42 0.456161
43 0.132286
44 0.10612
45 0.291439
46 0.0983875
47 0.249773
48 0.15952
49 0.0308568
50 0.120478
51 0.293988
52 0.0205717
53 0.297541
54 0.101719
55 0.0360016
56 0.206094
57 0.370849
58 0.11438
59 0.144373
60 0.0615175
61 0.274945
62 0.0717072
63 0.128168
64 0.152774
65 0.296902
66 0.957669
67 0.9974
68 0.981933
69 0.891303
70 0.962611
71 0.999476
72 0.806348
73 0.984758
74 0.0267365
75 0.0478934
76 0.0434784
0 0.881217
1 0.246863
2 0.101961
3 0.101961
4 0.101961
5 0.101961
6 0.101961
7 0.101961
8 0.101961
9 0.101961
10 0.101961
11 0.101961
12 0.101961
13 0.101961
14 0.101961
15 0.317647
16 0.317647
17 0.317647
18 0.317647
19 0.317647
20 0.317647
21 0.317647
22 0.317647
23 0.317647
24 0.317647
25 0.317647
26 0.317647
27 0.317647
28 0.317647
29 0.317647
30 0.317647
31 0.615686
32 0.615686
33 0.615686
34 0.615686
35 0.615686
36 0.992016
37 0.999034
38 0.125615
39 0.992976
40 0.0257646
41 0.999988
42 0.35834
43 0.784753
44 0.347343
45 0.716453
46 0.4205
47 0.726962
48 0.304449
49 0.635803
50 0.930608
51 0.963776
52 0.724203
53 0.814861
54 0.274478
55 0.125466
56 0.443975
57 0.812805
58 0.577035
59 0.819403
60 0.474336
61 0.750068
62 0.158232
63 0.453485
64 0.274796
65 0.776529
66 0.988948
67 0.99943
68 0.99934
69 0.981156
70 0.991291
71 0.999965
72 0.927483
73 0.998916
74 0.393536
75 0.141657
76 0.711565
0 0.0594514
1 0.240063
2 0
3 0
4 0.591444
5 0.929412
6 0.929412
7 0.84492
8 0
9 0.0361854
10 0.113725
11 0.0688057
12 0.0313726
13 0.0313726
14 0.464706
15 0
16 0
17 0.00320856
18 0.0352941
19 0.0352941
20 0.0352941
21 0.0352941
22 0.00962567
23 0
24 0.286631
25 0.52549
26 0.335829
27 0.00392157
28 0.00392157
29 0.00392157
30 0.00962567
31 0.0666667
32 0.733333
33 0.231194
34 0.787522
35 0.969162
36 0.999538
37 0.999938
38 0.166042
39 0.990634
40 0.012925
41 0.999973
42 0.872245
43 0.600406
44 0.836599
45 0.846663
46 0.433336
47 0.785788
48 0.949895
49 0.506355
50 0.736453
51 0.945423
52 0.515803
53 0.93113
54 0.627216
55 0.545731
56 0.89895
57 0.93149
58 0.87094
59 0.85657
60 0.900225
61 0.9919
62 0.834252
63 0.975064
64 0.945361
65 0.995691
66 0.994006
67 0.999829
68 0.997997
69 0.997951
70 0.998577
71 0.999935
72 0.981955
73 0.998475
74 0.339213
75 0.553465
76 0.395665
0 0.487898
1 0.233215
2 0
3 0
4 0.0818182
5 0.0156863
6 0.0156863
7 0.0156863
8 0.501961
9 0.48877
10 0.882353
11 0.882353
12 0.983066
13 0.408913
14 0.145098
15 0
16 0
17 0.0477718
18 0.335829
19 0.00392157
20 0.00392157
21 0.00392157
22 0.00392157
23 0.882353
24 0.279144
25 0.0117647
26 0.0117647
27 0.628164
28 0.92549
29 0.441355
30 0.228164
31 0.0616756
32 0.939216
33 0.8041
34 0.966845
35 0.587344
36 0.999384
37 0.99995
38 0.0359556
39 0.99981
40 0.0492525
41 0.999938
42 0.746867
43 0.653972
44 0.274575
45 0.417759
46 0.301236
47 0.47583
48 0.398166
49 0.0186101
50 0.381191
51 0.425051
52 0.485817
53 0.987841
54 0.862172
55 0.627187
56 0.96568
57 0.978711
58 0.899131
59 0.971365
60 0.665252
61 0.995748
62 0.389196
63 0.975554
64 0.935068
65 0.951976
66 0.996599
67 0.999661
68 0.998582
69 0.967681
70 0.993142
71 0.999953
72 0.998025
73 0.998778
74 0.149275
75 0.129716
76 0.496675
0 0.372093
1 0.226342
2 0
3 0
4 0.164706
5 0.586809
6 0.953298
7 0.972193
8 0.519607
9 0.103387
10 0.175401
11 0.2
12 0.142959
13 0.0531195
14 0.0447415
15 0.00392157
16 0.00392157
17 0.00392157
18 0.00392157
19 0.625312
20 0.0998217
21 0.45205
22 0.994652
23 0.159715
24 0
25 0.490909
26 0.6
27 0.6
28 0.211408
29 0.138681
30 0.408913
31 0.989305
32 0.979501
33 0.810873
34 0.262745
35 0.558289
36 0.999123
37 0.999848
38 0.00353612
39 0.999614
40 0.0665941
41 0.999919
42 0.199213
43 0.138723
44 0.440096
45 0.295111
46 0.260759
47 0.459755
48 0.541464
49 0.0755576
50 0.207288
51 0.257702
52 0.126052
53 0.881115
54 0.128678
55 0.351143
56 0.673145
57 0.805843
58 0.359726
59 0.455243
60 0.198557
61 0.772371
62 0.138901
63 0.65856
64 0.494715
65 0.922746
66 0.984617
67 0.999479
68 0.998678
69 0.9804
70 0.995316
71 0.999977
72 0.990492
73 0.997368
74 0.0277299
75 0.0289108
76 0.0906856
0 0.049561
1 0.219482
2 0.788235
3 0.939037
4 0.556685
5 0.581105
6 0.0677362
7 0.0468806
8 0.2
9 0.2
10 0.084492
11 0.509804
12 0.0418896
13 0.176828
14 0.972548
15 0.0117647
16 0.535829
17 0.884492
18 0.366132
19 0.363636
20 0.0741533
21 0.461319
22 0.579679
23 0.6
24 0.6
25 0.191087
26 0.669519
27 0.644563
28 0.486275
29 0.707308
30 0.972549
31 0.982175
32 0.734046
33 0.404278
34 0.355615
35 0.457041
36 0.999594
37 0.999901
38 0.0350306
39 0.999206
40 0.148133
41 0.999983
42 0.138531
43 0.372268
44 0.184744
45 0.510125
46 0.865501
47 0.373161
48 0.287939
49 0.0337749
50 0.363566
51 0.445556
52 0.143898
53 0.535803
54 0.293426
55 0.0841124
56 0.120582
57 0.45339
58 0.230178
59 0.443218
60 0.114743
61 0.783061
62 0.037598
63 0.61764
64 0.395048
65 0.798685
66 0.996235
67 0.999166
68 0.999195
69 0.993037
70 0.986129
71 0.999947
72 0.947977
73 0.997901
74 0.0306105
75 0.0939001
76 0.0597256
0 0.0343983
1 0.212636
2 0.2
3 0.2
4 0.100178
5 0.0306595
6 0.0156863
7 0.550624
8 0.0117647
9 0.0117647
10 0.139572
11 0.949019
12 0.0581107
13 0.0156863
14 0.0156863
15 0.6
16 0.6
17 0.549376
18 0.0431373
19 0.350089
20 0.52549
21 0.705526
22 0.604991
23 0.486275
24 0.486275
25 0.528342
26 0.94902
27 0.347594
28 0.00392157
29 0.00392157
30 0.00392157
31 0.18574
32 0.280214
33 0.639037
34 0.798752
35 1
36 0.998464
37 0.999677
38 0.525232
39 0.983523
40 0.113528
41 0.999905
42 0.854289
43 0.0848823
44 0.119303
45 0.269647
46 0.0309285
47 0.337474
48 0.189198
49 0.0326254
50 0.0908682
51 0.489897
52 0.019279
53 0.793494
54 0.290102
55 0.374247
56 0.876548
57 0.905811
58 0.474915
59 0.821881
60 0.531235
61 0.817176
62 0.426743
63 0.723756
64 0.523963
65 0.914665
66 0.959069
67 0.998798
68 0.991828
69 0.935944
70 0.983807
71 0.999915
72 0.839579
73 0.996498
74 0.127372
75 0.293765
76 0.291071
0 0.0771733
1 0.205683
2 0.0392157
3 0.0392157
4 0.0392157
5 0.0392157
6 0.0392157
7 0.0392157
8 0.0392157
9 0.0392157
10 0.0392157
11 0.0392157
12 0.057754
13 0.0714795
14 0
15 0.00392157
16 0.00392157
17 0.00392157
18 0.00392157
19 0.00392157
20 0.00392157
21 0.00392157
22 0.00392157
23 0.00392157
24 0.00392157
25 0.00392157
26 0.00392157
27 0.00392157
28 0.0160428
29 0.0470588
30 0
31 1
32 1
33 1
34 1
35 0.315508
36 0.983095
37 0.999035
38 0.189969
39 0.985591
40 0.0388734
41 0.999845
42 0.486495
43 0.0396364
44 0.0561586
45 0.347618
46 0.00776985
47 0.309109
48 0.228121
49 0.00629969
50 0.0325697
51 0.110598
52 0.00338063
53 0.497525
54 0.36317
55 0.121358
56 0.60838
57 0.790675
58 0.155495
59 0.385361
60 0.164741
61 0.702137
62 0.254154
63 0.174908
64 0.398604
65 0.337738
66 0.878267
67 0.991461
68 0.95439
69 0.583149
70 0.954179
71 0.999213
72 0.877988
73 0.989641
74 0.0532068
75 0.180242
76 0.215754
0 0.93123
1 0.198318
2 0
3 0
4 0
5 0.2959
6 0.0980392
7 0.0787879
8 0.1
9 0.136364
10 0
11 0
12 0
13 0
14 0
15 0.00392157
16 0.00392157
17 0.00392157
18 0.00392157
19 0.415686
20 0.258824
21 0
22 0
23 0.6
24 0.272727
25 0
26 0
27 0
28 0
29 0
30 0
31 1
32 0.541889
33 0.297683
34 0
35 0
36 0.986946
37 0.997261
38 0.313561
39 0.980164
40 0.197313
41 0.999932
42 0.303762
43 0.561692
44 0.204115
45 0.536631
46 0.224656
47 0.773802
48 0.227625
49 0.0924473
50 0.195899
51 0.557926
52 0.1848
53 0.456831
54 0.230138
55 0.0663449
56 0.208017
57 0.700652
58 0.211492
59 0.336389
60 0.0950927
61 0.329776
62 0.276079
63 0.137256
64 0.216416
65 0.38463
66 0.915574
67 0.994002
68 0.987018
69 0.891482
70 0.932923
71 0.999596
72 0.811106
73 0.994563
74 0.0498894
75 0.292591
76 0.531761
0 0.236989
1 0.191137
2 0.2
3 0.327451
4 0.315152
5 0.490196
6 0.0668449
7 0
8 0
9 0
10 0
11 0
12 0
13 0
14 0
15 0.6
16 0.6
17 0.699465
18 0.43779
19 0.490196
20 0.0445633
21 0
22 0
23 0
24 0
25 0
26 0
27 0
28 0
29 0
30 0
31 0.378431
32 0.32656
33 0
34 0
35 0
36 0.995098
37 0.999033
38 0.260238
39 0.92517
40 0.0271209
41 0.999989
42 0.672349
43 0.240265
44 0.438726
45 0.695274
46 0.36151
47 0.755936
48 0.380082
49 0.14469
50 0.299203
51 0.756188
52 0.305159
53 0.705338
54 0.654502
55 0.365365
56 0.535224
57 0.861164
58 0.460736
59 0.714698
60 0.437069
61 0.696274
62 0.521132
63 0.584893
64 0.712202
65 0.65294
66 0.895099
67 0.994547
68 0.98327
69 0.933451
70 0.967122
71 0.999331
72 0.916724
73 0.998272
74 0.571787
75 0.712716
76 0.467775
0 0.40345
1 0.290855
2 0
3 0
4 0
5 0
6 0
7 0
8 0
9 0
10 0
11 0
12 0
13 0
14 0
15 0
16 0
17 0
18 0
19 0
20 0
21 0
22 0
23 0
24 0
25 0
26 0
27 0
28 0
29 0
30 0
31 0
32 0
33 0
34 0
35 0
36 0.991019
37 0.999005
38 0.0727702
39 0.928108
40 0.00927276
41 0.999953
42 0.649138
43 0.123741
44 0.113736
45 0.395098
46 0.0804059
47 0.532939
48 0.169632
49 0.0205515
50 0.0923461
51 0.312527
52 0.0860907
53 0.688926
54 0.764167
55 0.414699
56 0.510398
57 0.88855
58 0.522943
59 0.698681
60 0.521532
61 0.837883
62 0.684339
63 0.732216
64 0.845912
65 0.600986
66 0.864243
67 0.990044
68 0.969981
69 0.831461
70 0.941138
71 0.997139
72 0.869729
73 0.992887
74 0.320702
75 0.677725
76 0.328235
0 0.931365
1 0.312664
2 0
3 0
4 0
5 0
6 0
7 0
8 0
9 0
10 0
11 0
12 0
13 0
14 0
15 0
16 0
17 0
18 0
19 0
20 0
21 0
22 0
23 0
24 0
25 0
26 0
27 0
28 0
29 0
30 0
31 0
32 0
33 0
34 0
35 0
36 0.966785
37 0.998546
38 0.10703
39 0.896481
40 0.0048807
41 0.999756
42 0.523121
43 0.0408646
44 0.0284008
45 0.102864
46 0.023645
47 0.186424
48 0.0492096
49 0.0113242
50 0.0392235
51 0.0910041
52 0.0647999
53 0.449482
54 0.379108
55 0.267737
56 0.264511
57 0.556231
58 0.262975
59 0.398687
60 0.163715
61 0.564095
62 0.429152
63 0.576776
64 0.615303
65 0.56003
66 0.837313
67 0.993583
68 0.947006
69 0.84539
70 0.858373
71 0.996074
72 0.549349
73 0.987001
74 0.299885
75 0.378147
76 0.157649
0 0.246833
1 0.306076
2 0
3 0
4 0
5 0
6 0
7 0
8 0
9 0
10 0
11 0
12 0.19394
13 0.251515
14 0.168627
15 0
16 0
17 0
18 0
19 0
20 0
21 0
22 0
23 0
24 0
25 0
26 0
27 0
28 0.394296
29 0.0352941
30 0.0352941
31 0
32 0
33 0
34 0
35 0.797683
36 0.974263
37 0.998494
38 0.105262
39 0.883571
40 0.00829095
41 0.999889
42 0.464705
43 0.0542165
44 0.031174
45 0.236874
46 0.0800474
47 0.25704
48 0.0447057
49 0.0182249
50 0.0826559
51 0.321715
52 0.0423665
53 0.269445
54 0.19824
55 0.105066
56 0.183907
57 0.365552
58 0.148071
59 0.32106
60 0.223893
61 0.285828
62 0.302821
63 0.386938
64 0.288173
65 0.415456
66 0.895261
67 0.995384
68 0.977949
69 0.929982
70 0.918831
71 0.99707
72 0.340572
73 0.973381
74 0.237976
75 0.180282
76 0.0866074
0 0.803295
1 0.299491
2 0
3 0
4 0
5 0
6 0
7 0
8 0
9 0.15098
10 0.197861
11 0.0941176
12 0.0941177
13 0.0941177
14 0.0941176
15 0
16 0
17 0
18 0
19 0
20 0
21 0
22 0
23 0
24 0.258824
25 0.115152
26 0.0352941
27 0.0352941
28 0.0352941
29 0.0352941
30 0.0352941
31 0
32 0
33 0.0215687
34 0.901248
35 0.996078
36 0.989951
37 0.99937
38 0.33488
39 0.974034
40 0.0262888
41 0.99993
42 0.794203
43 0.192525
44 0.0706129
45 0.306589
46 0.0675703
47 0.330745
48 0.17562
49 0.0378008
50 0.168004
51 0.470985
52 0.0422081
53 0.507753
54 0.218688
55 0.0735749
56 0.473805
57 0.642282
58 0.457959
59 0.446208
60 0.353857
61 0.609902
62 0.19111
63 0.503838
64 0.157772
65 0.630951
66 0.973851
67 0.99864
68 0.990708
69 0.95993
70 0.967652
71 0.999688
72 0.628975
73 0.993735
74 0.113739
75 0.135775
76 0.15575
0 0.222644
1 0.292982
2 0
3 0
4 0.266667
5 0.105882
6 0.105882
7 0.105882
8 0.105882
9 0.105882
10 0.105882
11 0.105882
12 0.105882
13 0.105882
14 0.105882
15 0
16 0
17 0.0402852
18 0.294831
19 0.0352941
20 0.0352941
21 0.0352941
22 0.0352941
23 0.0352941
24 0.0352941
25 0.0352941
26 0.0352941
27 0.0352941
28 0.0352941
29 0.0352941
30 0.0352941
31 0.0402852
32 0.920677
33 0.996078
34 0.996078
35 0.996078
36 0.993958
37 0.999541
38 0.294683
39 0.982221
40 0.0615673
41 0.999853
42 0.585808
43 0.188255
44 0.0917046
45 0.21285
46 0.0970812
47 0.484842
48 0.202119
49 0.0155557
50 0.0773979
51 0.354616
52 0.023915
53 0.694969
54 0.410885
55 0.185384
56 0.593699
57 0.718702
58 0.508587
59 0.610877
60 0.420429
61 0.813178
62 0.270443
63 0.437066
64 0.25226
65 0.811017
66 0.98253
67 0.99897
68 0.995238
69 0.97056
70 0.986722
71 0.999836
72 0.725447
73 0.99623
74 0.0848137
75 0.120891
76 0.309539
0 0.227496
1 0.286022
2 0.498039
3 0.415152
4 0.133333
5 0.133333
6 0.133333
7 0.133333
8 0.133333
9 0.133333
10 0.133333
11 0.133333
12 0.133333
13 0.133333
14 0.133333
15 0.498039
16 0.498039
17 0.11943
18 0.0352941
19 0.0352941
20 0.0352941
21 0.0352941
22 0.0352941
23 0.0352941
24 0.0352941
25 0.0352941
26 0.0352941
27 0.0352941
28 0.0352941
29 0.0352941
30 0.0352941
31 0.656506
32 0.996078
33 0.996078
34 0.996078
35 0.996078
36 0.995392
37 0.999613
38 0.102006
39 0.994894
40 0.0959277
41 0.999936
42 0.521556
43 0.165583
44 0.0511335
45 0.312915
46 0.0976215
47 0.269803
48 0.147903
49 0.0101215
50 0.0739901
51 0.219076
52 0.0170801
53 0.452118
54 0.24757
55 0.0525717
56 0.315946
57 0.695511
58 0.285014
59 0.302436
60 0.203016
61 0.62671
62 0.141275
63 0.314084
64 0.290124
65 0.55645
66 0.977238
67 0.998453
68 0.992634
69 0.964464
70 0.97335
71 0.999747
72 0.811808
73 0.99419
74 0.0312528
75 0.0478218
76 0.0721813
0 0.649237
1 0.27899
2 0.105882
3 0.105882
4 0.105882
5 0.105882
6 0.105882
7 0.105882
8 0.105882
9 0.105882
10 0.0946524
11 0.0235294
12 0.0235294
13 0.0235294
14 0.0235294
15 0.317647
16 0.317647
17 0.317647
18 0.317647
19 0.317647
20 0.317647
21 0.317647
22 0.317647
23 0.317647
24 0.317647
25 0.291979
26 0.0352941
27 0.0352941
28 0.0352941
29 0.0352941
30 0.0352941
31 0.596078
32 0.596078
33 0.596078
34 0.832442
35 0.996078
36 0.995638
37 0.999038
38 0.567253
39 0.941624
40 0.0156566
41 0.999991
42 0.396805
43 0.410104
44 0.46353
45 0.689136
46 0.356138
47 0.728605
48 0.557623
49 0.127233
50 0.25644
51 0.757248
52 0.424913
53 0.430305
54 0.304452
55 0.28098
56 0.494091
57 0.360371
58 0.347183
59 0.326628
60 0.205621
61 0.637997
62 0.549513
63 0.844916
64 0.59388
65 0.818391
66 0.97348
67 0.999069
68 0.991456
69 0.989491
70 0.981689
71 0.999702
72 0.67122
73 0.994659
74 0.609649
75 0.620556
76 0.178948
0 0.130723
1 0.272162
2 0
3 0
4 0
5 0
6 0
7 0
8 0
9 0.770054
10 0.758823
11 0.2
12 0.77451
13 0.388235
14 0.106952
15 0
16 0
17 0
18 0
19 0
20 0
21 0
22 0
23 0.00320856
24 0.0117647
25 0.0652406
26 0.6
27 0.240642
28 0.00677362
29 0.00392157
30 0.120856
31 0
32 0
33 0.260963
34 0.604278
35 0.780036
36 0.999462
37 0.999796
38 0.0233701
39 0.999492
40 0.0539171
41 0.999995
42 0.388559
43 0.887899
44 0.792769
45 0.899914
46 0.744966
47 0.652522
48 0.959807
49 0.534221
50 0.98022
51 0.931576
52 0.687507
53 0.915257
54 0.686449
55 0.134729
56 0.828591
57 0.936925
58 0.948689
59 0.837001
60 0.620193
61 0.964766
62 0.316723
63 0.933458
64 0.903007
65 0.89423
66 0.997697
67 0.999854
68 0.999759
69 0.989637
70 0.994685
71 0.999941
72 0.988281
73 0.998871
74 0.249038
75 0.374526
76 0.436159
0 0.472232
1 0.264891
2 0
3 0.204991
4 0.901961
5 0.901961
6 0.295722
7 0.701248
8 0.809804
9 0.138681
10 0.2
11 0.202139
12 0.0242425
13 0.561141
14 0.320677
15 0
16 0
17 0.00962567
18 0.0117647
19 0.0117647
20 0.546524
21 0.343316
22 0.716934
23 0.471658
24 0.329055
25 0.6
26 0.455971
27 0.0766488
28 0.00392157
29 0.00392157
30 0.160784
31 0.295722
32 0.631016
33 0.781105
34 0.308913
35 0.90303
36 0.999964
37 0.999904
38 0.0383801
39 0.998121
40 0.0748636
41 0.999971
42 0.685549
43 0.707744
44 0.873037
45 0.621154
46 0.517887
47 0.879324
48 0.449061
49 0.145696
50 0.33775
51 0.651388
52 0.712722
53 0.951534
54 0.729068
55 0.367652
56 0.920968
57 0.965479
58 0.80771
59 0.883189
60 0.747664
61 0.969471
62 0.757887
63 0.969458
64 0.945683
65 0.981061
66 0.990755
67 0.999166
68 0.997223
69 0.993739
70 0.993896
71 0.999946
72 0.994459
73 0.997977
74 0.212001
75 0.44206
76 0.56249
0 0.900011
1 0.257972
2 0.609091
3 0.0253119
4 0.130125
5 0.2
6 0.157219
7 0.0631017
8 0.131372
9 0.00356506
10 0.447237
11 0.507308
12 0.461319
13 0.0352941
14 0.0352941
15 0.71123
16 0.00392157
17 0.0609626
18 0.6
19 0.6
20 0.491622
21 0.00392157
22 0.383244
23 0.059893
24 0.219608
25 0.0655971
26 0.392157
27 0.684135
28 0.435294
29 0.407843
30 0.407843
31 0.694652
32 0.343316
33 0.599822
34 0.62656
35 0.413904
36 0.999477
37 0.999771
38 0.0282379
39 0.9977
40 0.150122
41 0.999973
42 0.608862
43 0.341482
44 0.0627009
45 0.456663
46 0.447912
47 0.477288
48 0.201153
49 0.0102386
50 0.0656764
51 0.214979
52 0.0415573
53 0.803875
54 0.603174
55 0.155936
56 0.52275
57 0.931751
58 0.647264
59 0.658126
60 0.660153
61 0.948549
62 0.462526
63 0.750714
64 0.769717
65 0.876599
66 0.985224
67 0.998157
68 0.993646
69 0.967462
70 0.983179
71 0.999717
72 0.978528
73 0.995398
74 0.0424679
75 0.163882
76 0.167725
0 0.890817
1 0.25102
2 0.2
3 0.162567
4 0.0395723
5 0.307308
6 0.0313725
7 0.0313726
8 0.0313725
9 0.0313725
10 0.041533
11 0.431016
12 0.0862746
13 0.0156863
14 0.0156863
15 0.6
16 0.6
17 0.169697
18 0.519786
19 0.454902
20 0.407843
21 0.407843
22 0.407843
23 0.407843
24 0.407843
25 0.380392
26 0.0716578
27 0.00677362
28 0.160784
29 0.176471
30 0.176471
31 0.440107
32 0.500178
33 0.411765
34 0.527629
35 0.376114
36 0.998949
37 0.999688
38 0.0860549
39 0.998889
40 0.149935
41 0.999979
42 0.133824
43 0.413222
44 0.0935522
45 0.56467
46 0.0817238
47 0.246151
48 0.73694
49 0.0271722
50 0.315039
51 0.259503
52 0.130253
53 0.604977
54 0.24357
55 0.025967
56 0.468182
57 0.732687
58 0.704293
59 0.44483
60 0.0660476
61 0.777679
62 0.0696938
63 0.584564
64 0.586305
65 0.777749
66 0.993793
67 0.999205
68 0.997089
69 0.988387
70 0.981178
71 0.999919
72 0.919439
73 0.997313
74 0.0574455
75 0.191758
76 0.154865
0 0.928606
1 0.243939
2 0.0588235
3 0.0588235
4 0.27041
5 0.889483
6 0.285561
7 0.0796792
8 0.511765
9 0.113012
10 0.00392157
11 0.547237
12 0.183957
13 0.568984
14 0.00392157
15 0.407843
16 0.407843
17 0.393583
18 0.216756
19 0.0645276
20 0.546524
21 0.566132
22 0.439929
23 0.765062
24 0.221034
25 0.176471
26 0.475936
27 0.465954
28 0.176471
29 0.136542
30 0.00392157
31 0.512656
32 0.348128
33 0.890018
34 0.339572
35 0.683244
36 0.99944
37 0.999605
38 0.124617
39 0.993808
40 0.0655122
41 0.999984
42 0.386705
43 0.238736
44 0.455652
45 0.32825
46 0.262174
47 0.646131
48 0.243539
49 0.107442
50 0.214968
51 0.635534
52 0.0969067
53 0.628557
54 0.20064
55 0.110425
56 0.419776
57 0.692362
58 0.238856
59 0.506462
60 0.156423
61 0.608395
62 0.266283
63 0.410484
64 0.470557
65 0.747567
66 0.96807
67 0.997851
68 0.995791
69 0.95842
70 0.979651
71 0.999911
72 0.895422
73 0.995612
74 0.175361
75 0.119583
76 0.375081
0 0.833052
1 0.23687
2 0.638681
3 0.180036
4 0.0606061
5 0.0235294
6 0.0235294
7 0.0235294
8 0.0411765
9 0.0588235
10 0.0588235
11 0.11016
12 0.152941
13 0.152941
14 0.373084
15 0.76221
16 0.27451
17 0.0688057
18 0.176471
19 0.176471
20 0.176471
21 0.176471
22 0.176471
23 0.176471
24 0.176471
25 0.176471
26 0.170766
27 0.160784
28 0.160784
29 0.160784
30 0.223529
31 0.91123
32 0.278431
33 0.639216
34 0.650624
35 0.254902
36 0.99883
37 0.999775
38 0.384263
39 0.998167
40 0.135829
41 0.999995
42 0.739327
43 0.576595
44 0.416135
45 0.878935
46 0.297818
47 0.573583
48 0.9407
49 0.0181238
50 0.439354
51 0.819673
52 0.0631797
53 0.690308
54 0.442633
55 0.246681
56 0.855861
57 0.88254
58 0.579038
59 0.665515
60 0.451383
61 0.889329
62 0.471917
63 0.76444
64 0.789416
65 0.866529
66 0.991336
67 0.999297
68 0.997194
69 0.9767
70 0.988221
71 0.999874
72 0.971221
73 0.998191
74 0.0459385
75 0.0629234
76 0.171844
0 0.0336837
1 0.230184
2 0.045098
3 0.0705882
4 0.0468806
5 0.109804
6 0.055615
7 0.132264
8 0.984314
9 0.671123
10 0
11 0.0128342
12 0.120856
13 0.083066
14 0.0705882
15 0.176471
16 0.176471
17 0.160428
18 0.176827
19 0.486275
20 0.190374
21 0.160784
22 0.759715
23 0.984314
24 0.449554
25 0.00356506
26 0.00855615
27 0.00855615
28 0.0128342
29 0.0705882
30 0.0705882
31 0.817647
32 0.408378
33 0.73476
34 0.531551
35 0.32139
36 0.998916
37 0.999824
38 0.210042
39 0.99734
40 0.237904
41 0.999954
42 0.725107
43 0.701221
44 0.602598
45 0.54552
46 0.0844826
47 0.516088
48 0.462589
49 0.0627284
50 0.205758
51 0.408792
52 0.109409
53 0.932767
54 0.72827
55 0.360836
56 0.922308
57 0.98206
58 0.859928
59 0.683701
60 0.587531
61 0.951068
62 0.677718
63 0.825851
64 0.785032
65 0.888131
66 0.949822
67 0.999029
68 0.997843
69 0.963991
70 0.989107
71 0.999953
72 0.985081
73 0.997722
74 0.113215
75 0.332805
76 0.398692
0 0.773617
1 0.223249
2 0.0117647
3 0.276292
4 0.95098
5 0.0862745
6 0.0862745
7 0.0841355
8 0.131373
9 0.158823
10 0.0609626
11 0
12 0
13 0.0741536
14 0.407843
15 0
16 0.265241
17 0.900178
18 0.632799
19 0.00392157
20 0.00392157
21 0.00392157
22 0.0467023
23 0
24 0.0385027
25 0.0641711
26 0
27 0
28 0
29 0.185383
30 0.407843
31 0.826381
32 0.998931
33 0.655615
34 0.028877
35 0.185383
36 0.997478
37 0.999671
38 0.138272
39 0.998065
40 0.045352
41 0.999886
42 0.347084
43 0.466153
44 0.299195
45 0.315835
46 0.0404909
47 0.314596
48 0.4012
49 0.0896896
50 0.346617
51 0.270135
52 0.171547
53 0.921574
54 0.459652
55 0.212314
56 0.92121
57 0.915446
58 0.604511
59 0.769732
60 0.290946
61 0.94215
62 0.508965
63 0.911443
64 0.681592
65 0.94252
66 0.966294
67 0.999604
68 0.996412
69 0.976152
70 0.976568
71 0.999965
72 0.900971
73 0.99801
74 0.27016
75 0.501149
76 0.355297
0 0.306892
1 0.216448
2 0.0352941
3 0.254545
4 0.970588
5 0.53262
6 0.237433
7 0.180392
8 0.180392
9 0.144742
10 0.238146
11 0.27451
12 0.422817
13 0.682353
14 0.682352
15 0.00392157
16 0.00392157
17 0.727986
18 0.276649
19 0.284135
20 0.00962567
21 0
22 0
23 0.0385027
24 0.141176
25 0.250267
26 0.27451
27 0.27451
28 0.057041
29 0.0352941
30 0.0352941
31 1
32 0.798039
33 0.70303
34 0.250267
35 0.930481
36 0.994145
37 0.999658
38 0.27545
39 0.985146
40 0.0133853
41 0.999572
42 0.763566
43 0.0309323
44 0.0340163
45 0.0665606
46 0.0215027
47 0.0710005
48 0.0419181
49 0.00458214
50 0.0182495
51 0.132872
52 0.0110195
53 0.787188
54 0.263401
55 0.209519
56 0.802101
57 0.739016
58 0.373654
59 0.690002
60 0.385372
61 0.82323
62 0.318445
63 0.678605
64 0.355156
65 0.858273
66 0.955718
67 0.998847
68 0.981165
69 0.89466
70 0.951851
71 0.999786
72 0.644965
73 0.991105
74 0.0808232
75 0.100964
76 0.170423
0 0.185423
1 0.20983
2 0.113725
3 0.113725
4 0.113726
5 0.113725
6 0.113725
7 0.113726
8 0.113725
9 0.113725
10 0.113725
11 0.113725
12 0.113726
13 0.113726
14 0.113725
15 0.0352941
16 0.0352941
17 0.0352941
18 0.0352941
19 0.0352941
20 0.0352941
21 0.0352941
22 0.0352941
23 0.0352941
24 0.0352941
25 0.0352941
26 0.0352941
27 0.0352941
28 0.0352941
29 0.0352941
30 0.0352941
31 0.996078
32 0.996078
33 0.996078
34 0.996078
35 0.996078
36 0.976069
37 0.998974
38 0.448947
39 0.968271
40 0.0171833
41 0.999699
42 0.593279
43 0.0351328
44 0.035206
45 0.11173
46 0.011834
47 0.126898
48 0.0638389
49 0.00593129
50 0.0298745
51 0.131341
52 0.00534193
53 0.539821
54 0.219519
55 0.12159
56 0.712042
57 0.593587
58 0.234978
59 0.494207
60 0.207894
61 0.624525
62 0.227307
63 0.39676
64 0.143241
65 0.695991
66 0.93624
67 0.99817
68 0.976314
69 0.897213
70 0.959619
71 0.99971
72 0.424131
73 0.987997
74 0.102424
75 0.140898
76 0.199165
0 0.397001
1 0.202813
2 0.152941
3 0.152941
4 0.152941
5 0.152941
6 0.152941
7 0.152941
8 0.152941
9 0.152941
10 0.152941
11 0.152941
12 0.152941
13 0.152941
14 0.152941
15 0
16 0
17 0
18 0
19 0
20 0
21 0
22 0
23 0
24 0
25 0
26 0
27 0
28 0
29 0
30 0
31 0.898039
32 0.898039
33 0.898039
34 0.898039
35 0.898039
36 0.984411
37 0.999242
38 0.445234
39 0.9727
40 0.0309397
41 0.999874
42 0.671591
43 0.0660183
44 0.0887267
45 0.201759
46 0.0339718
47 0.245556
48 0.113229
49 0.018238
50 0.0610646
51 0.298087
52 0.00899705
53 0.532512
54 0.215012
55 0.114134
56 0.686771
57 0.580829
58 0.210183
59 0.519469
60 0.211782
61 0.573618
62 0.22021
63 0.362872
64 0.141595
65 0.613241
66 0.953271
67 0.99832
68 0.979503
69 0.902763
70 0.960286
71 0.999765
72 0.472609
73 0.992067
74 0.134757
75 0.171534
76 0.189272
0 0.393676
1 0.195463
2 0.117647
3 0.117647
4 0.117647
5 0.117647
6 0.117647
7 0.117647
8 0.117647
9 0.117647
10 0.117647
11 0.117647
12 0.117647
13 0.117647
14 0.117647
15 0
16 0
17 0
18 0
19 0
20 0
21 0
22 0
23 0
24 0
25 0
26 0
27 0
28 0
29 0
30 0
31 0.894118
32 0.894118
33 0.894118
34 0.894118
35 0.894118
36 0.989502
37 0.999448
38 0.490941
39 0.980053
40 0.0329176
41 0.99991
42 0.689669
43 0.117656
44 0.159864
45 0.298131
46 0.0541049
47 0.33298
48 0.20401
49 0.0304783
50 0.103256
51 0.422491
52 0.0166163
53 0.632566
54 0.290091
55 0.165491
56 0.77081
57 0.692485
58 0.303536
59 0.642607
60 0.285916
61 0.724086
62 0.276524
63 0.536514
64 0.211784
65 0.741671
66 0.969616
67 0.998897
68 0.989251
69 0.939794
70 0.976956
71 0.999861
72 0.620664
73 0.995819
74 0.177543
75 0.209846
76 0.276805
0 0.163176
1 0.188129
2 0.160784
3 0.160784
4 0.160784
5 0.160784
6 0.160784
7 0.160784
8 0.160784
9 0.160784
10 0.160784
11 0.160784
12 0.160784
13 0.160784
14 0.160784
15 0
16 0
17 0
18 0
19 0
20 0
21 0
22 0
23 0
24 0
25 0
26 0
27 0
28 0
29 0
30 0
31 0.921569
32 0.921569
33 0.921569
34 0.921569
35 0.921569
36 0.991147
37 0.999561
38 0.456763
39 0.982458
40 0.026023
41 0.999889
42 0.70381
43 0.105898
44 0.132503
45 0.238348
46 0.0429164
47 0.271639
48 0.171517
49 0.0206857
50 0.0793121
51 0.348785
52 0.0141287
53 0.69883
54 0.365868
55 0.212785
56 0.809024
57 0.76362
58 0.372808
59 0.68564
60 0.365113
61 0.803482
62 0.334027
63 0.650279
64 0.312542
65 0.819139
66 0.969575
67 0.999002
68 0.989511
69 0.945582
70 0.97889
71 0.999852
72 0.67459
73 0.996267
74 0.176132
75 0.227481
76 0.278594
0 0.0544855
1 0.180677
2 0.160784
3 0.160784
4 0.160784
5 0.160784
6 0.160784
7 0.160784
8 0.160784
9 0.160784
10 0.160784
11 0.160784
12 0.160784
13 0.160784
14 0.160784
15 0
16 0
17 0
18 0
19 0
20 0
21 0
22 0
23 0
24 0
25 0
26 0
27 0
28 0
29 0
30 0
31 0.921569
32 0.921569
33 0.921569
34 0.921569
35 0.921569
36 0.988439
37 0.99942
38 0.326476
39 0.981593
40 0.0199229
41 0.999847
42 0.628537
43 0.0833516
44 0.0894467
45 0.178518
46 0.0303205
47 0.209657
48 0.137447
49 0.0138389
50 0.060264
51 0.250505
52 0.00857607
53 0.677809
54 0.325762
55 0.135107
56 0.806368
57 0.729871
58 0.353161
59 0.607736
60 0.326658
61 0.776601
62 0.311639
63 0.533558
64 0.27566
65 0.768609
66 0.965237
67 0.998808
68 0.987316
69 0.935752
70 0.974275
71 0.999805
72 0.603748
73 0.99382
74 0.17399
75 0.218606
76 0.25809
0 0.685931
1 0.17326
2 0.184314
3 0.184314
4 0.184314
5 0.184314
6 0.184314
7 0.184314
8 0.184314
9 0.184314
10 0.184314
11 0.184314
12 0.184314
13 0.184314
14 0.184314
15 0
16 0
17 0
18 0
19 0
20 0
21 0
22 0
23 0
24 0
25 0
26 0
27 0
28 0
29 0
30 0
31 0.92549
32 0.92549
33 0.92549
34 0.92549
35 0.92549
36 0.992505
37 0.999164
38 0.0512834
39 0.916203
40 0.00855925
41 0.999978
42 0.289875
43 0.0774756
44 0.165021
45 0.18942
46 0.0856331
47 0.359011
48 0.204829
49 0.520603
50 0.545579
51 0.74782
52 0.351402
53 0.33834
54 0.121909
55 0.116003
56 0.210779
57 0.347567
58 0.0963384
59 0.259892
60 0.106117
61 0.318965
62 0.381534
63 0.564671
64 0.605159
65 0.809208
66 0.894675
67 0.998057
68 0.987267
69 0.963346
70 0.961097
71 0.999452
72 0.617836
73 0.994064
74 0.575938
75 0.454094
76 0.0907096
0 0.78308
1 0.166106
2 0
3 0
4 0
5 0
6 0
7 0
8 0
9 0.0461676
10 0.125312
11 0.0427807
12 0.432621
13 0.847772
14 0.815686
15 0
16 0
17 0
18 0
19 0
20 0
21 0
22 0
23 0
24 0.173262
25 0.28877
26 0.0969697
27 0.478788
28 0.831729
29 0.471658
30 0.0117647
31 0
32 0
33 0.0411766
34 0.413012
35 0.845276
36 0.999345
37 0.999604
38 0.643742
39 0.995838
40 0.0378316
41 0.999991
42 0.34218
43 0.948439
44 0.802601
45 0.950193
46 0.898366
47 0.847658
48 0.972927
49 0.461964
50 0.956727
51 0.972456
52 0.583792
53 0.742578
54 0.403606
55 0.131884
56 0.871613
57 0.881417
58 0.752959
59 0.777908
60 0.455484
61 0.95235
62 0.497828
63 0.946647
64 0.718264
65 0.930964
66 0.996132
67 0.999841
68 0.999483
69 0.988842
70 0.995681
71 0.999948
72 0.961362
73 0.997167
74 0.666619
75 0.552439
76 0.844414
0 0.284087
1 0.159284
2 0
3 0.0320856
4 0.141176
5 0.141176
6 0.744028
7 0.777719
8 0.749019
9 0.74902
10 0.749019
11 0.749019
12 0.74902
13 0.620677
14 0.0431372
15 0
16 0
17 0.259893
18 0.317647
19 0.317647
20 0.7918
21 0.463102
22 0.0117647
23 0.0117647
24 0.0117647
25 0.0117647
26 0.0117647
27 0.0117647
28 0.0117647
29 0.026025
30 0.0431373
31 0.291979
32 0.885561
33 0.955259
34 0.960784
35 0.543672
36 0.999877
37 0.99989
38 0.0310656
39 0.99884
40 0.0358462
41 0.99997
42 0.746864
43 0.815477
44 0.935383
45 0.766171
46 0.845075
47 0.876703
48 0.782497
49 0.181291
50 0.568378
51 0.854558
52 0.530463
53 0.986377
54 0.788005
55 0.70276
56 0.98776
57 0.992137
58 0.960575
59 0.951935
60 0.922505
61 0.991575
62 0.898114
63 0.990609
64 0.96937
65 0.986501
66 0.997495
67 0.999645
68 0.999163
69 0.987742
70 0.996518
71 0.999945
72 0.989303
73 0.998458
74 0.418198
75 0.603056
76 0.914362
0 0.654254
1 0.151868
2 0.721569
3 0.721569
4 0.284848
5 0.286631
6 0.588235
7 0.368984
8 0.266667
9 0.266667
10 0.266667
11 0.266667
12 0.266667
13 0.266667
14 0.227273
15 0.0117647
16 0.0117647
17 0.0477718
18 0.407843
19 0.522638
20 0.588235
21 0.336898
22 0.0352941
23 0.0352941
24 0.0352941
25 0.0352941
26 0.0352941
27 0.0352941
28 0.0352941
29 0.0352941
30 0.445989
31 0.956506
32 0.706595
33 0.97754
34 0.996078
35 0.815151
36 0.999904
37 0.99994
38 0.00845146
39 0.99796
40 0.0252087
41 0.999986
42 0.345504
43 0.682037
44 0.845949
45 0.513725
46 0.733563
47 0.721508
48 0.840233
49 0.738332
50 0.704291
51 0.78411
52 0.73853
53 0.955749
54 0.570128
55 0.75789
56 0.943398
57 0.887254
58 0.817927
59 0.915862
60 0.676913
61 0.979972
62 0.850067
63 0.994015
64 0.983618
65 0.997945
66 0.993087
67 0.999817
68 0.998549
69 0.995394
70 0.994819
71 0.999938
72 0.980668
73 0.99795
74 0.591969
75 0.571263
76 0.179847
0 0.318212
1 0.145093
2 0.286453
3 0.48164
4 0.426738
5 0.0823529
6 0.0975044
7 0.0431373
8 0.2
9 0.442068
10 0.472549
11 0.550802
12 0.997327
13 1
14 0.993047
15 0.475223
16 0.310517
17 0.0235294
18 0.0449198
19 0.0823529
20 0.0502674
21 0.219608
22 0.496257
23 0.436364
24 0.136898
25 0.0705882
26 0.516934
27 0.97861
28 1
29 1
30 0.272727
31 0.790374
32 0.489483
33 0.530838
34 0.70713
35 1
36 0.99998
37 0.999897
38 0.0192527
39 0.999996
40 0.446185
41 0.999999
42 0.113126
43 0.999149
44 0.964205
45 0.990133
46 0.99694
47 0.939095
48 0.99913
49 0.902752
50 0.998979
51 0.982779
52 0.977219
53 0.963378
54 0.367572
55 0.130857
56 0.923095
57 0.974878
58 0.951721
59 0.852909
60 0.675854
61 0.998287
62 0.4607
63 0.996934
64 0.96664
65 0.996809
66 0.999914
67 0.999989
68 0.999978
69 0.998907
70 0.998543
71 0.999997
72 0.99883
73 0.999304
74 0.25273
75 0.100248
76 0.663075
0 0.0697908
1 0.136289
2 0.2
3 0.302674
4 0.662032
5 1
6 1
7 1
8 1
9 1
10 1
11 1
12 0.985027
13 0.984314
14 0.984313
15 0.6
16 0.272727
17 0.0909091
18 1
19 1
20 1
21 1
22 1
23 1
24 1
25 1
26 1
27 0.363636
28 0
29 0
30 0
31 0.538324
32 1
33 1
34 1
35 1
36 0.999712
37 0.999775
38 0.410392
39 0.999167
40 0.00615589
41 0.999974
42 0.182041
43 0.997249
44 0.998447
45 0.938208
46 0.980944
47 0.970249
48 0.997669
49 0.922292
50 0.996918
51 0.996166
52 0.984397
53 0.999591
54 0.938831
55 0.971289
56 0.999763
57 0.998033
58 0.998226
59 0.999054
60 0.995192
61 0.999803
62 0.995249
63 0.999752
64 0.995516
65 0.999826
66 0.9997
67 0.99999
68 0.999984
69 0.999784
70 0.99961
71 0.999998
72 0.995845
73 0.999681
74 0.98234
75 0.975243
76 0.999376
0 0.547739
1 0.127085
2 1
3 1
4 1
5 1
6 1
7 1
8 1
9 1
10 1
11 1
12 1
13 1
14 0.999999
15 0
16 0
17 0
18 0
19 0
20 0
21 0
22 0
23 0
24 0
25 0
26 0
27 0
28 0
29 0
30 0
31 1
32 1
33 1
34 1
35 1
36 0.999963
37 0.999946
38 0.00117957
39 0.999518
40 0.00454061
41 0.999982
42 0.758782
43 0.745047
44 0.954749
45 0.275079
46 0.596724
47 0.771057
48 0.935787
49 0.870169
50 0.972427
51 0.852608
52 0.888644
53 0.991767
54 0.764275
55 0.86712
56 0.979136
57 0.964435
58 0.897926
59 0.971347
60 0.923604
61 0.996869
62 0.943163
63 0.995712
64 0.996895
65 0.998538
66 0.997241
67 0.999754
68 0.998147
69 0.976166
70 0.990283
71 0.999961
72 0.995774
73 0.998205
74 0.525677
75 0.412738
76 0.630948
0 0.58063
1 0.115744
2 0.8
3 0.149911
4 0.0345812
5 0.34902
6 0.396435
7 0.374688
8 0.541177
9 0.173262
10 0.102674
11 0.0459893
12 0.932799
13 0.976471
14 0.97647
15 0.0117647
16 0.0374332
17 0.0139037
18 0.0937611
19 0.25098
20 0.165419
21 0.156863
22 0.265241
23 0.810695
24 0.404278
25 0.456684
26 0.166488
27 0.685561
28 0.976471
29 0.976471
30 0.976471
31 0.778966
32 0.60303
33 0.968093
34 0.375758
35 0.97647
36 0.999532
37 0.999647
38 0.0402755
39 0.99747
40 0.131529
41 0.999917
42 0.579992
43 0.451955
44 0.0951583
45 0.298738
46 0.217129
47 0.533225
48 0.288198
49 0.0137128
50 0.0942014
51 0.0500056
52 0.119672
53 0.988595
54 0.918123
55 0.631691
56 0.973104
57 0.991297
58 0.93375
59 0.93264
60 0.906418
61 0.992484
62 0.898908
63 0.89633
64 0.750115
65 0.959491
66 0.95693
67 0.998591
68 0.994541
69 0.916739
70 0.979996
71 0.999834
72 0.961522
73 0.990938
74 0.0144416
75 0.376805
76 0.867477
0 0.945908
1 0.104694
2 0.305169
3 0.939037
4 0.943315
5 0
6 0
7 0
8 0
9 0
10 0
11 0
12 0
13 0
14 0
15 0.198574
16 0.865241
17 0.988235
18 0.630303
19 0.00392157
20 0.00392157
21 0.00392157
22 0.00392157
23 0.00392157
24 0.00392157
25 0.00356506
26 0
27 0
28 0
29 0
30 0
31 0.918717
32 0.998396
33 1
34 0.409091
35 0
36 0.987097
37 0.995703
38 0.177436
39 0.957734
40 0.00274896
41 0.999938
42 0.314106
43 0.0590451
44 0.018195
45 0.0591108
46 0.0215504
47 0.0909378
48 0.0295011
49 0.000766463
50 0.015809
51 0.0181128
52 0.0139716
53 0.656275
54 0.594583
55 0.301872
56 0.627271
57 0.797553
58 0.449363
59 0.630377
60 0.195583
61 0.662467
62 0.371587
63 0.468396
64 0.418806
65 0.649845
66 0.79881
67 0.993511
68 0.893745
69 0.728885
70 0.848307
71 0.998732
72 0.666081
73 0.989544
74 0.199858
75 0.427926
76 0.596301
0 0.172443
1 0.0957799
2 0.592513
3 0.00392157
4 0.028877
5 0.0235294
6 0.0278075
7 0.398752
8 0.268627
9 0
10 0
11 0
12 0
13 0
14 0
15 0.0509804
16 0.176471
17 0.164349
18 0.0431373
19 0.0156863
20 0.0185383
21 0.0609626
22 0.0117647
23 0
24 0
25 0
26 0
27 0
28 0
29 0
30 0
31 0.260606
32 0.0342246
33 0.357576
34 0
35 0
36 0.961226
37 0.993972
38 0.240478
39 0.800016
40 0.00545599
41 0.999967
42 0.398227
43 0.038301
44 0.0342018
45 0.218919
46 0.0453505
47 0.266484
48 0.0545645
49 0.0140493
50 0.060534
51 0.140431
52 0.0411735
53 0.261997
54 0.222224
55 0.135043
56 0.199778
57 0.437833
58 0.093821
59 0.322017
60 0.0926065
61 0.220505
62 0.249087
63 0.205974
64 0.18759
65 0.300903
66 0.652974
67 0.984722
68 0.864614
69 0.609453
70 0.789171
71 0.99708
72 0.346995
73 0.982036
74 0.253874
75 0.380597
76 0.273619
0 0.0298484
1 0.0889385
2 0
3 0
4 0
5 0
6 0
7 0
8 0
9 0
10 0
11 0
12 0
13 0
14 0
15 0
16 0
17 0
18 0
19 0
20 0
21 0
22 0
23 0
24 0
25 0
26 0
27 0
28 0
29 0
30 0
31 0
32 0
33 0
34 0
35 0
36 0.983567
37 0.996811
38 0.32078
39 0.862945
40 0.0196535
41 0.99999
42 0.499683
43 0.157927
44 0.196191
45 0.578953
46 0.233365
47 0.675382
48 0.215455
49 0.107521
50 0.257696
51 0.530503
52 0.157228
53 0.317301
54 0.309168
55 0.163477
56 0.222383
57 0.560579
58 0.148946
59 0.450734
60 0.133981
61 0.344382
62 0.292036
63 0.29934
64 0.246602
65 0.2718
66 0.803743
67 0.984446
68 0.956444
69 0.774033
70 0.889591
71 0.997989
72 0.575037
73 0.991466
74 0.424515
75 0.474963
76 0.353349
0 0.238194
1 0.0823863
2 0
3 0
4 0
5 0
6 0
7 0
8 0
9 0
10 0
11 0
12 0
13 0
14 0
15 0
16 0
17 0
18 0
19 0
20 0
21 0
22 0
23 0
24 0
25 0
26 0
27 0
28 0
29 0
30 0
31 0
32 0
33 0
34 0
35 0
36 0.996242
37 0.998919
38 0.188015
39 0.922104
40 0.0218495
41 0.999996
42 0.613603
43 0.277342
44 0.404749
45 0.680187
46 0.333717
47 0.778987
48 0.382886
49 0.151723
50 0.330177
51 0.674583
52 0.246583
53 0.569658
54 0.617251
55 0.266313
56 0.386744
57 0.837352
58 0.371198
59 0.661
60 0.352445
61 0.716483
62 0.521878
63 0.597408
64 0.654749
65 0.494571
66 0.890001
67 0.99181
68 0.984958
69 0.902629
70 0.956802
71 0.998828
72 0.859612
73 0.997432
74 0.486369
75 0.617846
76 0.415808
0 0.642202
1 0.0756846
2 0
3 0
4 0
5 0
6 0
7 0
8 0
9 0
10 0
11 0
12 0
13 0
14 0
15 0
16 0
17 0
18 0
19 0
20 0
21 0
22 0
23 0
24 0
25 0
26 0
27 0
28 0
29 0
30 0
31 0
32 0
33 0
34 0
35 0
36 0.997222
37 0.998547
38 0.279692
39 0.996586
40 0.00416215
41 0.999992
42 0.0767805
43 0.994775
44 0.99305
45 0.972342
46 0.96534
47 0.969452
48 0.997243
49 0.956547
50 0.996785
51 0.991874
52 0.948508
53 0.979081
54 0.770595
55 0.718905
56 0.984513
57 0.970187
58 0.977937
59 0.968963
60 0.814165
61 0.991588
62 0.932151
63 0.990901
64 0.945724
65 0.99031
66 0.998866
67 0.999949
68 0.999927
69 0.998089
70 0.998275
71 0.999982
72 0.975938
73 0.999574
74 0.970407
75 0.939472
76 0.994692
0 0.460246
1 0.0679918
2 0.890196
3 0.890196
4 0.890196
5 0.890196
6 0.890196
7 0.890197
8 0.890196
9 0.890196
10 0.890196
11 0.890196
12 0.890197
13 0.890196
14 0.890195
15 0.0235294
16 0.0235294
17 0.0235294
18 0.0235294
19 0.0235294
20 0.0235294
21 0.0235294
22 0.0235294
23 0.0235294
24 0.0235294
25 0.0235294
26 0.0235294
27 0.0235294
28 0.0235294
29 0.0235294
30 0.0235294
31 0.541176
32 0.541176
33 0.541176
34 0.541176
35 0.541176
36 0.99965
37 0.999702
38 0.0429805
39 0.95107
40 0.00425122
41 0.999986
42 0.791111
43 0.267697
44 0.316144
45 0.302366
46 0.40468
47 0.63665
48 0.185342
49 0.0267838
50 0.212841
51 0.358321
52 0.556272
53 0.975257
54 0.951602
55 0.906532
56 0.915111
57 0.985797
58 0.874374
59 0.977797
60 0.970067
61 0.988706
62 0.975752
63 0.985953
64 0.990517
65 0.964972
66 0.892522
67 0.995226
68 0.983264
69 0.868562
70 0.941148
71 0.998276
72 0.970358
73 0.993348
74 0.436396
75 0.829291
76 0.704732
0 0.410098
1 0.0587447
2 0
3 0
4 0
5 0
6 0
7 0
8 0
9 0
10 0
11 0
12 0
13 0
14 0
15 0
16 0
17 0
18 0
19 0
20 0
21 0
22 0
23 0
24 0
25 0
26 0
27 0
28 0
29 0
30 0
31 0
32 0
33 0
34 0
35 0
36 0.986433
37 0.998754
38 0.172765
39 0.890602
40 0.00192701
41 0.999884
42 0.251626
43 0.0580469
44 0.030831
45 0.140588
46 0.125364
47 0.196491
48 0.0312364
49 0.0122432
50 0.0265259
51 0.0378486
52 0.00573064
53 0.557599
54 0.438091
55 0.237096
56 0.485846
57 0.69201
58 0.240294
59 0.77305
60 0.53876
61 0.884188
62 0.729209
63 0.935528
64 0.685972
65 0.915429
66 0.907198
67 0.997306
68 0.976579
69 0.971189
70 0.952412
71 0.99885
72 0.543604
73 0.985663
74 0.473286
75 0.676895
76 0.195347
0 0.585364
1 0.050945
2 0
3 0
4 0
5 0
6 0
7 0
8 0
9 0
10 0.718717
11 0.988235
12 0.637433
13 0.0192513
14 0.396257
15 0
16 0
17 0
18 0
19 0
20 0
21 0
22 0
23 0
24 0
25 0
26 0
27 0
28 0.0320856
29 0.0192513
30 0.00855615
31 0
32 0
33 0
34 0.818182
35 0.768271
36 0.989615
37 0.998359
38 0.643098
39 0.975756
40 0.00125034
41 0.999972
42 0.31293
43 0.724496
44 0.339259
45 0.580873
46 0.347648
47 0.146091
48 0.7082
49 0.0525065
50 0.699142
51 0.712815
52 0.0883736
53 0.435497
54 0.311391
55 0.186728
56 0.705
57 0.49878
58 0.435214
59 0.722553
60 0.386903
61 0.773311
62 0.55336
63 0.870985
64 0.513538
65 0.893319
66 0.983878
67 0.999599
68 0.997639
69 0.980024
70 0.968957
71 0.999686
72 0.717966
73 0.991279
74 0.725888
75 0.545215
76 0.383269
0 0.346411
1 0.0445726
2 0
3 0
4 0
5 0
6 0.271658
7 0.996079
8 0.996078
9 0.525668
10 0.996078
11 0.797148
12 0.631373
13 0.179857
14 0.58467
15 0
16 0
17 0
18 0
19 0
20 0
21 0
22 0
23 0.163636
24 0.272727
25 0
26 0.0128342
27 0.0352941
28 0.028877
29 0.272727
30 0.172193
31 0
32 0.181818
33 0.818182
34 0.998574
35 0.585205
36 0.999817
37 0.998892
38 0.0182999
39 0.999026
40 0.0382573
41 0.999998
42 0.427066
43 0.911656
44 0.936764
45 0.970458
46 0.873975
47 0.936334
48 0.990772
49 0.76022
50 0.94339
51 0.945125
52 0.975054
53 0.952395
54 0.349663
55 0.232536
56 0.930467
57 0.966527
58 0.944674
59 0.856404
60 0.459547
61 0.964417
62 0.698736
63 0.884585
64 0.817816
65 0.874671
66 0.997413
67 0.999815
68 0.999662
69 0.983457
70 0.997813
71 0.999952
72 0.992614
73 0.997212
74 0.359681
75 0.499687
76 0.898571
0 0.947409
1 0.037545
2 0.996078
3 0.996078
4 0.996079
5 0.997861
6 0.190909
7 0.245633
8 0.701961
9 0.779323
10 0.816221
11 0.00427807
12 0.152763
13 0.0677362
14 0.192335
15 0
16 0
17 0
18 0
19 0.636364
20 0.2
21 0.6
22 0.172193
23 0.0117647
24 0.520856
25 0.85918
26 0.00142602
27 0.383244
28 0.137255
29 0.0427807
30 0
31 1
32 0.627273
33 0.771301
34 0.640285
35 0.283779
36 0.999966
37 0.999938
38 0.0290739
39 0.999187
40 0.0670023
41 0.999992
42 0.739337
43 0.905168
44 0.973282
45 0.92382
46 0.742406
47 0.844567
48 0.64333
49 0.548117
50 0.725596
51 0.889725
52 0.978197
53 0.992757
54 0.832963
55 0.690735
56 0.991087
57 0.994662
58 0.982167
59 0.976653
60 0.828163
61 0.992394
62 0.8359
63 0.995881
64 0.946282
65 0.995558
66 0.993805
67 0.999751
68 0.999359
69 0.996349
70 0.997403
71 0.999963
72 0.993273
73 0.99929
74 0.15679
75 0.599197
76 0.837846
0 0.129711
1 0.031046
2 0.0156863
3 0.654189
4 0.905882
5 0.537255
6 0.254545
7 0.24189
8 0.0392157
9 0.26738
10 0.233512
11 0.492335
12 0.167914
13 0.109447
14 0.0549019
15 0.0117647
16 0.0117647
17 0.0987522
18 0.968627
19 0.354724
20 0.437433
21 0.0627451
22 0.0392157
23 0.00106952
24 0.00392157
25 0.245633
26 0.744742
27 0.530125
28 0.425312
29 0.22246
30 0
31 0.799287
32 0.793939
33 0.567202
34 0.833868
35 0.720499
36 0.999873
37 0.999851
38 0.0151945
39 0.999464
40 0.0600457
41 0.999982
42 0.31859
43 0.864493
44 0.798916
45 0.436309
46 0.909148
47 0.773739
48 0.589727
49 0.815978
50 0.880233
51 0.936138
52 0.844972
53 0.992834
54 0.587151
55 0.587643
56 0.973965
57 0.976259
58 0.904204
59 0.978049
60 0.928562
61 0.995193
62 0.771183
63 0.994282
64 0.960918
65 0.996987
66 0.998132
67 0.999892
68 0.9994
69 0.993617
70 0.997996
71 0.999987
72 0.998089
73 0.999486
74 0.625403
75 0.327981
76 0.582712
0 0.314575
1 0.0243759
2 0.709804
3 0.255258
4 0.0675581
5 0.982175
6 0.956506
7 0.372906
8 0.0764706
9 0.0345811
10 0.594296
11 0.479501
12 0.22549
13 0.782532
14 0.999999
15 0.0117647
16 0.33262
17 0.135116
18 0.366132
19 0.366132
20 0.175045
21 0.700891
22 0.407843
23 0
24 0.0299465
25 0.111586
26 0.632799
27 0.181105
28 0.207487
29 1
30 1
31 0.588235
32 0.98467
33 0.735473
34 0.859893
35 0.911052
36 0.99995
37 0.999938
38 0.0142526
39 0.998864
40 0.014696
41 0.999993
42 0.678796
43 0.501212
44 0.821503
45 0.639029
46 0.896309
47 0.440917
48 0.580015
49 0.153078
50 0.4488
51 0.389448
52 0.920849
53 0.972819
54 0.852532
55 0.75727
56 0.93889
57 0.941762
58 0.735139
59 0.971032
60 0.780295
61 0.997323
62 0.530223
63 0.990387
64 0.929657
65 0.995584
66 0.992313
67 0.999679
68 0.998002
69 0.994488
70 0.992723
71 0.999948
72 0.989053
73 0.996977
74 0.560747
75 0.623461
76 0.209216
0 0.6537
1 0.0176586
2 0.0352941
3 0.0224599
4 0.0190731
5 0.00784314
6 0.198217
7 0.805169
8 0.0392157
9 0.320856
10 0.82246
11 1
12 0.650624
13 0.0392157
14 0.0392157
15 0
16 0.0320856
17 0.0588235
18 0.0573975
19 0.054902
20 0.0484848
21 0.454545
22 0.309091
23 0.11123
24 0.25098
25 0.863815
26 1
27 1
28 0.368984
29 0.305882
30 0.305882
31 0.60107
32 0.93369
33 0.745633
34 0.845276
35 0.996435
36 0.999896
37 0.999727
38 0.0615016
39 0.999594
40 0.31784
41 0.999986
42 0.367736
43 0.766032
44 0.312659
45 0.585414
46 0.423353
47 0.827362
48 0.350938
49 0.252577
50 0.464812
51 0.666773
52 0.496705
53 0.924597
54 0.204721
55 0.082481
56 0.930094
57 0.963212
58 0.610751
59 0.950735
60 0.290808
61 0.987996
62 0.392993
63 0.978979
64 0.763023
65 0.975778
66 0.99627
67 0.999519
68 0.998164
69 0.956675
70 0.994596
71 0.999972
72 0.993316
73 0.997863
74 0.137288
75 0.43143
76 0.410095
0 0.879773
1 0.0109859
2 0.0862745
3 0.0702317
4 0.060428
5 1
6 0.776471
7 0.168984
8 0.392157
9 0.128877
10 0.701604
11 0.964706
12 0.0438504
13 0.047059
14 0.258823
15 0.054902
16 0.054902
17 0.0581105
18 0.40107
19 1
20 0.873797
21 0.305882
22 0.197504
23 0.0374332
24 0.0502674
25 0.790018
26 0.964706
27 0.350802
28 0
29 0.00534759
30 0.0117647
31 0.985027
32 0.993583
33 0.674688
34 0.839572
35 0.344029
36 0.999786
37 0.999867
38 0.0955426
39 0.999049
40 0.0414403
41 0.999996
42 0.394754
43 0.57032
44 0.746425
45 0.912026
46 0.699914
47 0.466951
48 0.891875
49 0.0747715
50 0.309684
51 0.787051
52 0.660203
53 0.87957
54 0.641847
55 0.342948
56 0.803788
57 0.926207
58 0.67193
59 0.774697
60 0.512189
61 0.990017
62 0.360911
63 0.941438
64 0.803733
65 0.967719
66 0.99538
67 0.999545
68 0.998641
69 0.996309
70 0.996548
71 0.999902
72 0.978919
73 0.999004
74 0.38492
75 0.348764
76 0.11584
end fitness = 3.66009
