brain 22864 fitness=5.32716 numneurons+1=40 maxWeight=8 maxBias=8 redinput=2-9 greeninput=10-16 blueinput=17-20
+0.0000 +0.0000 +0.0000 +0.0000 +0.0000 +0.0000 +0.0000 +0.0000 +0.0000 +0.0000 +0.0000 +0.0000 +0.0000 +0.0000 +0.0000 +0.0000 +0.0000 +0.0000 +0.0000 +0.0000 +0.0000 +0.0000 +0.0000 +0.0000 +0.0000 +0.0000 +0.0000 +0.0000 +0.0000 +0.0000 +0.0000 +0.0000 +0.0000 +0.0000 +0.0000 +0.0000 +0.0000 +0.0000 +0.0000 +0.0000 ;
+0.0000 +0.0000 +0.0000 +0.0000 +0.0000 +0.0000 +0.0000 +0.0000 +0.0000 +0.0000 +0.0000 +0.0000 +0.0000 +0.0000 +0.0000 +0.0000 +0.0000 +0.0000 +0.0000 +0.0000 +0.0000 +0.0000 +0.0000 +0.0000 +0.0000 +0.0000 +0.0000 +0.0000 +0.0000 +0.0000 +0.0000 +0.0000 +0.0000 +0.0000 +0.0000 +0.0000 +0.0000 +0.0000 +0.0000 +0.0000 ;
+0.0000 +0.0000 +0.0000 +0.0000 +0.0000 +0.0000 +0.0000 +0.0000 +0.0000 +0.0000 +0.0000 +0.0000 +0.0000 +0.0000 +0.0000 +0.0000 +0.0000 +0.0000 +0.0000 +0.0000 +0.0000 +0.0000 +0.0000 +0.0000 +0.0000 +0.0000 +0.0000 +0.0000 +0.0000 +0.0000 +0.0000 +0.0000 +0.0000 +0.0000 +0.0000 +0.0000 +0.0000 +0.0000 +0.0000 +0.0000 ;
+0.0000 +0.0000 +0.0000 +0.0000 +0.0000 +0.0000 +0.0000 +0.0000 +0.0000 +0.0000 +0.0000 +0.0000 +0.0000 +0.0000 +0.0000 +0.0000 +0.0000 +0.0000 +0.0000 +0.0000 +0.0000 +0.0000 +0.0000 +0.0000 +0.0000 +0.0000 +0.0000 +0.0000 +0.0000 +0.0000 +0.0000 +0.0000 +0.0000 +0.0000 +0.0000 +0.0000 +0.0000 +0.0000 +0.0000 +0.0000 ;
+0.0000 +0.0000 +0.0000 +0.0000 +0.0000 +0.0000 +0.0000 +0.0000 +0.0000 +0.0000 +0.0000 +0.0000 +0.0000 +0.0000 +0.0000 +0.0000 +0.0000 +0.0000 +0.0000 +0.0000 +0.0000 +0.0000 +0.0000 +0.0000 +0.0000 +0.0000 +0.0000 +0.0000 +0.0000 +0.0000 +0.0000 +0.0000 +0.0000 +0.0000 +0.0000 +0.0000 +0.0000 +0.0000 +0.0000 +0.0000 ;
+0.0000 +0.0000 +0.0000 +0.0000 +0.0000 +0.0000 +0.0000 +0.0000 +0.0000 +0.0000 +0.0000 +0.0000 +0.0000 +0.0000 +0.0000 +0.0000 +0.0000 +0.0000 +0.0000 +0.0000 +0.0000 +0.0000 +0.0000 +0.0000 +0.0000 +0.0000 +0.0000 +0.0000 +0.0000 +0.0000 +0.0000 +0.0000 +0.0000 +0.0000 +0.0000 +0.0000 +0.0000 +0.0000 +0.0000 +0.0000 ;
+0.0000 +0.0000 +0.0000 +0.0000 +0.0000 +0.0000 +0.0000 +0.0000 +0.0000 +0.0000 +0.0000 +0.0000 +0.0000 +0.0000 +0.0000 +0.0000 +0.0000 +0.0000 +0.0000 +0.0000 +0.0000 +0.0000 +0.0000 +0.0000 +0.0000 +0.0000 +0.0000 +0.0000 +0.0000 +0.0000 +0.0000 +0.0000 +0.0000 +0.0000 +0.0000 +0.0000 +0.0000 +0.0000 +0.0000 +0.0000 ;
+0.0000 +0.0000 +0.0000 +0.0000 +0.0000 +0.0000 +0.0000 +0.0000 +0.0000 +0.0000 +0.0000 +0.0000 +0.0000 +0.0000 +0.0000 +0.0000 +0.0000 +0.0000 +0.0000 +0.0000 +0.0000 +0.0000 +0.0000 +0.0000 +0.0000 +0.0000 +0.0000 +0.0000 +0.0000 +0.0000 +0.0000 +0.0000 +0.0000 +0.0000 +0.0000 +0.0000 +0.0000 +0.0000 +0.0000 +0.0000 ;
+0.0000 +0.0000 +0.0000 +0.0000 +0.0000 +0.0000 +0.0000 +0.0000 +0.0000 +0.0000 +0.0000 +0.0000 +0.0000 +0.0000 +0.0000 +0.0000 +0.0000 +0.0000 +0.0000 +0.0000 +0.0000 +0.0000 +0.0000 +0.0000 +0.0000 +0.0000 +0.0000 +0.0000 +0.0000 +0.0000 +0.0000 +0.0000 +0.0000 +0.0000 +0.0000 +0.0000 +0.0000 +0.0000 +0.0000 +0.0000 ;
+0.0000 +0.0000 +0.0000 +0.0000 +0.0000 +0.0000 +0.0000 +0.0000 +0.0000 +0.0000 +0.0000 +0.0000 +0.0000 +0.0000 +0.0000 +0.0000 +0.0000 +0.0000 +0.0000 +0.0000 +0.0000 +0.0000 +0.0000 +0.0000 +0.0000 +0.0000 +0.0000 +0.0000 +0.0000 +0.0000 +0.0000 +0.0000 +0.0000 +0.0000 +0.0000 +0.0000 +0.0000 +0.0000 +0.0000 +0.0000 ;
+0.0000 +0.0000 +0.0000 +0.0000 +0.0000 +0.0000 +0.0000 +0.0000 +0.0000 +0.0000 +0.0000 +0.0000 +0.0000 +0.0000 +0.0000 +0.0000 +0.0000 +0.0000 +0.0000 +0.0000 +0.0000 +0.0000 +0.0000 +0.0000 +0.0000 +0.0000 +0.0000 +0.0000 +0.0000 +0.0000 +0.0000 +0.0000 +0.0000 +0.0000 +0.0000 +0.0000 +0.0000 +0.0000 +0.0000 +0.0000 ;
+0.0000 +0.0000 +0.0000 +0.0000 +0.0000 +0.0000 +0.0000 +0.0000 +0.0000 +0.0000 +0.0000 +0.0000 +0.0000 +0.0000 +0.0000 +0.0000 +0.0000 +0.0000 +0.0000 +0.0000 +0.0000 +0.0000 +0.0000 +0.0000 +0.0000 +0.0000 +0.0000 +0.0000 +0.0000 +0.0000 +0.0000 +0.0000 +0.0000 +0.0000 +0.0000 +0.0000 +0.0000 +0.0000 +0.0000 +0.0000 ;
+0.0000 +0.0000 +0.0000 +0.0000 +0.0000 +0.0000 +0.0000 +0.0000 +0.0000 +0.0000 +0.0000 +0.0000 +0.0000 +0.0000 +0.0000 +0.0000 +0.0000 +0.0000 +0.0000 +0.0000 +0.0000 +0.0000 +0.0000 +0.0000 +0.0000 +0.0000 +0.0000 +0.0000 +0.0000 +0.0000 +0.0000 +0.0000 +0.0000 +0.0000 +0.0000 +0.0000 +0.0000 +0.0000 +0.0000 +0.0000 ;
+0.0000 +0.0000 +0.0000 +0.0000 +0.0000 +0.0000 +0.0000 +0.0000 +0.0000 +0.0000 +0.0000 +0.0000 +0.0000 +0.0000 +0.0000 +0.0000 +0.0000 +0.0000 +0.0000 +0.0000 +0.0000 +0.0000 +0.0000 +0.0000 +0.0000 +0.0000 +0.0000 +0.0000 +0.0000 +0.0000 +0.0000 +0.0000 +0.0000 +0.0000 +0.0000 +0.0000 +0.0000 +0.0000 +0.0000 +0.0000 ;
+0.0000 +0.0000 +0.0000 +0.0000 +0.0000 +0.0000 +0.0000 +0.0000 +0.0000 +0.0000 +0.0000 +0.0000 +0.0000 +0.0000 +0.0000 +0.0000 +0.0000 +0.0000 +0.0000 +0.0000 +0.0000 +0.0000 +0.0000 +0.0000 +0.0000 +0.0000 +0.0000 +0.0000 +0.0000 +0.0000 +0.0000 +0.0000 +0.0000 +0.0000 +0.0000 +0.0000 +0.0000 +0.0000 +0.0000 +0.0000 ;
+0.0000 +0.0000 +0.0000 +0.0000 +0.0000 +0.0000 +0.0000 +0.0000 +0.0000 +0.0000 +0.0000 +0.0000 +0.0000 +0.0000 +0.0000 +0.0000 +0.0000 +0.0000 +0.0000 +0.0000 +0.0000 +0.0000 +0.0000 +0.0000 +0.0000 +0.0000 +0.0000 +0.0000 +0.0000 +0.0000 +0.0000 +0.0000 +0.0000 +0.0000 +0.0000 +0.0000 +0.0000 +0.0000 +0.0000 +0.0000 ;
+0.0000 +0.0000 +0.0000 +0.0000 +0.0000 +0.0000 +0.0000 +0.0000 +0.0000 +0.0000 +0.0000 +0.0000 +0.0000 +0.0000 +0.0000 +0.0000 +0.0000 +0.0000 +0.0000 +0.0000 +0.0000 +0.0000 +0.0000 +0.0000 +0.0000 +0.0000 +0.0000 +0.0000 +0.0000 +0.0000 +0.0000 +0.0000 +0.0000 +0.0000 +0.0000 +0.0000 +0.0000 +0.0000 +0.0000 +0.0000 ;
+0.0000 +0.0000 +0.0000 +0.0000 +0.0000 +0.0000 +0.0000 +0.0000 +0.0000 +0.0000 +0.0000 +0.0000 +0.0000 +0.0000 +0.0000 +0.0000 +0.0000 +0.0000 +0.0000 +0.0000 +0.0000 +0.0000 +0.0000 +0.0000 +0.0000 +0.0000 +0.0000 +0.0000 +0.0000 +0.0000 +0.0000 +0.0000 +0.0000 +0.0000 +0.0000 +0.0000 +0.0000 +0.0000 +0.0000 +0.0000 ;
+0.0000 +0.0000 +0.0000 +0.0000 +0.0000 +0.0000 +0.0000 +0.0000 +0.0000 +0.0000 +0.0000 +0.0000 +0.0000 +0.0000 +0.0000 +0.0000 +0.0000 +0.0000 +0.0000 +0.0000 +0.0000 +0.0000 +0.0000 +0.0000 +0.0000 +0.0000 +0.0000 +0.0000 +0.0000 +0.0000 +0.0000 +0.0000 +0.0000 +0.0000 +0.0000 +0.0000 +0.0000 +0.0000 +0.0000 +0.0000 ;
+0.0000 +0.0000 +0.0000 +0.0000 +0.0000 +0.0000 +0.0000 +0.0000 +0.0000 +0.0000 +0.0000 +0.0000 +0.0000 +0.0000 +0.0000 +0.0000 +0.0000 +0.0000 +0.0000 +0.0000 +0.0000 +0.0000 +0.0000 +0.0000 +0.0000 +0.0000 +0.0000 +0.0000 +0.0000 +0.0000 +0.0000 +0.0000 +0.0000 +0.0000 +0.0000 +0.0000 +0.0000 +0.0000 +0.0000 +0.0000 ;
+0.0000 +0.0000 +0.0000 +0.0000 +0.0000 +0.0000 +0.0000 +0.0000 +0.0000 +0.0000 +0.0000 +0.0000 +0.0000 +0.0000 +0.0000 +0.0000 +0.0000 +0.0000 +0.0000 +0.0000 +0.0000 +0.0000 +0.0000 +0.0000 +0.0000 +0.0000 +0.0000 +0.0000 +0.0000 +0.0000 +0.0000 +0.0000 +0.0000 +0.0000 +0.0000 +0.0000 +0.0000 +0.0000 +0.0000 +0.0000 ;
+0.0000 +0.0000 +0.2143 -0.2797 +0.0000 +0.0000 +0.0000 +0.0000 +0.0000 +0.0000 +0.1666 +0.0000 +0.0000 +0.0000 +0.0000 -0.2526 +0.0000 +0.1766 +0.0000 +0.1174 +0.0000 +0.0000 -0.0000 -0.3807 +0.0000 -0.1013 +0.0000 +0.1335 +0.1961 +0.0920 +0.0000 +0.0000 +0.0000 +0.0000 -0.3284 -0.4294 -0.4651 +0.0000 +0.0000 -0.5154 ;
-0.0048 +0.1455 +0.0341 +0.0121 +0.0117 +0.0000 +0.0000 +0.0000 +0.0000 +0.0000 +0.1167 +0.0027 +0.0056 +0.0000 +0.0000 +0.0000 +0.0000 -0.0195 +0.0000 +0.0000 +0.0645 +0.0000 +0.0000 -0.0025 +0.0000 +0.1020 +0.1210 +0.0202 +0.0053 +0.0004 +0.0000 +0.0000 +0.0000 +0.0000 -0.1526 +0.0000 +0.0000 +0.0000 +0.0000 +0.4118 ;
-0.1109 +0.0000 +0.0123 -0.0249 -0.0754 +0.1676 +0.2270 +0.2395 +0.0000 +0.0000 -0.3714 -0.3432 -0.1592 -0.1311 -0.2226 -0.2340 -0.1510 -0.3266 -0.2230 -0.1609 +0.2975 +0.0403 -0.0000 +0.0000 +0.0000 -0.2345 +0.0525 +0.1336 +0.0000 +0.2711 +0.0000 +0.0000 +0.0000 +0.0000 -0.3760 -0.3045 -0.4052 +0.0000 +0.0000 -0.1922 ;
-0.0060 -0.0214 +0.1065 +0.0861 -0.1220 +0.0000 +0.0000 +0.0000 +0.0000 +0.0000 +0.2262 -0.1233 -0.1930 +0.0148 +0.1151 +0.0000 +0.0172 +0.1644 +0.2721 +0.2373 +0.0000 -0.1492 -0.0842 -0.2552 +0.0000 -0.2209 +0.0306 +0.1743 +0.0839 +0.2179 +0.1714 +0.1790 +0.0000 +0.0000 -0.2383 -0.3346 +0.0000 +0.0000 +0.0000 -0.3255 ;
-0.0541 +0.2398 -0.0709 +0.0121 +0.0000 +0.0000 +0.0000 +0.0000 +0.0000 +0.0000 +0.0000 +0.0585 +0.1782 +0.1964 +0.1462 +0.0000 +0.0000 +0.0429 +0.0000 +0.0000 +0.0000 +0.0348 +0.2331 +0.0131 +0.0337 +0.0000 -0.1026 +0.0000 +0.1945 +0.1371 +0.0132 +0.0000 +0.0000 +0.0000 -0.0528 -0.2330 +0.0000 +0.0000 +0.0000 -0.5371 ;
-0.0142 +0.0598 +0.1398 +0.2281 +0.2080 +0.0000 +0.0000 +0.0000 +0.0000 +0.0000 +0.0000 +0.1728 +0.0000 -0.0897 +0.0573 +0.0000 +0.0518 -0.3044 -0.1897 -0.1244 -0.1857 -0.0728 +0.0000 +0.0367 -0.1508 +0.1197 +0.0000 +0.0636 +0.0000 +0.0000 +0.0000 +0.0000 +0.0000 +0.0000 -0.4738 -0.4725 -0.5125 +0.0000 +0.0000 -0.5347 ;
-0.0513 +0.2288 +0.1421 -0.1347 -0.0100 +0.1822 -0.0012 -0.0567 +0.1200 +0.0000 +0.2470 -0.0070 -0.1718 -0.0419 -0.0177 -0.2425 -0.1122 -0.1378 +0.1142 +0.2053 +0.0000 -0.2213 +0.0000 -0.1907 +0.0000 -0.2432 -0.1079 +0.0000 +0.0000 +0.2361 +0.0756 +0.2633 +0.0000 +0.1865 -0.2918 +0.0000 +0.0000 +0.0000 +0.0000 -0.1216 ;
+0.0000 +0.0000 -0.0803 -0.0480 +0.1898 +0.1970 +0.2607 +0.0000 +0.0000 +0.0000 +0.1443 +0.1910 +0.0000 +0.0000 +0.0000 +0.0000 +0.0000 -0.0764 +0.0803 -0.0409 +0.0000 +0.0000 +0.1850 +0.0000 +0.0000 +0.0000 +0.0000 +0.0000 +0.0000 +0.2063 +0.0000 +0.0000 +0.0000 +0.0000 -0.1867 -0.0684 -0.0258 -0.1075 +0.0000 -0.5070 ;
+0.0000 -0.2230 +0.0205 +0.1828 +0.1423 +0.0000 +0.2382 +0.2448 +0.0000 +0.0000 +0.1232 +0.2372 +0.0000 +0.0000 +0.0000 +0.0000 +0.0000 +0.0193 -0.0359 +0.2953 -0.0957 +0.0749 +0.0001 -0.0451 +0.0000 -0.0783 +0.1766 -0.1288 +0.2481 +0.0000 +0.0000 +0.0000 +0.0000 +0.0000 -0.2055 -0.1063 -0.2530 -0.1583 -0.1547 -0.5070 ;
+0.0000 -0.1742 +0.1395 +0.0356 +0.0674 +0.0000 +0.0000 +0.2185 +0.0000 +0.0000 +0.0000 +0.2209 +0.1257 +0.0000 +0.0000 +0.0000 +0.0000 +0.0632 +0.2063 +0.1490 -0.0480 +0.1118 +0.0000 +0.0482 -0.2290 -0.0278 +0.0026 -0.2402 +0.0000 +0.1917 +0.0000 +0.2443 +0.0000 +0.0000 -0.1944 -0.1747 -0.1484 -0.0393 +0.0000 -0.5070 ;
+0.0000 -0.2626 +0.2220 +0.1812 +0.2082 -0.2107 -0.1223 +0.3661 +0.0000 +0.0000 +0.0000 +0.0000 +0.1449 +0.0819 +0.0000 +0.0000 +0.0000 +0.2882 +0.0704 +0.0714 -0.1982 +0.1149 +0.0000 -0.0640 +0.0000 -0.1832 +0.2015 -0.2205 +0.0000 +0.0000 +0.2859 +0.0000 +0.0000 +0.0000 -0.0537 -0.1133 -0.2149 -0.1495 -0.2012 -0.5070 ;
+0.0000 -0.0613 +0.0000 +0.0000 +0.0000 +0.1709 +0.2253 +0.1929 +0.0019 -0.1124 +0.0000 +0.0000 +0.3235 +0.0000 +0.1687 +0.0000 +0.0000 -0.2337 +0.0057 -0.0171 +0.1940 +0.0859 +0.0545 +0.1656 +0.0000 -0.2354 +0.2045 -0.0842 +0.0000 +0.0000 +0.0000 +0.3695 +0.0000 +0.0000 +0.0000 -0.1219 -0.2409 -0.1508 -0.2059 -0.5070 ;
-0.0989 -0.0665 +0.0000 +0.0000 +0.0000 +0.1094 +0.2327 -0.1685 +0.0608 +0.1440 +0.0000 +0.0000 +0.0000 +0.0000 +0.2143 -0.0620 +0.0000 -0.0482 +0.1135 -0.0572 +0.0310 +0.1908 +0.0883 -0.0893 +0.0069 -0.1066 -0.0524 +0.0435 +0.0000 +0.0000 +0.0000 +0.3754 +0.2944 +0.0000 -0.2213 -0.2261 -0.1168 -0.0679 -0.2250 -0.5070 ;
+0.0000 +0.0611 -0.2625 -0.2791 -0.1178 +0.0000 +0.0000 +0.0000 +0.0000 +0.0000 -0.0496 -0.2029 +0.0000 -0.0390 +0.0000 +0.0000 +0.0000 -0.0903 -0.2532 -0.2232 +0.0000 +0.0000 +0.0000 +0.0000 -0.0914 +0.0000 -0.4428 +0.0000 +0.0000 +0.2085 +0.4978 +0.3532 +0.0000 +0.3351 +0.0000 +0.0000 +0.0000 +0.0000 +0.0000 -0.5070 ;
-0.0163 +0.0776 -0.1632 -0.2717 +0.0000 +0.0000 +0.0000 +0.0000 +0.0000 -0.2841 +0.0000 +0.0000 -0.2233 -0.1062 +0.0000 -0.1110 -0.1061 -0.1685 +0.2120 -0.2672 -0.2346 +0.2760 -0.0000 +0.3024 -0.1578 +0.1644 -0.1203 +0.0000 +0.1801 +0.1659 +0.4980 +0.3807 +0.0000 +0.0000 +0.0000 +0.0000 +0.0000 +0.0000 +0.0000 -0.5070 ;
-0.2518 +0.1364 +0.0000 -0.2330 -0.1441 -0.1314 +0.0000 +0.0000 +0.0000 +0.0000 +0.0000 +0.0000 -0.1972 -0.2126 -0.1402 +0.0000 +0.0000 -0.1784 +0.1774 +0.0000 -0.1622 +0.0000 -0.0132 -0.0739 -0.1904 -0.2508 +0.0711 +0.0000 +0.0000 +0.3198 +0.4328 +0.5221 +0.3398 +0.3655 +0.0000 +0.0000 +0.0000 +0.0000 +0.0000 -0.5070 ;
-0.0173 +0.1751 +0.0000 +0.0000 -0.0949 +0.0000 -0.1832 -0.0912 +0.0000 +0.0000 +0.0000 +0.0000 -0.0858 -0.0452 -0.0575 -0.2228 +0.0000 -0.2381 +0.1723 -0.1026 -0.1480 +0.3300 -0.0261 +0.2084 -0.1366 -0.1219 -0.1649 +0.0000 +0.0619 +0.0000 +0.3233 +0.5215 +0.3230 +0.0000 +0.0000 +0.0000 +0.0000 +0.0000 +0.0000 -0.5070 ;
-0.1343 +0.0164 -0.2847 +0.0000 -0.2964 +0.0000 -0.2673 +0.3089 +0.0000 -0.2845 +0.0000 -0.0540 +0.0000 -0.0350 -0.0679 +0.2185 -0.1554 -0.0678 -0.0900 +0.2246 -0.1867 +0.1735 -0.0548 -0.0511 -0.0269 +0.1289 -0.0835 -0.1329 +0.0963 +0.1691 +0.3936 +0.3285 +0.3041 +0.0000 +0.0000 +0.0000 +0.0000 +0.0000 +0.0000 -0.5070 ;
+0.0000 +0.0000 +0.0000 +0.0000 +0.0000 +0.0000 +0.0000 +0.0000 +0.0000 +0.0000 +0.0000 +0.0000 +0.0000 +0.0000 +0.0000 +0.0000 +0.0000 +0.0000 +0.0000 +0.0000 +0.0000 +0.0000 +0.0000 +0.0000 +0.0000 +0.0000 +0.0000 +0.0000 +0.0000 +0.0000 +0.0000 +0.0000 +0.0000 +0.0000 +0.0000 +0.0000 +0.0000 +0.0000 +0.0000 +0.0000 ;
