brainFunction 22852 62 29 1571 24763 2-14 15-24 25-28
0 0.473935
1 0.652352
2 0.777718
3 0.314617
4 0.495365
5 0.2959
6 0.551693
7 0.243672
8 0.623529
9 0.461141
10 0.297683
11 0.848128
12 0.388949
13 0.479323
14 0.351515
15 0.482709
16 0.566845
17 0.63672
18 0.681996
19 0.645989
20 0.809269
21 0.324777
22 0.475223
23 0.446703
24 0.724777
25 0.598574
26 0.445276
27 0.590731
28 0.326916
29 0.69499
30 0.996819
31 0.0230897
32 0.266982
33 0.298231
34 0.887642
35 0.177599
36 0.264211
37 0.196949
38 0.394245
39 0.0645522
40 0.252104
41 0.245816
42 0.081466
43 0.103408
44 0.136637
45 0.175713
46 0.128999
47 0.0924005
48 0.650201
49 0.513609
50 0.495801
51 0.280428
52 0.148699
53 0.402847
54 0.287127
55 0.0500907
56 0.143023
57 0.0819154
58 0.0348098
59 0.175873
60 0.035958
61 0.329664
0 0.0317026
1 0.27564
2 0.0313726
3 0.0313726
4 0.0313726
5 0.0313725
6 0.0313725
7 0.0313726
8 0.0313725
9 0.0313725
10 0.0313725
11 0.0313725
12 0.0313726
13 0.0313726
14 0.0313725
15 0.00392157
16 0.00392157
17 0.00392157
18 0.00392157
19 0.00392157
20 0.00392157
21 0.00392157
22 0.00392157
23 0.00392157
24 0.00392157
25 1
26 1
27 1
28 1
29 0.822844
30 0.991669
31 0.0642002
32 0.379658
33 0.306811
34 0.910338
35 0.209054
36 0.310514
37 0.333044
38 0.445403
39 0.0889434
40 0.224111
41 0.167957
42 0.10388
43 0.113617
44 0.18783
45 0.211703
46 0.114968
47 0.159738
48 0.58754
49 0.360085
50 0.424869
51 0.3571
52 0.168056
53 0.269058
54 0.503095
55 0.0824059
56 0.312021
57 0.127506
58 0.11882
59 0.234955
60 0.0328965
61 0.26654
0 0.299069
1 0.26854
2 0.0431373
3 0.0431373
4 0.0431373
5 0.0431373
6 0.0431373
7 0.0431373
8 0.0431373
9 0.0431373
10 0.0431373
11 0.0431373
12 0.0431373
13 0.0431373
14 0.0431372
15 0.00392157
16 0.00392157
17 0.00392157
18 0.00392157
19 0.00392157
20 0.00392157
21 0.00392157
22 0.00392157
23 0.00392157
24 0.00392157
25 1
26 1
27 1
28 1
29 0.868874
30 0.986277
31 0.378651
32 0.513015
33 0.478694
34 0.984436
35 0.0680554
36 0.207169
37 0.578663
38 0.856503
39 0.36998
40 0.253105
41 0.303172
42 0.182263
43 0.338808
44 0.167454
45 0.761428
46 0.607831
47 0.308154
48 0.986916
49 0.940823
50 0.766134
51 0.424683
52 0.310943
53 0.552093
54 0.33936
55 0.36089
56 0.217334
57 0.105711
58 0.0511213
59 0.0342103
60 0.013884
61 0.178709
0 0.33408
1 0.261414
2 0.933333
3 0.933333
4 0.933334
5 0.933333
6 0.191622
7 0.0745098
8 0.0745098
9 0.0582888
10 0.0235294
11 0.0235294
12 0.0235294
13 0.0235294
14 0.00962565
15 0.933333
16 0.933333
17 0.933334
18 0.291622
19 0.14902
20 0.137611
21 0.0235294
22 0.0235294
23 0.0235294
24 0.0128342
25 0.933333
26 0.947594
27 0.361497
28 0.0192513
29 0.889219
30 0.997759
31 0.0834266
32 0.309553
33 0.648048
34 0.893021
35 0.108951
36 0.367878
37 0.19634
38 0.640092
39 0.164975
40 0.236832
41 0.225014
42 0.0957568
43 0.200381
44 0.177188
45 0.538931
46 0.278021
47 0.193892
48 0.925142
49 0.675891
50 0.721123
51 0.627704
52 0.350382
53 0.676262
54 0.476166
55 0.0690823
56 0.151392
57 0.0603854
58 0.0995277
59 0.0467533
60 0.00823113
61 0.148542
0 0.571271
1 0.254139
2 0.565419
3 0.0509804
4 0.123351
5 0.164706
6 0.164706
7 0.164706
8 0.164706
9 0.164706
10 0.164706
11 0.164706
12 0.164706
13 0.164706
14 0.164706
15 0.504456
16 0.155437
17 0.14902
18 0.14902
19 0.14902
20 0.14902
21 0.14902
22 0.14902
23 0.14902
24 0.14902
25 0.85205
26 0.956863
27 0.956863
28 0.956863
29 0.803223
30 0.99665
31 0.328184
32 0.229667
33 0.503154
34 0.948093
35 0.0548171
36 0.182359
37 0.459471
38 0.793137
39 0.215375
40 0.136731
41 0.227768
42 0.0749994
43 0.106596
44 0.0936244
45 0.789182
46 0.397401
47 0.215839
48 0.986797
49 0.946347
50 0.727488
51 0.457106
52 0.267956
53 0.659882
54 0.404995
55 0.143416
56 0.248619
57 0.0385096
58 0.016536
59 0.0160819
60 0.00298433
61 0.0370623
0 0.686057
1 0.247109
2 0.933333
3 0.933333
4 0.933334
5 0.933333
6 0.137433
7 0.0178253
8 0.0784314
9 0.299465
10 0.144742
11 0.0377897
12 0.00392157
13 0.00392157
14 0.00392157
15 0.933333
16 0.933333
17 0.933334
18 0.503387
19 0.22246
20 0.175401
21 0.124421
22 0.0060606
23 0.00392157
24 0.00392157
25 0.933333
26 0.941889
27 0.614973
28 1
29 0.826406
30 0.99789
31 0.0669845
32 0.468396
33 0.651709
34 0.940602
35 0.0947862
36 0.384775
37 0.337042
38 0.428717
39 0.100358
40 0.130501
41 0.159243
42 0.118534
43 0.204241
44 0.228422
45 0.6447
46 0.369871
47 0.219223
48 0.817381
49 0.680909
50 0.691184
51 0.533222
52 0.329959
53 0.613879
54 0.517825
55 0.0586702
56 0.196678
57 0.062242
58 0.0429559
59 0.0425227
60 0.026978
61 0.109574
0 0.67104
1 0.239106
2 0.00784314
3 0.00784314
4 0.00784314
5 0.00784314
6 0.00784314
7 0.00784314
8 0.00784314
9 0.00784314
10 0.00784314
11 0.166132
12 0.298039
13 0.298039
14 0.298039
15 0.407843
16 0.407843
17 0.407843
18 0.407843
19 0.407843
20 0.407843
21 0.407843
22 0.119786
23 0.0117647
24 0.0117647
25 0.796078
26 0.796078
27 0.780036
28 0.619608
29 0.911037
30 0.998536
31 0.0518455
32 0.455339
33 0.732482
34 0.950675
35 0.0809216
36 0.395861
37 0.212894
38 0.396044
39 0.137161
40 0.18628
41 0.144807
42 0.185256
43 0.225151
44 0.0982254
45 0.50598
46 0.283091
47 0.313333
48 0.741794
49 0.720012
50 0.636424
51 0.54714
52 0.388033
53 0.845521
54 0.51645
55 0.0698474
56 0.24474
57 0.0879366
58 0.0264007
59 0.0674531
60 0.0171935
61 0.0868912
0 0.131921
1 0.315515
2 0.00784314
3 0.00784314
4 0.00784314
5 0.00784314
6 0.00784314
7 0.00784314
8 0.00784314
9 0.00784314
10 0.00784314
11 0.00784314
12 0.00784314
13 0.00784314
14 0.00784313
15 0.407843
16 0.407843
17 0.407843
18 0.407843
19 0.407843
20 0.407843
21 0.407843
22 0.407843
23 0.407843
24 0.407843
25 0.901961
26 0.901961
27 0.901961
28 0.901961
29 0.897081
30 0.998466
31 0.0371726
32 0.492646
33 0.681526
34 0.939258
35 0.0800753
36 0.356886
37 0.229463
38 0.399419
39 0.12235
40 0.129252
41 0.119244
42 0.131555
43 0.141282
44 0.0537982
45 0.535629
46 0.2548
47 0.277377
48 0.731169
49 0.674007
50 0.62092
51 0.534485
52 0.37298
53 0.819149
54 0.498998
55 0.0584821
56 0.195297
57 0.0832591
58 0.0208561
59 0.0624869
60 0.0114836
61 0.073582
0 0.591214
1 0.400106
2 0.0196078
3 0.0196078
4 0.0196078
5 0.0196078
6 0.0196078
7 0.0196079
8 0.0196078
9 0.0196078
10 0.0196078
11 0.0196078
12 0.0196079
13 0.0196079
14 0.0196078
15 0.407843
16 0.407843
17 0.407843
18 0.407843
19 0.407843
20 0.407843
21 0.407843
22 0.407843
23 0.407843
24 0.407843
25 0.85098
26 0.85098
27 0.85098
28 0.85098
29 0.904762
30 0.998461
31 0.0675238
32 0.442459
33 0.643608
34 0.9299
35 0.0922694
36 0.358858
37 0.227922
38 0.411191
39 0.131018
40 0.162184
41 0.140771
42 0.16053
43 0.182601
44 0.0718562
45 0.517195
46 0.235438
47 0.285887
48 0.733771
49 0.711742
50 0.576012
51 0.532182
52 0.355728
53 0.807964
54 0.499838
55 0.0689047
56 0.252498
57 0.0874516
58 0.0217531
59 0.0604509
60 0.0109107
61 0.0706714
0 0.280005
1 0.392555
2 0.0470588
3 0.0470588
4 0.0470588
5 0.0470588
6 0.0470588
7 0.0470588
8 0.0470588
9 0.0470588
10 0.0470588
11 0.0470588
12 0.0470588
13 0.0470588
14 0.0470588
15 0.407843
16 0.407843
17 0.407843
18 0.407843
19 0.407843
20 0.407843
21 0.407843
22 0.407843
23 0.407843
24 0.407843
25 0.933333
26 0.933333
27 0.933333
28 0.933333
29 0.82931
30 0.994853
31 0.74811
32 0.318645
33 0.194984
34 0.337368
35 0.357734
36 0.214992
37 0.237688
38 0.793631
39 0.0572931
40 0.220891
41 0.334838
42 0.137432
43 0.253467
44 0.255371
45 0.482691
46 0.365691
47 0.272104
48 0.92725
49 0.607117
50 0.62025
51 0.640611
52 0.299643
53 0.491378
54 0.523087
55 0.223099
56 0.234263
57 0.110109
58 0.227541
59 0.0628379
60 0.0024858
61 0.0383912
0 0.405825
1 0.384905
2 0.615686
3 0.615686
4 0.615686
5 0.615686
6 0.615686
7 0.615687
8 0.615686
9 0.615686
10 0.615686
11 0.615686
12 0.615687
13 0.615687
14 0.615686
15 0.00392157
16 0.00392157
17 0.00392157
18 0.00392157
19 0.00392157
20 0.00392157
21 0.00392157
22 0.00392157
23 0.00392157
24 0.00392157
25 1
26 1
27 1
28 1
29 0.996264
30 0.999132
31 0.980726
32 0.215197
33 0.829843
34 0.895088
35 0.0970446
36 0.19045
37 0.0837367
38 0.715042
39 0.50008
40 0.47998
41 0.555981
42 0.59709
43 0.596371
44 0.249898
45 0.982161
46 0.981673
47 0.880907
48 0.998832
49 0.987565
50 0.900836
51 0.989389
52 0.899641
53 0.994584
54 0.531975
55 0.376257
56 0.246024
57 0.0257359
58 0.0588127
59 0.00331345
60 0.000312647
61 0.00170919
0 0.031743
1 0.377377
2 0.964706
3 0.964706
4 0.964706
5 0.964706
6 0.964706
7 0.964706
8 0.964706
9 0.964706
10 0.964706
11 0.513369
12 0.137255
13 0.137255
14 0.137255
15 0.964706
16 0.964706
17 0.964706
18 0.964706
19 0.964706
20 0.964706
21 0.964706
22 0.559715
23 0.407843
24 0.407843
25 0.964706
26 0.964706
27 0.956863
28 0.878431
29 0.906357
30 0.998649
31 0.183188
32 0.450392
33 0.720698
34 0.835665
35 0.0368183
36 0.211844
37 0.075162
38 0.636975
39 0.383697
40 0.243844
41 0.40483
42 0.278702
43 0.330388
44 0.0954609
45 0.898664
46 0.882684
47 0.559456
48 0.98493
49 0.903535
50 0.943793
51 0.895627
52 0.787507
53 0.96693
54 0.245211
55 0.163315
56 0.0596001
57 0.0788087
58 0.0605252
59 0.0166302
60 0.00532494
61 0.0173788
0 0.650046
1 0.368745
2 0.517647
3 0.517647
4 0.517647
5 0.517647
6 0.517647
7 0.517647
8 0.517647
9 0.517647
10 0.517647
11 0.517647
12 0.517647
13 0.517647
14 0.517647
15 0.521569
16 0.521569
17 0.521569
18 0.521569
19 0.521569
20 0.521569
21 0.521569
22 0.521569
23 0.521569
24 0.521568
25 0.298039
26 0.298039
27 0.298039
28 0.298039
29 0.923436
30 0.998886
31 0.27924
32 0.202498
33 0.723773
34 0.709051
35 0.0555578
36 0.189144
37 0.0799629
38 0.443831
39 0.191546
40 0.189106
41 0.228572
42 0.210762
43 0.217793
44 0.0914571
45 0.697311
46 0.524226
47 0.425476
48 0.933242
49 0.882018
50 0.745499
51 0.79006
52 0.549684
53 0.896646
54 0.326713
55 0.0920228
56 0.171872
57 0.0950208
58 0.0182173
59 0.0182334
60 0.00360989
61 0.0131228
0 0.16581
1 0.452434
2 0.360784
3 0.360784
4 0.360784
5 0.360784
6 0.360784
7 0.360784
8 0.360784
9 0.360784
10 0.360784
11 0.360784
12 0.360784
13 0.360784
14 0.360784
15 0.521569
16 0.521569
17 0.521569
18 0.521569
19 0.521569
20 0.521569
21 0.521569
22 0.521569
23 0.521569
24 0.521568
25 0.843137
26 0.843137
27 0.843137
28 0.843137
29 0.898127
30 0.998469
31 0.109889
32 0.363541
33 0.630654
34 0.820624
35 0.0568157
36 0.225179
37 0.108474
38 0.355396
39 0.129278
40 0.122728
41 0.130133
42 0.161448
43 0.142396
44 0.0537971
45 0.689233
46 0.470128
47 0.318982
48 0.864159
49 0.767929
50 0.672962
51 0.642255
52 0.505402
53 0.863573
54 0.351717
55 0.0649991
56 0.0930327
57 0.0748521
58 0.0143546
59 0.0240293
60 0.00565067
61 0.0175088
0 0.678586
1 0.538636
2 0.25098
3 0.25098
4 0.25098
5 0.25098
6 0.25098
7 0.25098
8 0.25098
9 0.25098
10 0.25098
11 0.25098
12 0.25098
13 0.25098
14 0.25098
15 0.521569
16 0.521569
17 0.521569
18 0.521569
19 0.521569
20 0.521569
21 0.521569
22 0.521569
23 0.521569
24 0.521568
25 0.709804
26 0.709804
27 0.709804
28 0.709804
29 0.63931
30 0.9952
31 0.0270886
32 0.32242
33 0.206916
34 0.858847
35 0.160133
36 0.309656
37 0.311366
38 0.442231
39 0.0537107
40 0.140168
41 0.133364
42 0.0516033
43 0.0720487
44 0.0568581
45 0.146822
46 0.0820552
47 0.0635311
48 0.480585
49 0.295988
50 0.33424
51 0.191515
52 0.121503
53 0.266527
54 0.314443
55 0.0386652
56 0.131168
57 0.104693
58 0.0225823
59 0.143351
60 0.01895
61 0.208138
0 0.527818
1 0.531508
2 0
3 0
4 0
5 0
6 0
7 0
8 0
9 0
10 0
11 0
12 0
13 0
14 0
15 0.00392157
16 0.00392157
17 0.00392157
18 0.00392157
19 0.00392157
20 0.00392157
21 0.00392157
22 0.00392157
23 0.00392157
24 0.00392157
25 1
26 1
27 1
28 1
29 0.861908
30 0.993605
31 0.0909956
32 0.448017
33 0.312975
34 0.942927
35 0.228105
36 0.351167
37 0.424094
38 0.551831
39 0.171788
40 0.233698
41 0.20151
42 0.118385
43 0.171488
44 0.245456
45 0.298007
46 0.117142
47 0.205052
48 0.655966
49 0.481649
50 0.422366
51 0.371613
52 0.181377
53 0.275159
54 0.569647
55 0.101914
56 0.353286
57 0.178246
58 0.0875683
59 0.175515
60 0.0246099
61 0.251787
0 0.265741
1 0.524762
2 0.153476
3 0.0773618
4 0.0470588
5 0.0631016
6 0.0146168
7 0.00392157
8 0.00392157
9 0.00392157
10 0.00392157
11 0.00392157
12 0.00392157
13 0.00392157
14 0.00392157
15 0.358289
16 0.16934
17 0.171123
18 0.031729
19 0.00392157
20 0.00392157
21 0.00392157
22 0.00392157
23 0.00392157
24 0.00392157
25 0.833868
26 0.967914
27 0.996078
28 0.996078
29 0.886379
30 0.989003
31 0.151997
32 0.53374
33 0.360785
34 0.939846
35 0.389401
36 0.407775
37 0.416412
38 0.841523
39 0.197849
40 0.401408
41 0.260511
42 0.178693
43 0.212191
44 0.153425
45 0.792174
46 0.76554
47 0.447809
48 0.92396
49 0.690805
50 0.830388
51 0.541461
52 0.498206
53 0.757601
54 0.598341
55 0.202611
56 0.198962
57 0.0941651
58 0.185949
59 0.163967
60 0.0159353
61 0.0324346
0 0.404372
1 0.51697
2 0.00160428
3 0.00392157
4 0.635294
5 0.996078
6 0.996078
7 0.546881
8 0.309804
9 0.0918003
10 0.00392157
11 0.00392157
12 0.00677362
13 0.0117647
14 0.0117647
15 0.057041
16 0.0766488
17 0.156863
18 0.156863
19 0.320856
20 0.146168
21 0.176471
22 0.176471
23 0.176471
24 0.17647
25 0.585027
26 0.674153
27 0.214617
28 0.732977
29 0.918792
30 0.997924
31 0.186823
32 0.447981
33 0.630938
34 0.809594
35 0.0752897
36 0.233508
37 0.0927309
38 0.678185
39 0.21046
40 0.216089
41 0.0828204
42 0.235612
43 0.206062
44 0.239152
45 0.697159
46 0.569511
47 0.511969
48 0.923252
49 0.758214
50 0.903453
51 0.775743
52 0.625151
53 0.818877
54 0.560889
55 0.250347
56 0.211975
57 0.103032
58 0.0889842
59 0.0332585
60 0.014496
61 0.0562529
0 0.041547
1 0.509091
2 0.643137
3 0.129234
4 0.149376
5 0.141176
6 0.141176
7 0.640998
8 0.190196
9 0.00748662
10 0.089483
11 0.631373
12 0.631373
13 0.613547
14 0.533333
15 0.590018
16 0.0606061
17 0.156863
18 0.156863
19 0.602496
20 0.0980393
21 0.25918
22 0.631373
23 0.631373
24 0.217825
25 0.491979
26 0.85918
27 0.38467
28 0.735472
29 0.861165
30 0.998578
31 0.217346
32 0.259413
33 0.419728
34 0.887071
35 0.0401411
36 0.218444
37 0.244763
38 0.644844
39 0.15575
40 0.107939
41 0.240153
42 0.0659959
43 0.0935104
44 0.0615738
45 0.667077
46 0.314004
47 0.137665
48 0.953631
49 0.802212
50 0.75127
51 0.461969
52 0.280676
53 0.5385
54 0.331173
55 0.0850353
56 0.114461
57 0.0805926
58 0.00966803
59 0.0245362
60 0.00426488
61 0.0613564
0 0.630029
1 0.50166
2 0.631373
3 0.631373
4 0.631373
5 0.631373
6 0.181462
7 0.0352941
8 0.0352941
9 0.0352941
10 0.0352941
11 0.0352941
12 0.0352941
13 0.59697
14 0.027451
15 0.631373
16 0.631373
17 0.631373
18 0.243137
19 0.156863
20 0.156863
21 0.156863
22 0.156863
23 0.459181
24 0.0934041
25 0.631373
26 0.84385
27 0.996078
28 0.974688
29 0.959786
30 0.998736
31 0.711259
32 0.389773
33 0.657027
34 0.508464
35 0.0516441
36 0.218395
37 0.104164
38 0.575698
39 0.160382
40 0.124716
41 0.197878
42 0.248379
43 0.337094
44 0.208719
45 0.888364
46 0.728248
47 0.531071
48 0.962095
49 0.829629
50 0.766686
51 0.86031
52 0.74229
53 0.914206
54 0.53665
55 0.112343
56 0.0964584
57 0.098331
58 0.105052
59 0.00908555
60 0.00210927
61 0.00242538
0 0.809084
1 0.495055
2 0.568627
3 0.568627
4 0.568628
5 0.568627
6 0.568627
7 0.568628
8 0.568627
9 0.568627
10 0.568627
11 0.568627
12 0.661319
13 0.82353
14 0.823529
15 0.568627
16 0.568627
17 0.568627
18 0.568627
19 0.568627
20 0.568628
21 0.568627
22 0.568627
23 0.777184
24 0.823529
25 0.568627
26 0.568627
27 0.568627
28 0.754011
29 0.695619
30 0.997871
31 0.0458417
32 0.343309
33 0.189098
34 0.917061
35 0.157248
36 0.394609
37 0.279918
38 0.462338
39 0.0991132
40 0.351004
41 0.260367
42 0.0863359
43 0.147245
44 0.0611475
45 0.182403
46 0.178429
47 0.0717012
48 0.708851
49 0.441042
50 0.54544
51 0.26328
52 0.165105
53 0.490886
54 0.245272
55 0.0510191
56 0.0804745
57 0.0984958
58 0.0191528
59 0.147692
60 0.0254843
61 0.347108
0 0.0309915
1 0.487838
2 0.0509804
3 0.0509804
4 0.0509804
5 0.0509804
6 0.0509804
7 0.0509804
8 0.0509804
9 0.0509804
10 0.0509804
11 0.0509804
12 0.0509804
13 0.0509804
14 0.0509804
15 0.00392157
16 0.00392157
17 0.00392157
18 0.00392157
19 0.00392157
20 0.00392157
21 0.00392157
22 0.00392157
23 0.00392157
24 0.00392157
25 1
26 1
27 1
28 1
29 0.91128
30 0.995641
31 0.145143
32 0.378018
33 0.46511
34 0.87307
35 0.122086
36 0.304377
37 0.336008
38 0.524287
39 0.134667
40 0.157648
41 0.13514
42 0.0955253
43 0.112028
44 0.110439
45 0.387393
46 0.240543
47 0.224868
48 0.758423
49 0.409433
50 0.543662
51 0.599709
52 0.31371
53 0.443729
54 0.546448
55 0.0656121
56 0.208185
57 0.141585
58 0.0755928
59 0.0981315
60 0.00924118
61 0.0632061
0 0.923317
1 0.481212
2 0.141176
3 0.141176
4 0.141176
5 0.141176
6 0.141176
7 0.141177
8 0.141176
9 0.141176
10 0.141176
11 0.141176
12 0.141177
13 0.141177
14 0.141176
15 0.176471
16 0.176471
17 0.176471
18 0.176471
19 0.176471
20 0.176471
21 0.176471
22 0.176471
23 0.176471
24 0.17647
25 0.913725
26 0.913725
27 0.913725
28 0.913725
29 0.928193
30 0.997136
31 0.979008
32 0.351243
33 0.243776
34 0.211839
35 0.416018
36 0.185572
37 0.173613
38 0.858912
39 0.124265
40 0.30517
41 0.465073
42 0.338312
43 0.52681
44 0.500135
45 0.771643
46 0.745778
47 0.542459
48 0.981582
49 0.814638
50 0.771665
51 0.884107
52 0.595513
53 0.752842
54 0.60764
55 0.443277
56 0.274345
57 0.150274
58 0.336952
59 0.026289
60 0.00101925
61 0.00705238
0 0.211564
1 0.473503
2 0.886275
3 0.886275
4 0.886275
5 0.886274
6 0.886274
7 0.886275
8 0.886274
9 0.886274
10 0.886274
11 0.886274
12 0.886275
13 0.886275
14 0.886274
15 0.176471
16 0.176471
17 0.176471
18 0.176471
19 0.176471
20 0.176471
21 0.176471
22 0.176471
23 0.176471
24 0.17647
25 0.901961
26 0.901961
27 0.901961
28 0.901961
29 0.899515
30 0.998992
31 0.0914349
32 0.514326
33 0.50977
34 0.975714
35 0.0541156
36 0.402398
37 0.227696
38 0.566461
39 0.245243
40 0.442724
41 0.412616
42 0.140237
43 0.299156
44 0.11048
45 0.76709
46 0.759668
47 0.379444
48 0.960251
49 0.72185
50 0.902578
51 0.793569
52 0.633332
53 0.894532
54 0.386714
55 0.0810873
56 0.0370917
57 0.182024
58 0.0960456
59 0.0511078
60 0.0433533
61 0.208205
0 0.283859
1 0.465771
2 0.34902
3 0.311586
4 0.193048
5 0.537611
6 0.157754
7 0.105882
8 0.105882
9 0.105882
10 0.0983957
11 0.0509804
12 0.0509804
13 0.760072
14 0.412477
15 0.25098
16 0.200356
17 0.442424
18 0.284135
19 0.239216
20 0.239216
21 0.196435
22 0.00392157
23 0.354724
24 0.608556
25 0.331551
26 0.429234
27 0.542602
28 0.819964
29 0.798302
30 0.996923
31 0.0496593
32 0.274505
33 0.663327
34 0.798446
35 0.0575244
36 0.292552
37 0.186399
38 0.563771
39 0.225495
40 0.156196
41 0.0967477
42 0.168731
43 0.0817359
44 0.0604567
45 0.420967
46 0.266671
47 0.209085
48 0.739437
49 0.485869
50 0.759224
51 0.54334
52 0.294059
53 0.579682
54 0.37909
55 0.0972829
56 0.232632
57 0.117469
58 0.0138561
59 0.0719845
60 0.0140937
61 0.0581533
0 0.752446
1 0.458093
2 0.0745098
3 0.0745098
4 0.0745098
5 0.0745098
6 0.0745098
7 0.0745098
8 0.0745098
9 0.0745098
10 0.0648841
11 0.547237
12 0.179323
13 0.0431373
14 0.0431372
15 0.239216
16 0.239216
17 0.239216
18 0.239216
19 0.239216
20 0.239216
21 0.227807
22 0.66631
23 0.112299
24 0.00392157
25 0.65098
26 0.65098
27 0.746168
28 0.814617
29 0.751185
30 0.996902
31 0.0349023
32 0.547914
33 0.488746
34 0.944066
35 0.141728
36 0.318553
37 0.275336
38 0.424848
39 0.143173
40 0.12109
41 0.11223
42 0.110855
43 0.110718
44 0.0970874
45 0.495427
46 0.186609
47 0.216011
48 0.610036
49 0.53237
50 0.551854
51 0.390518
52 0.303863
53 0.645295
54 0.537771
55 0.107961
56 0.230937
57 0.13646
58 0.0353266
59 0.13271
60 0.042577
61 0.094137
0 0.439185
1 0.451493
2 0.0117647
3 0.0117647
4 0.0117647
5 0.0117647
6 0.0117647
7 0.0117647
8 0.0117647
9 0.0117647
10 0.0117647
11 0.0117647
12 0.0117647
13 0.0110517
14 0.00784313
15 0.239216
16 0.239216
17 0.239216
18 0.239216
19 0.239216
20 0.239216
21 0.239216
22 0.239216
23 0.239216
24 0.182175
25 0.568627
26 0.568627
27 0.568627
28 0.72549
29 0.79291
30 0.996596
31 0.0623031
32 0.553739
33 0.473923
34 0.945743
35 0.125075
36 0.37994
37 0.345641
38 0.557384
39 0.178134
40 0.178462
41 0.191683
42 0.19616
43 0.249323
44 0.128571
45 0.512248
46 0.221994
47 0.300012
48 0.652781
49 0.58039
50 0.585742
51 0.432421
52 0.313829
53 0.673129
54 0.611197
55 0.153999
56 0.391359
57 0.190373
58 0.0651338
59 0.125329
60 0.0309278
61 0.126663
0 0.0975217
1 0.44471
2 0.0431373
3 0.0431373
4 0.0431373
5 0.0431373
6 0.0431373
7 0.0431373
8 0.0431373
9 0.0431373
10 0.0516934
11 0.105882
12 0.105882
13 0.0301248
14 0.00784313
15 0.239216
16 0.239216
17 0.239216
18 0.239216
19 0.239216
20 0.239216
21 0.224242
22 0.156863
23 0.163993
24 0.17647
25 0.568627
26 0.568627
27 0.600713
28 0.857397
29 0.808095
30 0.997316
31 0.0671781
32 0.758187
33 0.6007
34 0.954146
35 0.150494
36 0.398875
37 0.283744
38 0.566381
39 0.176925
40 0.132581
41 0.162511
42 0.145927
43 0.183679
44 0.117775
45 0.658225
46 0.437239
47 0.384782
48 0.762202
49 0.602009
50 0.617915
51 0.622289
52 0.559354
53 0.861535
54 0.688084
55 0.134509
56 0.235423
57 0.160386
58 0.156959
59 0.0950189
60 0.020803
61 0.0547694
0 0.863038
1 0.43805
2 0.0235294
3 0.0235294
4 0.0235294
5 0.0235294
6 0.0235294
7 0.157398
8 0.34902
9 0.34902
10 0.308378
11 0.0509804
12 0.069697
13 0.173619
14 0.203921
15 0.239216
16 0.239216
17 0.239216
18 0.239216
19 0.408556
20 0.25098
21 0.214617
22 0.123708
23 0.25918
24 0.156863
25 0.572549
26 0.427807
27 0.122282
28 0.706239
29 0.779867
30 0.996882
31 0.143735
32 0.534636
33 0.479337
34 0.904838
35 0.246458
36 0.480585
37 0.240738
38 0.729802
39 0.240617
40 0.268914
41 0.242782
42 0.167043
43 0.323006
44 0.0893458
45 0.667428
46 0.472797
47 0.450796
48 0.816521
49 0.665134
50 0.58555
51 0.512041
52 0.475708
53 0.858861
54 0.605865
55 0.148036
56 0.215138
57 0.151644
58 0.106959
59 0.142279
60 0.0157575
61 0.0518474
0 0.0669552
1 0.431127
2 0.0235294
3 0.0235294
4 0.0235294
5 0.249911
6 0.521569
7 0.521569
8 0.521569
9 0.368093
10 0.224421
11 0.054902
12 0.0586453
13 0.0588236
14 0.0588235
15 0.239216
16 0.239216
17 0.216756
18 0.156863
19 0.156863
20 0.146168
21 0.138324
22 0.12656
23 0.317647
24 0.317647
25 0.588235
26 0.819964
27 0.355793
28 0.885562
29 0.90806
30 0.997401
31 0.151374
32 0.498993
33 0.728748
34 0.814926
35 0.0806815
36 0.249308
37 0.12713
38 0.666654
39 0.383632
40 0.188074
41 0.150879
42 0.182065
43 0.367928
44 0.0704525
45 0.792337
46 0.655768
47 0.59057
48 0.938214
49 0.729936
50 0.817818
51 0.734865
52 0.538115
53 0.8522
54 0.592888
55 0.266613
56 0.116868
57 0.111072
58 0.0674876
59 0.0280664
60 0.0047765
61 0.0402917
0 0.637446
1 0.424365
2 0.682353
3 0.245098
4 0.342246
5 0.2
6 0.240642
7 0.73672
8 0.492157
9 0.102317
10 0.105882
11 0.105882
12 0.591087
13 0.154546
14 0.2
15 0.65918
16 0.315152
17 0.504813
18 0.473084
19 0.165419
20 0.203565
21 0.317647
22 0.501604
23 0.398574
24 0.6
25 0.403922
26 0.37754
27 0.7918
28 0.376114
29 0.745963
30 0.998198
31 0.0349833
32 0.464899
33 0.708921
34 0.903268
35 0.0968343
36 0.282787
37 0.182318
38 0.487069
39 0.171046
40 0.0837873
41 0.155341
42 0.107013
43 0.101059
44 0.0429731
45 0.628832
46 0.431392
47 0.28407
48 0.801944
49 0.598864
50 0.641007
51 0.601534
52 0.525298
53 0.89223
54 0.447695
55 0.0522797
56 0.166247
57 0.109388
58 0.0290582
59 0.0545603
60 0.00961924
61 0.0259708
0 0.870165
1 0.417541
2 0.0509804
3 0.0509804
4 0.138859
5 0.0980392
6 0.314795
7 0.34902
8 0.27451
9 0.2
10 0.176471
11 0.0338681
12 0.0392157
13 0.0392157
14 0.0392157
15 0.239216
16 0.231373
17 0.364349
18 0.283066
19 0.25098
20 0.6
21 0.4959
22 0.238503
23 0.317647
24 0.317647
25 0.51123
26 0.26025
27 0.235294
28 0.933333
29 0.603062
30 0.994762
31 0.0245166
32 0.527334
33 0.492284
34 0.933432
35 0.0817286
36 0.323805
37 0.233982
38 0.440201
39 0.124528
40 0.0891939
41 0.0973136
42 0.101783
43 0.125976
44 0.0494602
45 0.450717
46 0.191594
47 0.154912
48 0.543842
49 0.475458
50 0.518529
51 0.285244
52 0.275448
53 0.649864
54 0.430842
55 0.0989753
56 0.139793
57 0.149976
58 0.0257225
59 0.0947829
60 0.0352408
61 0.103321
0 0.616427
1 0.410944
2 0.00784314
3 0.00784314
4 0.00784314
5 0.00784314
6 0.00784314
7 0.00784314
8 0.00784314
9 0.00784314
10 0.00784314
11 0.00784314
12 0.00784314
13 0.00784314
14 0.00784313
15 0.239216
16 0.239216
17 0.239216
18 0.239216
19 0.239216
20 0.239216
21 0.239216
22 0.239216
23 0.239216
24 0.239216
25 0.490196
26 0.490196
27 0.490196
28 0.490196
29 0.790438
30 0.992823
31 0.0921301
32 0.592189
33 0.503086
34 0.911172
35 0.0908244
36 0.345526
37 0.291004
38 0.532756
39 0.173674
40 0.116595
41 0.139322
42 0.134952
43 0.196698
44 0.100238
45 0.538437
46 0.271329
47 0.228991
48 0.660581
49 0.466851
50 0.579973
51 0.425133
52 0.337963
53 0.660439
54 0.527386
55 0.129197
56 0.193232
57 0.176572
58 0.0732709
59 0.0853086
60 0.0235843
61 0.0749726
0 0.767059
1 0.404377
2 0.113725
3 0.113725
4 0.113726
5 0.113725
6 0.113725
7 0.113726
8 0.113725
9 0.113725
10 0.113725
11 0.113725
12 0.113726
13 0.113726
14 0.113725
15 0.239216
16 0.239216
17 0.239216
18 0.239216
19 0.239216
20 0.239216
21 0.239216
22 0.239216
23 0.239216
24 0.239216
25 0.470588
26 0.470588
27 0.470588
28 0.470588
29 0.794075
30 0.996059
31 0.0487308
32 0.636537
33 0.541832
34 0.953436
35 0.0968413
36 0.40624
37 0.327974
38 0.545693
39 0.199678
40 0.147703
41 0.152437
42 0.145881
43 0.21113
44 0.0858748
45 0.540051
46 0.291929
47 0.243251
48 0.676408
49 0.521821
50 0.617945
51 0.461156
52 0.36027
53 0.735681
54 0.533845
55 0.130305
56 0.203097
57 0.178193
58 0.0572743
59 0.105929
60 0.0351625
61 0.130906
0 0.558147
1 0.397729
2 0.0313726
3 0.0313726
4 0.0313726
5 0.0313725
6 0.0313725
7 0.0313726
8 0.0313725
9 0.0313725
10 0.0313725
11 0.0313725
12 0.0313726
13 0.0313726
14 0.0313725
15 0.239216
16 0.239216
17 0.239216
18 0.239216
19 0.239216
20 0.239216
21 0.239216
22 0.239216
23 0.239216
24 0.239216
25 0.509804
26 0.509804
27 0.509804
28 0.509804
29 0.814368
30 0.996382
31 0.153886
32 0.584715
33 0.54875
34 0.925172
35 0.136388
36 0.372581
37 0.306269
38 0.632105
39 0.209847
40 0.202728
41 0.215112
42 0.209107
43 0.313849
44 0.136541
45 0.592549
46 0.34768
47 0.357454
48 0.77658
49 0.65135
50 0.660745
51 0.562403
52 0.401532
53 0.780705
54 0.590571
55 0.224495
56 0.297405
57 0.198953
58 0.0819668
59 0.0981148
60 0.0239408
61 0.0924831
0 0.165792
1 0.391121
2 0.156863
3 0.156863
4 0.156863
5 0.156863
6 0.156863
7 0.156863
8 0.156863
9 0.156863
10 0.156863
11 0.156863
12 0.156863
13 0.156863
14 0.156863
15 0.239216
16 0.239216
17 0.239216
18 0.239216
19 0.239216
20 0.239216
21 0.239216
22 0.239216
23 0.239216
24 0.239216
25 0.568627
26 0.568627
27 0.568627
28 0.568627
29 0.832779
30 0.997732
31 0.121962
32 0.675042
33 0.593433
34 0.914966
35 0.128715
36 0.417041
37 0.255132
38 0.538997
39 0.185776
40 0.211102
41 0.147728
42 0.175616
43 0.311314
44 0.145443
45 0.564716
46 0.3143
47 0.305942
48 0.764097
49 0.653807
50 0.779956
51 0.585415
52 0.39307
53 0.711028
54 0.525438
55 0.162303
56 0.170444
57 0.25414
58 0.0636274
59 0.0920075
60 0.0320566
61 0.234384
0 0.426586
1 0.384617
2 0.0588235
3 0.0490196
4 0.0156863
5 0.0156863
6 0.0156863
7 0.0156863
8 0.0156863
9 0.0156863
10 0.0579322
11 0.32549
12 0.32549
13 0.32549
14 0.32549
15 0.427451
16 0.265241
17 0.172549
18 0.172549
19 0.172549
20 0.172549
21 0.200357
22 0.32549
23 0.32549
24 0.32549
25 0.552941
26 0.882353
27 0.730481
28 0.32549
29 0.87049
30 0.997621
31 0.178347
32 0.341823
33 0.490147
34 0.822559
35 0.112785
36 0.510352
37 0.357976
38 0.614791
39 0.166414
40 0.166237
41 0.142198
42 0.0501742
43 0.126567
44 0.0329393
45 0.872932
46 0.609313
47 0.432066
48 0.876773
49 0.537195
50 0.777753
51 0.549438
52 0.305522
53 0.727076
54 0.643945
55 0.0875091
56 0.167832
57 0.0457937
58 0.0448982
59 0.0404854
60 0.00453968
61 0.0222978
0 0.96605
1 0.377917
2 0.054902
3 0.054902
4 0.0877006
5 0.528342
6 0.658823
7 0.600713
8 0.0196078
9 0.0196078
10 0.0196078
11 0.0196078
12 0.0196079
13 0.0196079
14 0.0196078
15 0.427451
16 0.381818
17 0.418538
18 0.658823
19 0.43779
20 0.172549
21 0.172549
22 0.172549
23 0.172549
24 0.172549
25 0.504456
26 0.677718
27 0.882353
28 0.882353
29 0.813999
30 0.997759
31 0.151244
32 0.355004
33 0.445016
34 0.930414
35 0.0918129
36 0.234949
37 0.267703
38 0.63719
39 0.179096
40 0.158902
41 0.187713
42 0.101613
43 0.19028
44 0.094338
45 0.530397
46 0.235397
47 0.232593
48 0.870968
49 0.691965
50 0.606843
51 0.509479
52 0.304658
53 0.691747
54 0.468209
55 0.142595
56 0.20525
57 0.121448
58 0.031594
59 0.0570145
60 0.0101089
61 0.139907
0 0.116632
1 0.371511
2 0.505882
3 0.505882
4 0.206417
5 0.0352941
6 0.0352941
7 0.0352941
8 0.0352941
9 0.0352941
10 0.0352941
11 0.0224599
12 0.0117647
13 0.0117647
14 0.0117647
15 0.505882
16 0.445989
17 0.176471
18 0.176471
19 0.176471
20 0.176471
21 0.176471
22 0.173619
23 0.172549
24 0.172549
25 0.633155
26 0.972549
27 0.963993
28 0.878431
29 0.826494
30 0.997435
31 0.085302
32 0.502568
33 0.491226
34 0.900398
35 0.146171
36 0.384349
37 0.297773
38 0.434587
39 0.100726
40 0.150988
41 0.112371
42 0.0827747
43 0.13954
44 0.0669831
45 0.408063
46 0.264272
47 0.132541
48 0.714936
49 0.465094
50 0.591575
51 0.436451
52 0.293953
53 0.531366
54 0.420386
55 0.0587978
56 0.113308
57 0.162443
58 0.0437385
59 0.0815123
60 0.0183255
61 0.128034
0 0.94186
1 0.365337
2 0.0313726
3 0.0313726
4 0.0313726
5 0.0313725
6 0.0313725
7 0.0313726
8 0.0313725
9 0.0313725
10 0.0313725
11 0.0955436
12 0.14902
13 0.0914439
14 0.0745098
15 0.176471
16 0.176471
17 0.176471
18 0.176471
19 0.176471
20 0.176471
21 0.176471
22 0.156506
23 0.210339
24 0.317647
25 0.972549
26 0.972549
27 0.897683
28 0.553298
29 0.733038
30 0.994205
31 0.106264
32 0.672903
33 0.448445
34 0.940273
35 0.133591
36 0.392148
37 0.373145
38 0.553385
39 0.127506
40 0.188373
41 0.112961
42 0.143101
43 0.231835
44 0.13801
45 0.339924
46 0.253975
47 0.200842
48 0.598208
49 0.504155
50 0.540301
51 0.400405
52 0.313293
53 0.632084
54 0.438646
55 0.157084
56 0.160372
57 0.216401
58 0.0671356
59 0.152893
60 0.058811
61 0.175138
0 0.359235
1 0.358952
2 0.00392157
3 0.00392157
4 0.00392157
5 0.00392157
6 0.00392157
7 0.00392157
8 0.00392157
9 0.056328
10 0.168627
11 0.168627
12 0.168628
13 0.168628
14 0.168627
15 0.176471
16 0.176471
17 0.176471
18 0.176471
19 0.176471
20 0.175758
21 0.168627
22 0.168627
23 0.168628
24 0.168627
25 0.815686
26 0.815686
27 0.403922
28 0.168627
29 0.85489
30 0.996984
31 0.119074
32 0.628107
33 0.549226
34 0.927756
35 0.105451
36 0.440882
37 0.334961
38 0.491346
39 0.133007
40 0.160945
41 0.121511
42 0.0805925
43 0.207326
44 0.0733097
45 0.371673
46 0.26203
47 0.179826
48 0.694145
49 0.424643
50 0.587971
51 0.507235
52 0.321123
53 0.621056
54 0.540383
55 0.0697553
56 0.145231
57 0.192306
58 0.0706924
59 0.0943547
60 0.0161739
61 0.151215
0 0.944904
1 0.352548
2 0.00392157
3 0.00392157
4 0.00392157
5 0.00392157
6 0.0124777
7 0.0352941
8 0.0352941
9 0.0352941
10 0.0352941
11 0.0352941
12 0.0352941
13 0.1959
14 0.243137
15 0.176471
16 0.176471
17 0.176471
18 0.176471
19 0.176471
20 0.176471
21 0.176471
22 0.176471
23 0.200713
24 0.243137
25 0.94902
26 0.889127
27 0.839216
28 0.514082
29 0.771366
30 0.997804
31 0.116338
32 0.576786
33 0.475888
34 0.919015
35 0.161273
36 0.443563
37 0.343045
38 0.568339
39 0.158175
40 0.178687
41 0.133806
42 0.0896452
43 0.173383
44 0.0714263
45 0.404957
46 0.184334
47 0.19655
48 0.71848
49 0.545305
50 0.574075
51 0.480056
52 0.292487
53 0.672804
54 0.567487
55 0.100152
56 0.223964
57 0.126081
58 0.0448219
59 0.0918382
60 0.0103774
61 0.118769
0 0.6011
1 0.346236
2 0.0470588
3 0.0502674
4 0.0509804
5 0.0509804
6 0.0509804
7 0.0509804
8 0.0509804
9 0.0509804
10 0.0509804
11 0.0509804
12 0.0509804
13 0.0509804
14 0.0509804
15 0.522282
16 0.176471
17 0.176471
18 0.176471
19 0.176471
20 0.176471
21 0.176471
22 0.176471
23 0.176471
24 0.17647
25 0.840998
26 0.866667
27 0.866667
28 0.866667
29 0.844713
30 0.998164
31 0.139831
32 0.498647
33 0.535393
34 0.949997
35 0.193677
36 0.440959
37 0.36562
38 0.567324
39 0.161491
40 0.277887
41 0.188967
42 0.153112
43 0.240431
44 0.119225
45 0.412269
46 0.215755
47 0.262648
48 0.711809
49 0.604242
50 0.608075
51 0.509268
52 0.289792
53 0.689908
54 0.608997
55 0.145377
56 0.347407
57 0.190267
58 0.0648777
59 0.149623
60 0.0229782
61 0.172537
0 0.035177
1 0.340067
2 0.0196078
3 0.0196078
4 0.0196078
5 0.0196078
6 0.0196078
7 0.0196079
8 0.0196078
9 0.0196078
10 0.0196078
11 0.0196078
12 0.0196079
13 0.0196079
14 0.0196078
15 0.172549
16 0.172549
17 0.172549
18 0.172549
19 0.172549
20 0.172549
21 0.172549
22 0.172549
23 0.172549
24 0.172549
25 0.945098
26 0.945098
27 0.945098
28 0.945098
29 0.822795
30 0.99813
31 0.0811006
32 0.560754
33 0.586195
34 0.959454
35 0.174107
36 0.407317
37 0.323912
38 0.58192
39 0.173382
40 0.269577
41 0.183001
42 0.167142
43 0.225092
44 0.110906
45 0.466293
46 0.265511
47 0.32567
48 0.735157
49 0.625297
50 0.669992
51 0.537455
52 0.338818
53 0.738192
54 0.631309
55 0.179091
56 0.349686
57 0.210152
58 0.0812239
59 0.164942
60 0.0308736
61 0.215512
0 0.0851461
1 0.333828
2 0.0989305
3 0.00392157
4 0.00392157
5 0.00392157
6 0.00392157
7 0.00392157
8 0.00392157
9 0.00392157
10 0.00392157
11 0.00392157
12 0.00392157
13 0.00392157
14 0.00392157
15 0.172549
16 0.172549
17 0.172549
18 0.172549
19 0.172549
20 0.172549
21 0.172549
22 0.172549
23 0.172549
24 0.172549
25 0.844563
26 0.819608
27 0.819608
28 0.819608
29 0.884735
30 0.998439
31 0.0538421
32 0.612562
33 0.713124
34 0.956575
35 0.0829793
36 0.345705
37 0.15955
38 0.421603
39 0.139646
40 0.172952
41 0.145092
42 0.256704
43 0.20201
44 0.0548547
45 0.614299
46 0.382931
47 0.366642
48 0.675938
49 0.620756
50 0.751832
51 0.71592
52 0.553189
53 0.913171
54 0.596411
55 0.17803
56 0.264257
57 0.220219
58 0.0765654
59 0.0852806
60 0.0244266
61 0.083543
0 0.267649
1 0.326744
2 0.00392157
3 0.00392157
4 0.00392157
5 0.00392157
6 0.0124777
7 0.0352941
8 0.0352941
9 0.0352941
10 0.0352941
11 0.0352941
12 0.0352941
13 0.0110517
14 0.00392157
15 0.0588235
16 0.0588235
17 0.0588235
18 0.21426
19 0.486274
20 0.486275
21 0.486274
22 0.486274
23 0.500535
24 0.52549
25 0.509804
26 0.676649
27 0.815686
28 0.642424
29 0.387378
30 0.991636
31 0.017916
32 0.704388
33 0.393896
34 0.908045
35 0.0763332
36 0.323196
37 0.27138
38 0.659793
39 0.1389
40 0.106999
41 0.124941
42 0.0478075
43 0.152279
44 0.0306798
45 0.420812
46 0.151784
47 0.174621
48 0.579965
49 0.344638
50 0.549225
51 0.236171
52 0.280085
53 0.598024
54 0.500485
55 0.130526
56 0.128559
57 0.196821
58 0.093313
59 0.0916974
60 0.0338195
61 0.204243
0 0.773642
1 0.320446
2 0.34902
3 0.0666667
4 0.00392157
5 0.00392157
6 0.00392157
7 0.00392157
8 0.00392157
9 0.00392157
10 0.00392157
11 0.00392157
12 0.00392157
13 0.00392157
14 0.54385
15 0.233512
16 0.0588235
17 0.0588235
18 0.0588235
19 0.0588235
20 0.0588235
21 0.0588235
22 0.0588235
23 0.0588235
24 0.449198
25 0.28877
26 0.368627
27 0.368627
28 0.468449
29 0.714188
30 0.989325
31 0.0686205
32 0.583192
33 0.453581
34 0.955285
35 0.137176
36 0.426528
37 0.394327
38 0.546576
39 0.201101
40 0.160445
41 0.150261
42 0.108443
43 0.195657
44 0.122055
45 0.425437
46 0.173117
47 0.151953
48 0.568871
49 0.369405
50 0.577556
51 0.321061
52 0.230655
53 0.51308
54 0.579575
55 0.164656
56 0.270803
57 0.242965
58 0.119642
59 0.193833
60 0.0645138
61 0.23802
0 0.515615
1 0.314372
2 0.00392157
3 0.00392157
4 0.00392157
5 0.00392157
6 0.00392157
7 0.00392157
8 0.00392157
9 0.00392157
10 0.00392157
11 0.00392157
12 0.00392157
13 0.00392157
14 0.00392157
15 0.0588235
16 0.0588235
17 0.0588235
18 0.0588235
19 0.0588235
20 0.0588235
21 0.0588235
22 0.0588235
23 0.0588235
24 0.0588235
25 0.490196
26 0.490196
27 0.490196
28 0.490196
29 0.705943
30 0.992561
31 0.0390537
32 0.710972
33 0.435621
34 0.958621
35 0.146986
36 0.433282
37 0.418581
38 0.598059
39 0.179433
40 0.147449
41 0.132439
42 0.103216
43 0.172796
44 0.084251
45 0.46537
46 0.261395
47 0.213309
48 0.620755
49 0.361341
50 0.630046
51 0.402101
52 0.318597
53 0.608931
54 0.630071
55 0.172773
56 0.23923
57 0.230279
58 0.140094
59 0.21681
60 0.0665782
61 0.248338
0 0.709864
1 0.307581
2 0.00784314
3 0.00784314
4 0.00784314
5 0.00784314
6 0.00784314
7 0.00784314
8 0.00784314
9 0.00784314
10 0.00784314
11 0.00784314
12 0.00784314
13 0.00784314
14 0.00784313
15 0.0588235
16 0.0588235
17 0.0588235
18 0.0588235
19 0.0588235
20 0.0588235
21 0.0588235
22 0.0588235
23 0.0588235
24 0.0588235
25 0.439216
26 0.439216
27 0.439216
28 0.439216
29 0.774663
30 0.994433
31 0.390762
32 0.758018
33 0.616103
34 0.931361
35 0.106683
36 0.39829
37 0.274617
38 0.693728
39 0.398376
40 0.188481
41 0.234589
42 0.311442
43 0.540634
44 0.206646
45 0.858305
46 0.645936
47 0.62879
48 0.858062
49 0.750914
50 0.777499
51 0.707049
52 0.610375
53 0.88165
54 0.741465
55 0.491133
56 0.356232
57 0.216447
58 0.196521
59 0.0642973
60 0.0275801
61 0.0390903
0 0.219846
1 0.301598
2 0.231373
3 0.231373
4 0.231373
5 0.231373
6 0.231373
7 0.242068
8 0.34902
9 0.34902
10 0.34902
11 0.34902
12 0.34902
13 0.34902
14 0.349019
15 0.486275
16 0.486275
17 0.486275
18 0.486274
19 0.379323
20 0.25098
21 0.25098
22 0.25098
23 0.25098
24 0.25098
25 0.0666667
26 0.0816399
27 0.14902
28 0.14902
29 0.501722
30 0.990293
31 0.0210839
32 0.753513
33 0.543989
34 0.970055
35 0.105064
36 0.433338
37 0.342135
38 0.701615
39 0.280713
40 0.177928
41 0.245897
42 0.117679
43 0.232428
44 0.0561988
45 0.627484
46 0.508382
47 0.214604
48 0.775848
49 0.428711
50 0.827994
51 0.466082
52 0.436759
53 0.791881
54 0.481291
55 0.206464
56 0.107977
57 0.239794
58 0.13256
59 0.177001
60 0.0819711
61 0.34762
0 0.807994
1 0.294304
2 0.0666667
3 0.0666667
4 0.0666667
5 0.0666667
6 0.0666667
7 0.0666667
8 0.0666667
9 0.0666667
10 0.0666667
11 0.0666667
12 0.0666667
13 0.0666667
14 0.0666666
15 0.0666667
16 0.0666667
17 0.0666667
18 0.0666667
19 0.0666667
20 0.0666667
21 0.0666667
22 0.0666667
23 0.0666667
24 0.0666666
25 0.0666667
26 0.0666667
27 0.0666667
28 0.0666667
29 0.831941
30 0.996508
31 0.13211
32 0.509771
33 0.812906
34 0.94733
35 0.0467922
36 0.368741
37 0.19457
38 0.473516
39 0.320248
40 0.137885
41 0.117148
42 0.186287
43 0.246072
44 0.0627161
45 0.724895
46 0.443015
47 0.397527
48 0.801037
49 0.713384
50 0.769762
51 0.669337
52 0.553926
53 0.900096
54 0.609674
55 0.195187
56 0.296284
57 0.221514
58 0.0625815
59 0.0515321
60 0.0228159
61 0.045775
0 0.419321
1 0.286222
2 0.0941176
3 0.0941176
4 0.0941177
5 0.0941176
6 0.0941176
7 0.0941177
8 0.0941176
9 0.0941176
10 0.0941176
11 0.0941176
12 0.0941177
13 0.0941177
14 0.0941176
15 0.427451
16 0.427451
17 0.427451
18 0.427451
19 0.427451
20 0.427451
21 0.427451
22 0.427451
23 0.427451
24 0.427451
25 0.411765
26 0.411765
27 0.411765
28 0.411765
29 0.528596
30 0.991919
31 0.348801
32 0.652066
33 0.501049
34 0.832762
35 0.191235
36 0.284691
37 0.215651
38 0.721565
39 0.230581
40 0.211756
41 0.305612
42 0.305196
43 0.406578
44 0.166225
45 0.756931
46 0.553396
47 0.467947
48 0.826909
49 0.727599
50 0.753262
51 0.546736
52 0.513673
53 0.863946
54 0.539673
55 0.495734
56 0.260027
57 0.203092
58 0.13283
59 0.073375
60 0.02785
61 0.0449083
0 0.0044111
1 0.278879
2 0.34902
3 0.34902
4 0.34902
5 0.34902
6 0.34902
7 0.34902
8 0.34902
9 0.34902
10 0.34902
11 0.34902
12 0.34902
13 0.34902
14 0.349019
15 0.25098
16 0.25098
17 0.25098
18 0.25098
19 0.25098
20 0.25098
21 0.25098
22 0.25098
23 0.25098
24 0.25098
25 0.14902
26 0.14902
27 0.14902
28 0.14902
29 0.787135
30 0.994767
31 0.218609
32 0.665964
33 0.713805
34 0.919989
35 0.0653728
36 0.40462
37 0.195152
38 0.494463
39 0.344166
40 0.177078
41 0.202412
42 0.249582
43 0.362634
44 0.157454
45 0.782903
46 0.688965
47 0.454612
48 0.792558
49 0.596278
50 0.832568
51 0.728069
52 0.599974
53 0.875118
54 0.61527
55 0.199637
56 0.137007
57 0.228937
58 0.223641
59 0.0607884
60 0.0456319
61 0.0782391
0 0.842752
1 0.271478
2 0.0823529
3 0.0823529
4 0.0623886
5 0.0509804
6 0.0509804
7 0.254189
8 0.34902
9 0.34902
10 0.34902
11 0.34902
12 0.34902
13 0.34902
14 0.349019
15 0.0823529
16 0.162923
17 0.52549
18 0.52549
19 0.275936
20 0.25098
21 0.25098
22 0.25098
23 0.25098
24 0.25098
25 0.0887701
26 0.121569
27 0.14902
28 0.14902
29 0.710662
30 0.996598
31 0.040072
32 0.678831
33 0.821289
34 0.969011
35 0.0262136
36 0.370852
37 0.159595
38 0.503822
39 0.370871
40 0.153797
41 0.168617
42 0.267281
43 0.312606
44 0.0469411
45 0.767544
46 0.623386
47 0.499349
48 0.772331
49 0.768213
50 0.812705
51 0.653978
52 0.657906
53 0.960175
54 0.460485
55 0.255973
56 0.21416
57 0.215317
58 0.0362469
59 0.051005
60 0.0462957
61 0.0562322
0 0.203373
1 0.26389
2 0.0509804
3 0.0509804
4 0.0509804
5 0.0509804
6 0.0509804
7 0.0509804
8 0.0509804
9 0.0509804
10 0.0509804
11 0.0509804
12 0.0509804
13 0.0509804
14 0.0509804
15 0.52549
16 0.52549
17 0.52549
18 0.52549
19 0.52549
20 0.52549
21 0.52549
22 0.52549
23 0.52549
24 0.52549
25 0.105882
26 0.105882
27 0.105882
28 0.105882
29 0.774757
30 0.998606
31 0.111694
32 0.504873
33 0.818658
34 0.695983
35 0.0887731
36 0.3052
37 0.0568738
38 0.354724
39 0.210464
40 0.170497
41 0.1691
42 0.162816
43 0.193824
44 0.0574615
45 0.406469
46 0.173589
47 0.209549
48 0.646007
49 0.514748
50 0.703024
51 0.629307
52 0.551515
53 0.921763
54 0.492913
55 0.0693512
56 0.129882
57 0.361361
58 0.116799
59 0.0442912
60 0.00919867
61 0.0309836
0 0.744038
1 0.25677
2 0.0823529
3 0.0823529
4 0.0962567
5 0.224242
6 0.0338681
7 0.0463458
8 0
9 0.426382
10 0.34688
11 0.113725
12 0.113726
13 0.274867
14 0.999999
15 0.14902
16 0.14902
17 0.286987
18 0.0716578
19 0.0812834
20 0.27451
21 0.421391
22 0.65098
23 0.650981
24 0.968271
25 0.574332
26 0.287701
27 0.672014
28 1
29 0.685639
30 0.995226
31 0.609364
32 0.436289
33 0.458116
34 0.752971
35 0.108587
36 0.252333
37 0.417712
38 0.732329
39 0.275985
40 0.195658
41 0.215664
42 0.0648423
43 0.203554
44 0.0386999
45 0.612057
46 0.301886
47 0.182611
48 0.936951
49 0.816608
50 0.70629
51 0.350824
52 0.28022
53 0.682539
54 0.359954
55 0.194754
56 0.16679
57 0.178911
58 0.0302053
59 0.0203609
60 0.00474592
61 0.0840546
0 0.742401
1 0.250073
2 0.752941
3 0.752941
4 0.752941
5 0.752941
6 0.207665
7 0.0413547
8 0.0470588
9 0.0901961
10 0.0901961
11 0.0901961
12 0.0901961
13 0.147237
14 0.403921
15 0.619608
16 0.619608
17 0.619608
18 0.234581
19 0.0242424
20 0.14902
21 0.14902
22 0.14902
23 0.14902
24 0.491266
25 0.811765
26 0.847415
27 0.709804
28 0.538681
29 0.68419
30 0.99308
31 0.164511
32 0.441573
33 0.546069
34 0.894245
35 0.0740938
36 0.378494
37 0.248074
38 0.687997
39 0.206263
40 0.284247
41 0.172393
42 0.0871638
43 0.270391
44 0.0876423
45 0.535152
46 0.249807
47 0.16436
48 0.870942
49 0.559944
50 0.656993
51 0.438413
52 0.38371
53 0.743802
54 0.407054
55 0.135676
56 0.0679255
57 0.120395
58 0.112927
59 0.0360292
60 0.0131143
61 0.162911
0 0.579792
1 0.243197
2 0.87451
3 0.191087
4 0.141176
5 0.141176
6 0.141176
7 0.0540107
8 0.0745098
9 0.0745098
10 0.0745098
11 0.0745098
12 0.0745098
13 0.262389
14 0.317647
15 0.56328
16 0.0948307
17 0.14902
18 0.14902
19 0.086631
20 0.14902
21 0.14902
22 0.14902
23 0.285918
24 0.52549
25 0.607843
26 0.697683
27 0.533333
28 0.424242
29 0.543671
30 0.991115
31 0.0750649
32 0.534536
33 0.474745
34 0.90171
35 0.126455
36 0.363809
37 0.271461
38 0.655028
39 0.188237
40 0.192408
41 0.158342
42 0.12253
43 0.164938
44 0.131219
45 0.561376
46 0.23846
47 0.283751
48 0.641283
49 0.476298
50 0.618982
51 0.419415
52 0.329254
53 0.663007
54 0.54045
55 0.231573
56 0.22554
57 0.15294
58 0.101308
59 0.121938
60 0.0475709
61 0.112698
0 0.325596
1 0.236286
2 0.340642
3 0
4 0
5 0.0623886
6 0.137255
7 0.134046
8 0.101961
9 0.0982175
10 0.0901961
11 0.0901961
12 0.0901961
13 0.0901961
14 0.090196
15 0.28164
16 0
17 0.0406417
18 0.14902
19 0.127629
20 0.106239
21 0.14902
22 0.14902
23 0.14902
24 0.14902
25 0.159002
26 0.491979
27 0.393939
28 0.560784
29 0.608032
30 0.987696
31 0.0565299
32 0.699483
33 0.469597
34 0.940342
35 0.140118
36 0.370262
37 0.263054
38 0.552838
39 0.208957
40 0.15727
41 0.18588
42 0.202575
43 0.23673
44 0.164718
45 0.536686
46 0.258662
47 0.255171
48 0.516177
49 0.406262
50 0.669366
51 0.446826
52 0.346047
53 0.65895
54 0.57572
55 0.279992
56 0.252475
57 0.320194
58 0.161182
59 0.238212
60 0.127045
61 0.247226
0 0.321526
1 0.230087
2 0
3 0
4 0
5 0
6 0.0226381
7 0.0235294
8 0.0235294
9 0.137611
10 0.14902
11 0.14902
12 0.14902
13 0.14902
14 0.0702316
15 0
16 0
17 0
18 0.0210339
19 0.0235294
20 0.0919787
21 0.14902
22 0.14902
23 0.14902
24 0.0884135
25 0
26 0.325847
27 0.347594
28 0.243494
29 0.840428
30 0.996012
31 0.244298
32 0.627104
33 0.564892
34 0.842738
35 0.131757
36 0.387244
37 0.16466
38 0.484697
39 0.25487
40 0.239461
41 0.159264
42 0.418347
43 0.279667
44 0.160242
45 0.466064
46 0.300429
47 0.281802
48 0.630395
49 0.495462
50 0.810867
51 0.624703
52 0.410859
53 0.746279
54 0.550859
55 0.301908
56 0.318573
57 0.404037
58 0.118903
59 0.197464
60 0.065048
61 0.211287
0 0.211202
1 0.224149
2 0.0208556
3 0.0445633
4 0.0431373
5 0.0431373
6 0.0431373
7 0.0477719
8 0.0941176
9 0.127807
10 0.2
11 0.42246
12 0.607843
13 0.260606
14 0.0235294
15 0.0253119
16 0.0235294
17 0.0235294
18 0.0235294
19 0.0805704
20 0.14902
21 0.14902
22 0.48271
23 0.440998
24 0.0349375
25 0.393583
26 0.613904
27 0.587879
28 0.382531
29 0.80843
30 0.998913
31 0.17064
32 0.723171
33 0.576071
34 0.806347
35 0.105385
36 0.412693
37 0.148696
38 0.426151
39 0.146262
40 0.228193
41 0.170121
42 0.157042
43 0.295373
44 0.0755117
45 0.359234
46 0.236853
47 0.25603
48 0.671579
49 0.381576
50 0.793952
51 0.643029
52 0.555564
53 0.82052
54 0.61936
55 0.0866732
56 0.131538
57 0.461813
58 0.19457
59 0.169071
60 0.0429091
61 0.200418
0 0.53496
1 0.218163
2 0.0196078
3 0.0196078
4 0.0196078
5 0.0196078
6 0.0196078
7 0.00623886
8 0.0215686
9 0.0431373
10 0.0490196
11 0.0862745
12 0.715152
13 0.745098
14 0.745098
15 0.0235294
16 0.0235294
17 0.0235294
18 0.0235294
19 0.00213904
20 0.14902
21 0.14902
22 0.311587
23 0.745098
24 0.745098
25 0.694118
26 0.441711
27 0.587166
28 0.739037
29 0.786069
30 0.998241
31 0.245356
32 0.627638
33 0.630641
34 0.647989
35 0.0822421
36 0.3963
37 0.106747
38 0.443251
39 0.194488
40 0.259557
41 0.0980173
42 0.333195
43 0.259479
44 0.0957947
45 0.315041
46 0.190473
47 0.202453
48 0.584208
49 0.305054
50 0.849401
51 0.585456
52 0.496077
53 0.793593
54 0.590226
55 0.165487
56 0.176513
57 0.420244
58 0.0905477
59 0.182069
60 0.0415111
61 0.129454
0 0.499424
1 0.21222
2 0.0352941
3 0.0352941
4 0.0352941
5 0.0352941
6 0.0256684
7 0
8 0
9 0.0499109
10 0.145276
11 0.717647
12 0.717647
13 0.717647
14 0.717647
15 0.0235294
16 0.0235294
17 0.0235294
18 0.0149733
19 0
20 0.0812835
21 0.252407
22 0.717647
23 0.717647
24 0.717647
25 0.654902
26 0.297683
27 0.537968
28 0.717647
29 0.837836
30 0.998593
31 0.385258
32 0.496133
33 0.769529
34 0.618623
35 0.234986
36 0.302211
37 0.11112
38 0.408175
39 0.277504
40 0.262502
41 0.214487
42 0.678088
43 0.120222
44 0.142276
45 0.366415
46 0.210497
47 0.169071
48 0.659724
49 0.451216
50 0.814826
51 0.868066
52 0.563422
53 0.923631
54 0.512512
55 0.256007
56 0.436418
57 0.31972
58 0.0367618
59 0.133121
60 0.00820459
61 0.0595112
0 0.753214
1 0.206195
2 0.0784314
3 0.0784314
4 0.0784314
5 0.0784314
6 0.0784314
7 0.0249554
8 0
9 0.716578
10 0.788235
11 0.788235
12 0.504456
13 0.00784314
14 0.00784313
15 0.0235294
16 0.0235294
17 0.0235294
18 0.0235294
19 0.00213904
20 0.429947
21 0.788235
22 0.788235
23 0.152941
24 0.0117647
25 0.662745
26 0.421747
27 0.64492
28 0.925134
29 0.781465
30 0.99709
31 0.677396
32 0.484051
33 0.320795
34 0.871662
35 0.178077
36 0.407995
37 0.433362
38 0.701059
39 0.383985
40 0.216059
41 0.421648
42 0.0773159
43 0.275327
44 0.0282502
45 0.924976
46 0.762661
47 0.610074
48 0.932844
49 0.784346
50 0.817846
51 0.607125
52 0.404959
53 0.7517
54 0.76364
55 0.345549
56 0.49283
57 0.0591029
58 0.130082
59 0.0324704
60 0.00600088
61 0.0529111
0 0.364888
1 0.200224
2 0.278788
3 0.505882
4 0.505882
5 0.505882
6 0.322816
7 0.577006
8 0.380392
9 0.00784314
10 0.00784314
11 0.00784314
12 0.00784314
13 0.00784314
14 0.00784313
15 0.393226
16 0.619608
17 0.619608
18 0.542959
19 0.739037
20 0.0117647
21 0.0117647
22 0.0117647
23 0.0117647
24 0.0117647
25 0.285205
26 0.457041
27 0.988235
28 0.988235
29 0.793609
30 0.997511
31 0.105299
32 0.367644
33 0.499046
34 0.941594
35 0.206115
36 0.461369
37 0.32508
38 0.577665
39 0.209567
40 0.400198
41 0.274689
42 0.0857584
43 0.149746
44 0.0632978
45 0.364198
46 0.355203
47 0.119491
48 0.828885
49 0.439385
50 0.768739
51 0.565424
52 0.312837
53 0.658163
54 0.459554
55 0.071051
56 0.125213
57 0.158334
58 0.133069
59 0.14475
60 0.0188047
61 0.397821
0 0.648852
1 0.194234
2 0.027451
3 0.027451
4 0.027451
5 0.027451
6 0.027451
7 0.027451
8 0.027451
9 0.027451
10 0.027451
11 0.027451
12 0.027451
13 0.027451
14 0.027451
15 0.0117647
16 0.0117647
17 0.0117647
18 0.0117647
19 0.0117647
20 0.0117647
21 0.0117647
22 0.0117647
23 0.0117647
24 0.0117647
25 0.964706
26 0.964706
27 0.964706
28 0.964706
29 0.518968
30 0.988526
31 0.0647413
32 0.652801
33 0.43927
34 0.967256
35 0.236928
36 0.378684
37 0.419573
38 0.62207
39 0.135462
40 0.298108
41 0.0987519
42 0.0768403
43 0.155586
44 0.070903
45 0.251237
46 0.262301
47 0.215244
48 0.634854
49 0.520622
50 0.531556
51 0.343408
52 0.345646
53 0.620201
54 0.430095
55 0.172946
56 0.202975
57 0.283833
58 0.112866
59 0.313407
60 0.126653
61 0.307599
0 0.160168
1 0.188512
2 0.0156863
3 0.0156863
4 0.0156863
5 0.0156863
6 0.0156863
7 0.0156863
8 0.0156863
9 0.0709447
10 0
11 0
12 0
13 0.0363638
14 0.11426
15 0.0117647
16 0.0117647
17 0.0117647
18 0.0117647
19 0.0117647
20 0.0588235
21 0
22 0
23 0
24 0.340463
25 0.984314
26 0.984314
27 0.200357
28 0.157576
29 0.608952
30 0.989577
31 0.199874
32 0.653136
33 0.473381
34 0.957619
35 0.102265
36 0.345578
37 0.400872
38 0.618445
39 0.306341
40 0.137309
41 0.140805
42 0.0639224
43 0.282658
44 0.039163
45 0.541289
46 0.283905
47 0.163546
48 0.867028
49 0.626902
50 0.650079
51 0.307796
52 0.3465
53 0.605286
54 0.550285
55 0.149956
56 0.159199
57 0.2369
58 0.101464
59 0.108855
60 0.0253239
61 0.178075
0 0.754242
1 0.182749
2 0.137255
3 0.515686
4 0.327095
5 0.359358
6 0.0372549
7 0.0431373
8 0.0431373
9 0.0294118
10 0
11 0
12 0.0727273
13 0.0818183
14 0.104991
15 0.61533
16 0.529412
17 0.324064
18 0.0192513
19 0.0235294
20 0.0213904
21 0
22 0
23 0.272727
24 0.340463
25 0.730838
26 0.573262
27 0.256684
28 0.175401
29 0.579549
30 0.985626
31 0.107362
32 0.635592
33 0.427882
34 0.948648
35 0.127557
36 0.420014
37 0.412568
38 0.661943
39 0.196639
40 0.14892
41 0.196471
42 0.0883776
43 0.349814
44 0.0747372
45 0.553451
46 0.268897
47 0.171189
48 0.751266
49 0.376736
50 0.612446
51 0.353853
52 0.280016
53 0.600981
54 0.50806
55 0.255843
56 0.162237
57 0.206579
58 0.148526
59 0.122708
60 0.0496595
61 0.330996
0 0.558634
1 0.176759
2 0.240285
3 0.436364
4 0
5 0
6 0.00962566
7 0.0352941
8 0.0352941
9 0.0352941
10 0.0352941
11 0.0695187
12 0.00445634
13 0
14 0.118182
15 0.327629
16 0.205348
17 0
18 0.00855615
19 0.0235294
20 0.0235294
21 0.0235294
22 0.0509804
23 0
24 0.272727
25 0.387166
26 0.370053
27 0.625668
28 0.0452763
29 0.633212
30 0.987828
31 0.0865385
32 0.615927
33 0.579449
34 0.91577
35 0.112544
36 0.359324
37 0.188776
38 0.639442
39 0.251424
40 0.165843
41 0.19018
42 0.116883
43 0.319596
44 0.0943111
45 0.51155
46 0.214013
47 0.25819
48 0.730491
49 0.431064
50 0.656265
51 0.489822
52 0.346807
53 0.644972
54 0.557902
55 0.332453
56 0.184035
57 0.219771
58 0.18443
59 0.0979418
60 0.033428
61 0.297133
0 0.379356
1 0.170856
2 0.611765
3 0.11123
4 0
5 0
6 0
7 0.0374332
8 0.054902
9 0.054902
10 0.054902
11 0.054902
12 0.135472
13 0.0454545
14 0.118182
15 0.55615
16 0
17 0
18 0
19 0.0213904
20 0.0235294
21 0.0235294
22 0.0449198
23 0.291266
24 0.272727
25 0.22246
26 0.258111
27 0.709804
28 0.155793
29 0.49256
30 0.991335
31 0.120642
32 0.643473
33 0.582726
34 0.917368
35 0.16898
36 0.267466
37 0.349382
38 0.685856
39 0.311828
40 0.120584
41 0.141738
42 0.0692119
43 0.134255
44 0.0596473
45 0.391425
46 0.199964
47 0.125326
48 0.820744
49 0.493242
50 0.67261
51 0.308952
52 0.278863
53 0.563136
54 0.60096
55 0.169092
56 0.389574
57 0.282752
58 0.100232
59 0.187616
60 0.02057
61 0.253464
0 0.901598
1 0.164753
2 0.327629
3 0.149554
4 0.602674
5 0
6 0
7 0
8 0
9 0
10 0.00909091
11 0.0666667
12 0.0666667
13 0.0666667
14 0.0666666
15 0.273084
16 0.417469
17 0.172192
18 0
19 0
20 0
21 0.00427808
22 0.0235294
23 0.0235294
24 0.0235294
25 0.693048
26 0
27 0.182888
28 0.670588
29 0.824169
30 0.997359
31 0.445799
32 0.432061
33 0.578077
34 0.848883
35 0.250141
36 0.442754
37 0.27924
38 0.485072
39 0.134705
40 0.190457
41 0.126971
42 0.111154
43 0.180973
44 0.0908089
45 0.554721
46 0.287544
47 0.171771
48 0.795365
49 0.543623
50 0.716717
51 0.559686
52 0.350601
53 0.711912
54 0.662299
55 0.129502
56 0.271796
57 0.188095
58 0.149723
59 0.0751516
60 0.00963836
61 0.115774
0 0.82705
1 0.156928
2 0.141176
3 0.141176
4 0.141176
5 0.141176
6 0.141176
7 0.141177
8 0.141176
9 0.141176
10 0.141176
11 0.141176
12 0.141177
13 0.141177
14 0.141176
15 0.156863
16 0.156863
17 0.156863
18 0.156863
19 0.156863
20 0.156863
21 0.156863
22 0.156863
23 0.156863
24 0.156863
25 0.890196
26 0.890196
27 0.890196
28 0.890196
29 0.638244
30 0.992459
31 0.76789
32 0.641606
33 0.554029
34 0.962247
35 0.249266
36 0.466977
37 0.463844
38 0.827315
39 0.335227
40 0.363411
41 0.4678
42 0.188592
43 0.567241
44 0.0834989
45 0.87367
46 0.889278
47 0.709191
48 0.952613
49 0.883527
50 0.673068
51 0.639375
52 0.531942
53 0.899091
54 0.488156
55 0.371871
56 0.304885
57 0.0581468
58 0.112152
59 0.0296041
60 0.00845492
61 0.0351333
0 0.0190692
1 0.150355
2 0.368627
3 0.368627
4 0.368627
5 0.443494
6 0.533333
7 0.533334
8 0.576471
9 0.42246
10 0
11 0
12 0
13 0
14 0
15 0.619608
16 0.619608
17 0.596078
18 0.533333
19 0.533333
20 0.56328
21 0
22 0
23 0
24 0
25 0.729412
26 0.551159
27 0.225312
28 0
29 0.913749
30 0.99599
31 0.892099
32 0.408834
33 0.87127
34 0.890359
35 0.136647
36 0.369906
37 0.23507
38 0.632909
39 0.436785
40 0.397704
41 0.700432
42 0.476362
43 0.59634
44 0.193174
45 0.92407
46 0.975804
47 0.734581
48 0.96032
49 0.891115
50 0.851061
51 0.966993
52 0.8124
53 0.979215
54 0.478225
55 0.241166
56 0.165262
57 0.0797336
58 0.256695
59 0.00723753
60 0.000975522
61 0.00674298
0 0.998008
1 0.14361
2 0.0983957
3 0.233155
4 0.439216
5 0.439216
6 0.523708
7 0.74902
8 0.749019
9 0.74902
10 0.749019
11 0.340463
12 0
13 0
14 0
15 0.135116
16 0.457041
17 0.619608
18 0.666667
19 0.74902
20 0.74902
21 0.74902
22 0.204278
23 0
24 0
25 0.524421
26 0.731194
27 0.680927
28 0
29 0.805975
30 0.999181
31 0.903344
32 0.205131
33 0.818212
34 0.455333
35 0.0558582
36 0.307079
37 0.181036
38 0.7147
39 0.627963
40 0.480825
41 0.509656
42 0.362649
43 0.513182
44 0.14943
45 0.788017
46 0.802399
47 0.445262
48 0.983605
49 0.89382
50 0.964539
51 0.811222
52 0.682748
53 0.918058
54 0.291203
55 0.121392
56 0.108912
57 0.347547
58 0.0686055
59 0.00937818
60 0.00216775
61 0.0320021
0 0.690145
1 0.137291
2 0.539394
3 0.780392
4 0.780392
5 0.780392
6 0.567558
7 0.0962567
8 0.141176
9 0.144742
10 0.142246
11 0.752941
12 0.752941
13 0.752941
14 0.752941
15 0.505882
16 0.780392
17 0.780392
18 0.496613
19 0.128342
20 0.350802
21 0.303743
22 0.619608
23 0.619608
24 0.619608
25 0.793939
26 0.406061
27 0.520499
28 0.8
29 0.903435
30 0.999305
31 0.944885
32 0.389134
33 0.724214
34 0.169185
35 0.436469
36 0.412165
37 0.0206602
38 0.376213
39 0.441436
40 0.696486
41 0.464052
42 0.685535
43 0.624617
44 0.383713
45 0.648849
46 0.747871
47 0.718221
48 0.874193
49 0.633046
50 0.857546
51 0.936044
52 0.817504
53 0.968205
54 0.510633
55 0.166709
56 0.106213
57 0.300861
58 0.324245
59 0.0649035
60 0.00345394
61 0.0116972
0 0.281103
1 0.13065
2 0.156863
3 0.156863
4 0.149733
5 0
6 0.687522
7 0.796079
8 0.796078
9 0.796078
10 0.805169
11 0.862745
12 0.862745
13 0.862745
14 0.862745
15 0.156863
16 0.156863
17 0.0427807
18 0.144385
19 0.176471
20 0.176471
21 0.301248
22 0.862745
23 0.862745
24 0.862745
25 0.659537
26 0.630303
27 0.865597
28 0.862745
29 0.78502
30 0.998893
31 0.473071
32 0.604508
33 0.579456
34 0.45851
35 0.109359
36 0.323326
37 0.0822889
38 0.374638
39 0.232244
40 0.383014
41 0.460768
42 0.317249
43 0.48922
44 0.138977
45 0.471078
46 0.667253
47 0.575011
48 0.806325
49 0.482286
50 0.90352
51 0.932895
52 0.808579
53 0.94404
54 0.457244
55 0.118432
56 0.100936
57 0.501105
58 0.253509
59 0.0681227
60 0.00977771
61 0.170421
0 0.657559
1 0.123741
2 0.164706
3 0.158467
4 0.131016
5 0
6 0.106952
7 0.392157
8 0.217647
9 0.313369
10 0.795722
11 0.729412
12 0.729412
13 0.771836
14 0.784313
15 0.164706
16 0.159715
17 0.0427807
18 0.0499109
19 0.137255
20 0.159715
21 0.465953
22 0.176471
23 0.397505
24 0.784313
25 0.32656
26 0.545455
27 0.715151
28 0.83066
29 0.750273
30 0.998298
31 0.178526
32 0.477742
33 0.423319
34 0.6448
35 0.074342
36 0.391345
37 0.0897696
38 0.329257
39 0.278385
40 0.233306
41 0.266699
42 0.219782
43 0.128693
44 0.0275699
45 0.589087
46 0.516971
47 0.38733
48 0.57091
49 0.305546
50 0.722776
51 0.733256
52 0.468286
53 0.857115
54 0.546924
55 0.133368
56 0.111837
57 0.142683
58 0.0789676
59 0.121996
60 0.0122186
61 0.0820621
0 0.882627
1 0.117146
2 0
3 0
4 0
5 0
6 0.229946
7 0.498218
8 0.337255
9 0.337255
10 0.301426
11 0.0745098
12 0.597148
13 0.0557932
14 0.0549019
15 0
16 0
17 0
18 0.202496
19 0.175401
20 0.137255
21 0.14082
22 0.378253
23 0.449554
24 0.090196
25 0
26 0.545455
27 0.895187
28 0.913013
29 0.75656
30 0.995677
31 0.296069
32 0.563851
33 0.276751
34 0.760439
35 0.148094
36 0.383344
37 0.202096
38 0.414196
39 0.24719
40 0.271612
41 0.298125
42 0.141744
43 0.188429
44 0.080962
45 0.59693
46 0.470698
47 0.493489
48 0.518226
49 0.478608
50 0.477656
51 0.712284
52 0.417747
53 0.767836
54 0.586046
55 0.218498
56 0.239929
57 0.132361
58 0.163252
59 0.094059
60 0.0128678
61 0.0496806
0 0.451963
1 0.110778
2 0
3 0
4 0
5 0
6 0.136898
7 0.501961
8 0.501961
9 0.501961
10 0.443137
11 0.0727273
12 0.0745098
13 0.0745098
14 0.0745098
15 0
16 0
17 0.151872
18 0.404278
19 0.137255
20 0.137255
21 0.14082
22 0.108378
23 0.0901961
24 0.090196
25 0
26 0.909091
27 0.91123
28 0.8
29 0.826456
30 0.995028
31 0.320422
32 0.525704
33 0.597519
34 0.839131
35 0.10977
36 0.263702
37 0.168887
38 0.528211
39 0.419782
40 0.316801
41 0.1722
42 0.206827
43 0.105933
44 0.0429695
45 0.418686
46 0.433609
47 0.178245
48 0.848521
49 0.54137
50 0.764205
51 0.640231
52 0.47285
53 0.788797
54 0.353333
55 0.191731
56 0.124601
57 0.175939
58 0.0535894
59 0.0555887
60 0.00502455
61 0.104195
0 0.938691
1 0.103899
2 0.328877
3 0.312478
4 0.415686
5 0.281996
6 0.133333
7 0.164706
8 0.164706
9 0.147237
10 0.0784314
11 0.0666667
12 0.0666667
13 0.0545454
14 0
15 0.26738
16 0.144385
17 0.142603
18 0.13262
19 0.0901961
20 0.0919786
21 0.374332
22 0.52549
23 0.52549
24 0.0477716
25 0.766845
26 0.741176
27 0.655615
28 0.52656
29 0.774284
30 0.996481
31 0.28601
32 0.373958
33 0.510786
34 0.713349
35 0.113132
36 0.445055
37 0.188304
38 0.555151
39 0.27565
40 0.277704
41 0.167558
42 0.152574
43 0.10285
44 0.0373501
45 0.599337
46 0.392099
47 0.188896
48 0.670464
49 0.434861
50 0.748503
51 0.573544
52 0.434895
53 0.778661
54 0.385048
55 0.112975
56 0.103553
57 0.137831
58 0.0607845
59 0.0770288
60 0.0175529
61 0.0381833
0 0.833075
1 0.0968685
2 0
3 0
4 0.156506
5 0.435294
6 0.435294
7 0.229412
8 0.133333
9 0.12959
10 0.147237
11 0.156863
12 0.156863
13 0.156863
14 0.112834
15 0
16 0.0962567
17 0.244207
18 0.137255
19 0.15508
20 0.150802
21 0.367202
22 0.52549
23 0.52549
24 0.324064
25 0.264884
26 0.885918
27 0.756863
28 0.704813
29 0.656953
30 0.995153
31 0.248932
32 0.599532
33 0.614277
34 0.779743
35 0.115983
36 0.295361
37 0.161621
38 0.492348
39 0.267156
40 0.264193
41 0.239584
42 0.313696
43 0.202568
44 0.109826
45 0.437594
46 0.33967
47 0.194292
48 0.649213
49 0.495389
50 0.759628
51 0.658779
52 0.556618
53 0.84639
54 0.407008
55 0.196149
56 0.141799
57 0.307273
58 0.0898118
59 0.108829
60 0.0380446
61 0.0515805
0 0.614796
1 0.0900866
2 0
3 0.0552585
4 0.330481
5 0.380392
6 0.0857397
7 0.0392157
8 0.0392157
9 0.335116
10 0.364706
11 0.364706
12 0.364706
13 0.364706
14 0.364706
15 0
16 0.135472
17 0.137255
18 0.057041
19 0.0392157
20 0.272371
21 0.466667
22 0.466667
23 0.466667
24 0.466666
25 0.316934
26 0.301248
27 0.331194
28 0.396078
29 0.786489
30 0.997003
31 0.90746
32 0.507352
33 0.732734
34 0.639384
35 0.138197
36 0.324059
37 0.170445
38 0.628045
39 0.409351
40 0.319287
41 0.403193
42 0.421728
43 0.506249
44 0.163707
45 0.830193
46 0.722751
47 0.635238
48 0.912036
49 0.829011
50 0.81717
51 0.82688
52 0.692264
53 0.932243
54 0.570296
55 0.374443
56 0.371987
57 0.226231
58 0.150658
59 0.0154513
60 0.00336253
61 0.0127013
0 0.308402
1 0.0831218
2 0.439216
3 0.439216
4 0.439216
5 0.439216
6 0.439216
7 0.439216
8 0.439216
9 0.439216
10 0.439216
11 0.439216
12 0.439216
13 0.439216
14 0.439215
15 0.466667
16 0.466667
17 0.466667
18 0.466667
19 0.466667
20 0.466667
21 0.466667
22 0.466667
23 0.466667
24 0.466666
25 0.486275
26 0.486275
27 0.486275
28 0.486275
29 0.790794
30 0.998329
31 0.848554
32 0.478985
33 0.77848
34 0.725336
35 0.12732
36 0.374748
37 0.147453
38 0.614806
39 0.51377
40 0.500904
41 0.565208
42 0.455953
43 0.545215
44 0.127616
45 0.871829
46 0.864098
47 0.589332
48 0.959386
49 0.861524
50 0.920543
51 0.883239
52 0.769415
53 0.968807
54 0.439058
55 0.260955
56 0.140392
57 0.182958
58 0.196352
59 0.0121176
60 0.00275318
61 0.0302332
0 0.537041
1 0.0757625
2 0.443137
3 0.443137
4 0.443137
5 0.443137
6 0.443137
7 0.443137
8 0.443137
9 0.443137
10 0.443137
11 0.443137
12 0.443137
13 0.443137
14 0.443137
15 0.466667
16 0.466667
17 0.466667
18 0.466667
19 0.466667
20 0.466667
21 0.466667
22 0.466667
23 0.466667
24 0.466666
25 0.45098
26 0.45098
27 0.45098
28 0.45098
29 0.728911
30 0.997909
31 0.71879
32 0.402585
33 0.798956
34 0.784439
35 0.0852604
36 0.346766
37 0.145087
38 0.639559
39 0.57177
40 0.538776
41 0.61315
42 0.477642
43 0.561728
44 0.176129
45 0.818236
46 0.838751
47 0.692992
48 0.940159
49 0.885825
50 0.899936
51 0.881388
52 0.755645
53 0.96998
54 0.373793
55 0.346551
56 0.253975
57 0.230835
58 0.15522
59 0.0183906
60 0.00616659
61 0.0360107
0 0.00469192
1 0.0684165
2 0.380392
3 0.380392
4 0.380392
5 0.380392
6 0.380392
7 0.380392
8 0.380392
9 0.380392
10 0.380392
11 0.380392
12 0.380392
13 0.380392
14 0.380392
15 0.466667
16 0.466667
17 0.466667
18 0.466667
19 0.466667
20 0.466667
21 0.466667
22 0.466667
23 0.466667
24 0.466666
25 0.419608
26 0.419608
27 0.419608
28 0.419608
29 0.731296
30 0.997034
31 0.591573
32 0.320351
33 0.87323
34 0.735278
35 0.0521085
36 0.246551
37 0.159195
38 0.635244
39 0.523141
40 0.356268
41 0.479249
42 0.313605
43 0.302825
44 0.0738871
45 0.831598
46 0.856672
47 0.533798
48 0.959652
49 0.85177
50 0.920376
51 0.851442
52 0.753771
53 0.955737
54 0.316978
55 0.256906
56 0.169578
57 0.251281
58 0.134796
59 0.0101709
60 0.00331904
61 0.0312066
0 0.888006
1 0.061566
2 0.699287
3 0.52549
4 0.52549
5 0.52549
6 0.318895
7 0.286275
8 0.286274
9 0.286274
10 0.286274
11 0.286274
12 0.286275
13 0.286275
14 0.286274
15 0.295544
16 0.52549
17 0.52549
18 0.477362
19 0.466667
20 0.466667
21 0.466667
22 0.466667
23 0.466667
24 0.466666
25 0.581105
26 0.365775
27 0.305882
28 0.305882
29 0.809192
30 0.999197
31 0.520351
32 0.355314
33 0.797697
34 0.44284
35 0.0391761
36 0.353643
37 0.0574719
38 0.234868
39 0.190709
40 0.214975
41 0.175664
42 0.446417
43 0.240412
44 0.184574
45 0.701709
46 0.582293
47 0.425449
48 0.664329
49 0.719932
50 0.904426
51 0.863391
52 0.717584
53 0.95483
54 0.444522
55 0.106551
56 0.132518
57 0.367558
58 0.159722
59 0.0184093
60 0.0210561
61 0.0222171
0 0.721311
1 0.055102
2 0.0196078
3 0.0196078
4 0.0745098
5 0.105882
6 0.105882
7 0.105882
8 0.105882
9 0.265597
10 0.690553
11 0.721569
12 0.721569
13 0.721569
14 0.721568
15 0.0196078
16 0.111586
17 0.52549
18 0.52549
19 0.52549
20 0.491979
21 0.516221
22 0.721569
23 0.721569
24 0.721568
25 0.208913
26 0.713726
27 0.668806
28 0.721569
29 0.26181
30 0.992445
31 0.01234
32 0.643472
33 0.338538
34 0.85442
35 0.0313094
36 0.367842
37 0.136077
38 0.384424
39 0.158963
40 0.126296
41 0.150644
42 0.0706118
43 0.0893415
44 0.00974634
45 0.339615
46 0.217595
47 0.123625
48 0.414098
49 0.20072
50 0.633752
51 0.197801
52 0.408767
53 0.783412
54 0.432131
55 0.0644349
56 0.0478354
57 0.185992
58 0.072519
59 0.237813
60 0.0982119
61 0.201217
0 0.907922
1 0.0483816
2 0.0313726
3 0.0313726
4 0.0313726
5 0.0313725
6 0.0313725
7 0.0313726
8 0.0313725
9 0.0313725
10 0.0313725
11 0.0313725
12 0.106239
13 0.109804
14 0.109804
15 0.0313726
16 0.0313726
17 0.0313726
18 0.0313725
19 0.0313725
20 0.0313726
21 0.0313725
22 0.166132
23 0.52549
24 0.52549
25 0.0313726
26 0.0313726
27 0.0313726
28 0.698039
29 0.794346
30 0.988807
31 0.959123
32 0.270403
33 0.337232
34 0.342249
35 0.390844
36 0.30273
37 0.29514
38 0.62637
39 0.194016
40 0.374597
41 0.412318
42 0.186704
43 0.336625
44 0.249259
45 0.351149
46 0.285055
47 0.199156
48 0.813146
49 0.454031
50 0.629808
51 0.585942
52 0.275614
53 0.464147
54 0.558162
55 0.219424
56 0.408527
57 0.22702
58 0.260617
59 0.0552616
60 0.00236417
61 0.0356647
0 0.4577
1 0.0410643
2 0.439216
3 0.439216
4 0.439216
5 0.439216
6 0.439216
7 0.439216
8 0.439216
9 0.439216
10 0.439216
11 0.439216
12 0.439216
13 0.439216
14 0.439215
15 0.0196078
16 0.0196078
17 0.0196078
18 0.0196078
19 0.0196078
20 0.0196078
21 0.0196078
22 0.0196078
23 0.0196078
24 0.0196078
25 0.976471
26 0.976471
27 0.976471
28 0.976471
29 0.908683
30 0.99521
31 0.969048
32 0.553965
33 0.494089
34 0.804405
35 0.330091
36 0.380717
37 0.312752
38 0.791511
39 0.315117
40 0.638576
41 0.690964
42 0.292984
43 0.580569
44 0.0917091
45 0.785248
46 0.943556
47 0.601384
48 0.977482
49 0.702932
50 0.853324
51 0.892506
52 0.745484
53 0.915925
54 0.411642
55 0.235734
56 0.0805677
57 0.0899554
58 0.432714
59 0.0150261
60 0.002001
61 0.039191
0 0.690842
1 0.0338131
2 0.65098
3 0.65098
4 0.65098
5 0.65098
6 0.65098
7 0.68271
8 1
9 0.219251
10 0.141176
11 0.141176
12 0.206774
13 0.321569
14 0.321568
15 0.0196078
16 0.0196078
17 0.0196078
18 0.0196078
19 0.465241
20 0.540107
21 0.156863
22 0.156863
23 0.291622
24 0.321568
25 0.921569
26 0.935829
27 0.849198
28 0.456328
29 0.732955
30 0.996308
31 0.912708
32 0.216581
33 0.398136
34 0.630157
35 0.312661
36 0.30887
37 0.151706
38 0.846306
39 0.514652
40 0.741806
41 0.789811
42 0.213787
43 0.361098
44 0.117193
45 0.537458
46 0.808444
47 0.307999
48 0.971664
49 0.678262
50 0.784336
51 0.890415
52 0.643771
53 0.922819
54 0.248176
55 0.176876
56 0.0734608
57 0.129175
58 0.264079
59 0.0300477
60 0.00119688
61 0.028835
0 0.631243
1 0.0259765
2 0.65098
3 0.65098
4 0.65098
5 0.65098
6 0.65098
7 0.338146
8 0.752941
9 0.749198
10 0.640642
11 0.108734
12 0.196079
13 0.196079
14 0.196078
15 0.0196078
16 0.0196078
17 0.0196078
18 0.0196078
19 0.240642
20 0.000356508
21 0.00392157
22 0.115152
23 0.156863
24 0.156863
25 0.921569
26 0.862389
27 0.859537
28 0.827451
29 0.769515
30 0.997773
31 0.624011
32 0.290054
33 0.577047
34 0.765683
35 0.136125
36 0.285698
37 0.243961
38 0.639802
39 0.782085
40 0.543497
41 0.570084
42 0.249401
43 0.341611
44 0.0848031
45 0.56239
46 0.694041
47 0.332252
48 0.944457
49 0.716837
50 0.890104
51 0.751712
52 0.399425
53 0.660595
54 0.453128
55 0.180074
56 0.355962
57 0.281439
58 0.0886028
59 0.128271
60 0.0135501
61 0.150174
0 0.560229
1 0.0191009
2 0.0215686
3 0.263636
4 0.980392
5 0.372549
6 0.137255
7 0.388948
8 0.184314
9 0.0313725
10 0.0249554
11 0.386453
12 0.48271
13 0.133333
14 0.133333
15 0.087344
16 0.693405
17 0.31016
18 0.137255
19 0.0588235
20 0.00392157
21 0.00392157
22 0.371836
23 0.221034
24 0.156863
25 0.648485
26 0.282709
27 0.975758
28 0.957219
29 0.537098
30 0.993196
31 0.289285
32 0.273852
33 0.509896
34 0.76198
35 0.143844
36 0.16011
37 0.417058
38 0.646749
39 0.347846
40 0.225858
41 0.316287
42 0.234546
43 0.111738
44 0.142107
45 0.420411
46 0.307516
47 0.167684
48 0.908841
49 0.567145
50 0.833305
51 0.724519
52 0.502985
53 0.786479
54 0.607997
55 0.37634
56 0.470397
57 0.2847
58 0.20392
59 0.0745659
60 0.0102973
61 0.208152
0 0.703093
1 0.0118689
2 0.721569
3 0.721569
4 0.690018
5 0.027451
6 0.0253119
7 0.0196079
8 0.0196078
9 0.0196078
10 0.652406
11 0.513725
12 0.0345812
13 0.0131907
14 0.0196078
15 0
16 0
17 0.116934
18 0.109447
19 0.0196078
20 0.0196078
21 0.451693
22 0.00392157
23 0.00392157
24 0.00392157
25 0.653119
26 0.174688
27 0.460963
28 0.985027
29 0.4693
30 0.993044
31 0.174656
32 0.462864
33 0.745334
34 0.939263
35 0.173077
36 0.341227
37 0.333831
38 0.679439
39 0.287499
40 0.259174
41 0.169177
42 0.138291
43 0.139306
44 0.0729565
45 0.643119
46 0.425033
47 0.27183
48 0.874671
49 0.638697
50 0.779949
51 0.362652
52 0.450476
53 0.729635
54 0.63851
55 0.334429
56 0.455698
57 0.327888
58 0.148921
59 0.145092
60 0.0721221
61 0.347484
end fitness = 2.52426
