brain 22866 fitness=38.7398 numneurons+1=20 maxWeight=8 maxBias=8 redinput=2-7 greeninput=8-9 blueinput=10-11
+0.0000 +0.0000 +0.0000 +0.0000 +0.0000 +0.0000 +0.0000 +0.0000 +0.0000 +0.0000 +0.0000 +0.0000 +0.0000 +0.0000 +0.0000 +0.0000 +0.0000 +0.0000 +0.0000 +0.0000 ;
+0.0000 +0.0000 +0.0000 +0.0000 +0.0000 +0.0000 +0.0000 +0.0000 +0.0000 +0.0000 +0.0000 +0.0000 +0.0000 +0.0000 +0.0000 +0.0000 +0.0000 +0.0000 +0.0000 +0.0000 ;
+0.0000 +0.0000 +0.0000 +0.0000 +0.0000 +0.0000 +0.0000 +0.0000 +0.0000 +0.0000 +0.0000 +0.0000 +0.0000 +0.0000 +0.0000 +0.0000 +0.0000 +0.0000 +0.0000 +0.0000 ;
+0.0000 +0.0000 +0.0000 +0.0000 +0.0000 +0.0000 +0.0000 +0.0000 +0.0000 +0.0000 +0.0000 +0.0000 +0.0000 +0.0000 +0.0000 +0.0000 +0.0000 +0.0000 +0.0000 +0.0000 ;
+0.0000 +0.0000 +0.0000 +0.0000 +0.0000 +0.0000 +0.0000 +0.0000 +0.0000 +0.0000 +0.0000 +0.0000 +0.0000 +0.0000 +0.0000 +0.0000 +0.0000 +0.0000 +0.0000 +0.0000 ;
+0.0000 +0.0000 +0.0000 +0.0000 +0.0000 +0.0000 +0.0000 +0.0000 +0.0000 +0.0000 +0.0000 +0.0000 +0.0000 +0.0000 +0.0000 +0.0000 +0.0000 +0.0000 +0.0000 +0.0000 ;
+0.0000 +0.0000 +0.0000 +0.0000 +0.0000 +0.0000 +0.0000 +0.0000 +0.0000 +0.0000 +0.0000 +0.0000 +0.0000 +0.0000 +0.0000 +0.0000 +0.0000 +0.0000 +0.0000 +0.0000 ;
+0.0000 +0.0000 +0.0000 +0.0000 +0.0000 +0.0000 +0.0000 +0.0000 +0.0000 +0.0000 +0.0000 +0.0000 +0.0000 +0.0000 +0.0000 +0.0000 +0.0000 +0.0000 +0.0000 +0.0000 ;
+0.0000 +0.0000 +0.0000 +0.0000 +0.0000 +0.0000 +0.0000 +0.0000 +0.0000 +0.0000 +0.0000 +0.0000 +0.0000 +0.0000 +0.0000 +0.0000 +0.0000 +0.0000 +0.0000 +0.0000 ;
+0.0000 +0.0000 +0.0000 +0.0000 +0.0000 +0.0000 +0.0000 +0.0000 +0.0000 +0.0000 +0.0000 +0.0000 +0.0000 +0.0000 +0.0000 +0.0000 +0.0000 +0.0000 +0.0000 +0.0000 ;
+0.0000 +0.0000 +0.0000 +0.0000 +0.0000 +0.0000 +0.0000 +0.0000 +0.0000 +0.0000 +0.0000 +0.0000 +0.0000 +0.0000 +0.0000 +0.0000 +0.0000 +0.0000 +0.0000 +0.0000 ;
+0.0000 +0.0000 +0.0000 +0.0000 +0.0000 +0.0000 +0.0000 +0.0000 +0.0000 +0.0000 +0.0000 +0.0000 +0.0000 +0.0000 +0.0000 +0.0000 +0.0000 +0.0000 +0.0000 +0.0000 ;
-0.2698 +0.1440 -0.0000 -0.0000 +0.0000 -0.0000 -0.0000 +0.0000 -0.0000 +0.0000 -0.0000 +0.0000 +0.0000 +0.6149 -0.0000 +0.6282 -0.0000 +0.0103 -0.0000 +0.5007 ;
-0.0262 -0.1161 -0.0000 -0.0000 -0.0000 -0.0000 +0.0000 +0.0000 -0.0000 -0.0000 -0.1429 +0.0000 +0.4628 +0.0000 +0.0000 -0.5748 -0.0000 +0.0000 +0.0000 +0.5006 ;
-0.0038 -0.2405 -0.6063 +0.0000 +0.0000 +0.0000 +0.0000 +0.0000 -0.5612 -0.5426 +0.2770 +0.0000 -0.0000 +0.0000 +0.0000 +0.0000 +0.4206 -0.4186 -0.6796 -0.5005 ;
-0.3009 +0.0000 +0.0000 -0.0000 -0.1073 +0.0000 +0.0000 +0.0311 -0.0000 -0.0000 -0.0000 +0.0000 +0.7032 +0.5511 +0.0000 +0.0000 -0.0000 -0.0000 -0.0000 +0.5009 ;
-0.1325 +0.3102 -0.5627 -0.5796 -0.5813 -0.5636 +0.0000 +0.0000 +0.0080 +0.6371 +0.0392 +0.0000 -0.0000 -0.0000 -0.2374 +0.0000 +0.0000 -0.0850 -0.6516 -0.5011 ;
-0.0446 +0.0895 +0.2007 -0.2491 +0.1870 +0.2166 +0.2884 +0.0932 +0.1288 +0.1272 +0.2573 +0.0000 -0.0000 +0.0000 +0.0000 +0.0000 +0.2327 +0.0000 +0.0000 -0.4431 ;
-0.1757 -0.2004 -0.3996 -0.5701 +0.2639 -0.5567 -0.5784 +0.0000 +0.2308 +0.0000 -0.5371 +0.0000 +0.0000 +0.0000 +0.1810 -0.0000 -0.4954 +0.0000 +0.0000 -0.5004 ;
+0.0000 +0.0000 +0.0000 +0.0000 +0.0000 +0.0000 +0.0000 +0.0000 +0.0000 +0.0000 +0.0000 +0.0000 +0.0000 +0.0000 +0.0000 +0.0000 +0.0000 +0.0000 +0.0000 +0.0000 ;
