brain 22856 fitness=2.68208 numneurons+1=24 maxWeight=8 maxBias=8 redinput=2-2 greeninput=3-7 blueinput=8-15
+0.0000 +0.0000 +0.0000 +0.0000 +0.0000 +0.0000 +0.0000 +0.0000 +0.0000 +0.0000 +0.0000 +0.0000 +0.0000 +0.0000 +0.0000 +0.0000 +0.0000 +0.0000 +0.0000 +0.0000 +0.0000 +0.0000 +0.0000 +0.0000 ;
+0.0000 +0.0000 +0.0000 +0.0000 +0.0000 +0.0000 +0.0000 +0.0000 +0.0000 +0.0000 +0.0000 +0.0000 +0.0000 +0.0000 +0.0000 +0.0000 +0.0000 +0.0000 +0.0000 +0.0000 +0.0000 +0.0000 +0.0000 +0.0000 ;
+0.0000 +0.0000 +0.0000 +0.0000 +0.0000 +0.0000 +0.0000 +0.0000 +0.0000 +0.0000 +0.0000 +0.0000 +0.0000 +0.0000 +0.0000 +0.0000 +0.0000 +0.0000 +0.0000 +0.0000 +0.0000 +0.0000 +0.0000 +0.0000 ;
+0.0000 +0.0000 +0.0000 +0.0000 +0.0000 +0.0000 +0.0000 +0.0000 +0.0000 +0.0000 +0.0000 +0.0000 +0.0000 +0.0000 +0.0000 +0.0000 +0.0000 +0.0000 +0.0000 +0.0000 +0.0000 +0.0000 +0.0000 +0.0000 ;
+0.0000 +0.0000 +0.0000 +0.0000 +0.0000 +0.0000 +0.0000 +0.0000 +0.0000 +0.0000 +0.0000 +0.0000 +0.0000 +0.0000 +0.0000 +0.0000 +0.0000 +0.0000 +0.0000 +0.0000 +0.0000 +0.0000 +0.0000 +0.0000 ;
+0.0000 +0.0000 +0.0000 +0.0000 +0.0000 +0.0000 +0.0000 +0.0000 +0.0000 +0.0000 +0.0000 +0.0000 +0.0000 +0.0000 +0.0000 +0.0000 +0.0000 +0.0000 +0.0000 +0.0000 +0.0000 +0.0000 +0.0000 +0.0000 ;
+0.0000 +0.0000 +0.0000 +0.0000 +0.0000 +0.0000 +0.0000 +0.0000 +0.0000 +0.0000 +0.0000 +0.0000 +0.0000 +0.0000 +0.0000 +0.0000 +0.0000 +0.0000 +0.0000 +0.0000 +0.0000 +0.0000 +0.0000 +0.0000 ;
+0.0000 +0.0000 +0.0000 +0.0000 +0.0000 +0.0000 +0.0000 +0.0000 +0.0000 +0.0000 +0.0000 +0.0000 +0.0000 +0.0000 +0.0000 +0.0000 +0.0000 +0.0000 +0.0000 +0.0000 +0.0000 +0.0000 +0.0000 +0.0000 ;
+0.0000 +0.0000 +0.0000 +0.0000 +0.0000 +0.0000 +0.0000 +0.0000 +0.0000 +0.0000 +0.0000 +0.0000 +0.0000 +0.0000 +0.0000 +0.0000 +0.0000 +0.0000 +0.0000 +0.0000 +0.0000 +0.0000 +0.0000 +0.0000 ;
+0.0000 +0.0000 +0.0000 +0.0000 +0.0000 +0.0000 +0.0000 +0.0000 +0.0000 +0.0000 +0.0000 +0.0000 +0.0000 +0.0000 +0.0000 +0.0000 +0.0000 +0.0000 +0.0000 +0.0000 +0.0000 +0.0000 +0.0000 +0.0000 ;
+0.0000 +0.0000 +0.0000 +0.0000 +0.0000 +0.0000 +0.0000 +0.0000 +0.0000 +0.0000 +0.0000 +0.0000 +0.0000 +0.0000 +0.0000 +0.0000 +0.0000 +0.0000 +0.0000 +0.0000 +0.0000 +0.0000 +0.0000 +0.0000 ;
+0.0000 +0.0000 +0.0000 +0.0000 +0.0000 +0.0000 +0.0000 +0.0000 +0.0000 +0.0000 +0.0000 +0.0000 +0.0000 +0.0000 +0.0000 +0.0000 +0.0000 +0.0000 +0.0000 +0.0000 +0.0000 +0.0000 +0.0000 +0.0000 ;
+0.0000 +0.0000 +0.0000 +0.0000 +0.0000 +0.0000 +0.0000 +0.0000 +0.0000 +0.0000 +0.0000 +0.0000 +0.0000 +0.0000 +0.0000 +0.0000 +0.0000 +0.0000 +0.0000 +0.0000 +0.0000 +0.0000 +0.0000 +0.0000 ;
+0.0000 +0.0000 +0.0000 +0.0000 +0.0000 +0.0000 +0.0000 +0.0000 +0.0000 +0.0000 +0.0000 +0.0000 +0.0000 +0.0000 +0.0000 +0.0000 +0.0000 +0.0000 +0.0000 +0.0000 +0.0000 +0.0000 +0.0000 +0.0000 ;
+0.0000 +0.0000 +0.0000 +0.0000 +0.0000 +0.0000 +0.0000 +0.0000 +0.0000 +0.0000 +0.0000 +0.0000 +0.0000 +0.0000 +0.0000 +0.0000 +0.0000 +0.0000 +0.0000 +0.0000 +0.0000 +0.0000 +0.0000 +0.0000 ;
+0.0000 +0.0000 +0.0000 +0.0000 +0.0000 +0.0000 +0.0000 +0.0000 +0.0000 +0.0000 +0.0000 +0.0000 +0.0000 +0.0000 +0.0000 +0.0000 +0.0000 +0.0000 +0.0000 +0.0000 +0.0000 +0.0000 +0.0000 +0.0000 ;
-0.1433 +0.0000 -0.1564 +0.1248 +0.0072 +0.0000 +0.1245 +0.1098 +0.0551 -0.0491 +0.0000 +0.0000 -0.0164 +0.0000 +0.0000 +0.0000 +0.0000 +0.0000 -0.0000 +0.0025 -0.0000 +0.0000 -0.2056 +0.4667 ;
-0.0019 +0.1188 -0.2023 -0.0248 -0.1043 +0.0000 +0.0000 +0.0000 +0.1461 +0.0000 -0.1379 -0.2235 +0.0000 +0.0000 +0.0000 -0.0400 -0.2221 +0.0000 +0.0000 +0.0000 -0.1769 +0.0000 +0.2128 +0.2706 ;
-0.0038 -0.2993 +0.0000 +0.2195 +0.0087 -0.1376 -0.0494 -0.1450 +0.1145 -0.0411 +0.1464 +0.0758 +0.0000 +0.0000 +0.0000 +0.0000 +0.0000 -0.0070 +0.0000 -0.0631 +0.0000 +0.0000 +0.0000 -0.5642 ;
+0.0000 -0.1146 +0.0405 +0.2543 +0.0000 +0.0000 +0.0000 +0.0000 +0.0976 -0.1711 +0.0865 -0.0034 -0.0605 -0.1636 -0.2157 -0.1194 +0.0000 +0.0000 +0.3317 +0.0000 +0.0000 +0.0000 +0.0469 -0.4510 ;
-0.0158 -0.0200 +0.0030 -0.0107 +0.0789 -0.1135 -0.2013 +0.0000 -0.0299 +0.1106 -0.0210 -0.1637 +0.0000 +0.0000 +0.0000 +0.0000 -0.0000 -0.0152 +0.4349 +0.0000 +0.0000 +0.0000 -0.1110 -0.5765 ;
+0.0000 -0.1346 +0.0000 -0.1823 -0.1492 +0.0925 +0.0000 +0.0000 +0.1442 -0.1197 -0.1182 -0.1497 -0.1879 -0.1246 -0.1193 -0.2410 -0.0089 +0.2136 +0.0000 +0.2054 -0.3828 +0.0000 +0.0000 -0.5171 ;
-0.1072 -0.0472 +0.0527 +0.0000 +0.0000 +0.0000 +0.0185 +0.1284 -0.0377 -0.1644 +0.0000 +0.0000 +0.0000 +0.0000 +0.0000 +0.0000 +0.2210 -0.2131 +0.0000 +0.0000 -0.0250 +0.0000 +0.0000 +0.5037 ;
+0.0000 +0.0000 +0.0000 +0.0000 +0.0000 +0.0000 +0.0000 +0.0000 +0.0000 +0.0000 +0.0000 +0.0000 +0.0000 +0.0000 +0.0000 +0.0000 +0.0000 +0.0000 +0.0000 +0.0000 +0.0000 +0.0000 +0.0000 +0.0000 ;
