brain 22867 fitness=5.88463 numneurons+1=23 maxWeight=8 maxBias=8 redinput=2-6 greeninput=7-12 blueinput=13-14
+0.0000 +0.0000 +0.0000 +0.0000 +0.0000 +0.0000 +0.0000 +0.0000 +0.0000 +0.0000 +0.0000 +0.0000 +0.0000 +0.0000 +0.0000 +0.0000 +0.0000 +0.0000 +0.0000 +0.0000 +0.0000 +0.0000 +0.0000 ;
+0.0000 +0.0000 +0.0000 +0.0000 +0.0000 +0.0000 +0.0000 +0.0000 +0.0000 +0.0000 +0.0000 +0.0000 +0.0000 +0.0000 +0.0000 +0.0000 +0.0000 +0.0000 +0.0000 +0.0000 +0.0000 +0.0000 +0.0000 ;
+0.0000 +0.0000 +0.0000 +0.0000 +0.0000 +0.0000 +0.0000 +0.0000 +0.0000 +0.0000 +0.0000 +0.0000 +0.0000 +0.0000 +0.0000 +0.0000 +0.0000 +0.0000 +0.0000 +0.0000 +0.0000 +0.0000 +0.0000 ;
+0.0000 +0.0000 +0.0000 +0.0000 +0.0000 +0.0000 +0.0000 +0.0000 +0.0000 +0.0000 +0.0000 +0.0000 +0.0000 +0.0000 +0.0000 +0.0000 +0.0000 +0.0000 +0.0000 +0.0000 +0.0000 +0.0000 +0.0000 ;
+0.0000 +0.0000 +0.0000 +0.0000 +0.0000 +0.0000 +0.0000 +0.0000 +0.0000 +0.0000 +0.0000 +0.0000 +0.0000 +0.0000 +0.0000 +0.0000 +0.0000 +0.0000 +0.0000 +0.0000 +0.0000 +0.0000 +0.0000 ;
+0.0000 +0.0000 +0.0000 +0.0000 +0.0000 +0.0000 +0.0000 +0.0000 +0.0000 +0.0000 +0.0000 +0.0000 +0.0000 +0.0000 +0.0000 +0.0000 +0.0000 +0.0000 +0.0000 +0.0000 +0.0000 +0.0000 +0.0000 ;
+0.0000 +0.0000 +0.0000 +0.0000 +0.0000 +0.0000 +0.0000 +0.0000 +0.0000 +0.0000 +0.0000 +0.0000 +0.0000 +0.0000 +0.0000 +0.0000 +0.0000 +0.0000 +0.0000 +0.0000 +0.0000 +0.0000 +0.0000 ;
+0.0000 +0.0000 +0.0000 +0.0000 +0.0000 +0.0000 +0.0000 +0.0000 +0.0000 +0.0000 +0.0000 +0.0000 +0.0000 +0.0000 +0.0000 +0.0000 +0.0000 +0.0000 +0.0000 +0.0000 +0.0000 +0.0000 +0.0000 ;
+0.0000 +0.0000 +0.0000 +0.0000 +0.0000 +0.0000 +0.0000 +0.0000 +0.0000 +0.0000 +0.0000 +0.0000 +0.0000 +0.0000 +0.0000 +0.0000 +0.0000 +0.0000 +0.0000 +0.0000 +0.0000 +0.0000 +0.0000 ;
+0.0000 +0.0000 +0.0000 +0.0000 +0.0000 +0.0000 +0.0000 +0.0000 +0.0000 +0.0000 +0.0000 +0.0000 +0.0000 +0.0000 +0.0000 +0.0000 +0.0000 +0.0000 +0.0000 +0.0000 +0.0000 +0.0000 +0.0000 ;
+0.0000 +0.0000 +0.0000 +0.0000 +0.0000 +0.0000 +0.0000 +0.0000 +0.0000 +0.0000 +0.0000 +0.0000 +0.0000 +0.0000 +0.0000 +0.0000 +0.0000 +0.0000 +0.0000 +0.0000 +0.0000 +0.0000 +0.0000 ;
+0.0000 +0.0000 +0.0000 +0.0000 +0.0000 +0.0000 +0.0000 +0.0000 +0.0000 +0.0000 +0.0000 +0.0000 +0.0000 +0.0000 +0.0000 +0.0000 +0.0000 +0.0000 +0.0000 +0.0000 +0.0000 +0.0000 +0.0000 ;
+0.0000 +0.0000 +0.0000 +0.0000 +0.0000 +0.0000 +0.0000 +0.0000 +0.0000 +0.0000 +0.0000 +0.0000 +0.0000 +0.0000 +0.0000 +0.0000 +0.0000 +0.0000 +0.0000 +0.0000 +0.0000 +0.0000 +0.0000 ;
+0.0000 +0.0000 +0.0000 +0.0000 +0.0000 +0.0000 +0.0000 +0.0000 +0.0000 +0.0000 +0.0000 +0.0000 +0.0000 +0.0000 +0.0000 +0.0000 +0.0000 +0.0000 +0.0000 +0.0000 +0.0000 +0.0000 +0.0000 ;
+0.0000 +0.0000 +0.0000 +0.0000 +0.0000 +0.0000 +0.0000 +0.0000 +0.0000 +0.0000 +0.0000 +0.0000 +0.0000 +0.0000 +0.0000 +0.0000 +0.0000 +0.0000 +0.0000 +0.0000 +0.0000 +0.0000 +0.0000 ;
-0.1919 +0.0027 -0.2025 +0.1159 +0.0000 +0.0000 +0.0946 -0.0833 -0.1122 -0.0000 -0.0159 +0.0000 +0.0000 -0.0000 +0.0000 +0.0000 +0.4486 -0.0000 +0.3692 -0.0000 +0.0687 +0.0797 +0.5318 ;
-0.0003 -0.1096 +0.0114 -0.0771 +0.0314 +0.1327 +0.0000 -0.0057 -0.0000 -0.1215 -0.0399 -0.0498 -0.0126 -0.1444 +0.0000 +0.1440 +0.0000 +0.0000 -0.2280 -0.1612 +0.0000 +0.0000 +0.5247 ;
-0.0188 +0.2514 -0.1913 +0.0000 +0.0000 +0.0000 +0.0000 +0.0128 -0.1181 -0.1997 -0.1108 -0.1761 +0.0000 +0.0912 +0.0000 -0.0000 +0.0000 +0.0000 +0.0988 +0.2481 -0.0395 -0.3682 -0.5209 ;
-0.1356 +0.0000 -0.1935 +0.0000 +0.0000 +0.0000 +0.0000 +0.0608 -0.0000 +0.1031 +0.0000 -0.0000 -0.0000 -0.0133 +0.0000 +0.4474 +0.2993 +0.0000 +0.0000 -0.2140 -0.0000 -0.1680 +0.5400 ;
-0.1921 +0.0450 -0.1567 -0.2447 -0.2745 -0.0910 +0.0000 +0.1730 +0.0805 -0.1065 +0.3955 +0.3361 +0.4109 +0.2192 -0.0145 -0.0000 -0.0000 -0.2691 +0.0000 +0.0000 -0.1008 -0.2256 -0.5489 ;
-0.2127 +0.0337 +0.1581 +0.1566 +0.1460 +0.2545 +0.0829 +0.0124 +0.0356 +0.1174 +0.0159 +0.0631 -0.1982 +0.1331 +0.0000 -0.0000 +0.0000 +0.0000 +0.0000 +0.1778 +0.0000 +0.0000 -0.4431 ;
-0.1069 -0.1315 -0.2593 -0.1360 -0.1536 -0.1358 +0.2303 -0.0034 +0.1822 +0.1958 +0.0000 +0.0000 +0.0000 -0.0923 +0.0000 +0.0000 +0.0389 +0.1674 +0.0984 -0.1687 +0.0000 +0.0000 -0.5301 ;
+0.0000 +0.0000 +0.0000 +0.0000 +0.0000 +0.0000 +0.0000 +0.0000 +0.0000 +0.0000 +0.0000 +0.0000 +0.0000 +0.0000 +0.0000 +0.0000 +0.0000 +0.0000 +0.0000 +0.0000 +0.0000 +0.0000 +0.0000 ;
