brain 22855 fitness=1.13724 numneurons+1=73 maxWeight=8 maxBias=8 redinput=2-10 greeninput=11-21 blueinput=22-37
+0.0000 +0.0000 +0.0000 +0.0000 +0.0000 +0.0000 +0.0000 +0.0000 +0.0000 +0.0000 +0.0000 +0.0000 +0.0000 +0.0000 +0.0000 +0.0000 +0.0000 +0.0000 +0.0000 +0.0000 +0.0000 +0.0000 +0.0000 +0.0000 +0.0000 +0.0000 +0.0000 +0.0000 +0.0000 +0.0000 +0.0000 +0.0000 +0.0000 +0.0000 +0.0000 +0.0000 +0.0000 +0.0000 +0.0000 +0.0000 +0.0000 +0.0000 +0.0000 +0.0000 +0.0000 +0.0000 +0.0000 +0.0000 +0.0000 +0.0000 +0.0000 +0.0000 +0.0000 +0.0000 +0.0000 +0.0000 +0.0000 +0.0000 +0.0000 +0.0000 +0.0000 +0.0000 +0.0000 +0.0000 +0.0000 +0.0000 +0.0000 +0.0000 +0.0000 +0.0000 +0.0000 +0.0000 +0.0000 ;
+0.0000 +0.0000 +0.0000 +0.0000 +0.0000 +0.0000 +0.0000 +0.0000 +0.0000 +0.0000 +0.0000 +0.0000 +0.0000 +0.0000 +0.0000 +0.0000 +0.0000 +0.0000 +0.0000 +0.0000 +0.0000 +0.0000 +0.0000 +0.0000 +0.0000 +0.0000 +0.0000 +0.0000 +0.0000 +0.0000 +0.0000 +0.0000 +0.0000 +0.0000 +0.0000 +0.0000 +0.0000 +0.0000 +0.0000 +0.0000 +0.0000 +0.0000 +0.0000 +0.0000 +0.0000 +0.0000 +0.0000 +0.0000 +0.0000 +0.0000 +0.0000 +0.0000 +0.0000 +0.0000 +0.0000 +0.0000 +0.0000 +0.0000 +0.0000 +0.0000 +0.0000 +0.0000 +0.0000 +0.0000 +0.0000 +0.0000 +0.0000 +0.0000 +0.0000 +0.0000 +0.0000 +0.0000 +0.0000 ;
+0.0000 +0.0000 +0.0000 +0.0000 +0.0000 +0.0000 +0.0000 +0.0000 +0.0000 +0.0000 +0.0000 +0.0000 +0.0000 +0.0000 +0.0000 +0.0000 +0.0000 +0.0000 +0.0000 +0.0000 +0.0000 +0.0000 +0.0000 +0.0000 +0.0000 +0.0000 +0.0000 +0.0000 +0.0000 +0.0000 +0.0000 +0.0000 +0.0000 +0.0000 +0.0000 +0.0000 +0.0000 +0.0000 +0.0000 +0.0000 +0.0000 +0.0000 +0.0000 +0.0000 +0.0000 +0.0000 +0.0000 +0.0000 +0.0000 +0.0000 +0.0000 +0.0000 +0.0000 +0.0000 +0.0000 +0.0000 +0.0000 +0.0000 +0.0000 +0.0000 +0.0000 +0.0000 +0.0000 +0.0000 +0.0000 +0.0000 +0.0000 +0.0000 +0.0000 +0.0000 +0.0000 +0.0000 +0.0000 ;
+0.0000 +0.0000 +0.0000 +0.0000 +0.0000 +0.0000 +0.0000 +0.0000 +0.0000 +0.0000 +0.0000 +0.0000 +0.0000 +0.0000 +0.0000 +0.0000 +0.0000 +0.0000 +0.0000 +0.0000 +0.0000 +0.0000 +0.0000 +0.0000 +0.0000 +0.0000 +0.0000 +0.0000 +0.0000 +0.0000 +0.0000 +0.0000 +0.0000 +0.0000 +0.0000 +0.0000 +0.0000 +0.0000 +0.0000 +0.0000 +0.0000 +0.0000 +0.0000 +0.0000 +0.0000 +0.0000 +0.0000 +0.0000 +0.0000 +0.0000 +0.0000 +0.0000 +0.0000 +0.0000 +0.0000 +0.0000 +0.0000 +0.0000 +0.0000 +0.0000 +0.0000 +0.0000 +0.0000 +0.0000 +0.0000 +0.0000 +0.0000 +0.0000 +0.0000 +0.0000 +0.0000 +0.0000 +0.0000 ;
+0.0000 +0.0000 +0.0000 +0.0000 +0.0000 +0.0000 +0.0000 +0.0000 +0.0000 +0.0000 +0.0000 +0.0000 +0.0000 +0.0000 +0.0000 +0.0000 +0.0000 +0.0000 +0.0000 +0.0000 +0.0000 +0.0000 +0.0000 +0.0000 +0.0000 +0.0000 +0.0000 +0.0000 +0.0000 +0.0000 +0.0000 +0.0000 +0.0000 +0.0000 +0.0000 +0.0000 +0.0000 +0.0000 +0.0000 +0.0000 +0.0000 +0.0000 +0.0000 +0.0000 +0.0000 +0.0000 +0.0000 +0.0000 +0.0000 +0.0000 +0.0000 +0.0000 +0.0000 +0.0000 +0.0000 +0.0000 +0.0000 +0.0000 +0.0000 +0.0000 +0.0000 +0.0000 +0.0000 +0.0000 +0.0000 +0.0000 +0.0000 +0.0000 +0.0000 +0.0000 +0.0000 +0.0000 +0.0000 ;
+0.0000 +0.0000 +0.0000 +0.0000 +0.0000 +0.0000 +0.0000 +0.0000 +0.0000 +0.0000 +0.0000 +0.0000 +0.0000 +0.0000 +0.0000 +0.0000 +0.0000 +0.0000 +0.0000 +0.0000 +0.0000 +0.0000 +0.0000 +0.0000 +0.0000 +0.0000 +0.0000 +0.0000 +0.0000 +0.0000 +0.0000 +0.0000 +0.0000 +0.0000 +0.0000 +0.0000 +0.0000 +0.0000 +0.0000 +0.0000 +0.0000 +0.0000 +0.0000 +0.0000 +0.0000 +0.0000 +0.0000 +0.0000 +0.0000 +0.0000 +0.0000 +0.0000 +0.0000 +0.0000 +0.0000 +0.0000 +0.0000 +0.0000 +0.0000 +0.0000 +0.0000 +0.0000 +0.0000 +0.0000 +0.0000 +0.0000 +0.0000 +0.0000 +0.0000 +0.0000 +0.0000 +0.0000 +0.0000 ;
+0.0000 +0.0000 +0.0000 +0.0000 +0.0000 +0.0000 +0.0000 +0.0000 +0.0000 +0.0000 +0.0000 +0.0000 +0.0000 +0.0000 +0.0000 +0.0000 +0.0000 +0.0000 +0.0000 +0.0000 +0.0000 +0.0000 +0.0000 +0.0000 +0.0000 +0.0000 +0.0000 +0.0000 +0.0000 +0.0000 +0.0000 +0.0000 +0.0000 +0.0000 +0.0000 +0.0000 +0.0000 +0.0000 +0.0000 +0.0000 +0.0000 +0.0000 +0.0000 +0.0000 +0.0000 +0.0000 +0.0000 +0.0000 +0.0000 +0.0000 +0.0000 +0.0000 +0.0000 +0.0000 +0.0000 +0.0000 +0.0000 +0.0000 +0.0000 +0.0000 +0.0000 +0.0000 +0.0000 +0.0000 +0.0000 +0.0000 +0.0000 +0.0000 +0.0000 +0.0000 +0.0000 +0.0000 +0.0000 ;
+0.0000 +0.0000 +0.0000 +0.0000 +0.0000 +0.0000 +0.0000 +0.0000 +0.0000 +0.0000 +0.0000 +0.0000 +0.0000 +0.0000 +0.0000 +0.0000 +0.0000 +0.0000 +0.0000 +0.0000 +0.0000 +0.0000 +0.0000 +0.0000 +0.0000 +0.0000 +0.0000 +0.0000 +0.0000 +0.0000 +0.0000 +0.0000 +0.0000 +0.0000 +0.0000 +0.0000 +0.0000 +0.0000 +0.0000 +0.0000 +0.0000 +0.0000 +0.0000 +0.0000 +0.0000 +0.0000 +0.0000 +0.0000 +0.0000 +0.0000 +0.0000 +0.0000 +0.0000 +0.0000 +0.0000 +0.0000 +0.0000 +0.0000 +0.0000 +0.0000 +0.0000 +0.0000 +0.0000 +0.0000 +0.0000 +0.0000 +0.0000 +0.0000 +0.0000 +0.0000 +0.0000 +0.0000 +0.0000 ;
+0.0000 +0.0000 +0.0000 +0.0000 +0.0000 +0.0000 +0.0000 +0.0000 +0.0000 +0.0000 +0.0000 +0.0000 +0.0000 +0.0000 +0.0000 +0.0000 +0.0000 +0.0000 +0.0000 +0.0000 +0.0000 +0.0000 +0.0000 +0.0000 +0.0000 +0.0000 +0.0000 +0.0000 +0.0000 +0.0000 +0.0000 +0.0000 +0.0000 +0.0000 +0.0000 +0.0000 +0.0000 +0.0000 +0.0000 +0.0000 +0.0000 +0.0000 +0.0000 +0.0000 +0.0000 +0.0000 +0.0000 +0.0000 +0.0000 +0.0000 +0.0000 +0.0000 +0.0000 +0.0000 +0.0000 +0.0000 +0.0000 +0.0000 +0.0000 +0.0000 +0.0000 +0.0000 +0.0000 +0.0000 +0.0000 +0.0000 +0.0000 +0.0000 +0.0000 +0.0000 +0.0000 +0.0000 +0.0000 ;
+0.0000 +0.0000 +0.0000 +0.0000 +0.0000 +0.0000 +0.0000 +0.0000 +0.0000 +0.0000 +0.0000 +0.0000 +0.0000 +0.0000 +0.0000 +0.0000 +0.0000 +0.0000 +0.0000 +0.0000 +0.0000 +0.0000 +0.0000 +0.0000 +0.0000 +0.0000 +0.0000 +0.0000 +0.0000 +0.0000 +0.0000 +0.0000 +0.0000 +0.0000 +0.0000 +0.0000 +0.0000 +0.0000 +0.0000 +0.0000 +0.0000 +0.0000 +0.0000 +0.0000 +0.0000 +0.0000 +0.0000 +0.0000 +0.0000 +0.0000 +0.0000 +0.0000 +0.0000 +0.0000 +0.0000 +0.0000 +0.0000 +0.0000 +0.0000 +0.0000 +0.0000 +0.0000 +0.0000 +0.0000 +0.0000 +0.0000 +0.0000 +0.0000 +0.0000 +0.0000 +0.0000 +0.0000 +0.0000 ;
+0.0000 +0.0000 +0.0000 +0.0000 +0.0000 +0.0000 +0.0000 +0.0000 +0.0000 +0.0000 +0.0000 +0.0000 +0.0000 +0.0000 +0.0000 +0.0000 +0.0000 +0.0000 +0.0000 +0.0000 +0.0000 +0.0000 +0.0000 +0.0000 +0.0000 +0.0000 +0.0000 +0.0000 +0.0000 +0.0000 +0.0000 +0.0000 +0.0000 +0.0000 +0.0000 +0.0000 +0.0000 +0.0000 +0.0000 +0.0000 +0.0000 +0.0000 +0.0000 +0.0000 +0.0000 +0.0000 +0.0000 +0.0000 +0.0000 +0.0000 +0.0000 +0.0000 +0.0000 +0.0000 +0.0000 +0.0000 +0.0000 +0.0000 +0.0000 +0.0000 +0.0000 +0.0000 +0.0000 +0.0000 +0.0000 +0.0000 +0.0000 +0.0000 +0.0000 +0.0000 +0.0000 +0.0000 +0.0000 ;
+0.0000 +0.0000 +0.0000 +0.0000 +0.0000 +0.0000 +0.0000 +0.0000 +0.0000 +0.0000 +0.0000 +0.0000 +0.0000 +0.0000 +0.0000 +0.0000 +0.0000 +0.0000 +0.0000 +0.0000 +0.0000 +0.0000 +0.0000 +0.0000 +0.0000 +0.0000 +0.0000 +0.0000 +0.0000 +0.0000 +0.0000 +0.0000 +0.0000 +0.0000 +0.0000 +0.0000 +0.0000 +0.0000 +0.0000 +0.0000 +0.0000 +0.0000 +0.0000 +0.0000 +0.0000 +0.0000 +0.0000 +0.0000 +0.0000 +0.0000 +0.0000 +0.0000 +0.0000 +0.0000 +0.0000 +0.0000 +0.0000 +0.0000 +0.0000 +0.0000 +0.0000 +0.0000 +0.0000 +0.0000 +0.0000 +0.0000 +0.0000 +0.0000 +0.0000 +0.0000 +0.0000 +0.0000 +0.0000 ;
+0.0000 +0.0000 +0.0000 +0.0000 +0.0000 +0.0000 +0.0000 +0.0000 +0.0000 +0.0000 +0.0000 +0.0000 +0.0000 +0.0000 +0.0000 +0.0000 +0.0000 +0.0000 +0.0000 +0.0000 +0.0000 +0.0000 +0.0000 +0.0000 +0.0000 +0.0000 +0.0000 +0.0000 +0.0000 +0.0000 +0.0000 +0.0000 +0.0000 +0.0000 +0.0000 +0.0000 +0.0000 +0.0000 +0.0000 +0.0000 +0.0000 +0.0000 +0.0000 +0.0000 +0.0000 +0.0000 +0.0000 +0.0000 +0.0000 +0.0000 +0.0000 +0.0000 +0.0000 +0.0000 +0.0000 +0.0000 +0.0000 +0.0000 +0.0000 +0.0000 +0.0000 +0.0000 +0.0000 +0.0000 +0.0000 +0.0000 +0.0000 +0.0000 +0.0000 +0.0000 +0.0000 +0.0000 +0.0000 ;
+0.0000 +0.0000 +0.0000 +0.0000 +0.0000 +0.0000 +0.0000 +0.0000 +0.0000 +0.0000 +0.0000 +0.0000 +0.0000 +0.0000 +0.0000 +0.0000 +0.0000 +0.0000 +0.0000 +0.0000 +0.0000 +0.0000 +0.0000 +0.0000 +0.0000 +0.0000 +0.0000 +0.0000 +0.0000 +0.0000 +0.0000 +0.0000 +0.0000 +0.0000 +0.0000 +0.0000 +0.0000 +0.0000 +0.0000 +0.0000 +0.0000 +0.0000 +0.0000 +0.0000 +0.0000 +0.0000 +0.0000 +0.0000 +0.0000 +0.0000 +0.0000 +0.0000 +0.0000 +0.0000 +0.0000 +0.0000 +0.0000 +0.0000 +0.0000 +0.0000 +0.0000 +0.0000 +0.0000 +0.0000 +0.0000 +0.0000 +0.0000 +0.0000 +0.0000 +0.0000 +0.0000 +0.0000 +0.0000 ;
+0.0000 +0.0000 +0.0000 +0.0000 +0.0000 +0.0000 +0.0000 +0.0000 +0.0000 +0.0000 +0.0000 +0.0000 +0.0000 +0.0000 +0.0000 +0.0000 +0.0000 +0.0000 +0.0000 +0.0000 +0.0000 +0.0000 +0.0000 +0.0000 +0.0000 +0.0000 +0.0000 +0.0000 +0.0000 +0.0000 +0.0000 +0.0000 +0.0000 +0.0000 +0.0000 +0.0000 +0.0000 +0.0000 +0.0000 +0.0000 +0.0000 +0.0000 +0.0000 +0.0000 +0.0000 +0.0000 +0.0000 +0.0000 +0.0000 +0.0000 +0.0000 +0.0000 +0.0000 +0.0000 +0.0000 +0.0000 +0.0000 +0.0000 +0.0000 +0.0000 +0.0000 +0.0000 +0.0000 +0.0000 +0.0000 +0.0000 +0.0000 +0.0000 +0.0000 +0.0000 +0.0000 +0.0000 +0.0000 ;
+0.0000 +0.0000 +0.0000 +0.0000 +0.0000 +0.0000 +0.0000 +0.0000 +0.0000 +0.0000 +0.0000 +0.0000 +0.0000 +0.0000 +0.0000 +0.0000 +0.0000 +0.0000 +0.0000 +0.0000 +0.0000 +0.0000 +0.0000 +0.0000 +0.0000 +0.0000 +0.0000 +0.0000 +0.0000 +0.0000 +0.0000 +0.0000 +0.0000 +0.0000 +0.0000 +0.0000 +0.0000 +0.0000 +0.0000 +0.0000 +0.0000 +0.0000 +0.0000 +0.0000 +0.0000 +0.0000 +0.0000 +0.0000 +0.0000 +0.0000 +0.0000 +0.0000 +0.0000 +0.0000 +0.0000 +0.0000 +0.0000 +0.0000 +0.0000 +0.0000 +0.0000 +0.0000 +0.0000 +0.0000 +0.0000 +0.0000 +0.0000 +0.0000 +0.0000 +0.0000 +0.0000 +0.0000 +0.0000 ;
+0.0000 +0.0000 +0.0000 +0.0000 +0.0000 +0.0000 +0.0000 +0.0000 +0.0000 +0.0000 +0.0000 +0.0000 +0.0000 +0.0000 +0.0000 +0.0000 +0.0000 +0.0000 +0.0000 +0.0000 +0.0000 +0.0000 +0.0000 +0.0000 +0.0000 +0.0000 +0.0000 +0.0000 +0.0000 +0.0000 +0.0000 +0.0000 +0.0000 +0.0000 +0.0000 +0.0000 +0.0000 +0.0000 +0.0000 +0.0000 +0.0000 +0.0000 +0.0000 +0.0000 +0.0000 +0.0000 +0.0000 +0.0000 +0.0000 +0.0000 +0.0000 +0.0000 +0.0000 +0.0000 +0.0000 +0.0000 +0.0000 +0.0000 +0.0000 +0.0000 +0.0000 +0.0000 +0.0000 +0.0000 +0.0000 +0.0000 +0.0000 +0.0000 +0.0000 +0.0000 +0.0000 +0.0000 +0.0000 ;
+0.0000 +0.0000 +0.0000 +0.0000 +0.0000 +0.0000 +0.0000 +0.0000 +0.0000 +0.0000 +0.0000 +0.0000 +0.0000 +0.0000 +0.0000 +0.0000 +0.0000 +0.0000 +0.0000 +0.0000 +0.0000 +0.0000 +0.0000 +0.0000 +0.0000 +0.0000 +0.0000 +0.0000 +0.0000 +0.0000 +0.0000 +0.0000 +0.0000 +0.0000 +0.0000 +0.0000 +0.0000 +0.0000 +0.0000 +0.0000 +0.0000 +0.0000 +0.0000 +0.0000 +0.0000 +0.0000 +0.0000 +0.0000 +0.0000 +0.0000 +0.0000 +0.0000 +0.0000 +0.0000 +0.0000 +0.0000 +0.0000 +0.0000 +0.0000 +0.0000 +0.0000 +0.0000 +0.0000 +0.0000 +0.0000 +0.0000 +0.0000 +0.0000 +0.0000 +0.0000 +0.0000 +0.0000 +0.0000 ;
+0.0000 +0.0000 +0.0000 +0.0000 +0.0000 +0.0000 +0.0000 +0.0000 +0.0000 +0.0000 +0.0000 +0.0000 +0.0000 +0.0000 +0.0000 +0.0000 +0.0000 +0.0000 +0.0000 +0.0000 +0.0000 +0.0000 +0.0000 +0.0000 +0.0000 +0.0000 +0.0000 +0.0000 +0.0000 +0.0000 +0.0000 +0.0000 +0.0000 +0.0000 +0.0000 +0.0000 +0.0000 +0.0000 +0.0000 +0.0000 +0.0000 +0.0000 +0.0000 +0.0000 +0.0000 +0.0000 +0.0000 +0.0000 +0.0000 +0.0000 +0.0000 +0.0000 +0.0000 +0.0000 +0.0000 +0.0000 +0.0000 +0.0000 +0.0000 +0.0000 +0.0000 +0.0000 +0.0000 +0.0000 +0.0000 +0.0000 +0.0000 +0.0000 +0.0000 +0.0000 +0.0000 +0.0000 +0.0000 ;
+0.0000 +0.0000 +0.0000 +0.0000 +0.0000 +0.0000 +0.0000 +0.0000 +0.0000 +0.0000 +0.0000 +0.0000 +0.0000 +0.0000 +0.0000 +0.0000 +0.0000 +0.0000 +0.0000 +0.0000 +0.0000 +0.0000 +0.0000 +0.0000 +0.0000 +0.0000 +0.0000 +0.0000 +0.0000 +0.0000 +0.0000 +0.0000 +0.0000 +0.0000 +0.0000 +0.0000 +0.0000 +0.0000 +0.0000 +0.0000 +0.0000 +0.0000 +0.0000 +0.0000 +0.0000 +0.0000 +0.0000 +0.0000 +0.0000 +0.0000 +0.0000 +0.0000 +0.0000 +0.0000 +0.0000 +0.0000 +0.0000 +0.0000 +0.0000 +0.0000 +0.0000 +0.0000 +0.0000 +0.0000 +0.0000 +0.0000 +0.0000 +0.0000 +0.0000 +0.0000 +0.0000 +0.0000 +0.0000 ;
+0.0000 +0.0000 +0.0000 +0.0000 +0.0000 +0.0000 +0.0000 +0.0000 +0.0000 +0.0000 +0.0000 +0.0000 +0.0000 +0.0000 +0.0000 +0.0000 +0.0000 +0.0000 +0.0000 +0.0000 +0.0000 +0.0000 +0.0000 +0.0000 +0.0000 +0.0000 +0.0000 +0.0000 +0.0000 +0.0000 +0.0000 +0.0000 +0.0000 +0.0000 +0.0000 +0.0000 +0.0000 +0.0000 +0.0000 +0.0000 +0.0000 +0.0000 +0.0000 +0.0000 +0.0000 +0.0000 +0.0000 +0.0000 +0.0000 +0.0000 +0.0000 +0.0000 +0.0000 +0.0000 +0.0000 +0.0000 +0.0000 +0.0000 +0.0000 +0.0000 +0.0000 +0.0000 +0.0000 +0.0000 +0.0000 +0.0000 +0.0000 +0.0000 +0.0000 +0.0000 +0.0000 +0.0000 +0.0000 ;
+0.0000 +0.0000 +0.0000 +0.0000 +0.0000 +0.0000 +0.0000 +0.0000 +0.0000 +0.0000 +0.0000 +0.0000 +0.0000 +0.0000 +0.0000 +0.0000 +0.0000 +0.0000 +0.0000 +0.0000 +0.0000 +0.0000 +0.0000 +0.0000 +0.0000 +0.0000 +0.0000 +0.0000 +0.0000 +0.0000 +0.0000 +0.0000 +0.0000 +0.0000 +0.0000 +0.0000 +0.0000 +0.0000 +0.0000 +0.0000 +0.0000 +0.0000 +0.0000 +0.0000 +0.0000 +0.0000 +0.0000 +0.0000 +0.0000 +0.0000 +0.0000 +0.0000 +0.0000 +0.0000 +0.0000 +0.0000 +0.0000 +0.0000 +0.0000 +0.0000 +0.0000 +0.0000 +0.0000 +0.0000 +0.0000 +0.0000 +0.0000 +0.0000 +0.0000 +0.0000 +0.0000 +0.0000 +0.0000 ;
+0.0000 +0.0000 +0.0000 +0.0000 +0.0000 +0.0000 +0.0000 +0.0000 +0.0000 +0.0000 +0.0000 +0.0000 +0.0000 +0.0000 +0.0000 +0.0000 +0.0000 +0.0000 +0.0000 +0.0000 +0.0000 +0.0000 +0.0000 +0.0000 +0.0000 +0.0000 +0.0000 +0.0000 +0.0000 +0.0000 +0.0000 +0.0000 +0.0000 +0.0000 +0.0000 +0.0000 +0.0000 +0.0000 +0.0000 +0.0000 +0.0000 +0.0000 +0.0000 +0.0000 +0.0000 +0.0000 +0.0000 +0.0000 +0.0000 +0.0000 +0.0000 +0.0000 +0.0000 +0.0000 +0.0000 +0.0000 +0.0000 +0.0000 +0.0000 +0.0000 +0.0000 +0.0000 +0.0000 +0.0000 +0.0000 +0.0000 +0.0000 +0.0000 +0.0000 +0.0000 +0.0000 +0.0000 +0.0000 ;
+0.0000 +0.0000 +0.0000 +0.0000 +0.0000 +0.0000 +0.0000 +0.0000 +0.0000 +0.0000 +0.0000 +0.0000 +0.0000 +0.0000 +0.0000 +0.0000 +0.0000 +0.0000 +0.0000 +0.0000 +0.0000 +0.0000 +0.0000 +0.0000 +0.0000 +0.0000 +0.0000 +0.0000 +0.0000 +0.0000 +0.0000 +0.0000 +0.0000 +0.0000 +0.0000 +0.0000 +0.0000 +0.0000 +0.0000 +0.0000 +0.0000 +0.0000 +0.0000 +0.0000 +0.0000 +0.0000 +0.0000 +0.0000 +0.0000 +0.0000 +0.0000 +0.0000 +0.0000 +0.0000 +0.0000 +0.0000 +0.0000 +0.0000 +0.0000 +0.0000 +0.0000 +0.0000 +0.0000 +0.0000 +0.0000 +0.0000 +0.0000 +0.0000 +0.0000 +0.0000 +0.0000 +0.0000 +0.0000 ;
+0.0000 +0.0000 +0.0000 +0.0000 +0.0000 +0.0000 +0.0000 +0.0000 +0.0000 +0.0000 +0.0000 +0.0000 +0.0000 +0.0000 +0.0000 +0.0000 +0.0000 +0.0000 +0.0000 +0.0000 +0.0000 +0.0000 +0.0000 +0.0000 +0.0000 +0.0000 +0.0000 +0.0000 +0.0000 +0.0000 +0.0000 +0.0000 +0.0000 +0.0000 +0.0000 +0.0000 +0.0000 +0.0000 +0.0000 +0.0000 +0.0000 +0.0000 +0.0000 +0.0000 +0.0000 +0.0000 +0.0000 +0.0000 +0.0000 +0.0000 +0.0000 +0.0000 +0.0000 +0.0000 +0.0000 +0.0000 +0.0000 +0.0000 +0.0000 +0.0000 +0.0000 +0.0000 +0.0000 +0.0000 +0.0000 +0.0000 +0.0000 +0.0000 +0.0000 +0.0000 +0.0000 +0.0000 +0.0000 ;
+0.0000 +0.0000 +0.0000 +0.0000 +0.0000 +0.0000 +0.0000 +0.0000 +0.0000 +0.0000 +0.0000 +0.0000 +0.0000 +0.0000 +0.0000 +0.0000 +0.0000 +0.0000 +0.0000 +0.0000 +0.0000 +0.0000 +0.0000 +0.0000 +0.0000 +0.0000 +0.0000 +0.0000 +0.0000 +0.0000 +0.0000 +0.0000 +0.0000 +0.0000 +0.0000 +0.0000 +0.0000 +0.0000 +0.0000 +0.0000 +0.0000 +0.0000 +0.0000 +0.0000 +0.0000 +0.0000 +0.0000 +0.0000 +0.0000 +0.0000 +0.0000 +0.0000 +0.0000 +0.0000 +0.0000 +0.0000 +0.0000 +0.0000 +0.0000 +0.0000 +0.0000 +0.0000 +0.0000 +0.0000 +0.0000 +0.0000 +0.0000 +0.0000 +0.0000 +0.0000 +0.0000 +0.0000 +0.0000 ;
+0.0000 +0.0000 +0.0000 +0.0000 +0.0000 +0.0000 +0.0000 +0.0000 +0.0000 +0.0000 +0.0000 +0.0000 +0.0000 +0.0000 +0.0000 +0.0000 +0.0000 +0.0000 +0.0000 +0.0000 +0.0000 +0.0000 +0.0000 +0.0000 +0.0000 +0.0000 +0.0000 +0.0000 +0.0000 +0.0000 +0.0000 +0.0000 +0.0000 +0.0000 +0.0000 +0.0000 +0.0000 +0.0000 +0.0000 +0.0000 +0.0000 +0.0000 +0.0000 +0.0000 +0.0000 +0.0000 +0.0000 +0.0000 +0.0000 +0.0000 +0.0000 +0.0000 +0.0000 +0.0000 +0.0000 +0.0000 +0.0000 +0.0000 +0.0000 +0.0000 +0.0000 +0.0000 +0.0000 +0.0000 +0.0000 +0.0000 +0.0000 +0.0000 +0.0000 +0.0000 +0.0000 +0.0000 +0.0000 ;
+0.0000 +0.0000 +0.0000 +0.0000 +0.0000 +0.0000 +0.0000 +0.0000 +0.0000 +0.0000 +0.0000 +0.0000 +0.0000 +0.0000 +0.0000 +0.0000 +0.0000 +0.0000 +0.0000 +0.0000 +0.0000 +0.0000 +0.0000 +0.0000 +0.0000 +0.0000 +0.0000 +0.0000 +0.0000 +0.0000 +0.0000 +0.0000 +0.0000 +0.0000 +0.0000 +0.0000 +0.0000 +0.0000 +0.0000 +0.0000 +0.0000 +0.0000 +0.0000 +0.0000 +0.0000 +0.0000 +0.0000 +0.0000 +0.0000 +0.0000 +0.0000 +0.0000 +0.0000 +0.0000 +0.0000 +0.0000 +0.0000 +0.0000 +0.0000 +0.0000 +0.0000 +0.0000 +0.0000 +0.0000 +0.0000 +0.0000 +0.0000 +0.0000 +0.0000 +0.0000 +0.0000 +0.0000 +0.0000 ;
+0.0000 +0.0000 +0.0000 +0.0000 +0.0000 +0.0000 +0.0000 +0.0000 +0.0000 +0.0000 +0.0000 +0.0000 +0.0000 +0.0000 +0.0000 +0.0000 +0.0000 +0.0000 +0.0000 +0.0000 +0.0000 +0.0000 +0.0000 +0.0000 +0.0000 +0.0000 +0.0000 +0.0000 +0.0000 +0.0000 +0.0000 +0.0000 +0.0000 +0.0000 +0.0000 +0.0000 +0.0000 +0.0000 +0.0000 +0.0000 +0.0000 +0.0000 +0.0000 +0.0000 +0.0000 +0.0000 +0.0000 +0.0000 +0.0000 +0.0000 +0.0000 +0.0000 +0.0000 +0.0000 +0.0000 +0.0000 +0.0000 +0.0000 +0.0000 +0.0000 +0.0000 +0.0000 +0.0000 +0.0000 +0.0000 +0.0000 +0.0000 +0.0000 +0.0000 +0.0000 +0.0000 +0.0000 +0.0000 ;
+0.0000 +0.0000 +0.0000 +0.0000 +0.0000 +0.0000 +0.0000 +0.0000 +0.0000 +0.0000 +0.0000 +0.0000 +0.0000 +0.0000 +0.0000 +0.0000 +0.0000 +0.0000 +0.0000 +0.0000 +0.0000 +0.0000 +0.0000 +0.0000 +0.0000 +0.0000 +0.0000 +0.0000 +0.0000 +0.0000 +0.0000 +0.0000 +0.0000 +0.0000 +0.0000 +0.0000 +0.0000 +0.0000 +0.0000 +0.0000 +0.0000 +0.0000 +0.0000 +0.0000 +0.0000 +0.0000 +0.0000 +0.0000 +0.0000 +0.0000 +0.0000 +0.0000 +0.0000 +0.0000 +0.0000 +0.0000 +0.0000 +0.0000 +0.0000 +0.0000 +0.0000 +0.0000 +0.0000 +0.0000 +0.0000 +0.0000 +0.0000 +0.0000 +0.0000 +0.0000 +0.0000 +0.0000 +0.0000 ;
+0.0000 +0.0000 +0.0000 +0.0000 +0.0000 +0.0000 +0.0000 +0.0000 +0.0000 +0.0000 +0.0000 +0.0000 +0.0000 +0.0000 +0.0000 +0.0000 +0.0000 +0.0000 +0.0000 +0.0000 +0.0000 +0.0000 +0.0000 +0.0000 +0.0000 +0.0000 +0.0000 +0.0000 +0.0000 +0.0000 +0.0000 +0.0000 +0.0000 +0.0000 +0.0000 +0.0000 +0.0000 +0.0000 +0.0000 +0.0000 +0.0000 +0.0000 +0.0000 +0.0000 +0.0000 +0.0000 +0.0000 +0.0000 +0.0000 +0.0000 +0.0000 +0.0000 +0.0000 +0.0000 +0.0000 +0.0000 +0.0000 +0.0000 +0.0000 +0.0000 +0.0000 +0.0000 +0.0000 +0.0000 +0.0000 +0.0000 +0.0000 +0.0000 +0.0000 +0.0000 +0.0000 +0.0000 +0.0000 ;
+0.0000 +0.0000 +0.0000 +0.0000 +0.0000 +0.0000 +0.0000 +0.0000 +0.0000 +0.0000 +0.0000 +0.0000 +0.0000 +0.0000 +0.0000 +0.0000 +0.0000 +0.0000 +0.0000 +0.0000 +0.0000 +0.0000 +0.0000 +0.0000 +0.0000 +0.0000 +0.0000 +0.0000 +0.0000 +0.0000 +0.0000 +0.0000 +0.0000 +0.0000 +0.0000 +0.0000 +0.0000 +0.0000 +0.0000 +0.0000 +0.0000 +0.0000 +0.0000 +0.0000 +0.0000 +0.0000 +0.0000 +0.0000 +0.0000 +0.0000 +0.0000 +0.0000 +0.0000 +0.0000 +0.0000 +0.0000 +0.0000 +0.0000 +0.0000 +0.0000 +0.0000 +0.0000 +0.0000 +0.0000 +0.0000 +0.0000 +0.0000 +0.0000 +0.0000 +0.0000 +0.0000 +0.0000 +0.0000 ;
+0.0000 +0.0000 +0.0000 +0.0000 +0.0000 +0.0000 +0.0000 +0.0000 +0.0000 +0.0000 +0.0000 +0.0000 +0.0000 +0.0000 +0.0000 +0.0000 +0.0000 +0.0000 +0.0000 +0.0000 +0.0000 +0.0000 +0.0000 +0.0000 +0.0000 +0.0000 +0.0000 +0.0000 +0.0000 +0.0000 +0.0000 +0.0000 +0.0000 +0.0000 +0.0000 +0.0000 +0.0000 +0.0000 +0.0000 +0.0000 +0.0000 +0.0000 +0.0000 +0.0000 +0.0000 +0.0000 +0.0000 +0.0000 +0.0000 +0.0000 +0.0000 +0.0000 +0.0000 +0.0000 +0.0000 +0.0000 +0.0000 +0.0000 +0.0000 +0.0000 +0.0000 +0.0000 +0.0000 +0.0000 +0.0000 +0.0000 +0.0000 +0.0000 +0.0000 +0.0000 +0.0000 +0.0000 +0.0000 ;
+0.0000 +0.0000 +0.0000 +0.0000 +0.0000 +0.0000 +0.0000 +0.0000 +0.0000 +0.0000 +0.0000 +0.0000 +0.0000 +0.0000 +0.0000 +0.0000 +0.0000 +0.0000 +0.0000 +0.0000 +0.0000 +0.0000 +0.0000 +0.0000 +0.0000 +0.0000 +0.0000 +0.0000 +0.0000 +0.0000 +0.0000 +0.0000 +0.0000 +0.0000 +0.0000 +0.0000 +0.0000 +0.0000 +0.0000 +0.0000 +0.0000 +0.0000 +0.0000 +0.0000 +0.0000 +0.0000 +0.0000 +0.0000 +0.0000 +0.0000 +0.0000 +0.0000 +0.0000 +0.0000 +0.0000 +0.0000 +0.0000 +0.0000 +0.0000 +0.0000 +0.0000 +0.0000 +0.0000 +0.0000 +0.0000 +0.0000 +0.0000 +0.0000 +0.0000 +0.0000 +0.0000 +0.0000 +0.0000 ;
+0.0000 +0.0000 +0.0000 +0.0000 +0.0000 +0.0000 +0.0000 +0.0000 +0.0000 +0.0000 +0.0000 +0.0000 +0.0000 +0.0000 +0.0000 +0.0000 +0.0000 +0.0000 +0.0000 +0.0000 +0.0000 +0.0000 +0.0000 +0.0000 +0.0000 +0.0000 +0.0000 +0.0000 +0.0000 +0.0000 +0.0000 +0.0000 +0.0000 +0.0000 +0.0000 +0.0000 +0.0000 +0.0000 +0.0000 +0.0000 +0.0000 +0.0000 +0.0000 +0.0000 +0.0000 +0.0000 +0.0000 +0.0000 +0.0000 +0.0000 +0.0000 +0.0000 +0.0000 +0.0000 +0.0000 +0.0000 +0.0000 +0.0000 +0.0000 +0.0000 +0.0000 +0.0000 +0.0000 +0.0000 +0.0000 +0.0000 +0.0000 +0.0000 +0.0000 +0.0000 +0.0000 +0.0000 +0.0000 ;
+0.0000 +0.0000 +0.0000 +0.0000 +0.0000 +0.0000 +0.0000 +0.0000 +0.0000 +0.0000 +0.0000 +0.0000 +0.0000 +0.0000 +0.0000 +0.0000 +0.0000 +0.0000 +0.0000 +0.0000 +0.0000 +0.0000 +0.0000 +0.0000 +0.0000 +0.0000 +0.0000 +0.0000 +0.0000 +0.0000 +0.0000 +0.0000 +0.0000 +0.0000 +0.0000 +0.0000 +0.0000 +0.0000 +0.0000 +0.0000 +0.0000 +0.0000 +0.0000 +0.0000 +0.0000 +0.0000 +0.0000 +0.0000 +0.0000 +0.0000 +0.0000 +0.0000 +0.0000 +0.0000 +0.0000 +0.0000 +0.0000 +0.0000 +0.0000 +0.0000 +0.0000 +0.0000 +0.0000 +0.0000 +0.0000 +0.0000 +0.0000 +0.0000 +0.0000 +0.0000 +0.0000 +0.0000 +0.0000 ;
+0.0000 +0.0000 +0.0000 +0.0000 +0.0000 +0.0000 +0.0000 +0.0000 +0.0000 +0.0000 +0.0000 +0.0000 +0.0000 +0.0000 +0.0000 +0.0000 +0.0000 +0.0000 +0.0000 +0.0000 +0.0000 +0.0000 +0.0000 +0.0000 +0.0000 +0.0000 +0.0000 +0.0000 +0.0000 +0.0000 +0.0000 +0.0000 +0.0000 +0.0000 +0.0000 +0.0000 +0.0000 +0.0000 +0.0000 +0.0000 +0.0000 +0.0000 +0.0000 +0.0000 +0.0000 +0.0000 +0.0000 +0.0000 +0.0000 +0.0000 +0.0000 +0.0000 +0.0000 +0.0000 +0.0000 +0.0000 +0.0000 +0.0000 +0.0000 +0.0000 +0.0000 +0.0000 +0.0000 +0.0000 +0.0000 +0.0000 +0.0000 +0.0000 +0.0000 +0.0000 +0.0000 +0.0000 +0.0000 ;
+0.0000 +0.0000 +0.0000 +0.0000 +0.0000 +0.0000 +0.0000 +0.0000 +0.0000 +0.0000 +0.0000 +0.0000 +0.0000 +0.0000 +0.0000 +0.0000 +0.0000 +0.0000 +0.0000 +0.0000 +0.0000 +0.0000 +0.0000 +0.0000 +0.0000 +0.0000 +0.0000 +0.0000 +0.0000 +0.0000 +0.0000 +0.0000 +0.0000 +0.0000 +0.0000 +0.0000 +0.0000 +0.0000 +0.0000 +0.0000 +0.0000 +0.0000 +0.0000 +0.0000 +0.0000 +0.0000 +0.0000 +0.0000 +0.0000 +0.0000 +0.0000 +0.0000 +0.0000 +0.0000 +0.0000 +0.0000 +0.0000 +0.0000 +0.0000 +0.0000 +0.0000 +0.0000 +0.0000 +0.0000 +0.0000 +0.0000 +0.0000 +0.0000 +0.0000 +0.0000 +0.0000 +0.0000 +0.0000 ;
-0.0079 -0.1337 -0.1431 -0.0036 +0.0000 +0.0000 +0.0000 +0.0000 +0.0000 +0.0000 +0.0000 -0.1521 -0.1110 +0.0184 +0.1364 +0.0886 +0.0018 +0.1290 +0.0950 +0.0766 +0.2322 +0.0000 +0.0755 +0.1927 +0.0227 +0.1458 -0.0811 +0.1997 +0.0864 +0.0557 +0.0919 +0.0450 +0.1631 +0.2003 +0.2021 +0.2162 +0.0678 +0.0000 +0.0000 -0.0750 +0.0000 +0.2398 +0.1884 +0.0000 +0.2015 +0.0000 +0.0000 -0.1809 -0.1462 +0.0000 +0.0000 +0.0000 +0.0000 +0.0000 +0.0000 +0.0000 +0.1353 +0.2040 +0.0245 +0.2333 +0.1854 +0.0107 +0.2168 +0.0000 +0.0000 +0.0690 +0.0000 -0.1525 -0.1015 -0.0582 +0.0000 +0.0000 -0.6534 ;
-0.0067 +0.0000 +0.1478 -0.0982 +0.2146 +0.0748 +0.0572 +0.2360 +0.1620 +0.0014 +0.1910 +0.0627 -0.0790 -0.0241 +0.2178 +0.1646 +0.2283 +0.0030 +0.1326 +0.1709 +0.0347 +0.0388 +0.0093 -0.1490 +0.1271 +0.0392 -0.0808 +0.1983 -0.1923 -0.0312 +0.0481 +0.0493 +0.1310 -0.2015 -0.1741 +0.1998 +0.0324 +0.1621 +0.1694 +0.0000 -0.0227 +0.0000 +0.2297 -0.1454 +0.2151 +0.0000 -0.0171 -0.0000 -0.0000 -0.1062 -0.0000 -0.0581 -0.0305 -0.1177 -0.0000 -0.0000 +0.1704 +0.0000 +0.2037 +0.2005 +0.2625 +0.3141 +0.2186 +0.3545 +0.1745 +0.0000 +0.1935 -0.1038 -0.1661 -0.1049 -0.1379 -0.0321 -0.4510 ;
-0.1647 +0.0000 +0.0493 -0.1395 -0.0876 -0.0588 +0.0000 +0.0000 +0.0000 +0.0000 +0.0000 -0.0018 -0.0664 +0.2292 -0.0904 -0.0000 +0.0293 -0.2054 -0.2309 -0.1672 -0.0915 -0.0000 +0.0000 -0.0353 +0.2235 -0.1007 +0.0000 +0.0000 -0.1301 -0.0894 -0.0991 -0.0369 -0.1079 -0.1042 +0.0000 +0.0000 +0.0000 -0.0365 +0.0000 +0.0000 +0.0000 -0.0099 +0.0042 -0.0028 +0.1472 +0.2224 -0.0494 -0.1712 -0.0246 -0.1127 -0.0314 -0.2025 -0.2139 -0.1783 +0.0000 +0.0000 +0.0496 +0.0323 +0.1039 +0.2062 +0.2279 +0.0715 +0.1845 +0.0000 +0.0000 +0.0000 +0.0000 -0.2143 +0.0000 +0.0000 +0.0000 +0.0000 -0.0824 ;
-0.0873 +0.0684 -0.2237 -0.2282 +0.0000 -0.0377 +0.0000 +0.0000 +0.0000 +0.0000 +0.0000 +0.1866 +0.0000 +0.0000 +0.0000 +0.0000 +0.0000 +0.0000 +0.0076 +0.2197 +0.1933 +0.1570 +0.0603 -0.0228 -0.0944 +0.2492 -0.1243 -0.0450 -0.0720 +0.1494 +0.1737 +0.1112 +0.0064 +0.0025 -0.0144 -0.0343 +0.0000 -0.1321 +0.0880 +0.0865 -0.1381 +0.0000 -0.1035 +0.1791 +0.1576 +0.0429 -0.0639 -0.1388 -0.0540 -0.1458 -0.0289 -0.0045 -0.1149 -0.0049 -0.0047 -0.0036 +0.1522 +0.2592 +0.2288 +0.2653 +0.0000 +0.0000 +0.0000 +0.0000 +0.0000 +0.0000 +0.0000 -0.1171 +0.0000 +0.0000 +0.0000 +0.0000 -0.6190 ;
-0.1900 +0.0827 -0.0067 +0.2140 +0.1714 +0.0426 +0.1797 +0.0000 +0.0000 -0.1510 +0.0000 -0.0625 -0.1652 +0.0000 +0.0000 +0.0000 +0.0000 +0.0000 +0.0000 +0.0000 +0.0000 +0.0000 +0.0325 +0.0840 +0.0356 +0.1942 +0.2101 +0.1507 +0.1636 +0.0134 +0.1472 +0.1887 +0.0000 +0.0000 +0.0000 -0.1131 +0.0000 +0.0000 +0.2100 -0.2554 +0.0254 +0.1035 +0.0000 +0.0391 +0.0000 +0.0000 +0.0000 -0.0006 -0.0005 -0.0592 +0.0000 -0.1168 -0.0284 -0.0271 -0.0050 -0.0005 +0.1780 +0.1292 +0.0617 +0.2266 +0.1010 +0.2584 +0.0200 +0.0850 +0.1023 +0.1063 +0.0453 -0.2090 -0.1912 +0.0000 +0.0000 +0.0000 -0.3020 ;
+0.0000 +0.0000 +0.0968 -0.1333 +0.1441 -0.1057 +0.1197 -0.1056 +0.1315 +0.0000 +0.2033 -0.0283 +0.0460 +0.2373 +0.2523 +0.0366 +0.1278 +0.0000 +0.0000 +0.0000 +0.0000 +0.0000 +0.0008 -0.1448 +0.0675 -0.1028 -0.1214 -0.0170 -0.2307 -0.0039 +0.1347 -0.0185 -0.1185 +0.1508 -0.0410 +0.1520 -0.0882 -0.2090 -0.1053 +0.0000 -0.0714 -0.0898 +0.0000 +0.0000 +0.0000 +0.0000 +0.0000 -0.1953 +0.0000 -0.0916 -0.2808 -0.0637 -0.0627 -0.1668 -0.1508 -0.1187 +0.0000 +0.0056 +0.0000 +0.0698 +0.1760 +0.0326 +0.0000 +0.0000 +0.0000 +0.0000 +0.0000 -0.1298 +0.0000 +0.0000 +0.0000 +0.0000 -0.4902 ;
+0.0000 -0.1058 +0.0603 +0.1257 +0.0796 -0.0001 +0.0000 +0.0000 +0.1442 +0.0000 +0.0000 -0.0140 +0.0435 +0.2429 +0.0000 +0.0000 +0.0000 +0.0000 +0.0000 +0.0000 +0.0000 +0.0000 +0.1902 +0.1841 +0.2425 -0.0054 -0.2133 -0.1534 -0.0313 +0.0617 -0.1586 +0.0132 +0.0497 +0.1072 +0.0496 +0.1371 +0.2149 +0.0069 +0.0840 +0.3034 +0.0114 +0.0867 +0.0000 +0.0000 +0.0000 +0.1467 -0.0790 -0.0000 -0.0284 -0.0972 +0.0000 -0.0000 -0.0000 -0.0000 +0.0000 +0.0000 +0.2537 +0.3057 +0.2182 +0.1044 +0.0000 +0.0000 +0.1329 +0.0000 +0.2907 +0.0000 +0.0000 -0.2279 +0.0000 +0.0000 +0.0000 +0.0000 +0.1686 ;
-0.2026 +0.0000 -0.1461 +0.0050 +0.0532 +0.0280 -0.0386 +0.0750 +0.0000 +0.1674 +0.2116 +0.2091 -0.0061 -0.0832 +0.1880 -0.0535 -0.0657 -0.0779 -0.0480 +0.0304 +0.1368 +0.0000 +0.2247 -0.1273 -0.0376 -0.0323 +0.0242 -0.1241 -0.1724 -0.1143 -0.0000 -0.1024 -0.1681 +0.0000 -0.0000 +0.0000 +0.0000 +0.0000 +0.2128 +0.1527 -0.1418 +0.1771 +0.0995 +0.0011 +0.0581 +0.0000 -0.0000 +0.0000 -0.1436 -0.0000 -0.1526 +0.0000 +0.0000 +0.0000 -0.0000 +0.0000 +0.2218 +0.2871 +0.2036 +0.1116 +0.0000 +0.1480 +0.2552 +0.2612 +0.0000 +0.0000 +0.0000 -0.1090 +0.0000 +0.0000 +0.0000 -0.2231 -0.5220 ;
+0.0000 +0.0000 +0.1621 +0.2435 +0.0985 -0.0169 -0.0363 +0.0000 +0.0000 -0.1479 +0.0000 -0.2472 -0.2297 -0.2455 -0.0623 -0.1103 -0.1239 -0.1795 +0.0000 +0.0000 +0.0000 +0.0000 +0.0976 -0.0344 -0.0794 -0.1852 +0.0000 +0.0000 +0.0000 +0.0000 +0.0000 +0.0000 +0.0000 +0.0000 +0.0000 +0.0000 +0.0000 +0.0000 +0.0000 +0.0000 +0.0000 +0.0000 +0.0000 +0.0000 +0.1436 +0.0000 -0.1036 -0.2897 -0.3270 -0.3335 -0.3563 +0.0000 -0.1782 -0.1918 +0.0000 +0.0000 +0.1639 +0.0000 +0.0000 +0.0000 +0.0000 +0.0000 +0.0000 +0.0000 +0.0000 +0.0000 +0.0000 +0.0000 +0.0000 +0.0000 +0.0000 +0.0000 -0.5220 ;
+0.0000 +0.2987 -0.0329 -0.0352 +0.1275 +0.0070 +0.0172 -0.1106 +0.0000 -0.1099 +0.0000 -0.1641 -0.0685 -0.2200 -0.1584 -0.0394 -0.1901 -0.1465 +0.0000 +0.0000 +0.0000 +0.1526 +0.0773 +0.0875 +0.1238 -0.1171 +0.0000 -0.1971 +0.0000 +0.0000 +0.0000 +0.0000 +0.0000 +0.0000 +0.0000 +0.0000 +0.0000 -0.0371 +0.0000 -0.1558 -0.0938 +0.0272 -0.0649 +0.0000 +0.0574 +0.0202 -0.2708 -0.1300 +0.0000 -0.1835 -0.3000 +0.0000 -0.1974 -0.2351 -0.2166 -0.1892 +0.1097 +0.0000 +0.0000 +0.0000 +0.0000 +0.0000 +0.0000 +0.0000 +0.0000 +0.0000 +0.0000 -0.0022 +0.0000 +0.0000 +0.0000 +0.0000 -0.5220 ;
-0.0018 +0.0000 +0.0655 +0.1422 +0.0606 +0.0952 +0.1372 +0.1092 +0.0000 +0.0000 +0.0000 -0.0960 -0.1439 -0.2489 -0.1837 -0.0842 -0.1271 -0.0314 -0.1129 +0.0000 +0.0000 +0.0000 -0.0773 -0.1766 +0.0186 -0.1049 +0.0000 +0.0000 +0.0000 +0.0000 +0.0000 +0.0000 +0.0000 +0.0000 +0.0000 +0.0000 +0.0000 +0.0000 -0.1136 -0.0186 +0.0000 -0.0874 -0.0105 +0.0643 +0.1123 +0.2139 -0.2966 -0.3461 +0.0000 -0.2770 -0.1932 -0.3036 -0.2570 -0.3327 +0.0000 +0.0000 +0.0000 +0.1681 +0.0000 +0.0000 +0.0000 +0.0000 +0.0000 +0.0000 +0.0000 +0.0000 +0.0000 +0.0000 +0.0000 -0.1683 +0.0000 +0.0000 -0.5220 ;
-0.0592 +0.2837 +0.0652 -0.0898 +0.0051 +0.1138 -0.0299 +0.1591 -0.2508 +0.0000 +0.0000 -0.1335 -0.1781 -0.0767 -0.0570 -0.0600 -0.0332 -0.0394 +0.0000 +0.0000 +0.0000 +0.0000 +0.0000 +0.0000 -0.0879 -0.1468 -0.0156 +0.1527 -0.0583 -0.1219 +0.0000 +0.0000 +0.0000 +0.0000 +0.0000 +0.0000 +0.0000 +0.0000 +0.0000 +0.0000 -0.1311 -0.0151 -0.0863 -0.1708 +0.0208 +0.2069 +0.0000 -0.1902 -0.1191 +0.0000 -0.1367 -0.2044 -0.0960 -0.1370 -0.1859 -0.1612 +0.0000 +0.0000 +0.2103 +0.0000 +0.0000 +0.0000 +0.0000 +0.0000 +0.0000 +0.0000 +0.0000 +0.0000 -0.1348 +0.0000 +0.0000 +0.0000 -0.5220 ;
-0.0017 +0.0000 -0.0116 +0.2349 +0.0103 +0.1534 -0.1477 +0.1310 +0.0000 +0.0000 +0.0000 -0.0793 -0.1387 +0.0322 -0.1923 -0.2346 -0.1303 -0.0375 -0.1257 +0.0000 +0.0000 +0.0000 +0.0000 +0.0000 +0.0000 -0.0367 +0.1727 -0.2513 +0.1056 -0.1533 -0.2508 +0.0000 +0.0000 +0.0000 +0.0000 +0.0000 +0.0000 +0.0000 -0.1335 -0.1287 +0.0000 +0.0433 +0.0002 +0.0695 +0.0045 +0.0980 -0.3002 +0.0000 -0.2067 -0.1233 -0.1299 -0.3480 -0.1526 -0.1734 +0.0000 +0.0000 +0.0000 +0.0000 +0.0000 +0.1476 +0.0000 +0.0000 +0.0000 +0.0000 +0.0000 +0.0000 +0.0000 +0.0000 -0.1776 +0.0000 +0.0000 +0.0000 -0.5220 ;
+0.0000 +0.2860 +0.0000 -0.0451 +0.0670 -0.0665 +0.0022 -0.1592 +0.1885 -0.0188 +0.0000 +0.0000 +0.0000 -0.1031 -0.1502 -0.1331 -0.0526 -0.2067 -0.1917 -0.1786 +0.0000 +0.0000 +0.0000 +0.0000 +0.0000 +0.0000 +0.0000 -0.1346 +0.0690 -0.1022 -0.0750 -0.1790 +0.1932 +0.0000 +0.0000 +0.0000 +0.0000 +0.0000 +0.0000 -0.1316 -0.1105 +0.0687 +0.1005 +0.0000 -0.0642 +0.1633 +0.0000 -0.1368 -0.2171 -0.3002 -0.2168 +0.0000 -0.2180 -0.3691 -0.1279 -0.1147 +0.0000 +0.0000 +0.0000 +0.0000 +0.0000 +0.0805 +0.0000 +0.0000 +0.0000 +0.0000 +0.0000 +0.0000 +0.0000 +0.0000 +0.0000 +0.0000 -0.5220 ;
-0.1016 +0.0000 +0.0000 +0.0000 -0.0986 +0.2016 +0.0511 +0.1994 +0.0895 -0.1082 -0.1781 +0.0000 +0.0000 +0.0000 -0.0167 -0.0839 -0.2122 +0.0511 -0.1101 -0.2102 -0.0822 +0.0000 +0.0000 +0.0000 +0.0000 +0.0000 +0.0000 +0.0000 +0.0000 -0.0172 +0.0638 -0.0863 -0.0424 -0.0389 +0.0000 +0.0000 +0.0000 +0.0000 +0.0000 +0.0232 +0.0550 +0.1161 -0.0002 -0.1722 +0.2117 +0.1898 +0.0000 -0.2520 -0.1066 -0.1368 -0.2969 +0.0000 -0.0500 -0.3085 -0.2481 +0.0000 +0.0000 +0.0000 +0.0000 +0.0000 +0.0000 +0.0000 +0.1566 +0.0000 +0.0000 +0.0000 +0.0000 +0.0000 +0.0000 +0.0000 -0.1727 +0.0000 -0.5220 ;
-0.0018 +0.2814 +0.0000 +0.0000 +0.0000 -0.1908 -0.0198 -0.0210 +0.0270 +0.0609 +0.0138 +0.0000 +0.0000 +0.0000 -0.2344 -0.0840 -0.0803 -0.0923 -0.2367 -0.1911 -0.0594 -0.1233 +0.0000 +0.0000 +0.0000 +0.0000 +0.0000 +0.0000 +0.0000 +0.0000 -0.2533 +0.0908 +0.1315 +0.0583 -0.2046 +0.0000 -0.2563 +0.0000 -0.0541 -0.1241 -0.2187 +0.1530 +0.0012 +0.1652 +0.0160 +0.0114 -0.1320 +0.0000 -0.1521 -0.1385 -0.1747 -0.2871 -0.1904 +0.0000 -0.1477 -0.1374 +0.0000 +0.0000 +0.0000 +0.0000 +0.0000 +0.0000 +0.0000 +0.2064 +0.0000 +0.0000 +0.0000 +0.0000 +0.0000 +0.0000 -0.1787 +0.0000 -0.5220 ;
+0.0000 +0.0000 +0.0000 +0.0000 -0.0573 +0.0479 +0.1046 -0.0658 +0.0086 +0.0229 +0.0991 +0.0000 +0.0000 +0.0000 +0.0000 -0.2364 -0.1542 -0.1779 -0.0277 -0.0017 -0.2276 -0.0422 +0.0000 +0.0000 +0.0000 +0.0000 +0.0000 +0.0000 +0.0000 +0.0000 +0.0000 +0.0000 -0.2538 +0.0623 +0.0359 -0.0460 +0.0000 +0.0000 +0.0000 -0.1621 +0.0000 +0.0601 +0.0320 +0.0000 -0.1324 +0.0609 +0.0000 +0.0000 +0.0000 -0.1771 -0.1347 -0.3447 -0.3197 -0.2124 -0.1282 -0.3141 +0.0000 +0.0000 +0.0000 +0.0000 +0.0000 +0.0000 +0.0000 +0.0000 +0.1789 +0.0000 +0.0000 +0.0000 +0.0000 +0.0000 -0.0000 +0.0000 -0.5220 ;
-0.0414 +0.1072 -0.1358 +0.0000 -0.2016 +0.0225 +0.0908 +0.1578 +0.2475 +0.0563 +0.0205 +0.0000 +0.0000 +0.0000 -0.1389 -0.0369 -0.0504 -0.2046 -0.2088 -0.0253 +0.0104 -0.0864 +0.0000 +0.0000 +0.0000 +0.0000 +0.0000 +0.0000 +0.0000 +0.0000 -0.0693 +0.0000 +0.0000 +0.0000 +0.1414 -0.0583 +0.0727 -0.0781 +0.1453 +0.1363 -0.0565 +0.0196 -0.0724 -0.0544 +0.0017 +0.1695 +0.0000 -0.1015 -0.2982 -0.2182 -0.2033 -0.1033 -0.2895 -0.1105 -0.1858 +0.0000 +0.0000 +0.0000 +0.0000 +0.0000 +0.0000 +0.0000 +0.0000 +0.0000 +0.0000 +0.1339 +0.0000 +0.0000 +0.0000 +0.0000 +0.0000 -0.1134 -0.5220 ;
+0.0000 +0.0000 -0.0756 -0.1392 -0.1790 -0.0005 -0.1001 -0.0223 -0.0257 -0.0021 -0.1983 +0.0000 -0.1623 -0.0339 +0.0513 -0.1046 -0.1610 +0.1013 -0.0239 +0.1599 +0.0906 +0.0000 -0.0250 +0.0017 +0.0243 +0.1436 -0.0919 -0.0280 +0.0194 +0.0240 +0.1446 +0.0146 +0.0727 +0.0263 +0.0784 +0.0000 +0.0000 +0.0000 +0.0000 +0.0000 +0.0000 +0.0000 +0.0000 +0.0000 +0.0000 +0.0000 -0.0434 -0.2105 +0.0000 +0.0000 +0.0000 +0.0000 +0.0000 +0.0000 +0.0000 -0.0345 +0.0000 +0.0728 +0.0000 +0.0000 +0.0000 +0.0000 +0.0000 +0.0000 +0.0000 +0.0000 +0.0000 -0.0717 +0.0000 +0.0000 -0.2104 -0.2100 +0.5992 ;
-0.2214 +0.0785 -0.0821 -0.1120 -0.1652 -0.0334 -0.0605 -0.0379 +0.0295 -0.1753 -0.0209 +0.0104 +0.2419 -0.0247 +0.2169 +0.0836 -0.0277 +0.0818 +0.1830 -0.0643 +0.0229 -0.0461 +0.0629 +0.1126 +0.1971 -0.0592 -0.1321 +0.0859 +0.1715 +0.1578 +0.1030 +0.2308 +0.1238 +0.1857 +0.0679 -0.1077 -0.1145 +0.0000 +0.1602 -0.1912 -0.0013 +0.0471 +0.0000 -0.0050 +0.0000 +0.0000 +0.0000 -0.0903 +0.0000 -0.1616 +0.0000 +0.0000 +0.0000 +0.0000 +0.0000 -0.0109 +0.0618 +0.0000 +0.0000 +0.0000 +0.0000 +0.0000 +0.0000 +0.0000 +0.0000 +0.0000 +0.0000 -0.2878 -0.1236 -0.0933 -0.2450 +0.0000 +0.5992 ;
-0.1784 +0.0958 +0.0871 +0.0614 -0.0596 -0.0000 +0.1521 +0.0501 -0.0000 -0.1215 -0.1457 -0.0248 -0.0886 +0.0911 +0.0792 -0.0832 -0.0142 -0.0074 +0.0395 -0.0438 +0.1066 +0.0000 +0.1154 +0.1210 +0.2301 +0.1263 -0.0489 -0.0075 +0.0694 +0.1104 +0.1516 -0.0856 +0.0292 +0.1239 +0.0777 -0.1238 -0.1657 +0.0000 +0.2897 -0.2729 +0.1975 +0.0729 +0.0000 -0.0000 +0.0675 +0.0000 -0.1377 +0.0000 -0.1145 +0.0000 +0.0000 +0.0000 +0.0000 +0.0000 -0.1822 +0.0000 +0.0000 +0.1788 +0.0000 +0.3131 +0.0000 +0.0000 +0.0000 +0.0000 +0.0000 +0.0000 +0.0000 -0.2350 -0.0517 +0.0000 +0.0000 -0.1027 +0.5992 ;
-0.0030 +0.0000 -0.0173 -0.1183 +0.0687 -0.1786 +0.0270 +0.0173 -0.1432 -0.0088 -0.1450 +0.0252 +0.0176 +0.1533 -0.0832 -0.0632 -0.0650 -0.0185 -0.0234 -0.1590 +0.0161 +0.0000 +0.2385 +0.0368 +0.0754 +0.0144 +0.0423 -0.1485 -0.0180 -0.0491 +0.0213 +0.0207 +0.2283 +0.1208 +0.1543 +0.0286 +0.0000 +0.0000 +0.0280 +0.0000 -0.1947 -0.2264 +0.0000 +0.1225 +0.0000 +0.1555 +0.0000 -0.2124 +0.0000 +0.0000 -0.2188 +0.0000 +0.0000 -0.1679 +0.0000 +0.0000 +0.0000 +0.0000 +0.0000 +0.0000 +0.2577 +0.0000 +0.0000 +0.0000 +0.0000 +0.0000 +0.0000 -0.2052 -0.1130 -0.0611 -0.1984 +0.0000 +0.5992 ;
-0.0147 +0.1225 -0.1486 -0.1747 -0.1119 -0.1212 +0.0326 +0.0241 -0.0107 -0.0085 -0.1364 +0.1030 +0.1734 +0.2020 -0.1416 -0.1401 -0.0070 +0.0815 -0.0566 +0.0222 +0.0000 -0.1445 +0.2538 +0.2016 +0.0011 +0.0341 +0.1702 -0.1844 +0.0846 -0.1009 +0.0106 -0.0787 +0.2346 +0.1113 -0.0781 +0.0000 +0.0000 -0.1150 +0.2117 -0.2568 +0.0000 -0.0465 +0.0000 -0.1032 -0.2734 +0.0000 +0.0000 +0.0000 +0.0000 +0.0000 -0.0633 -0.0584 +0.0000 +0.0000 +0.0000 -0.2031 +0.0000 +0.0000 +0.0000 +0.0000 +0.0000 +0.1670 +0.1522 +0.0000 +0.0000 +0.0000 +0.0000 -0.1131 -0.2201 -0.0057 +0.0000 +0.0000 +0.5992 ;
-0.2056 +0.1064 -0.0897 +0.0924 -0.0641 -0.0179 -0.1434 -0.0992 -0.0000 -0.1234 -0.0380 +0.0324 -0.2075 +0.1763 -0.0520 -0.0552 -0.0597 +0.0922 +0.1703 +0.0491 +0.0757 -0.1070 -0.0405 +0.0472 +0.0237 +0.0355 -0.1134 +0.1394 -0.0255 -0.1818 +0.2483 +0.1035 +0.1596 +0.0538 +0.0190 +0.0000 +0.0000 +0.0000 +0.0000 -0.2454 -0.0812 +0.0241 +0.0000 -0.0000 +0.2550 +0.0000 -0.2081 -0.1748 +0.0000 +0.0000 -0.2415 +0.0000 +0.0000 +0.0000 +0.0000 +0.0000 +0.0000 +0.0000 +0.0000 +0.0000 +0.1593 +0.0000 +0.0000 +0.0000 +0.0000 +0.0000 +0.0000 -0.2196 +0.0000 -0.0996 -0.0545 -0.0071 +0.5992 ;
-0.1299 +0.0655 -0.1291 -0.1449 +0.0280 -0.0064 +0.0669 +0.1273 -0.1404 -0.2130 -0.0000 +0.0000 +0.0872 +0.1404 -0.1811 +0.0000 -0.0593 -0.0736 -0.1779 -0.1320 +0.1410 -0.0707 -0.2240 +0.0000 +0.0819 -0.0698 +0.0279 -0.1939 -0.0275 +0.1459 +0.0936 +0.2390 +0.1180 +0.0037 +0.1666 +0.0106 -0.0477 +0.0000 +0.1803 -0.2699 +0.0000 -0.1212 +0.0000 -0.1847 -0.0973 +0.0000 +0.0000 -0.2361 +0.0000 -0.2040 +0.0000 -0.0454 +0.0000 +0.0000 +0.0000 +0.0000 +0.0000 +0.0000 +0.0000 +0.0000 +0.0000 +0.0000 +0.0000 +0.2484 +0.2781 +0.0000 +0.0000 -0.1765 -0.2451 -0.0380 +0.0000 +0.0000 +0.5992 ;
-0.0035 +0.0000 -0.0803 -0.1212 +0.0070 -0.0889 -0.0300 +0.0802 -0.0504 +0.0913 -0.0066 -0.0384 +0.0000 +0.2073 -0.1237 +0.0217 +0.0344 +0.1189 -0.1600 +0.0321 +0.1300 +0.0029 +0.0000 +0.0000 +0.1352 +0.2492 +0.0492 +0.2059 +0.0438 +0.1313 -0.0295 -0.0830 -0.0128 +0.0811 +0.1277 -0.1283 +0.0471 +0.0873 -0.0659 +0.0000 -0.0978 -0.1205 +0.0000 +0.0849 +0.0000 +0.2427 +0.0000 +0.0000 +0.0000 +0.0000 -0.0337 +0.0000 -0.0242 +0.0000 -0.1613 +0.0000 +0.0000 +0.0000 +0.0000 +0.0000 +0.0000 +0.0000 +0.1360 +0.0000 +0.0000 +0.0000 +0.0000 +0.0000 -0.2160 -0.1823 -0.2587 -0.0383 +0.5992 ;
-0.0676 +0.2067 -0.0975 -0.0999 -0.0486 -0.0637 +0.2432 -0.0436 -0.1714 -0.0339 +0.1825 -0.0561 +0.1460 +0.0129 +0.1964 +0.0027 +0.0097 -0.0180 -0.0169 +0.0139 +0.0529 -0.0031 +0.0000 +0.0000 -0.1121 +0.0023 +0.0707 -0.0072 +0.1462 +0.0782 +0.2189 -0.0716 +0.2101 +0.0357 -0.2256 -0.1960 +0.0232 +0.1749 +0.3367 -0.3511 +0.0624 -0.0356 +0.0000 -0.0180 -0.0763 +0.0000 +0.0000 +0.0000 +0.0000 -0.1680 +0.0000 -0.2243 +0.0000 -0.1636 +0.0000 +0.0000 +0.0000 +0.0000 +0.0000 +0.0000 +0.0000 +0.0000 +0.1391 +0.1403 +0.0000 +0.0000 +0.0000 -0.2635 +0.0000 +0.0000 -0.1298 -0.0981 +0.5992 ;
-0.2117 +0.0502 -0.1881 -0.2036 -0.1790 -0.0475 -0.1447 -0.0373 -0.0432 +0.1225 +0.0158 +0.1790 +0.2132 -0.1867 +0.0000 +0.1348 +0.0818 -0.0745 -0.1054 -0.0114 -0.0554 +0.1433 +0.0000 +0.0000 +0.0000 +0.2022 +0.0303 +0.0689 +0.1011 -0.1318 +0.1176 +0.0666 +0.0204 -0.0069 -0.2108 +0.1561 +0.1621 +0.0397 +0.1096 -0.2600 -0.0823 -0.0036 +0.0000 -0.1486 +0.0000 +0.0000 +0.0000 +0.0000 +0.0000 +0.0000 +0.0000 -0.1018 -0.1860 -0.1501 +0.0000 +0.0000 +0.0000 +0.0000 +0.0000 +0.0000 +0.0000 +0.0000 +0.0000 +0.0000 +0.0886 +0.0000 +0.0000 +0.0000 -0.0583 -0.0653 -0.1566 -0.1732 +0.5992 ;
-0.0407 +0.1604 -0.2223 -0.1957 -0.1515 +0.0970 -0.1271 +0.0391 +0.0093 +0.0128 -0.0583 +0.0859 +0.1764 +0.1302 +0.0431 -0.0108 -0.0030 -0.0143 -0.0132 -0.1136 -0.0595 -0.1749 +0.0000 +0.0000 +0.1618 +0.1748 +0.1930 +0.2510 +0.0354 -0.0217 +0.1295 +0.1441 +0.0269 +0.0414 -0.1290 +0.0304 +0.0954 -0.1793 +0.0103 -0.1717 +0.0318 +0.0464 +0.1284 +0.0905 -0.0070 +0.0388 +0.0000 -0.2333 +0.0000 +0.0000 +0.0000 +0.0000 -0.0880 -0.1445 +0.0000 +0.0000 +0.0000 +0.0000 +0.0000 +0.0000 +0.0000 +0.0000 +0.0000 +0.0000 +0.3110 +0.0869 +0.0000 -0.2364 -0.2729 -0.0538 +0.0000 -0.1143 +0.5992 ;
+0.0000 +0.0000 -0.0000 -0.0195 +0.0377 -0.0171 +0.0968 -0.0341 -0.0878 +0.1857 +0.0422 +0.0071 -0.0250 +0.0000 -0.0477 -0.2032 +0.0000 +0.0000 -0.0363 +0.0000 -0.0412 -0.0172 -0.0203 +0.2213 +0.1148 -0.0872 -0.0051 -0.0166 -0.1131 -0.1755 +0.0476 +0.1449 -0.2213 +0.0000 +0.0000 +0.2391 +0.0833 +0.1377 +0.0000 +0.0000 -0.0609 +0.0000 +0.2134 +0.0000 +0.0000 +0.0000 +0.0000 -0.0828 -0.0676 -0.0414 -0.0156 -0.0000 -0.0406 -0.0577 -0.0593 -0.0940 +0.0000 +0.0288 +0.0000 +0.0000 +0.0000 +0.0000 +0.0000 +0.0000 +0.0000 +0.0000 +0.0000 +0.0000 -0.1764 -0.0055 -0.2554 +0.0000 +0.5992 ;
-0.1743 -0.1373 -0.0198 -0.0227 +0.1201 +0.0838 -0.0895 +0.1185 -0.0506 +0.1224 +0.0937 +0.0000 -0.1311 -0.1239 +0.0000 -0.2004 -0.0275 -0.0000 +0.0000 -0.1708 +0.0000 +0.0000 +0.0000 +0.0000 -0.0177 -0.2192 +0.1537 -0.0186 -0.1338 -0.2151 +0.0110 +0.0046 -0.0760 -0.0940 +0.0000 +0.1724 +0.1769 -0.0827 +0.0000 +0.1980 +0.2308 -0.0795 -0.0059 -0.0896 -0.1154 +0.0000 -0.2020 -0.1369 -0.0126 -0.0000 -0.0281 -0.0000 -0.1010 -0.0763 -0.1671 +0.0000 +0.0000 +0.0000 +0.0000 +0.1018 +0.0000 +0.0000 +0.0000 +0.0000 +0.2196 +0.0000 +0.0000 -0.1449 +0.0000 -0.2059 -0.1086 +0.0000 +0.5992 ;
-0.1645 +0.0000 -0.0570 +0.1088 -0.0503 +0.2055 -0.0174 -0.1442 -0.0370 +0.1121 -0.0155 +0.0000 -0.0393 +0.0000 -0.1519 -0.0688 -0.1371 -0.2313 -0.0873 +0.0000 +0.0000 +0.0000 -0.1445 -0.2283 +0.1386 +0.2029 +0.1807 +0.0633 -0.0309 +0.1382 +0.2329 +0.2256 -0.0145 +0.2497 +0.0000 +0.0453 -0.2370 -0.1348 +0.0000 -0.0849 -0.0914 -0.0693 -0.1777 +0.0000 +0.0000 +0.1235 -0.1896 -0.0512 -0.1767 -0.2131 -0.0689 -0.1968 -0.2388 -0.1665 -0.0877 -0.1097 +0.0000 +0.0000 +0.0414 +0.0000 +0.0000 +0.0000 +0.0000 +0.0000 +0.0000 +0.0000 +0.0000 -0.1462 -0.1465 +0.0000 -0.1593 +0.0000 +0.5992 ;
-0.0081 -0.1191 +0.0528 +0.1323 +0.0472 -0.0579 -0.0436 -0.1188 +0.0559 +0.0886 +0.0047 -0.1546 -0.2122 +0.0000 -0.0000 -0.0389 -0.0886 +0.1410 +0.0000 +0.0000 +0.0000 +0.0000 +0.1441 +0.0000 +0.0000 -0.1551 -0.0987 -0.1184 -0.0390 +0.1321 +0.0830 +0.0873 -0.0327 -0.1584 +0.0000 -0.0660 -0.1246 -0.1527 +0.0000 +0.1273 +0.0130 -0.0425 +0.2058 -0.0737 -0.0655 +0.0000 -0.0730 -0.0000 -0.1522 -0.1515 -0.0427 -0.0873 -0.0584 -0.0000 +0.0000 -0.0370 +0.0000 +0.0000 +0.0000 +0.0000 +0.0000 +0.0000 +0.0000 +0.2589 +0.0000 +0.0376 +0.0000 +0.0000 -0.1470 -0.1974 +0.0000 -0.0210 +0.5992 ;
-0.0605 -0.0131 +0.0023 -0.0799 -0.0257 +0.0204 -0.0690 -0.0573 -0.1184 +0.0590 +0.0037 -0.0166 +0.0000 +0.0000 +0.0000 +0.0000 -0.0556 -0.0989 -0.0229 -0.0910 -0.0567 +0.0000 -0.1384 -0.1345 +0.0000 +0.0000 -0.0643 -0.0386 +0.0000 +0.0666 -0.2206 +0.0000 -0.1626 -0.0771 -0.0375 -0.1774 -0.1359 -0.1664 -0.0539 +0.0191 -0.0440 +0.0228 +0.1367 -0.0043 +0.0603 +0.0459 -0.0920 -0.0716 -0.2198 -0.2703 -0.1973 -0.0269 -0.1449 -0.0476 -0.1686 -0.0500 +0.0993 +0.0000 +0.0000 +0.0000 +0.0000 +0.0000 +0.0000 +0.0223 +0.0000 +0.0000 +0.0000 +0.0000 -0.0779 -0.1513 -0.0449 +0.0000 +0.5992 ;
+0.0000 +0.0000 +0.0000 +0.0000 +0.0000 +0.0000 +0.0000 +0.0000 +0.0000 +0.0000 +0.0000 +0.0000 +0.0000 +0.0000 +0.0000 +0.0000 +0.0000 +0.0000 +0.0000 +0.0000 +0.0000 +0.0000 +0.0000 +0.0000 +0.0000 +0.0000 +0.0000 +0.0000 +0.0000 +0.0000 +0.0000 +0.0000 +0.0000 +0.0000 +0.0000 +0.0000 +0.0000 +0.0000 +0.0000 +0.0000 +0.0000 +0.0000 +0.0000 +0.0000 +0.0000 +0.0000 +0.0000 +0.0000 +0.0000 +0.0000 +0.0000 +0.0000 +0.0000 +0.0000 +0.0000 +0.0000 +0.0000 +0.0000 +0.0000 +0.0000 +0.0000 +0.0000 +0.0000 +0.0000 +0.0000 +0.0000 +0.0000 +0.0000 +0.0000 +0.0000 +0.0000 +0.0000 +0.0000 ;
